0.231330343841875   0.210905553742072   0   0   0
0.202728628698563   0.221045822135366   -0.0286017151433114   0.0101402683932944   0
0.223624283127392   0.223138748827943   0.0208956544288287   0.00209292669257707   0
0.189172601007889   0.21955995455342   -0.034451682119503   -0.00357879427452304   0
0.213674287650059   0.209654863921637   0.0245016866421695   -0.00990509063178363   0
0.201259748096359   0.170596725175192   -0.0124145395536993   -0.0390581387464447   0
0.182892486853998   0.171338726630905   -0.0183672612423608   0.000742001455712987   0
0.156517056338822   0.158177604704617   -0.0263754305151764   -0.0131611219262882   0
0.141816962254097   0.144425993331922   -0.014700094084725   -0.0137516113726943   0
0.155081049202796   0.143710756561818   0.0132640869486988   -0.000715236770104849   0
0.12533313898762   0.12912286799418   -0.0297479102151762   -0.0145878885676373   0
0.112937115384802   0.118717595276195   -0.0123960236028181   -0.010405272717985   0
0.10050308571636   0.097761758383084   -0.0124340296684417   -0.0209558368931112   0
0.102711759465311   0.11809077819415   0.00220867374895146   0.0203290198110663   0
0.113554059504405   0.11657665359403   0.0108423000390938   -0.00151412460012014   0
0.0939052214886371   0.102465502618015   -0.0196488380157681   -0.0141111509760148   0
0.106680916562382   0.108934792453605   0.0127756950737453   0.00646928983558971   0
0.107984083317682   0.0602598508406238   0.00130316675529916   -0.0486749416129813   0
0.0688038191479223   0.0811317761694516   -0.0391802641697593   0.0208719253288279   0
0.0962188494122124   0.0249551297684108   0.0274150302642901   -0.0561766464010408   0
0.0786723742522749   0.069579814226685   -0.0175464751599375   0.0446246844582742   0
0.125982750949525   0.0631235200400176   0.04731037669725   -0.00645629418666745   0
0.165879521793602   0.0914149605561223   0.0398967708440772   0.0282914405161047   0
0.141143889654018   0.102406964740614   -0.0247356321395841   0.0109920041844919   0
0.165530888323552   0.0829379772297498   0.0243869986695336   -0.0194689875108644   0
0.161217399785216   0.0786204639424401   -0.00431348853833574   -0.0043175132873097   0
0.171121413081514   0.092810529574469   0.00990401329629803   0.0141900656320289   0
0.177586907212171   0.0936905197188895   0.00646549413065761   0.000879990144420514   0
0.182212003798213   0.086990595235815   0.00462509658604185   -0.00669992448307451   0
0.198781650830591   0.134630233793812   0.0165696470323774   0.0476396385579967   0
0.2125519131741   0.115798820858688   0.0137702623435089   -0.0188314129351237   0
0.225270107433267   0.118147747963568   0.0127181942591672   0.0023489271048798   0
0.251792889110523   0.120829407880838   0.0265227816772566   0.00268165991726987   0
0.269719290158551   0.120957144739402   0.0179264010480272   0.000127736858563904   0
0.28249278576718   0.147337683793576   0.0127734956086297   0.0263805390541745   0
0.298483524910521   0.134089169602609   0.0159907391433406   -0.0132485141909672   0
0.315372817286627   0.131655838507619   0.0168892923761063   -0.00243333109499033   0
0.328285424568213   0.149399647279148   0.0129126072815853   0.0177438087715295   0
0.350780768123824   0.150662945461351   0.0224953435556115   0.00126329818220294   0
0.347845789194175   0.123697821008458   -0.00293497892964883   -0.0269651244528925   0
0.348978484601128   0.154567825057918   0.0011326954069531   0.0308700040494591   0
0.384910035630624   0.142000837363932   0.0359315510294955   -0.0125669876939856   0
0.392663572065553   0.159173537169808   0.00775353643492954   0.0171726998058756   0
0.405071444100314   0.183203159111804   0.0124078720347603   0.0240296219419966   0
0.414036777516937   0.171966486069824   0.0089653334166237   -0.0112366730419804   0
0.438438067934989   0.140964081794002   0.0244012904180516   -0.0310024042758219   0
0.44660325260625   0.145908396356395   0.00816518467126065   0.00494431456239366   0
0.464179820451804   0.132410999559403   0.0175765678455542   -0.0134973967969929   0
0.486320313468434   0.13855895140544   0.0221404930166298   0.00614795184603717   0
0.477868256134626   0.141237645589632   -0.00845205733380727   0.00267869418419237   0
0.512220300029799   0.14924515355439   0.0343520438951729   0.00800750796475799   0
0.534637302393825   0.117311764659173   0.0224170023640254   -0.0319333888952166   0
0.534410493671871   0.0978948295605555   -0.00022680872195413   -0.019416935098618   0
0.540762204548388   0.113220698420574   0.00635171087651687   0.0153258688600182   0
0.548882360438312   0.125699292618913   0.00812015588992399   0.0124785941983388   0
0.573163734389122   0.13503188110388   0.0242813739508101   0.0093325884849679   0
0.603422873528602   0.175674483239093   0.0302591391394801   0.040642602135213   0
0.598402050488068   0.149763637687766   -0.0050208230405332   -0.0259108455513272   0
0.609522381566052   0.144685666096931   0.0111203310779838   -0.00507797159083553   0
0.626079738748232   0.162114403346207   0.01655735718218   0.0174287372492761   0
0.619078126056965   0.156576012244174   -0.00700161269126753   -0.00553839110203236   0
0.669632328305086   0.214422429595839   0.0505542022481211   0.0578464173516646   0
0.705696449624421   0.226591892035695   0.0360641213193347   0.0121694624398561   0
0.693252345683283   0.186432587903973   -0.0124441039411376   -0.0401593041317224   0
0.706347554201804   0.21459042203051   0.0130952085185214   0.0281578341265376   0
0.723185457557522   0.199905555575964   0.0168379033557178   -0.0146848664545458   0
0.721405783109864   0.208205022737067   -0.00177967444765847   0.00829946716110239   0
0.717551649200418   0.22026231694424   -0.00385413390944556   0.0120572942071736   0
0.715710456642404   0.206411260784568   -0.00184119255801463   -0.0138510561596722   0
0.725357054499901   0.190338620812482   0.00964659785749744   -0.0160726399720864   0
0.713576516852247   0.220222619649578   -0.0117805376476542   0.0298839988370957   0
0.738314917613058   0.233542660204886   0.0247384007608108   0.0133200405553088   0
0.783943730465395   0.211045934861857   0.0456288128523374   -0.0224967253430298   0
0.834074884593104   0.274367343907602   0.050131154127709   0.0633214090457457   0
0.82937038649188   0.146410078491517   -0.0047044981012242   -0.127957265416085   0
0.855100131929741   0.241306879195621   0.0257297454378609   0.0948968007041042   0
0.907465983488086   0.234520543650764   0.0523658515583457   -0.00678633554485675   0
0.982989321067554   0.219650330464474   0.0755233375794674   -0.0148702131862905   0
0.986076900346449   0.221945141951029   0.0030875792788948   0.00229481148655547   0
1.03068372417616   0.260248718374443   0.0446068238297118   0.0383035764234136   0
1.0839282414021   0.262199625254976   0.0532445172259401   0.00195090688053351   0
1.10531477990318   0.255589262114692   0.021386538501077   -0.00661036314028468   0
1.10210935321223   0.266138054511188   -0.00320542669094315   0.0105487923964963   0
1.13491319420853   0.243745530059266   0.0328038409962963   -0.022392524451922   0
1.13960360346263   0.278433354164421   0.00469040925409892   0.0346878241051553   0
1.16677305302939   0.228707134424136   0.0271694495667631   -0.0497262197402848   0
1.15389205013324   0.249766004132368   -0.0128810028961535   0.0210588697082315   0
1.19263729312787   0.264454891344914   0.0387452429946338   0.0146888872125457   0
1.20802943601096   0.239239048001053   0.0153921428830919   -0.0252158433438608   0
1.23395971266897   0.242809567339304   0.0259302766580063   0.00357051933825123   0
1.28193521290407   0.288376165262492   0.0479755002351014   0.0455665979231879   0
1.30986506248335   0.275308165033749   0.0279298495792732   -0.0130680002287428   0
1.35130517618791   0.296567186024516   0.0414401137045683   0.0212590209907672   0
1.36133576153995   0.303079843873277   0.0100305853520373   0.00651265784876082   0
1.3649484054827   0.289252747866809   0.00361264394274663   -0.0138270960064676   0
1.40610026321554   0.288417052101206   0.0411518577328416   -0.000835695765602995   0
1.42997597578988   0.281669530089341   0.023875712574337   -0.00674752201186574   0
1.47769742399941   0.324154935779945   0.0477214482095327   0.0424854056906039   0
1.50357718968921   0.303317674109176   0.0258797656897962   -0.020837261670769   0
1.51127902651874   0.307825904882126   0.00770183682953762   0.00450823077295093   0
1.50797183155224   0.305838511261254   -0.00330719496650578   -0.00198739362087275   0
1.47992785931354   0.311700740991259   -0.0280439722386965   0.00586222973000539   0
1.50553661424889   0.344863646072256   0.0256087549353485   0.0331629050809966   0
1.50021398793571   0.309684639953695   -0.00532262631318181   -0.0351790061185602   0
1.50927342146014   0.324042276265382   0.0090594335244365   0.0143576363116862   0
1.51450451216793   0.335245102811734   0.0052310907077826   0.0112028265463521   0
1.50939400925115   0.310767331637577   -0.00511050291678039   -0.0244777711741565   0
1.49528916820502   0.330193161048408   -0.01410484104613   0.0194258294108308   0
1.5151483136356   0.35456201553607   0.0198591454305859   0.0243688544876614   0
1.55271706840247   0.343274202041895   0.0375687547668673   -0.0112878134941742   0
1.55250961006457   0.334876273858719   -0.000207458337897481   -0.00839792818317603   0
1.57386655315935   0.351710129945812   0.0213569430947771   0.0168338560870927   0
1.56774752913417   0.299899286295833   -0.00611902402518072   -0.0518108436499791   0
1.6031315446213   0.314042573183159   0.0353840154871361   0.0141432868873264   0
1.59060093529857   0.319565833781163   -0.0125306093227331   0.00552326059800384   0
1.60433375394052   0.314055960623262   0.0137328186419512   -0.00550987315790097   0
1.61077122146448   0.323349556604768   0.00643746752395313   0.0092935959815057   0
1.60925057625362   0.344642377114669   -0.00152064521085515   0.0212928205099014   0
1.62708491433023   0.317038145101362   0.0178343380766057   -0.027604232013307   0
1.64457918097141   0.314235644443386   0.0174942666411884   -0.00280250065797649   0
1.63203936947702   0.327961374040831   -0.0125398114943915   0.0137257295974453   0
1.64101565491449   0.302335975382971   0.00897628543746909   -0.0256253986578601   0
1.68058902071186   0.311103187637402   0.0395733657973683   0.00876721225443072   0
1.68735611142558   0.328987365780831   0.00676709071371828   0.0178841781434287   0
1.71024949558892   0.330531803824443   0.0228933841633425   0.00154443804361232   0
1.72724216769906   0.336810944929852   0.0169926721101423   0.00627914110540945   0
1.74567250210956   0.338796420673551   0.0184303344104928   0.00198547574369906   0
1.73749786394855   0.31907814202617   -0.00817463816101038   -0.0197182786473817   0
1.75872465041802   0.341108421101066   0.0212267864694777   0.0220302790748969   0
1.77132392379582   0.306379786367676   0.0125992733777942   -0.0347286347333909   0
1.74391691063789   0.310949341879867   -0.0274070131579309   0.00456955551219157   0
1.77962796542531   0.325298558595777   0.0357110547874226   0.0143492167159097   0
1.75973025980665   0.308718724727336   -0.0198977056186644   -0.016579833868441   0
1.7681958339937   0.316007489573068   0.00846557418705873   0.00728876484573188   0
1.78724802781471   0.311887410219253   0.0190521938210029   -0.00412007935381487   0
1.77979293885256   0.305059678030791   -0.00745508896214564   -0.00682773218846161   0
1.81909681361005   0.31916585104629   0.0393038747574923   0.0141061730154987   0
1.81829479080649   0.296721450584972   -0.000802022803568558   -0.0224444004613178   0
1.81753624074295   0.293903630060982   -0.000758550063532537   -0.00281782052399016   0
1.84215383873068   0.303195294945193   0.0246175979877317   0.00929166488421096   0
1.82763472100401   0.304662230516063   -0.0145191177266726   0.00146693557086974   0
1.84240938909614   0.294187027325288   0.0147746680921259   -0.0104752031907742   0
1.81814094095689   0.309265944358609   -0.0242684481392501   0.015078917033321   0
1.8337332846728   0.300302996517721   0.0155923437159167   -0.00896294784088819   0
1.86763975199183   0.318820734731326   0.0339064673190221   0.0185177382136046   0
1.87043638570538   0.313967608941257   0.00279663371355032   -0.00485312579006897   0
1.8856445226357   0.285853668237684   0.0152081369303219   -0.0281139407035728   0
1.91054597688815   0.307674857700174   0.0249014542524502   0.0218211894624901   0
1.90475259650046   0.27845504488404   -0.00579338038768951   -0.0292198128161347   0
1.92625591956326   0.291379649079603   0.0215033230627983   0.0129246041955632   0
1.93468245559911   0.278122025726339   0.00842653603585442   -0.0132576233532635   0
1.8917154585893   0.278603431144526   -0.0429669970098085   0.000481405418186476   0
1.89478936279603   0.30610109441165   0.0030739042067307   0.0274976632671245   0
1.88107666089109   0.297166152953028   -0.0137127019049474   -0.00893494145862211   0
1.89834414972186   0.30077487859328   0.0172674888307731   0.00360872564025216   0
1.91510522677675   0.3313591239438   0.0167610770548858   0.0305842453505196   0
1.92837981409494   0.295802203826091   0.0132745873181956   -0.0355569201177085   0
1.95907532257009   0.315603430510748   0.0306955084751457   0.0198012266846567   0
1.97742957570028   0.314937403805169   0.0183542531301981   -0.000666026705579137   0
1.99866383685378   0.316975387543197   0.021234261153499   0.00203798373802822   0
2.01576479102268   0.316036759538096   0.0171009541688918   -0.000938628005101583   0
2.0318535013936   0.294582584187037   0.016088710370926   -0.0214541753510589   0
2.04768367374941   0.293164052247411   0.0158301723558107   -0.00141853193962599   0
2.02871849213013   0.308916610801054   -0.0189651816192793   0.0157525585536436   0
2.04809283541895   0.303553767265986   0.0193743432888183   -0.00536284353506805   0
2.05056042908373   0.296696412788177   0.002467593664774   -0.00685735447780883   0
2.0737654626573   0.316068218955058   0.0232050335735745   0.0193718061668807   0
2.05813051169553   0.31052113867396   -0.0156349509617724   -0.00554708028109829   0
2.06405209507459   0.302319669461602   0.00592158337906179   -0.00820146921235737   0
2.08621109368259   0.323723816314698   0.0221589986079964   0.0214041468530959   0
2.08694997272048   0.305953342223324   0.000738879037891493   -0.0177704740913741   0
2.1010613624864   0.324643663968377   0.0141113897659237   0.0186903217450529   0
2.12024155839264   0.343814198708143   0.0191801959062392   0.0191705347397661   0
2.13043343893177   0.332536933704893   0.0101918805391317   -0.0112772650032499   0
2.12043262177252   0.35063224087247   -0.0100008171592503   0.0180953071675771   0
2.14398776375786   0.332059100538579   0.0235551419853337   -0.0185731403338915   0
2.17284579715218   0.339475800052599   0.0288580333943242   0.00741669951402063   0
2.18395831052267   0.353458074292868   0.0111125133704864   0.0139822742402684   0
2.18374574212827   0.336356595894242   -0.000212568394398982   -0.0171014783986257   0
2.20278786912197   0.332765122370359   0.0190421269936984   -0.00359147352388317   0
2.21807791081496   0.320725845625497   0.0152900416929951   -0.0120392767448622   0
2.25788460283103   0.326476209414825   0.0398066920160662   0.00575036378932792   0
2.2845456199681   0.338150965089518   0.0266610171370751   0.0116747556746934   0
2.29333688355272   0.314204332955646   0.00879126358461546   -0.023946632133872   0
2.27898496469233   0.360168366097718   -0.0143519188603896   0.0459640331420721   0
2.30853108362439   0.330860555667116   0.0295461189320645   -0.0293078104306027   0
2.29115769152234   0.353932788871083   -0.0173733921020558   0.0230722332039673   0
2.32747150233446   0.338519371678328   0.0363138108121261   -0.0154134171927549   0
2.33428167859922   0.326345346965465   0.00681017626475944   -0.0121740247128626   0
