0.112355998698156   0.159070670938266   0   0   0
0.0569350279148083   0.13888086835306   -0.0554209707833476   -0.0201898025852056   0
0.111203722161715   0.144885246216618   0.0542686942469071   0.00600437786355787   0
0.0582750651852059   0.116115200000904   -0.0529286569765095   -0.0287700462157137   0
0.117931114797962   0.124712063541383   0.0596560496127557   0.00859686354047892   0
0.0976985842718818   0.131068608878137   -0.0202325305260798   0.00635654533675359   0
0.128973653125357   0.102264982549698   0.0312750688534755   -0.028803626328439   0
0.0485158315334283   0.100625662040667   -0.080457821591929   -0.00163932050903097   0
0.0869970994157276   0.0965546429407204   0.0384812678822993   -0.00407101909994649   0
0.064843177703595   0.105398102949769   -0.0221539217121326   0.00884346000904815   0
0.085305790928049   0.101898571223595   0.020462613224454   -0.00349953172617379   0
0.0957750494074527   0.099927954214524   0.0104692584794037   -0.00197061700907074   0
0.0510147857869422   0.0838098698393274   -0.0447602636205104   -0.0161180843751966   0
0.0899292624480486   0.0801107421617257   0.0389144766611064   -0.00369912767760168   0
0.0178875941770854   0.0877728134222237   -0.0720416682709632   0.007662071260498   0
0.0995416677298507   0.0714942332214284   0.0816540735527653   -0.0162785802007953   0
0.0299453959529675   0.0691980298911031   -0.0695962717768832   -0.00229620333032531   0
0.107139100596654   0.0536934585727163   0.0771937046436868   -0.0155045713183868   0
0.0477420250053347   0.0562055453916693   -0.0593970755913196   0.00251208681895304   0
0.101512600272528   0.0505705901490184   0.0537705752671931   -0.0056349552426509   0
0.0362815665532788   0.0451163424781146   -0.0652310337192489   -0.00545424767090386   0
0.0830631479389025   0.030813911649002   0.0467815813856237   -0.0143024308291126   0
0.0720040387562392   0.0311618024510782   -0.0110591091826633   0.000347890802076253   0
0.0517358884664215   0.0615211789838467   -0.0202681502898178   0.0303593765327685   0
0.0405321962445905   0.0710081435197576   -0.0112036922218309   0.00948696453591096   0
0.0776265504241944   0.048203196145484   0.0370943541796039   -0.0228049473742737   0
0.0435929046501836   0.0709437838560399   -0.0340336457740108   0.0227405877105559   0
0.0712921485003812   0.0788835122408511   0.0276992438501975   0.0079397283848112   0
0.07093578439504   0.0570942524014677   -0.00035636410534115   -0.0217892598393834   0
0.0514214698727341   0.0446488280192773   -0.0195143145223059   -0.0124454243821904   0
0.0892342360785366   0.0698252848807114   0.0378127662058025   0.0251764568614341   0
0.0659768390453044   0.075345117197699   -0.0232573970332322   0.00551983231698765   0
0.0753677403520896   0.0827577893625881   0.00939090130678526   0.0074126721648891   0
0.0405096382139714   0.105700532761287   -0.0348581021381183   0.0229427433986993   0
0.0621331170482377   0.0903454465193598   0.0216234788342663   -0.0153550862419276   0
0.0502408861230572   0.115017073357622   -0.0118922309251805   0.0246716268382618   0
0.0767542312152236   0.0910030948316045   0.0265133450921664   -0.0240139785260171   0
0.0460177117528675   0.115587203850643   -0.0307365194623561   0.0245841090190381   0
0.0936326514854193   0.0918965368455199   0.0476149397325518   -0.0236906670051227   0
0.0691599904226425   0.0992276768378788   -0.0244726610627769   0.00733113999235886   0
0.137676860015073   0.0792137015686207   0.0685168695924305   -0.0200139752692581   0
0.0496268884532367   0.113254266424725   -0.0880499715618363   0.0340405648561039   0
0.138352317637906   0.0773275046093723   0.0887254291846691   -0.0359267618153523   0
0.103720562136396   0.0625249118426008   -0.0346317555015098   -0.0148025927667716   0
0.140894339237494   0.0682039154967638   0.0371737771010978   0.00567900365416302   0
0.120558199729195   0.0566271752464771   -0.0203361395082992   -0.0115767402502867   0
0.152638857966779   0.0502754851026363   0.0320806582375842   -0.00635169014384081   0
0.13930456629935   0.038818386852399   -0.0133342916674289   -0.0114570982502373   0
0.110871751978581   0.047038050098989   -0.0284328143207689   0.00821966324659006   0
0.181353203132164   0.0594914089624922   0.0704814511535834   0.0124533588635032   0
0.12349393769376   0.0430051654071345   -0.0578592654384044   -0.0164862435553577   0
0.206894422674902   0.0425260123286325   0.0834004849811417   -0.000479153078502062   0
0.145678524459235   0.0405860854403945   -0.0612158982156665   -0.00193992688823799   0
0.19513760480999   0.0465579116597008   0.0494590803507552   0.00597182621930629   0
0.185646036754815   0.0890805926611403   -0.00949156805517576   0.0425226810014395   0
0.235553685652337   0.0905755159572387   0.0499076488975223   0.00149492329609838   0
0.188813181162571   0.0729716672320155   -0.0467405044897656   -0.0176038487252232   0
0.235826742427062   0.0592949737993238   0.047013561264491   -0.0136766934326916   0
0.206623159825345   0.0595445924360265   -0.0292035826017175   0.000249618636702621   0
0.188487340922965   0.0637016173111209   -0.01813581890238   0.00415702487509445   0
0.232052193310901   0.057608112974411   0.0435648523879366   -0.00609350433670992   0
0.209814603119182   0.0434316283200676   -0.0222375901917191   -0.0141764846543434   0
0.265101735717855   0.0397710192401766   0.0552871325986729   -0.00366060907989098   0
0.212179565185121   0.041259391001595   -0.0529221705327346   0.00148837176141838   0
0.299012852803857   0.0584788837839993   0.086833287618736   0.0172194927824043   0
0.219288991615744   0.0350998573018111   -0.0797238611881124   -0.0233790264821883   0
0.296481499366282   0.06334194284619   0.0771925077505378   0.0282420855443789   0
0.221781427400966   0.0370520788017353   -0.0747000719653161   -0.0262898640444547   0
0.291128045047965   0.0595974097111611   0.069346617646999   0.0225453309094258   0
0.238207272909897   0.0248504595448499   -0.0529207721380684   -0.0347469501663112   0
0.297517630377662   0.0647998377312783   0.0593103574677649   0.0399493781864284   0
0.231958049904301   0.037747394085718   -0.0655595804733606   -0.0270524436455603   0
0.29786666732776   0.0728081186773151   0.0659086174234588   0.0350607245915971   0
0.252828927871544   0.0257938264003715   -0.0450377394562157   -0.0470142922769436   0
0.299975760118864   0.0540774739714236   0.0471468322473194   0.0282836475710522   0
0.263660528618998   0.0492729654079699   -0.0363152314998653   -0.00480450856345373   0
0.295208753747242   0.0576547989157234   0.0315482251282442   0.00838183350775349   0
0.245971202318407   0.0284370618018986   -0.0492375514288358   -0.0292177371138248   0
0.3446622497136   0.0638533349147873   0.0986910473951935   0.0354162731128888   0
0.508578606523328   0.0815432855880544   0.163916356809728   0.017689950673267   0
0.315153659070682   0.0679293764638871   -0.193424947452645   -0.0136139091241673   0
0.270432606709121   0.0607196691715553   -0.0447210523615617   -0.00720970729233179   0
0.262524893335851   0.0425771171244895   -0.00790771337326968   -0.0181425520470658   0
0.22116272492303   0.0825071731593229   -0.0413621684128207   0.0399300560348334   0
0.292201619165004   0.0364497297083943   0.0710388942419735   -0.0460574434509287   0
0.239100536564338   0.0291417777190565   -0.0531010826006664   -0.00730795198933773   0
0.29567438733568   0.0387346774105216   0.0565738507713429   0.00959289969146511   0
0.242278555626989   0.0118377843432259   -0.0533958317086914   -0.0268968930672957   0
0.288237253137134   0.00848438039982113   0.0459586975101445   -0.0033534039434048   0
0.205699425289644   0.0655367232305865   -0.0825378278474892   0.0570523428307654   0
0.291877803902455   0.0524939709259073   0.0861783786128107   -0.0130427523046792   0
0.236109905775044   0.0626393173263606   -0.0557678981274114   0.0101453464004533   0
0.268348703063328   0.0413679260145164   0.032238797288284   -0.0212713913118442   0
0.227642665885154   0.0519134307225259   -0.0407060371781734   0.0105455047080096   0
0.259100749368889   0.0509128822547398   0.031458083483735   -0.00100054846778613   0
0.207964735655375   0.0703473235349612   -0.0511360137135143   0.0194344412802214   0
0.2688220279893   0.0161866560633288   0.060857292333925   -0.0541606674716323   0
0.209324346201702   0.0563354714770588   -0.059497681787598   0.0401488154137299   0
0.278806632723183   0.0550945797473309   0.0694822865214813   -0.0012408917297279   0
0.215169948147999   0.0707807535473749   -0.0636366845751845   0.015686173800044   0
0.270431875060047   0.0562491743070509   0.0552619269120483   -0.014531579240324   0
0.200504183413763   0.0469001833639806   -0.0699276916462838   -0.00934899094307037   0
0.239801565202356   0.0523744430305946   0.0392973817885932   0.00547425966661403   0
0.208331901556147   0.0585235812964526   -0.0314696636462097   0.00614913826585802   0
0.268333957799474   0.0488889226050493   0.0600020562433275   -0.00963465869140333   0
0.218502846805482   0.0561223661641685   -0.049831110993992   0.00723344355911916   0
0.268752041997768   0.0222034075236212   0.0502491951922857   -0.0339189586405472   0
0.204755562773493   0.0546959001813436   -0.0639964792242745   0.0324924926577223   0
0.272209988618173   0.0209360891616605   0.0674544258446791   -0.033759811019683   0
0.219088701304015   0.0507592817139388   -0.0531212873141573   0.0298231925522782   0
0.269513140994071   0.0613360177712492   0.0504244396900558   0.0105767360573104   0
0.236710324065956   0.05184347691781   -0.0328028169281148   -0.0094925408534392   0
0.266941706793749   0.041096676023866   0.030231382727793   -0.0107468008939441   0
0.225813025991726   0.0498011158313245   -0.041128680802023   0.00870443980745854   0
0.237656555159941   0.067544819700644   0.0118435291682146   0.0177437038693195   0
0.261904917964173   0.0557780098143803   0.0242483628042318   -0.0117668098862637   0
0.217534291910126   0.0732271948389565   -0.0443706260540464   0.0174491850245762   0
0.270148538288661   0.0513375643220683   0.0526142463785345   -0.0218896305168882   0
0.221391739186538   0.0580545905358576   -0.0487567991021229   0.00671702621378935   0
0.247717326470919   0.0527207014930094   0.0263255872843814   -0.0053338890428483   0
0.192755963924258   0.0575541892088447   -0.0549613625466609   0.00483348771583539   0
0.24728761434253   0.0669844851302524   0.0545316504182719   0.00943029592140762   0
0.193587878442944   0.0602983867651946   -0.0536997358995865   -0.00668609836505773   0
0.241586741156934   0.0580570046541804   0.0479988627139905   -0.00224138211101423   0
0.185027198289252   0.0732466808097814   -0.0565595428676828   0.015189676155601   0
0.221640280101801   0.0763032200485117   0.0366130818125497   0.00305653923873028   0
0.187713031732722   0.0700859300895693   -0.033927248369079   -0.00621728995894237   0
0.241270770018852   0.072317253174692   0.0535577382861302   0.00223132308512267   0
0.198824463301476   0.0849088850042356   -0.0424463067173764   0.0125916318295436   0
0.247545536816098   0.0695917761664408   0.0487210735146217   -0.0153171088377947   0
0.195247275636537   0.075593779442888   -0.0522982611795604   0.0060020032764472   0
0.227218592717938   0.0621433901980524   0.0319713170814002   -0.0134503892448356   0
0.26020894601318   0.0549665353831311   0.0329903532952424   -0.00717685481492136   0
0.158417684786169   0.122407597800841   -0.101791261227011   0.0674410624177101   0
0.177109805596359   0.187163685459473   0.0186921208101898   0.0647560876586317   0
0.169524943963801   0.120318202236652   -0.00758486163255737   -0.0668454832228204   0
0.243280693053473   0.0904530286513945   0.0737557490896715   -0.0298651735852579   0
0.193753891547811   0.112231350330122   -0.0495268015056619   0.0217783216787271   0
0.25141395815533   0.0810180113497764   0.0576600666075191   -0.0312133389803453   0
0.200895666971615   0.0956227196869159   -0.0505182911837152   0.0146047083371395   0
0.233750399334867   0.0867406854157984   0.0328547323632525   -0.00888203427111754   0
0.210069965846667   0.0907887174811661   -0.0236804334882   0.00404803206536775   0
0.241303402044501   0.0682839821187956   0.0312334361978334   -0.0225047353623705   0
0.175875831745468   0.10158865363563   -0.0654275702990333   0.0333046715168344   0
0.217917066972277   0.0892780276268047   0.0420412352268098   -0.0123106260088253   0
0.21639548265285   0.0823800324506188   -0.00152158431942709   -0.00689799517618594   0
0.211186476033031   0.0908015428888876   -0.00520900661981916   0.00842151043826889   0
0.244561889093334   0.0840823498915349   0.0333754130603027   -0.00671919299735273   0
0.222127864980736   0.0727024583107923   -0.022434024112598   -0.0113798915807426   0
0.208449614730515   0.0838759240537772   -0.0136782502502211   0.0111734657429849   0
0.222290477016538   0.0732451492080704   0.0138408622860233   -0.0106307748457068   0
0.218350594283254   0.0700499430399661   -0.00393988273328441   -0.00319520616810431   0
0.205287052192899   0.0785621720489257   -0.0130635420903547   0.00851222900895958   0
0.216911926732879   0.0732150439207852   0.0116248745399804   -0.00534712812814053   0
0.203212371254041   0.0742635846681434   -0.0136995554788387   0.00104854074735822   0
0.199060927172386   0.0807809195591385   -0.00415144408165444   0.00651733489099508   0
0.197582309462968   0.0759985307737097   -0.00147861770941823   -0.00478238878542878   0
0.195130819217416   0.0813507118141108   -0.00245149024555152   0.00535218104040107   0
0.196523215536613   0.075280378047636   0.00139239631919655   -0.00607033376647474   0
0.178379737214461   0.071877268132491   -0.0181434783221523   -0.00340310991514506   0
0.210057409744693   0.0705923682723033   0.0316776725302328   -0.00128489986018762   0
0.17461712117596   0.0884420199932278   -0.035440288568733   0.0178496517209244   0
0.178325148309065   0.0732428188638483   0.00370802713310459   -0.0151992011293794   0
0.153225490335812   0.0812508875711059   -0.0250996579732529   0.00800806870725761   0
0.190098277392642   0.073829124405498   0.0368727870568304   -0.00742176316560797   0
0.150510244467611   0.0777801885871492   -0.0395880329250315   0.00395106418165124   0
0.205498822192756   0.0575858882826991   0.0549885777251452   -0.0201943003044501   0
0.149288959549928   0.0780098484557078   -0.0562098626428283   0.0204239601730087   0
0.177047061144798   0.0815323700359863   0.0277581015948705   0.00352252158027852   0
0.144316993949431   0.0753786166899805   -0.0327300671953678   -0.00615375334600587   0
0.194989623757625   0.0618864143137652   0.050672629808194   -0.0134922023762153   0
0.139116481406949   0.0769420221170623   -0.0558731423506756   0.0150556078032971   0
0.194957860541067   0.0738819202490196   0.0558413791341179   -0.00306010186804263   0
0.143171658883663   0.0787910412043305   -0.0517862016574038   0.00490912095531082   0
0.162980553488599   0.085382880576085   0.0198088946049356   0.00659183937175459   0
0.137743526454095   0.061265210114734   -0.0252370270345036   -0.0241176704613511   0
0.173274132072996   0.0823731718169362   0.0355306056189007   0.0211079617022023   0
0.132536762656555   0.0563057040440018   -0.0407373694164408   -0.0260674677729344   0
0.18129186068205   0.0591684161500247   0.0487550980254954   0.00286271210602282   0
0.12621046650203   0.0686906088956127   -0.0550813941800206   0.00952219274558803   0
0.16616567550791   0.0788521683520815   0.03995520900588   0.0101615594564688   0
0.151836687326746   0.0505243315216787   -0.014328988181164   -0.0283278368304027   0
0.166389653221136   0.060157239875596   0.0145529658943904   0.00963290835391729   0
0.145171927249899   0.0541585954878715   -0.0212177259712372   -0.0059986443877245   0
0.184296610670462   0.0651746810343511   0.0391246834205633   0.0110160855464795   0
0.136140366619346   0.0574442480194561   -0.0481562440511162   -0.007730433014895   0
0.153178835823262   0.0509829228229659   0.0170384692039162   -0.00646132519649013   0
0.146881502412012   0.0231988513964054   -0.00629733341125008   -0.0277840714265605   0
0.178586898577527   0.0496435896210175   0.0317053961655149   0.0264447382246122   0
0.141186070035078   0.0248542345876935   -0.0374008285424491   -0.024789355033324   0
0.190470989926682   0.0665212325548785   0.0492849198916034   0.041666997967185   0
0.13776376066927   0.015272755046569   -0.0527072292574112   -0.0512484775083095   0
0.174997956894502   0.0745637921154262   0.0372341962252317   0.0592910370688572   0
0.133677017994904   0.0651389016543302   -0.0413209388995976   -0.00942489046109606   0
0.161931017066168   0.0703852283742122   0.0282539990712636   0.00524632671988197   0
0.15183436946772   0.0744043477641376   -0.0100966475984484   0.00401911938992543   0
0.168584744039322   0.0967200287814453   0.016750374571602   0.0223156810173077   0
0.17058454680026   0.103868231890251   0.00199980276093809   0.00714820310880547   0
0.171262809539549   0.12148507328809   0.000678262739289753   0.0176168413978389   0
0.152931364761818   0.105601170185384   -0.0183314447777319   -0.0158839031027053   0
0.173418641565   0.120933023639947   0.0204872768031825   0.0153318534545628   0
0.150116986909918   0.116428431962354   -0.0233016546550824   -0.00450459167759305   0
0.189574025027296   0.141875206456105   0.0394570381173787   0.0254467744937513   0
0.175264170559791   0.134289223329322   -0.0143098544675051   -0.00758598312678335   0
0.182439157900189   0.156579886100275   0.00717498734039748   0.0222906627709528   0
0.172205720713337   0.147048308027949   -0.0102334371868513   -0.00953157807232596   0
0.175744901885119   0.158829366385699   0.0035391811717812   0.0117810583577499   0
0.173451117572935   0.159960008715225   -0.00229378431218402   0.00113064232952681   0
0.179448706817519   0.168125569726239   0.00599758924458468   0.00816556101101373   0
0.185187946729316   0.165004645764089   0.0057392399117967   -0.00312092396215016   0
0.175303426450597   0.178977148316552   -0.00988452027871869   0.0139725025524628   0
0.181047609278233   0.161801192590923   0.00574418282763534   -0.0171759557256287   0
0.172992602496465   0.172087314468739   -0.00805500678176754   0.0102861218778154   0
0.181621673847809   0.160820778824076   0.00862907135134411   -0.0112665356446621   0
0.164218496108234   0.161609112405133   -0.0174031777395754   0.000788333581056844   0
0.189333028436272   0.175659853900657   0.0251145323280377   0.0140507414955233   0
0.131513934952841   0.161601371660987   -0.0578190934834309   -0.0140584822396694   0
0.20770077765242   0.20028231493085   0.0761868426995793   0.0386809432698624   0
0.142288297463881   0.165144628005107   -0.0654124801885386   -0.035137686925743   0
0.201508972938924   0.191285796958622   0.0592206754750426   0.0261411689535151   0
0.142144340791042   0.173574821882819   -0.0593646321478816   -0.0177109750758021   0
0.196346764113878   0.221857272980226   0.0542024233228353   0.0482824510974065   0
0.137482431872803   0.201922925460638   -0.0588643322410744   -0.0199343475195876   0
0.194666244865026   0.225826766425971   0.0571838129922223   0.0239038409653325   0
0.141797396555579   0.198532163001993   -0.052868848309447   -0.0272946034239776   0
0.170676600215876   0.217159317365391   0.0288792036602975   0.0186271543633975   0
0.168872842988327   0.203801386134786   -0.00180375722754952   -0.0133579312306051   0
0.144435466261995   0.221247263397765   -0.0244373767263312   0.0174458772629793   0
0.176621096254921   0.21235451417912   0.0321856299929255   -0.00889274921864516   0
0.134648487488052   0.197430900587832   -0.0419726087668691   -0.0149236135912875   0
0.171688583705686   0.196703977144395   0.0370400962176345   -0.000726923443437666   0
0.110664615353644   0.168501926660231   -0.0610239683520421   -0.0282020504841632   0
0.156446333401209   0.194260719792474   0.0457817180475645   0.0257587931322423   0
0.0975503847956532   0.172711176780514   -0.0588959486055554   -0.0215495430119596   0
0.149994908452587   0.207860253426046   0.0524445236569339   0.0351490766455317   0
0.116332455123823   0.179695059505548   -0.0336624533287636   -0.0281651939204977   0
0.137915786249001   0.182837241633433   0.021583331125177   0.0031421821278852   0
0.130077814069733   0.160794753286325   -0.00783797217926765   -0.0220424883471088   0
0.124100390523328   0.17591234059295   -0.00597742354640494   0.0151175873066253   0
0.109369506835608   0.169688469429688   -0.01473088368772   -0.00622387116326237   0
0.104173859825294   0.176835865969379   -0.00519564701031398   0.00714739653969101   0
0.110391169574504   0.182577591267768   0.00621730974921002   0.00574172529838904   0
0.117365359969328   0.164402367340437   0.00697419039482425   -0.0181752239273305   0
0.119507415358044   0.158374060019752   0.00214205538871554   -0.00602830732068507   0
0.109339587985093   0.172047462185119   -0.0101678273729503   0.0136734021653671   0
