0.246897151621662   0.224613339398092   0   0   0
0.232067018456932   0.196249282836225   -0.0148301331647301   -0.0283640565618672   0
0.236461890513294   0.179991976941988   0.00439487205636174   -0.016257305894237   0
0.235933577868857   0.198991406226632   -0.000528312644436729   0.0189994292846444   0
0.195825713782767   0.201195950362451   -0.0401078640860905   0.00220454413581933   0
0.183372155249918   0.21210100336691   -0.0124535585328486   0.0109050530044587   0
0.15128461547788   0.201958604590768   -0.0320875397720379   -0.0101423987761425   0
0.144150455154918   0.175509362833582   -0.00713416032296205   -0.0264492417571854   0
0.140946485718871   0.163100804811779   -0.00320396943604659   -0.0124085580218033   0
0.163135674484185   0.138094001706265   0.0221891887653138   -0.0250068031055136   0
0.116861256443442   0.1633195218544   -0.0462744180407427   0.0252255201481352   0
0.132160604878648   0.110211261445065   0.0152993484352052   -0.0531082604093354   0
0.123226173162239   0.0789745361632153   -0.00893443171640901   -0.0312367252818498   0
0.124268376487101   0.0661203618382794   0.00104220332486295   -0.0128541743249359   0
0.123237153377746   0.047383720740072   -0.00103122310935588   -0.0187366410982075   0
0.128105222657939   0.0483905878770193   0.00486806928019289   0.00100686713694733   0
0.152721094257637   0.0431845202131342   0.0246158715996983   -0.00520606766388505   0
0.131030538362208   0.0206981572699721   -0.0216905558954291   -0.0224863629431621   0
0.114879557782444   0.0203514051510234   -0.0161509805797633   -0.00034675211894877   0
0.0869583298120427   0.0249451839949438   -0.0279212279704017   0.00459377884392044   0
0.0674110954727781   0.0270531813808543   -0.0195472343392647   0.00210799738591047   0
0.105432658621937   0.0360420949254133   0.0380215631491594   0.00898891354455899   0
0.0952814106331345   0.0228761458791685   -0.0101512479888029   -0.0131659490462447   0
0.110833708776843   0.020331017244656   0.0155522981437083   -0.00254512863451253   0
0.107541897120053   0.0513764087090563   -0.00329181165679009   0.0310453914644003   0
0.0902041439175607   0.0401669386327549   -0.017337753202492   -0.0112094700763014   0
0.0969513333039314   0.0270502409688897   0.00674718938637074   -0.0131166976638652   0
0.0616633796710819   0.0673853299324119   -0.0352879536328495   0.0403350889635221   0
0.0475364601633315   0.0920504539920363   -0.0141269195077505   0.0246651240596245   0
0.0484577995061683   0.108858833277656   0.00092133934283678   0.0168083792856196   0
0.109919025484081   0.0516096636382422   0.0614612259779125   -0.0572491696394138   0
0.123117879166959   0.0522504326945242   0.0131988536828785   0.000640769056281951   0
0.132041021278427   0.0352941688201072   0.00892314211146764   -0.016956263874417   0
0.121983285770908   0.055198485042549   -0.0100577355075194   0.0199043162224418   0
0.130739218625667   0.0369510571968855   0.0087559328547596   -0.0182474278456635   0
0.188416710219126   0.0456551603595366   0.0576774915934588   0.00870410316265113   0
0.172560286130732   0.0559459974161244   -0.0158564240883943   0.0102908370565878   0
0.176649308065387   0.056728941331989   0.0040890219346553   0.000782943915864573   0
0.163223493029404   0.0724728323833318   -0.0134258150359827   0.0157438910513428   0
0.144889558918371   0.0589212650137665   -0.0183339341110337   -0.0135515673695653   0
0.132344048264665   0.0918349970021914   -0.0125455106537056   0.0329137319884249   0
0.102937530860323   0.112016998830936   -0.0294065174043418   0.020182001828745   0
0.130741530723409   0.0786599671048272   0.0278039998630854   -0.0333570317261091   0
0.188648677261762   0.0750625536425247   0.0579071465383535   -0.00359741346230251   0
0.188443504295399   0.0748985236919128   -0.000205172966363298   -0.000164029950611891   0
0.205260710853003   0.0750781171860123   0.0168172065576039   0.000179593494099517   0
0.178644499233674   0.0826381518010295   -0.0266162116193292   0.0075600346150172   0
0.162645963072706   0.0703974288306221   -0.0159985361609674   -0.0122407229704075   0
0.186439313441372   0.0698085716512299   0.0237933503686654   -0.000588857179392152   0
0.188760006104471   0.0760643192345465   0.00232069266309962   0.00625574758331658   0
0.155474349332133   0.0866744764720849   -0.0332856567723386   0.0106101572375384   0
0.14929123008593   0.0960585185228905   -0.00618311924620288   0.00938404205080559   0
0.172446859606779   0.0871562990408089   0.0231556295208489   -0.00890221948208164   0
0.167641947671369   0.103940862319506   -0.00480491193540963   0.0167845632786971   0
0.241166159623111   0.0782495831095125   0.0735242119517424   -0.0256912792099935   0
0.15531429873727   0.0975108551233784   -0.0858518608858411   0.0192612720138659   0
0.147597223241936   0.101311656840723   -0.00771707549533379   0.00380080171734498   0
0.155276108338823   0.10331482572972   0.00767888509688694   0.002003168888997   0
0.19806983429205   0.0939379913967719   0.0427937259532263   -0.00937683433294846   0
0.160382708766126   0.0955985767020618   -0.0376871255259236   0.00166058530528988   0
0.180573928329341   0.095217494265878   0.020191219563215   -0.000381082436183872   0
0.178929478528019   0.0993039411207959   -0.00164444980132181   0.00408644685491794   0
0.214376150227445   0.0943843071013   0.0354466716994256   -0.00491963401949594   0
0.261271270292277   0.105287967130496   0.0468951200648321   0.0109036600291965   0
0.221454719449214   0.105336683023268   -0.0398165508430631   4.87158927713616e-05   0
0.220363615367624   0.116548067052022   -0.00109110408159013   0.0112113840287537   0
0.226116736611335   0.125844601979237   0.00575312124371166   0.00929653492721516   0
0.219145813907042   0.125107605532607   -0.00697092270429311   -0.000736996446629251   0
0.190575702824494   0.140136066350039   -0.0285701110825479   0.0150284608174315   0
0.2030943143441   0.140322166008261   0.0125186115196054   0.00018609965822225   0
0.198061755422343   0.148142439149793   -0.0050325589217568   0.00782027314153147   0
0.189428186648582   0.139321902403212   -0.00863356877376101   -0.00882053674658106   0
0.212710816149838   0.145108486268895   0.0232826295012556   0.00578658386568315   0
0.238251027721141   0.144036561442746   0.0255402115713037   -0.00107192482614851   0
0.260927432982736   0.154366900282703   0.0226764052615944   0.0103303388399569   0
0.280497683076082   0.165745892794512   0.0195702500933461   0.0113789925118093   0
0.26532784751   0.17886576100878   -0.0151698355660814   0.0131198682142676   0
0.22543140917452   0.168847743542785   -0.0398964383354801   -0.0100180174659953   0
0.210460974316285   0.181093206753187   -0.0149704348582352   0.0122454632104022   0
0.21890948807811   0.185581881306211   0.00844851376182454   0.00448867455302385   0
0.238302187232933   0.17772153885292   0.0193926991548237   -0.00786034245329065   0
0.208988174634954   0.15622416302609   -0.0293140125979794   -0.0214973758268296   0
0.263464759948575   0.154656577213548   0.0544765853136206   -0.00156758581254293   0
0.260490592697625   0.167674049536593   -0.00297416725094946   0.0130174723230459   0
0.288230868545963   0.177490113063376   0.0277402758483376   0.00981606352678258   0
0.285205312065273   0.185202664736499   -0.00302555648068931   0.00771255167312285   0
0.329252311070234   0.197869142562705   0.0440469990049604   0.0126664778262059   0
0.371483471787104   0.18731011643395   0.0422311607168701   -0.0105590261287546   0
0.350885434927926   0.175692240513746   -0.0205980368591775   -0.0116178759202042   0
0.333992241965124   0.200537245663368   -0.0168931929628022   0.0248450051496219   0
0.358419781541826   0.216897201788082   0.0244275395767016   0.0163599561247142   0
0.376682016849969   0.228925457331093   0.018262235308143   0.0120282555430107   0
0.354826791841343   0.228035885007711   -0.0218552250086251   -0.000889572323381799   0
0.294943742120099   0.206064068319176   -0.0598830497212446   -0.0219718166885351   0
0.281199906810458   0.195163450483178   -0.0137438353096414   -0.0109006178359976   0
0.244296026641286   0.202824031033061   -0.0369038801691714   0.00766058054988245   0
0.253782762838397   0.193175403187104   0.00948673619711068   -0.00964862784595727   0
0.306409484275944   0.231335407250085   0.0526267214375472   0.0381600040629811   0
0.324089627281868   0.243360055953833   0.0176801430059237   0.012024648703748   0
0.332957161995353   0.231330534946432   0.00886753471348567   -0.0120295210074003   0
0.352311778617874   0.26651327879571   0.0193546166225208   0.0351827438492781   0
0.324717157903613   0.254652944008316   -0.0275946207142611   -0.0118603347873943   0
0.340538632759846   0.270396696563124   0.0158214748562334   0.0157437525548078   0
0.33047132783253   0.270254150555084   -0.0100673049273163   -0.000142546008039701   0
0.235705806591204   0.255799895028321   -0.0947655212413263   -0.0144542555267631   0
0.229636043275005   0.26737784549491   -0.00606976331619882   0.0115779504665891   0
0.210086395129337   0.257057729462177   -0.0195496481456678   -0.0103201160327326   0
0.18840707001928   0.255413509075479   -0.0216793251100569   -0.00164422038669798   0
0.0964146212250242   0.270238856270712   -0.0919924487942561   0.0148253471952325   1
0.136726668856116   0.536174261808425   0.0403120476310917   0.265935405537713   1
0.356314526218691   0.565719060596796   0.219587857362575   0.0295447987883704   0
0.392213713452258   0.574167653752369   0.0358991872335673   0.00844859315557289   0
0.481418614605169   0.564301920692726   0.0892049011529108   -0.00986573305964233   0
0.422134317255728   0.530915234184943   -0.0592842973494404   -0.0333866865077836   0
0.339555088915908   0.523668336139975   -0.0825792283398207   -0.00724689804496748   0
0.395750931199157   0.551632903044452   0.0561958422832494   0.027964566904477   0
0.404514090600068   0.565749503863901   0.00876315940091082   0.0141166008194487   0
0.389352674164747   0.563082380741264   -0.0151614164353205   -0.00266712312263673   0
0.444436424858449   0.584522390757189   0.0550837506937017   0.0214400100159249   0
0.428733935210405   0.547577058453191   -0.0157024896480439   -0.0369453323039975   0
0.412407488735353   0.538611940482895   -0.0163264464750527   -0.00896511797029609   0
0.394103534349046   0.526819676690469   -0.0183039543863062   -0.0117922637924267   0
0.378669284008104   0.521766220629028   -0.0154342503409426   -0.00505345606144025   0
0.465727189916162   0.530984471488103   0.0870579059080583   0.00921825085907446   0
0.500901151190622   0.56293379092483   0.0351739612744595   0.0319493194367267   0
0.521413522925491   0.599888473928488   0.0205123717348694   0.0369546830036582   0
0.542930558584061   0.591044220564967   0.0215170356585703   -0.00884425336352046   0
0.523856893073299   0.57928343706967   -0.0190736655107622   -0.0117607834952977   0
0.471812524340261   0.563021409208611   -0.052044368733038   -0.0162620278610589   0
0.485288369965059   0.56866707215646   0.0134758456247974   0.00564566294784885   0
0.503570342536582   0.572245848969217   0.0182819725715229   0.00357877681275753   0
0.479466316449998   0.540104648099098   -0.0241040260865836   -0.0321412008701196   0
0.52560599664883   0.545706219416867   0.0461396801988322   0.00560157131776973   0
0.451152825291264   0.54354493531124   -0.0744531713575659   -0.00216128410562721   0
0.636956175092298   0.682353503487195   0.185803349801034   0.138808568175955   0
0.708429399557923   0.696793094962378   0.0714732244656254   0.0144395914751829   0
0.621575023212806   0.645628015933517   -0.0868543763451176   -0.051165079028861   0
0.569520075203535   0.629169386009046   -0.0520549480092709   -0.0164586299244711   0
0.593250550465619   0.644688856604486   0.0237304752620842   0.0155194705954402   0
0.57864076973148   0.622457919763658   -0.0146097807341389   -0.0222309368408288   0
0.599030700599134   0.63757860640336   0.0203899308676543   0.0151206866397019   0
0.518800793100165   0.583664981164281   -0.0802299074989696   -0.0539136252390788   0
0.433210746998606   0.538759554422008   -0.085590046101559   -0.0449054267422732   0
0.482290058507492   0.545975617877987   0.0490793115088861   0.0072160634559798   0
0.476331656945673   0.503737500626566   -0.00595840156181915   -0.0422381172514209   0
0.447407014902818   0.513752367448803   -0.0289246420428552   0.0100148668222367   0
0.427321872218367   0.479063536616491   -0.0200851426844511   -0.0346888308323122   0
0.45719754002046   0.481198973404194   0.0298756678020934   0.00213543678770278   0
0.450503332439495   0.479072537568686   -0.00669420758096512   -0.00212643583550781   0
0.456621664751696   0.49096416216334   0.00611833231220088   0.0118916245946536   0
0.463906521071228   0.488226963679803   0.00728485631953263   -0.00273719848353621   0
0.464744797197817   0.499437907289285   0.0008382761265886   0.0112109436094813   0
0.44280551639948   0.486344934035762   -0.0219392807983371   -0.0130929732535223   0
0.409563290642557   0.537455838148587   -0.0332422257569224   0.0511109041128244   0
0.360976635242006   0.5412411095189   -0.0485866554005518   0.00378527137031326   0
0.436509143738548   0.538509221151551   0.075532508496542   -0.00273188836734906   0
0.453381190429158   0.526612722627597   0.0168720466906099   -0.0118964985239544   0
0.4492527820734   0.540111775472911   -0.00412840835575734   0.0134990528453142   0
0.380621594553291   0.526421282870003   -0.068631187520109   -0.0136904926029074   0
0.325418299843448   0.510920460989282   -0.0552032947098435   -0.0155008218807218   0
0.358795773451918   0.528466028199306   0.0333774736084703   0.0175455672100246   0
0.324447738507159   0.511346025680263   -0.0343480349447586   -0.0171200025190433   0
0.560715284148353   0.481719344922954   0.236267545641194   -0.0296266807573088   1
0.454613069632631   0.479839509931185   -0.106102214515722   -0.0018798349917688   1
0.538851748899289   0.545649665488993   0.0842386792666578   0.0658101555578078   0
