0.0945870082018138   0.0420608388632006   0   0   0
0.0946708239747072   0.037551933923368   8.38157728933753e-05   -0.00450890493983255   0
0.0899031102726151   0.0441255396625639   -0.00476771370209207   0.00657360573919585   0
0.0837211430512627   0.0524834252836788   -0.00618196722135241   0.00835788562111494   0
0.0945489856106875   0.0493082021479946   0.0108278425594248   -0.00317522313568424   0
0.100868888757139   0.0493886719750592   0.00631990314645108   8.04698270646248e-05   0
0.0863503368640215   0.0356988536735425   -0.0145185518931171   -0.0136898183015167   0
0.0786707019303247   0.0422497056417923   -0.00767963493369681   0.00655085196824983   0
0.0719189804510603   0.0422866910924256   -0.00675172147926441   3.69854506332284e-05   0
0.0886477935577643   0.0297575537290656   0.016728813106704   -0.01252913736336   0
0.0943861618792183   0.041100450574355   0.00573836832145398   0.0113428968452894   0
0.0785007911564591   0.0356613845318364   -0.0158853707227592   -0.00543906604251863   0
0.0964318333789211   0.0271657110029353   0.017931042222462   -0.00849567352890108   0
0.0854100236414322   0.0289505485117104   -0.0110218097374889   0.00178483750877514   0
0.0775548546846037   0.0281409503343881   -0.00785516895682843   -0.000809598177322304   0
0.0700255514481678   0.0168651030168541   -0.00752930323643589   -0.0112758473175341   0
0.0678224987043385   0.0241635904407333   -0.00220305274382933   0.00729848742387929   0
0.0732905850746875   0.0165071169839626   0.00546808637034894   -0.0076564734567708   0
0.0552983528847831   0.030260887115012   -0.0179922321899043   0.0137537701310495   0
0.0638577272841745   0.0238462149150028   0.00855937439939135   -0.00641467220000925   0
0.0508363128773124   0.0253551038447632   -0.0130214144068621   0.00150888892976043   0
0.0483887551717339   0.0236369319840377   -0.00244755770557856   -0.00171817186072547   0
0.0597944625953775   0.0342246529646891   0.0114057074236437   0.0105877209806514   0
0.0564466390229746   0.0169668934447352   -0.0033478235724029   -0.0172577595199538   0
0.0509911792809305   0.022031091969646   -0.00545545974204407   0.00506419852491074   0
0.0380543990905125   0.0351428972214959   -0.012936780190418   0.0131118052518499   0
0.052655616223628   0.0164181673268403   0.0146012171331155   -0.0187247298946556   0
0.0555453158668667   0.043034865479806   0.00288969964323871   0.0266166981529658   0
0.0657764216807968   0.0200913917513422   0.0102311058139301   -0.0229434737284639   0
0.0558754097785421   0.0176213745559902   -0.00990101190225471   -0.00247001719535193   0
0.0395444424119021   0.0432526147375477   -0.01633096736664   0.0256312401815574   0
0.0561436244592385   0.019950461455628   0.0165991820473363   -0.0233021532819196   0
0.0554593451101796   0.0514127904489654   -0.000684279349058889   0.0314623289933373   0
0.0664903585126445   0.0136325249852366   0.0110310134024649   -0.0377802654637288   0
0.0474120573326332   0.0448675585170956   -0.0190783011800113   0.031235033531859   0
0.0325052983430394   0.0370044688416142   -0.0149067589895938   -0.00786308967548138   0
0.0556776403596632   0.0283259864202065   0.0231723420166238   -0.00867848242140772   0
0.0454963707628422   0.0679078140740261   -0.0101812695968211   0.0395818276538196   0
0.0793234436792176   0.0375486138628645   0.0338270729163754   -0.0303592002111616   0
0.0705525205837467   0.0591243681713862   -0.00877092309547087   0.0215757543085217   0
0.0888886883497557   0.026829095461178   0.018336167766009   -0.0322952727102082   0
0.0791049477597957   0.0224726808741748   -0.00978374058996007   -0.00435641458700321   0
0.0717655710058103   0.0372617803411767   -0.00733937675398535   0.0147890994670019   0
0.0884192382277748   0.0418903961686029   0.0166536672219645   0.00462861582742623   0
0.0951899650303539   0.0401488475621655   0.00677072680257906   -0.00174154860643743   0
0.0987933378125266   0.0355386718138495   0.00360337278217272   -0.00461017574831597   0
0.10897651428496   0.0326726696734656   0.010183176472433   -0.00286600214038388   0
0.105170964270278   0.0325801478002326   -0.00380555001468202   -9.25218732330327e-05   0
0.115757484328271   0.0344170856524347   0.0105865200579938   0.0018369378522021   0
0.107108938978033   0.032280867029132   -0.00864854535023842   -0.0021362186233027   0
0.110232947034723   0.0346776202087888   0.00312400805668978   0.00239675317965686   0
0.134660825468917   0.0409846364004855   0.0244278784341938   0.00630701619169664   0
0.123959038437582   0.0299254612875458   -0.0107017870313343   -0.0110591751129397   0
0.110604669632209   0.0366788733379653   -0.0133543688053737   0.00675341205041952   0
0.0936176256561231   0.0566285773848549   -0.0169870439760854   0.0199497040468896   0
0.117741675017302   0.0428705788834009   0.0241240493611791   -0.013757998501454   0
0.109657892343278   0.052539679678601   -0.00808378267402395   0.00966910079520011   0
0.129284715929958   0.0524815952995962   0.01962682358668   -5.80843790047927e-05   0
0.125314220027497   0.042554704109681   -0.00397049590246096   -0.00992689118991523   0
0.114524973218333   0.0476073834995676   -0.0107892468091638   0.00505267938988659   0
0.141671451352098   0.045234644378507   0.027146478133765   -0.00237273912106054   0
0.123026308023203   0.0482944211396358   -0.0186451433288955   0.00305977676112874   0
0.147688875099278   0.0441134771085039   0.0246625670760746   -0.00418094403113187   0
0.145106764801438   0.0447874333180916   -0.00258211029783906   0.000673956209587656   0
0.140484072275401   0.0528867399335835   -0.00462269252603784   0.00809930661549197   0
0.156585582541369   0.0510526922072676   0.0161015102659687   -0.00183404772631597   0
0.135721025799763   0.0493522656254627   -0.0208645567416061   -0.00170042658180491   0
0.150412597150904   0.0489739124029314   0.0146915713511403   -0.000378353222531248   0
0.123515481666065   0.0564285686299281   -0.0268971154848388   0.00745465622699664   0
0.13172127403138   0.0573029484262101   0.00820579236531552   0.000874379796282083   0
0.157513841025543   0.0430240631760847   0.0257925669941625   -0.0142788852501255   0
0.138294465455717   0.0412414294403395   -0.0192193755698263   -0.00178263373574519   0
0.135582475780648   0.0437589765294494   -0.00271198967506861   0.00251754708910988   0
0.149733769002228   0.0430976519532387   0.0141512932215797   -0.00066132457621066   0
0.133932055599696   0.0499584188767269   -0.0158017134025319   0.00686076692348817   0
0.161916705436005   0.0433515204429153   0.0279846498363092   -0.00660689843381161   0
0.151064359750207   0.0420436896222846   -0.0108523456857978   -0.00130783082063067   0
0.133375395184644   0.0588427283072429   -0.017688964565563   0.0167990386849583   0
0.158579298395913   0.0580777820776586   0.0252039032112688   -0.000764946229584292   0
0.148094198265158   0.0561845443791484   -0.0104851001307547   -0.00189323769851015   0
0.16805001713478   0.0524804884883182   0.0199558188696222   -0.00370405589083021   0
0.143835400075572   0.0630942237516637   -0.0242146170592079   0.0106137352633454   0
0.151834400751246   0.0453972549403426   0.00799900067567358   -0.0176969688113211   0
0.153069978633859   0.0539309053045654   0.00123557788261275   0.00853365036422279   0
0.162823471386683   0.0649303741701255   0.00975349275282425   0.0109994688655601   0
0.182830193507993   0.0699328601107698   0.0200067221213095   0.00500248594064431   0
0.168954879956159   0.0842959090740618   -0.0138753135518338   0.014363048963292   0
0.192187684421271   0.0781353946423188   0.0232328044651121   -0.00616051443174304   0
0.185280196889468   0.0688520125008703   -0.00690748753180292   -0.00928338214144847   0
0.17644789824903   0.0874007804021481   -0.00883229864043802   0.0185487679012778   0
0.199898699057423   0.0822611804762429   0.0234508008083927   -0.00513959992590526   0
0.200351152852311   0.0812374844679013   0.00045245379488823   -0.00102369600834162   0
0.206274222500728   0.0839475697395255   0.00592306964841757   0.00271008527162425   0
0.206775553845154   0.0829207386741097   0.000501331344425204   -0.00102683106541578   0
0.203690188264555   0.0900334391909611   -0.00308536558059821   0.00711270051685141   0
0.217856486644763   0.0838136095962493   0.0141662983802081   -0.0062198295947118   0
0.214342226321297   0.0897266408267355   -0.00351426032346674   0.00591303123048617   0
0.237692032919175   0.0853693978586736   0.0233498065978779   -0.00435724296806195   0
0.2349040015302   0.0831429289247288   -0.00278803138897507   -0.00222646893394481   0
0.227291297293781   0.0890245636293433   -0.00761270423641841   0.00588163470461457   0
0.259904503695588   0.0802993611398154   0.032613206401807   -0.00872520248952791   0
0.226383917443554   0.0851107209140834   -0.0335205862520339   0.00481135977426801   0
0.226573484922839   0.0979590548701982   0.000189567479284808   0.0128483339561148   0
0.246462553831226   0.0948538810703864   0.019889068908387   -0.00310517379981182   0
0.257257583118885   0.100381278752265   0.0107950292876589   0.00552739768187897   0
0.266687568713298   0.100433017521692   0.00942998559441299   5.17387694266846e-05   0
0.243514080118276   0.109755403923053   -0.0231734885950222   0.00932238640136089   0
0.258704872096778   0.105109242093952   0.0151907919785018   -0.00464616182910098   0
0.274264703243126   0.107592803253401   0.0155598311463486   0.00248356115944875   0
0.246298141538685   0.112332517526672   -0.0279665617044413   0.00473971427327097   0
0.275181657323464   0.113310238503687   0.0288835157847787   0.000977720977015623   0
0.256406886012252   0.107649554459258   -0.0187747713112115   -0.00566068404442945   0
0.271642933696148   0.108826873899798   0.0152360476838963   0.00117731944053998   0
0.290226202739346   0.0936882734749259   0.0185832690431978   -0.015138600424872   0
0.277432019946094   0.10178049070781   -0.012794182793252   0.00809221723288367   0
0.327672382213698   0.0989767468015847   0.0502403622676042   -0.00280374390622486   0
0.282619318288842   0.10982335024256   -0.0450530639248559   0.0108466034409753   0
0.311097712540674   0.0994992611541036   0.0284783942518319   -0.0103240890884564   0
0.312269383937491   0.099833181730617   0.00117167139681651   0.00033392057651345   0
0.31022147026655   0.108974480092921   -0.0020479136709407   0.00914129836230428   0
0.294112464440051   0.102767468868424   -0.0161090058264995   -0.00620701122449725   0
0.319854203079294   0.111968626135829   0.0257417386392431   0.00920115726740475   0
0.323817377746624   0.111976655682892   0.0039631746673307   8.02954706344283e-06   0
0.312290113477404   0.118213261407352   -0.0115272642692201   0.0062366057244596   0
0.378676366294128   0.104749894486868   0.0663862528167242   -0.0134633669204837   0
0.351120246773096   0.111800976912613   -0.0275561195210322   0.00705108242574536   0
0.359497262914601   0.114856551934662   0.0083770161415051   0.00305557502204863   0
0.343814848869679   0.120123823386537   -0.0156824140449227   0.00526727145187521   0
0.379159812105186   0.114180375300235   0.0353449632355074   -0.00594344808630236   0
0.365562094632088   0.120787960544501   -0.0135977174730976   0.00660758524426637   0
0.366094626213142   0.118693894540747   0.000532531581053264   -0.00209406600375417   0
0.354027177418076   0.0962802099929809   -0.0120674487950655   -0.0224136845477662   0
0.330829647848995   0.116220529332827   -0.0231975295690813   0.0199403193398461   0
0.341503329258472   0.108214595493503   0.0106736814094767   -0.00800593383932389   0
0.398059957089343   0.0917056513097884   0.0565566278308719   -0.0165089441837147   0
0.37382358149353   0.11321852796252   -0.0242363755958133   0.0215128766527319   0
0.403511314086297   0.109584270891458   0.0296877325927665   -0.0036342570710621   0
0.366787086199992   0.108729453645562   -0.0367242278863052   -0.000854817245895825   0
0.38628129380546   0.112004128009864   0.0194942076054684   0.00327467436430158   0
0.393143040317656   0.111524296434678   0.00686174651219601   -0.000479831575185677   0
0.436402061326044   0.111713502291979   0.0432590210083878   0.0001892058573007   0
0.401912893982017   0.114049903239766   -0.0344891673440267   0.00233640094778706   0
0.402963078398319   0.116711280111436   0.00105018441630222   0.0026613768716696   0
0.399033274720204   0.115875395903973   -0.00392980367811496   -0.000835884207462584   0
0.37233007045792   0.138905374252726   -0.0267032042622838   0.0230299783487534   0
0.427244666789663   0.132131149380076   0.0549145963317424   -0.00677422487265028   0
0.422850800025174   0.128571011792365   -0.00439386676448844   -0.00356013758771098   0
0.472907896620314   0.124828298699343   0.05005709659514   -0.00374271309302178   0
0.484360982926708   0.11827491966772   0.0114530863063939   -0.00655337903162348   0
0.476765289159393   0.111314286628278   -0.00759569376731478   -0.00696063303944162   0
0.471235803080814   0.119603295856312   -0.00552948607857956   0.0082890092280337   0
0.461398639810923   0.121500491544932   -0.0098371632698907   0.00189719568861961   0
0.49249408424042   0.126653671263312   0.031095444429497   0.00515317971837997   0
0.458319074475458   0.133945181235123   -0.0341750097649626   0.00729150997181163   0
0.483719929774265   0.121249019012784   0.0254008552988075   -0.012696162222339   0
0.484209515937068   0.115596630236234   0.000489586162803146   -0.00565238877655068   0
0.499514562985985   0.120993285989854   0.0153050470489172   0.00539665575362006   0
0.512009486852783   0.0977638114206888   0.0124949238667973   -0.0232294745691648   0
0.504884120426509   0.105392106019616   -0.00712536642627348   0.0076282945989273   0
0.481552335776538   0.0984609077553117   -0.0233317846499708   -0.0069311982643044   0
0.48898286904588   0.113720531677442   0.00743053326934123   0.0152596239221299   0
0.523718877898219   0.0944912328922636   0.0347360088523397   -0.019229298785178   0
0.479740693593998   0.104831863368205   -0.0439781843042218   0.0103406304759414   0
0.534095164933666   0.0964847617515325   0.0543544713396686   -0.00834710161667244   0
0.534770902212387   0.110387389217474   0.00067573727872039   0.013902627465941   0
0.54441927399272   0.11526104893892   0.00964837178033306   0.00487365972144596   0
0.552815340215609   0.100679842635654   0.00839606622288969   -0.0145812063032658   0
0.520922493835628   0.0956958332491546   -0.0318928463799814   -0.00498400938649914   0
0.505978562484815   0.115525763059588   -0.014943931350813   0.0198299298104331   0
0.460989085541654   0.118045503274161   -0.0449894769431615   0.00251974021457349   0
0.498920433841956   0.128299802798952   0.0379313483003025   0.0102542995247909   0
0.480489739452467   0.147678290257065   -0.0184306943894887   0.0193784874581131   0
0.513109615213438   0.130682863785186   0.0326198757609711   -0.0169954264718787   0
0.493870533853408   0.129299495804315   -0.0192390813600307   -0.00138336798087174   0
0.481355562050601   0.151408473522785   -0.0125149718028067   0.0221089777184706   0
0.497705099245829   0.146096085819436   0.0163495371952275   -0.00531238770334941   0
0.488619218598593   0.153411282916512   -0.00908588064723514   0.00731519709707573   0
0.540737677783563   0.149635946137826   0.0521184591849693   -0.00377533677868527   0
0.51737657842184   0.160610964398296   -0.0233610993617229   0.0109750182604693   0
0.51738525347356   0.167424888047566   8.67505172041927e-06   0.00681392364927022   0
0.515256992385256   0.142083290958376   -0.00212826108830388   -0.0253415970891901   0
0.489610246847439   0.167839938113668   -0.0256467455378174   0.0257566471552924   0
0.535074935377289   0.163822375368881   0.0454646885298502   -0.00401756274478743   0
0.503451577062035   0.156389636491968   -0.0316233583152541   -0.00743273887691251   0
0.518729503215732   0.153783815524424   0.0152779261536971   -0.00260582096754458   0
0.518744762521127   0.164498702474244   1.52593053946992e-05   0.0107148869498207   0
0.517276745970356   0.144403137380919   -0.00146801655077089   -0.0200955650933257   0
0.551695661713068   0.148526361451772   0.0344189157427119   0.00412322407085347   0
0.533358258056299   0.166190660688981   -0.0183374036567684   0.0176642992372087   0
0.567865576305282   0.148582672013563   0.0345073182489827   -0.0176079886754181   0
0.568306977042558   0.161485057348536   0.00044140073727561   0.0129023853349733   0
0.602624943010704   0.145059575740452   0.0343179659681465   -0.0164254816080839   0
0.546165236309169   0.147961794579961   -0.0564597067015356   0.00290221883950847   0
0.566856874786308   0.154447900722226   0.0206916384771394   0.00648610614226502   0
0.583284716136948   0.153416532705084   0.01642784135064   -0.0010313680171421   0
0.593654302349179   0.166564041183114   0.0103695862122306   0.01314750847803   0
0.596475144473774   0.156321242219348   0.00282084212459566   -0.0102427989637659   0
0.57705754028257   0.178864149779239   -0.0194176041912042   0.0225429075598911   0
0.595122895803388   0.1621625233562   0.0180653555208177   -0.0167016264230392   0
0.572486314384239   0.173489943638536   -0.0226365814191485   0.0113274202823366   0
0.60630934216401   0.167403451849865   0.033823027779771   -0.00608649178867149   0
0.576724361411073   0.16506772268981   -0.0295849807529371   -0.00233572916005484   0
0.609536985659156   0.173165062409396   0.0328126242480827   0.00809733971958601   0
0.58837478162751   0.172755210600498   -0.0211622040316459   -0.000409851808897743   0
0.573378980782039   0.179890446400448   -0.0149958008454708   0.0071352357999499   0
0.616447261837815   0.182951932487669   0.0430682810557762   0.00306148608722059   0
0.613307689858916   0.16520682191541   -0.00313957197889947   -0.0177451105722587   0
0.661666994413692   0.16251742620793   0.0483593045547759   -0.00268939570747995   0
0.623899182404794   0.166104578068306   -0.0377678120088981   0.00358715186037603   0
0.644210375036941   0.170072360083142   0.0203111926321473   0.00396778201483614   0
0.58140990383829   0.181156333414678   -0.0628004711986505   0.0110839733315358   0
0.617950250834837   0.19309322206191   0.0365403469965463   0.0119368886472317   0
0.584546394633223   0.196574009437921   -0.0334038562016135   0.0034807873760116   0
0.624794722854922   0.205596061228079   0.0402483282216989   0.00902205179015761   0
0.650943896302408   0.204021486222628   0.0261491734474858   -0.00157457500545097   0
0.631789880901625   0.182070261699296   -0.0191540154007825   -0.0219512245233324   0
0.667558872102716   0.180906115730819   0.0357689912010904   -0.00116414596847658   0
0.668954876791133   0.197952316496297   0.00139600468841716   0.0170462007654776   0
0.681494840664491   0.209163202486718   0.012539963873358   0.0112108859904218   0
0.71786144203087   0.20638049263678   0.036366601366379   -0.0027827098499385   0
0.677524604797855   0.213362143200827   -0.0403368372330148   0.00698165056404654   0
0.689921582052408   0.194279438274589   0.0123969772545528   -0.0190827049262371   0
0.697763905187227   0.189370906792893   0.00784232313481936   -0.00490853148169662   0
0.749775413753587   0.189702768166413   0.0520115085663594   0.000331861373520592   0
0.693433397883495   0.206049906403764   -0.0563420158700914   0.0163471382373508   0
0.730280345394455   0.194985992253937   0.0368469475109598   -0.0110639141498269   0
0.701833867352438   0.206831193346773   -0.0284464780420167   0.0118452010928352   0
0.706740794810007   0.188570170689779   0.00490692745756838   -0.0182610226569932   0
0.68804699703965   0.197493207815889   -0.0186937977703568   0.00892303712610984   0
0.681525656960184   0.203475335787903   -0.00652134007946636   0.00598212797201411   0
0.712845654483146   0.193174309563727   0.0313199975229623   -0.0103010262241766   0
0.724040815024519   0.193150108996216   0.0111951605413732   -2.42005675109569e-05   0
0.735927271867331   0.197551709655978   0.0118864568428119   0.00440160065976272   0
0.694890567245908   0.179204958932503   -0.0410367046214227   -0.0183467507234757   0
0.734883071364016   0.188600561507648   0.0399925041181081   0.00939560257514491   0
0.711724155257281   0.193344146229592   -0.0231589161067355   0.00474358472194469   0
0.786527758463546   0.174143449410249   0.0748036032062651   -0.0192006968193432   0
0.756346821081784   0.201179419575065   -0.0301809373817622   0.0270359701648157   0
0.713515305560833   0.202912038140724   -0.0428315155209503   0.00173261856565879   0
0.74849828085361   0.199987576924393   0.0349829752927768   -0.00292446121633066   0
0.732175360111437   0.194848646964766   -0.0163229207421733   -0.00513892995962703   0
0.72631523684677   0.203428151794436   -0.00586012326466667   0.00857950482966979   0
0.722829973724005   0.201795580055913   -0.00348526312276543   -0.00163257173852249   0
0.704765557124825   0.215097176190908   -0.0180644165991802   0.0133015961349947   0
0.73097210151422   0.209550743940603   0.026206544389395   -0.00554643225030538   0
