0.43950434037908   0.190072276049152   0   0   0
0.49899075424686   0.208458865107424   0.05948641386778   0.018386589058271   0
0.346643118445528   0.134962087229551   -0.152347635801332   -0.0734967778778721   0
0.37726717492765   0.170819670625173   0.0306240564821224   0.0358575833956214   0
0.276345575041559   0.10614663233995   -0.100921599886091   -0.0646730382852228   0
0.278845669643783   0.103682577697557   0.00250009460222428   -0.00246405464239262   0
0.382430002908048   0.174483080070254   0.103584333264265   0.0708005023726962   0
0.250895661766895   0.10004472607694   -0.131534341141154   -0.0744383539933133   0
0.198720066754725   0.0871127347811302   -0.0521755950121695   -0.01293199129581   0
0.230683833548025   0.101782488705523   0.0319637667932996   0.0146697539243932   0
0.135318578540877   0.0410865413307691   -0.0953652550071476   -0.0606959473747543   0
0.246834159954108   0.104035747824594   0.11151558141323   0.0629492064938248   0
0.185589575806536   0.0624876241370241   -0.0612445841475716   -0.0415481236875698   0
0.140206870148791   0.047627906550598   -0.0453827056577448   -0.0148597175864261   0
0.12546046534897   0.0733139191403394   -0.0147464047998217   0.0256860125897414   0
0.0827940739172799   0.0417846268511605   -0.0426663914316897   -0.0315292922891789   0
0.109670202952716   0.0301364168485256   0.0268761290354365   -0.0116482100026349   0
0.0936021489247977   0.0400751966165844   -0.0160680540279187   0.0099387797680588   0
0.0804087345333826   0.0339082240712946   -0.013193414391415   -0.0061669725452898   0
0.132101621981299   0.0636028140240894   0.0516928874479163   0.0296945899527948   0
0.0509383399651971   0.021024199334398   -0.0811632820161018   -0.0425786146896914   0
0.12588550740677   0.0497830840633181   0.0749471674415731   0.0287588847289202   0
0.0618397314348955   0.0233915055295448   -0.0640457759718747   -0.0263915785337733   0
0.0834293993573608   0.0206290176503875   0.0215896679224654   -0.00276248787915728   0
0.0903540982819263   0.0179590679201344   0.00692469892456549   -0.00266994973025314   0
0.0866761175114576   0.0230547914973894   -0.00367798077046877   0.00509572357725504   0
0.105580348921662   0.00238403952480868   0.0189042314102049   -0.0206707519725807   0
0.0908913614076167   0.013307320960832   -0.0146889875140458   0.0109232814360234   0
0.105326793717981   0.0285618746526011   0.0144354323103642   0.0152545536917691   0
0.114937076317794   0.0286468819613601   0.00961028259981309   8.50073087589748e-05   0
0.137369048939017   0.030063035466832   0.0224319726212228   0.0014161535054719   0
0.109261703034778   0.0258702725990571   -0.0281073459042389   -0.00419276286777491   0
0.0771216827486382   0.0583057781678197   -0.0321400202861397   0.0324355055687626   0
0.0836773371515251   0.0393451403177699   0.00655565440288687   -0.0189606378500498   0
0.0925708111788381   0.0241541441351169   0.00889347402731304   -0.015190996182653   0
0.124080116841752   0.0441745879132449   0.0315093056629142   0.020020443778128   0
0.105841923559354   0.0336434903987755   -0.0182381932823985   -0.0105310975144694   0
0.11295646119033   0.0349572979694512   0.00711453763097603   0.00131380757067574   0
0.0780442760246387   0.0524321959898925   -0.0349121851656911   0.0174748980204413   0
0.109634589963843   0.0294365118443915   0.0315903139392043   -0.022995684145501   0
0.160961781801384   0.062332916552653   0.0513271918375414   0.0328964047082615   0
0.225503033191698   0.104903800003861   0.0645412513903139   0.0425708834512077   0
0.230018339171544   0.0832452158895633   0.00451530597984531   -0.0216585841142974   0
0.194705119974284   0.0628173611489125   -0.0353132191972594   -0.0204278547406508   0
0.249233231638981   0.109025479481278   0.0545281116646968   0.0462081183323652   0
0.311580265765107   0.147587758889254   0.0623470341261257   0.0385622794079761   0
0.290712851968829   0.123655592740654   -0.0208674137962783   -0.0239321661486001   0
0.361403922866548   0.146673199432284   0.0706910708977198   0.0230176066916302   0
0.347640087036453   0.112604117925156   -0.0137638358300955   -0.0340690815071275   0
0.389711889394515   0.168005718715979   0.0420718023580625   0.0554016007908223   0
0.424681822263504   0.164341451198123   0.0349699328689884   -0.0036642675178557   0
0.388389442132899   0.126624537973461   -0.0362923801306047   -0.0377169132246617   0
0.450098926916281   0.158951131254397   0.0617094847833818   0.0323265932809357   0
0.445264611538459   0.17043531962587   -0.00483431537782214   0.0114841883714732   0
0.413462664520585   0.155501502547403   -0.0318019470178738   -0.0149338170784671   0
0.466127802500441   0.164466563730291   0.0526651379798561   0.00896506118288837   0
0.418235883440314   0.134662598920645   -0.0478919190601267   -0.0298039648096464   0
0.428122325314815   0.160126476204507   0.00988644187450133   0.0254638772838618   0
0.407260921695478   0.151434284052522   -0.0208614036193378   -0.00869219215198461   0
0.391687391790303   0.143935215035272   -0.015573529905175   -0.00749906901725023   0
0.423801849384379   0.150142942635418   0.0321144575940766   0.00620772760014626   0
0.343032283829642   0.117052707554588   -0.0807695655547373   -0.0330902350808299   0
0.407781223887125   0.161790437980308   0.0647489400574834   0.0447377304257199   0
0.423929461774928   0.158653103105675   0.0161482378878025   -0.00313733487463314   0
0.417522367674799   0.161999022857393   -0.00640709410012885   0.00334591975171736   0
0.477656718894708   0.182154675996912   0.060134351219909   0.0201556531395194   0
0.446934045682861   0.168401391072706   -0.0307226732118466   -0.0137532849242059   0
0.256719998485061   0.118121153240596   -0.1902140471978   -0.05028023783211   0
0.192798185484047   0.104371928304501   -0.0639218130010147   -0.0137492249360947   0
0.118485707074244   0.0916249311729209   -0.0743124784098026   -0.0127469971315806   0
0.120887309681869   0.0993303416495403   0.00240160260762441   0.00770541047661935   0
0.127735759171267   0.0973878225766574   0.00684844948939871   -0.00194251907288291   0
0.175526363436522   0.0863123437472186   0.0477906042652547   -0.0110754788294388   0
0.240951524429417   0.0924656038764956   0.0654251609928952   0.00615326012927701   0
0.231659324160242   0.0864318938357167   -0.00929220026917532   -0.00603371004077893   0
0.234095059066139   0.0920637539068444   0.00243573490589674   0.00563186007112769   0
0.14758971572508   0.0904574134084239   -0.0865053433410583   -0.00160634049842052   0
0.234442290980638   0.0770398237215013   0.0868525752555575   -0.0134175896869225   0
0.238420284676367   0.0819554830795353   0.00397799369572954   0.00491565935803399   0
0.212614913333402   0.0757013923597842   -0.0258053713429654   -0.00625409071975108   0
0.33774504921886   0.0912095808209861   0.125130135885458   0.0155081884612019   0
0.310575140151227   0.0681840292874587   -0.0271699090676327   -0.0230255515335274   0
0.415004005890115   0.0961675785933076   0.104428865738888   0.0279835493058489   0
0.382419592133562   0.0799305316655657   -0.0325844137565527   -0.0162370469277419   0
0.373981000326835   0.0828836418003577   -0.00843859180672735   0.00295311013479199   0
0.396164475039408   0.0864324784041855   0.0221834747125735   0.00354883660382783   0
0.380128251169422   0.0826051773552663   -0.0160362238699867   -0.00382730104891922   0
0.46500099024713   0.128585453922674   0.0848727390777085   0.0459802765674072   0
0.485084883668516   0.127944781332505   0.0200838934213863   -0.000640672590168617   0
0.39095217269004   0.0976544381384995   -0.0941327109784769   -0.0302903431940054   0
0.290244012733355   0.0731742256010612   -0.100708159956684   -0.0244802125374383   0
0.238145630436   0.0731425489359607   -0.0520983822973549   -3.16766651005246e-05   0
0.386225888824282   0.0878047013865751   0.148080258388281   0.0146621524506144   0
0.376735621630321   0.0693229087456124   -0.00949026719396057   -0.0184817926409627   0
0.435359016113793   0.0824651345738913   0.0586233944834721   0.0131422258282789   0
0.42796058897999   0.0775239582807954   -0.00739842713380312   -0.00494117629309593   0
0.427103247035246   0.0709199261159373   -0.000857341944744516   -0.0066040321648581   0
0.464212317055774   0.095258958961874   0.037109070020528   0.0243390328459368   0
0.460928525302129   0.078922854169689   -0.00328379175364429   -0.016336104792185   0
0.375587307768599   0.0608990584312475   -0.0853412175335306   -0.0180237957384415   0
0.406191739849754   0.0741410397387304   0.0306044320811551   0.0132419813074829   0
0.488401787234342   0.103625581345776   0.0822100473845888   0.0294845416070454   0
0.577165284132133   0.12844590174953   0.0887634968977908   0.0248203204037545   0
0.471314738401164   0.0954717980518331   -0.105850545730969   -0.0329741036976972   0
0.506980833967932   0.127113313277957   0.0356660955667677   0.0316415152261238   0
0.460569214124577   0.119002217300771   -0.0464116198433556   -0.00811109597718553   0
0.491721867539934   0.128800637703594   0.0311526534153571   0.00979842040282274   0
0.472396373081504   0.132107175945329   -0.0193254944584291   0.00330653824173449   0
0.326207647966521   0.0742402085138842   -0.146188725114983   -0.0578669674314444   0
0.400182945574946   0.104636112906933   0.0739752976084243   0.0303959043930492   0
0.541847965885266   0.126107676129925   0.14166502031032   0.0214715632229915   0
0.510390187216859   0.110882708365653   -0.031457778668407   -0.0152249677642716   0
0.556478190195061   0.11890476457838   0.046088002978202   0.00802205621272691   0
0.449751473318254   0.0786162701004856   -0.106726716876807   -0.0402884944778946   0
0.257004523265273   0.0523854163519056   -0.192746950052981   -0.0262308537485799   0
0.323596528395485   0.0864514425710179   0.0665920051302126   0.0340660262191122   0
0.428676737986959   0.0769248138034471   0.105080209591474   -0.00952662876757079   0
0.498019458634148   0.0992008116631361   0.0693427206471889   0.022275997859689   0
0.364278657250531   0.0991983943867163   -0.133740801383617   -2.4172764198499e-06   0
0.418658461721771   0.0629363667838   0.0543798044712402   -0.0362620276029163   0
0.36259586805336   0.0401901764275177   -0.056062593668411   -0.0227461903562823   0
0.27920653852419   0.0673804216299141   -0.0833893295291704   0.0271902452023964   0
0.347616599963307   0.0652256073254592   0.0684100614391172   -0.00215481430445491   0
0.402735807874592   0.0658070871117428   0.0551192079112844   0.000581479786283548   0
0.423557186839003   0.0830587959666231   0.0208213789644112   0.0172517088548804   0
0.494057418405675   0.0877002565950779   0.0705002315666719   0.00464146062845473   0
0.403642304374034   0.0668467406233094   -0.0904151140316413   -0.0208535159717685   0
0.49158768546832   0.0782468911435145   0.0879453810942866   0.0114001505202051   0
0.486189143908428   0.080707940884045   -0.00539854155989222   0.00246104974053052   0
0.517125702782418   0.0896181792174445   0.0309365588739904   0.0089102383333995   0
0.59765412989454   0.108804724626518   0.080528427112122   0.0191865454090739   0
0.620045201120088   0.122476619200115   0.0223910712255473   0.0136718945735967   0
0.552553936205453   0.112481472131958   -0.0674912649146345   -0.00999514706815684   0
0.456431966613656   0.0765469671186423   -0.0961219695917967   -0.035934505013316   0
0.439709915598921   0.0617614406660418   -0.0167220510147357   -0.0147855264526005   0
0.516358852282035   0.0871739461752908   0.0766489366831138   0.025412505509249   0
0.517345304233034   0.0842978699742319   0.000986451950999001   -0.00287607620105897   0
0.548265162847768   0.122657967872668   0.0309198586147347   0.0383600978984363   0
0.582624502089716   0.134658455977976   0.0343593392419481   0.0120004881053078   0
0.553629484121104   0.0942194341423785   -0.0289950179686121   -0.0404390218355975   0
0.567585203400652   0.143833281602903   0.0139557192795481   0.0496138474605245   0
0.553761532987892   0.113667265715827   -0.0138236704127606   -0.0301660158870757   0
0.548546728364075   0.119926522052307   -0.00521480462381696   0.00625925633647974   0
0.624071553547708   0.148769733929662   0.0755248251836333   0.0288432118773552   0
0.556912412946354   0.122474908727094   -0.0671591406013544   -0.0262948252025683   0
0.521565681246169   0.123296850780788   -0.0353467317001851   0.00082194205369443   0
0.493491896033491   0.0955942769674524   -0.0280737852126776   -0.027702573813336   0
0.546792582804129   0.131050891555533   0.0533006867706376   0.0354566145880803   0
0.655914361403659   0.170147813568152   0.10912177859953   0.0390969220126189   0
0.628854338570746   0.154395378410787   -0.0270600228329134   -0.015752435157365   0
0.601635939343396   0.164439405653298   -0.0272183992273501   0.0100440272425117   0
0.480199275076473   0.0965450725257509   -0.121436664266923   -0.0678943331275474   0
0.422602489340349   0.0977354150641542   -0.0575967857361235   0.00119034253840332   0
0.425327603249542   0.0976028590490181   0.00272511390919294   -0.000132556015136065   0
0.4346739170324   0.0832431087388169   0.00934631378285805   -0.0143597503102012   0
0.407083659767621   0.0901008819067827   -0.0275902572647795   0.00685777316796574   0
0.438834085317458   0.122324439801946   0.0317504255498373   0.0322235578951637   0
0.432386747255845   0.111566020972438   -0.00644733806161302   -0.0107584188295082   0
0.438584685655895   0.120144572628521   0.00619793840004973   0.00857855165608305   0
0.46328729702297   0.120624225714292   0.0247026113670756   0.00047965308577097   0
0.555038962670099   0.164519242059827   0.0917516656471291   0.043895016345535   0
0.589144322717829   0.1601474606321   0.03410536004773   -0.00437178142772721   0
0.52419963919028   0.140971316817296   -0.0649446835275492   -0.0191761438148037   0
0.57525182787096   0.15980171466875   0.0510521886806793   0.0188303978514535   0
0.497363676383831   0.119291357217319   -0.0778881514871287   -0.0405103574514308   0
0.519962524467495   0.147714435270973   0.0225988480836639   0.0284230780536541   0
0.431812952905595   0.104446582233216   -0.0881495715618992   -0.0432678530377569   0
0.511914591502538   0.141902421356094   0.0801016385969422   0.037455839122878   0
0.572839489247075   0.15400679605239   0.0609248977445376   0.0121043746962959   0
0.531488560749947   0.132286309492479   -0.0413509284971284   -0.0217204865599109   0
0.626832313990153   0.170855861270078   0.0953437532402063   0.0385695517775984   0
0.731886907264025   0.245823177890476   0.105054593273872   0.0749673166203982   0
0.599118579183286   0.1710532127154   -0.132768328080739   -0.0747699651750754   0
0.624116985949397   0.179968287757934   0.0249984067661106   0.00891507504253355   0
0.675272708863019   0.211968629479199   0.0511557229136221   0.0320003417212652   0
0.408616361231767   0.120320386800139   -0.266656347631252   -0.0916482426790604   0
0.296702626842517   0.115639053693147   -0.11191373438925   -0.00468133310699147   0
0.348852635802354   0.132784163281511   0.0521500089598371   0.0171451095883634   0
0.38728111507396   0.087506794028821   0.0384284792716059   -0.0452773692526897   0
0.483910728274224   0.135772311720763   0.096629613200264   0.0482655176919419   0
0.442562524720395   0.125348811161903   -0.0413482035538295   -0.0104235005588595   0
0.467606738175125   0.150714767145625   0.0250442134547304   0.0253659559837218   0
0.460937403588481   0.131562787470479   -0.00666933458664432   -0.0191519796751458   0
0.457268367348322   0.133109624107585   -0.0036690362401588   0.00154683663710545   0
0.555395133701845   0.164017148366177   0.0981267663535228   0.0309075242585922   0
0.434923910412339   0.112001319658219   -0.120471223289506   -0.0520158287079582   0
0.558064196286207   0.200162039176538   0.123140285873868   0.0881607195183194   0
0.520741098587628   0.17256762241386   -0.0373230976985786   -0.0275944167626783   0
0.536289597714966   0.195226241453147   0.0155484991273377   0.0226586190392873   0
0.581266739658481   0.188907585987726   0.0449771419435148   -0.00631865546542132   0
0.573242746320824   0.180154907928954   -0.00802399333765724   -0.00875267805877147   0
0.658239336370898   0.234481656903717   0.0849965900500743   0.0543267489747628   0
0.641956509042326   0.211992410527293   -0.0162828273285718   -0.0224892463764237   0
0.664355807978594   0.212917988335069   0.0223992989362676   0.000925577807775413   0
0.750090078308899   0.256985648837153   0.0857342703303052   0.0440676605020842   0
0.723451399858235   0.24915756016525   -0.0266386784506637   -0.00782808867190327   0
0.715243812515096   0.259732215543379   -0.00820758734313898   0.0105746553781297   0
0.761123480085886   0.270777765679113   0.0458796675707898   0.0110455501357333   0
0.705162803685674   0.234102050089918   -0.0559606764002123   -0.0366757155891947   0
0.728012287483563   0.252076311104772   0.0228494837978892   0.0179742610148544   0
0.746116650711275   0.255692527759265   0.0181043632277117   0.00361621665449258   0
0.692949737273498   0.235337349055887   -0.0531669134377764   -0.0203551787033778   0
0.765826698671788   0.271507258332853   0.0728769613982901   0.0361699092769656   0
0.796377266749786   0.280244375027832   0.0305505680779977   0.00873711669497895   0
0.686790266684502   0.280655635563389   -0.109587000065284   0.000411260535557512   0
0.696210452195031   0.264920296962577   0.00942018551052892   -0.0157353386008123   0
0.643325457587775   0.222993452452084   -0.0528849946072564   -0.0419268445104927   0
0.736470356295819   0.303076151110987   0.0931448987080438   0.0800826986589029   0
0.751251939126882   0.289257667089141   0.0147815828310629   -0.013818484021846   0
0.752910631770929   0.287771318478319   0.00165869264404783   -0.00148634861082247   0
0.642977642698267   0.278186114956786   -0.109932989072663   -0.00958520352153314   0
0.50081298601474   0.193792863270942   -0.142164656683527   -0.0843932516858438   0
0.533181294758631   0.219289649370986   0.0323683087438911   0.0254967861000442   0
0.621045670402073   0.232301625014226   0.0878643756434418   0.0130119756432398   0
0.633314117013319   0.218403670071613   0.0122684466112463   -0.0138979549426129   0
0.735459647192047   0.281541517065885   0.102145530178728   0.063137846994272   0
0.720266265515226   0.265737159800337   -0.0151933816768209   -0.0158043572655477   0
0.691579541080634   0.253312087694212   -0.0286867244345922   -0.0124250721061256   0
0.729507744794947   0.269007122229134   0.0379282037143135   0.0156950345349219   0
0.678350189197534   0.241126296560537   -0.0511575555974133   -0.0278808256685967   0
0.76220003706018   0.297843579330661   0.0838498478626463   0.0567172827701245   0
0.719426883929681   0.274657182722844   -0.0427731531304997   -0.023186396607817   0
0.640370703328353   0.244721235212639   -0.0790561806013271   -0.029935947510205   0
0.717190482777999   0.288023900240935   0.076819779449646   0.0433026650282954   0
0.638051218956073   0.240747654115777   -0.0791392638219269   -0.0472762461251574   0
0.470879191450716   0.218436469942636   -0.167172027505357   -0.0223111841731417   0
0.328570974283015   0.166388661478179   -0.1423082171677   -0.0520478084644569   0
0.378345089700882   0.193301570472798   0.0497741154178665   0.0269129089946189   0
0.408828218185829   0.186887043591845   0.0304831284849472   -0.0064145268809532   0
0.412994057899396   0.196585723889484   0.00416583971356732   0.00969868029763959   0
0.3907693206794   0.150166354495606   -0.0222247372199961   -0.0464193693938781   0
0.406555576036241   0.190871247290549   0.0157862553568409   0.0407048927949432   0
0.409680211722509   0.173194074371065   0.00312463568626792   -0.0176771729194842   0
0.417649269519462   0.209970423451733   0.00796905779695256   0.0367763490806678   0
0.424728955027109   0.197512021908794   0.00707968550764732   -0.0124584015429387   0
0.3930168361125   0.1768569002067   -0.0317121189146086   -0.0206551217020946   0
0.447333496246637   0.198801898228117   0.0543166601341366   0.0219449980214172   0
0.411102329936258   0.170015587802861   -0.0362311663103789   -0.0287863104252553   0
0.472958134746491   0.213374435209334   0.061855804810233   0.043358847406473   0
0.429839290973243   0.190743622325813   -0.0431188437732483   -0.0226308128835212   0
0.5164831384633   0.245214001365751   0.0866438474900569   0.0544703790399376   0
0.496651926967469   0.193760251427092   -0.0198312114958308   -0.0514537499386587   0
0.519652534057056   0.231972641912791   0.0230006070895875   0.0382123904856989   0
0.545518925056904   0.2352522075424   0.0258663909998477   0.00327956562960904   0
0.499525601474559   0.224567556463423   -0.0459933235823449   -0.0106846510789775   0
