0.881050813623987   0.147850038703072   0   0   0
0.903284572841804   0.261941648320289   0.0222337592178166   0.114091609617217   0
0.348953529519749   0.136144517163895   -0.554331043322055   -0.125797131156394   1
0.277596887704401   0.0847793637250982   -0.0713566418153472   -0.0513651534387964   0
0.249403706156534   0.125989890450395   -0.028193181547867   0.0412105267252967   0
0.303635800260905   0.109966170206898   0.0542320941043704   -0.0160237202434967   0
0.203129580295658   0.15193001799266   -0.100506219965247   0.0419638477857618   0
0.208959854442642   0.0888674217568508   0.00583027414698406   -0.0630625962358092   0
0.191802832809998   0.0721133830780043   -0.0171570216326437   -0.0167540386788465   0
0.179406034018062   0.0757216496001969   -0.0123967987919359   0.00360826652219259   0
0.151198524967838   0.0464550565200926   -0.0282075090502237   -0.0292665930801043   0
0.153576994902557   0.0183213784170979   0.00237846993471871   -0.0281336781029947   0
0.14068420775741   0.0346086094251214   -0.0128927871451473   0.0162872310080235   0
0.122094200669811   0.0302909212906277   -0.0185900070875989   -0.00431768813449371   0
0.118174178999221   0.0363307045967319   -0.00392002167058937   0.00603978330610429   0
0.0909025518608801   0.0380789997177578   -0.0272716271383412   0.00174829512102587   0
0.11982239261482   0.0275349848013868   0.0289198407539396   -0.0105440149163711   0
0.0810310877962279   0.0420055379441806   -0.0387913048185918   0.0144705531427939   0
0.09784761373866   0.0335221365290534   0.016816525942432   -0.0084834014151272   0
0.0687698634918668   0.0543157135748027   -0.0290777502467931   0.0207935770457492   0
0.0569969380879359   0.0193054691193254   -0.0117729254039309   -0.0350102444554773   0
0.0722960073047606   0.0548531257628952   0.0152990692168247   0.0355476566435699   0
0.064549600822081   0.0455272965605144   -0.00774640648267962   -0.00932582920238085   0
0.0747547469035914   0.0411561536763034   0.0102051460815104   -0.00437114288421101   0
0.129547234065031   0.0322822183195718   0.0547924871614399   -0.00887393535673153   0
0.108372152819301   0.0709845468525545   -0.02117508124573   0.0387023285329826   0
0.128347895287652   0.0335708947398639   0.0199757424683503   -0.0374136521126905   0
0.0945687493601348   0.0741358670053335   -0.0337791459275169   0.0405649722654696   0
0.09748583378312   0.0622544306216232   0.00291708442298519   -0.0118814363837103   0
0.113002776436157   0.0340385867833585   0.0155169426530366   -0.0282158438382648   0
0.0895550543818717   0.0580375192449247   -0.023447722054285   0.0239989324615662   0
0.12580489142275   0.0333504876707223   0.0362498370408786   -0.0246870315742024   0
0.11459450391332   0.0373915433491318   -0.01121038750943   0.00404105567840947   0
0.145959036215556   0.0154849027224907   0.031364532302236   -0.0219066406266411   0
0.138822430356432   0.0541010575428522   -0.00713660585912407   0.0386161548203615   0
0.14154330604829   0.0685759313219478   0.00272087569185805   0.0144748737790956   0
0.154912567306755   0.0643969215998327   0.0133692612584649   -0.00417900972211509   0
0.156802489863522   0.0966301492509714   0.00188992255676695   0.0322332276511387   0
0.172958440560298   0.0708093880600235   0.0161559506967754   -0.0258207611909479   0
0.157326927814186   0.10377895273137   -0.0156315127461119   0.0329695646713468   0
0.187054007176163   0.0756314284163336   0.0297270793619772   -0.0281475243150367   0
0.16348797643536   0.0791413088117861   -0.0235660307408027   0.0035098803954525   0
0.16465199116397   0.0824956893726121   0.00116401472860961   0.00335438056082593   0
0.127530938963257   0.0930493336195644   -0.0371210522007127   0.0105536442469523   0
0.105158009445691   0.103432729671439   -0.0223729295175663   0.0103833960518747   0
0.0877667824618175   0.0961630450804778   -0.0173912269838733   -0.00726968459096135   0
0.0834648662373576   0.126781397258411   -0.00430191622445991   0.0306183521779331   0
0.0780653802283701   0.104345406356114   -0.0053994860089875   -0.0224359909022972   0
0.127518273350489   0.113291717661751   0.0494528931221188   0.00894631130563768   0
0.0955207554569163   0.11167856029674   -0.0319975178935726   -0.00161315736501184   0
0.124557710701345   0.105096566459138   0.0290369552444289   -0.00658199383760164   0
0.102015236459364   0.124159059959392   -0.0225424742419809   0.0190624935002545   0
0.134189624745917   0.109534146509536   0.0321743882865527   -0.0146249134498564   0
0.133127700616889   0.0826913519614355   -0.00106192412902806   -0.0268427945481005   0
0.118516668121392   0.29743887411786   -0.0146110324954972   0.214747522156424   0
0.152650848067117   0.418468513664111   0.0341341799457252   0.121029639546251   0
0.192055767727831   0.247847286386698   0.0394049196607137   -0.170621227277413   0
0.200719517426333   0.224850106489857   0.00866374969850248   -0.0229971798968413   0
0.243589445170373   0.203687081382816   0.0428699277440397   -0.0211630251070407   0
0.300167589454441   0.191082538624674   0.0565781442840686   -0.0126045427581423   0
0.30156737456139   0.178442427355436   0.00139978510694921   -0.0126401112692381   0
0.363743591252478   0.17631918749033   0.0621762166910878   -0.00212323986510624   0
0.319511562956022   0.178567235609588   -0.0442320282964563   0.00224804811925805   0
0.335510753315985   0.162279456217508   0.0159991903599634   -0.01628777939208   0
0.356595030240538   0.154570197259206   0.0210842769245523   -0.00770925895830121   0
0.334617885838354   0.177149964329661   -0.0219771444021833   0.0225797670704541   0
0.347449737288201   0.160119829611295   0.0128318514498467   -0.017030134718366   0
0.320789795156579   0.155533299928826   -0.026659942131622   -0.004586529682469   0
0.328249379199151   0.11850429244019   0.00745958404257202   -0.0370290074886358   0
0.29657083910324   0.120885243137335   -0.0316785400959109   0.00238095069714488   0
0.282970546041403   0.145187805176821   -0.0136002930618368   0.0243025620394863   0
0.30959341216972   0.142059583538915   0.0266228661283164   -0.0031282216379058   0
0.251978105914482   0.168315023664704   -0.0576153062552376   0.0262554401257893   0
0.288618214353391   0.155168865905825   0.036640108438909   -0.0131461577588791   0
0.2015308309835   0.163940107261006   -0.0870873833698912   0.00877124135518023   0
0.212682800765083   0.163542217687819   0.0111519697815831   -0.000397889573186483   0
0.252375998057818   0.153923301897406   0.0396931972927354   -0.00961891579041302   0
0.290528883992005   0.126081875262624   0.0381528859341868   -0.0278414266347816   0
0.268684577478742   0.129433415230815   -0.0218443065132634   0.00335153996819024   0
0.264970434578539   0.121086394456696   -0.00371414290020244   -0.00834702077411904   0
0.249405599391353   0.141880188838761   -0.0155648351871865   0.0207937943820654   0
0.226847867056977   0.160038227511429   -0.0225577323343757   0.0181580386726682   0
0.261519096641928   0.158923883834566   0.0346712295849507   -0.00111434367686367   0
0.238101756302678   0.182413326122984   -0.0234173403392496   0.0234894422884181   0
0.264148967512652   0.153458233180856   0.0260472112099736   -0.0289550929421276   0
0.182003919403182   0.180104453707425   -0.0821450481094698   0.0266462205265689   0
0.187138883125475   0.16613057391251   0.00513496372229244   -0.0139738797949149   0
0.173295081036249   0.163433974558535   -0.0138438020892258   -0.00269659935397476   0
0.135688092936807   0.188609200179233   -0.0376069880994416   0.0251752256206977   0
0.198094236072532   0.157155980514583   0.0624061431357248   -0.03145321966465   0
0.132906051630579   0.180458643362544   -0.0651881844419534   0.0233026628479614   0
0.133724127276943   0.190046790413572   0.000818075646364325   0.00958814705102715   0
0.188258559056421   0.189504955019651   0.0545344317794783   -0.000541835393920442   0
0.105915396109371   0.215004388251147   -0.0823431629470504   0.025499433231496   0
0.127230058204223   0.208009588822847   0.0213146620948524   -0.00699479942829981   0
0.163278432562908   0.188168305246925   0.0360483743586846   -0.0198412835759221   0
0.12894101810227   0.216069062999542   -0.0343374144606374   0.0279007577526167   0
0.21860624761557   0.21074164092082   0.0896652295132999   -0.0053274220787215   0
0.177729914345222   0.232027976967218   -0.0408763332703481   0.0212863360463979   0
0.21800452179026   0.213582564503753   0.0402746074450379   -0.0184454124634649   0
0.21742211197576   0.25751091347941   -0.000582409814499946   0.0439283489756562   0
0.201137522594269   0.250960285724654   -0.0162845893814914   -0.00655062775475562   0
0.249690016999078   0.260426625390915   0.0485524944048095   0.00946633966626098   0
0.200942209507552   0.269575091641457   -0.0487478074915264   0.00914846625054205   0
0.258883005040887   0.273476204807658   0.0579407955333352   0.00390111316620073   0
0.206044124326732   0.280796340528594   -0.0528388807141546   0.00732013572093593   0
0.222243480259737   0.255577567366543   0.0161993559330042   -0.0252187731620504   0
0.208953335959707   0.245026828635662   -0.0132901443000301   -0.0105507387308815   0
0.225855543405912   0.282984174962576   0.0169022074462059   0.0379573463269145   0
0.319364978886227   0.387585106075427   0.0935094354803142   0.104600931112851   0
0.399379210185007   0.562005568766227   0.0800142312987804   0.1744204626908   0
0.272027780259241   0.345644044867332   -0.127351429925766   -0.216361523898895   1
0.289617429207912   0.275795247657116   0.0175896489486709   -0.0698487972102156   0
0.32733365563579   0.285500182219294   0.037716226427878   0.00970493456217775   0
0.39960797082766   0.262547746383872   0.07227431519187   -0.0229524358354218   0
0.362224990097315   0.259024717398263   -0.037382980730345   -0.00352302898560908   0
0.435527619690187   0.281466238125197   0.0733026295928718   0.0224415207269339   0
0.286953948158306   0.235596062968399   -0.14857367153188   -0.0458701751567975   0
0.277719361157338   0.240103828858996   -0.0092345870009683   0.00450776589059648   0
0.356746562127794   0.279333957602974   0.0790272009704559   0.039230128743978   0
0.308553367638015   0.27340801209442   -0.048193194489779   -0.00592594550855396   0
0.324444715753994   0.299749969415345   0.0158913481159791   0.0263419573209247   0
0.363897522198214   0.315487060489983   0.0394528064442204   0.0157370910746381   0
0.308491228297354   0.32443293783269   -0.0554062939008608   0.00894587734270713   0
0.320061209374082   0.3171739870828   0.0115699810767284   -0.00725895074989014   0
0.313335210163173   0.307673887188205   -0.00672599921090872   -0.00950009989459516   0
0.290083845806415   0.295078125706655   -0.0232513643567582   -0.0125957614815495   0
0.336693960948218   0.267476504940621   0.0466101151418027   -0.0276016207660342   0
0.303619428816668   0.262846006117028   -0.0330745321315494   -0.00463049882359329   0
0.309671296742207   0.264226900833777   0.00605186792553852   0.00138089471674918   0
0.260126260430776   0.267526363788768   -0.0495450363114308   0.00329946295499078   0
0.28508084639786   0.281158071520493   0.0249545859670833   0.0136317077317252   0
0.307287910950773   0.269092512521256   0.0222070645529132   -0.0120655589992364   0
0.289511889272962   0.26850294724902   -0.0177760216778104   -0.000589565272236248   0
0.321829615814409   0.282562043751284   0.0323177265414466   0.0140590965022639   0
0.284864468178781   0.300624840250003   -0.0369651476356274   0.0180627964987193   0
0.299560231896175   0.276429436919261   0.0146957637173933   -0.0241954033307418   0
0.313087728983635   0.281480247849845   0.0135274970874601   0.00505081093058318   0
0.318346882312062   0.293936991850022   0.00525915332842736   0.0124567440001775   0
0.345319913486393   0.293790870113845   0.0269730311743309   -0.000146121736177396   0
0.320374600654827   0.288016361698186   -0.0249453128315659   -0.00577450841565924   0
0.365253201123673   0.270320088741865   0.0448786004688454   -0.0176962729563201   0
0.336619094757041   0.269944398652246   -0.0286341063666313   -0.000375690089619796   0
0.334211719665424   0.273238190794044   -0.00240737509161726   0.00329379214179859   0
0.362181580744038   0.275451742082892   0.0279698610786138   0.0022135512888477   0
0.350723898696125   0.287901427804817   -0.0114576820479125   0.0124496857219255   0
0.362225599105875   0.280580740571658   0.0115017004097495   -0.00732068723315954   0
0.338930610079703   0.271991468790976   -0.0232949890261714   -0.00858927178068186   0
0.358592433741381   0.281860400529189   0.0196618236616771   0.00986893173821329   0
0.321539541882501   0.278971396905668   -0.0370528918588799   -0.00288900362352085   0
0.355313750156689   0.264312881478207   0.0337742082741884   -0.0146585154274619   0
0.322811941427843   0.267710468816051   -0.0325018087288463   0.00339758733784473   0
0.337065209935719   0.256116628850491   0.0142532685078759   -0.0115938399655606   0
0.347204918914609   0.269686748881457   0.0101397089788902   0.0135701200309662   0
0.380994890579471   0.293462350196171   0.0337899716648624   0.0237756013147138   0
0.346436994098047   0.272607706319337   -0.0345578964814244   -0.0208546438768336   0
0.348693585061987   0.269810630850676   0.00225659096394004   -0.00279707546866087   0
0.397968895102368   0.296342314150346   0.0492753100403818   0.0265316832996698   0
0.369267737737282   0.293355958596804   -0.0287011573650867   -0.00298635555354182   0
0.409876878885599   0.300958280824872   0.0406091411483172   0.00760232222806762   0
0.412262144296999   0.304342419756514   0.00238526541140044   0.00338413893164174   0
0.438780439723969   0.296128269948176   0.02651829542697   -0.0082141498083374   0
0.445070244777159   0.31639900600231   0.00628980505318938   0.0202707360541339   0
0.472884673743567   0.368929088070797   0.0278144289664084   0.0525300820684869   0
0.51388506980176   0.403272862089987   0.0410003960581931   0.0343437740191902   0
