0.0971962867243909   0.0280037675808542   0   0   0
0.130775861837166   0.034411138623453   0.0335795751127754   0.00640737104259883   0
0.117139696265978   0.076511   -0.0136361655711882   0.042099861376547   0
0.165028119005338   0.101307297276418   0.0478884227393599   0.0247962972764178   0
0.12694363308194   0.08295050437966   -0.0380844859233984   -0.0183567928967578   0
0.133475064926331   0.0651122885277618   0.00653143184439189   -0.0178382158518983   0
0.099853688000494   0.0867513217822789   -0.0336213769258375   0.0216390332545171   0
0.118407049955229   0.0719772935365036   0.0185533619547346   -0.0147740282457753   0
0.118434475015312   0.0878087300117278   2.74250600831305e-05   0.0158314364752242   0
0.0661149965307418   0.078436601596592   -0.0523194784845699   -0.00937212841513577   0
0.0878231703721746   0.0731926769026451   0.0217081738414328   -0.00524392469394688   0
0.0999259875144099   0.0630756230747862   0.0121028171422353   -0.0101170538278589   0
0.0930359070978195   0.070350306067298   -0.00689008041659039   0.00727468299251177   0
0.0924382201992233   0.0711882345488805   -0.000597686898596156   0.000837928481582553   0
0.073116735105023   0.0417417586033758   -0.0193214850942003   -0.0294464759455047   0
0.0650616281543123   0.0633977275067687   -0.00805510695071071   0.0216559689033929   0
0.0414854059107537   0.0544933141270101   -0.0235762222435586   -0.00890441337975862   0
0.0462867610259132   0.0569071074543857   0.00480135511515952   0.0024137933273756   0
0.0587135178273283   0.0458699034937398   0.0124267568014151   -0.0110372039606459   0
0.0510339553657171   0.0409225600879576   -0.00767956246161127   -0.00494734340578219   0
0.0335192243121585   0.0329862383211924   -0.0175147310535585   -0.00793632176676521   0
0.0420506181440891   0.0288676754784655   0.00853139383193061   -0.00411856284272684   0
0.0460193256020511   0.0213965880177711   0.003968707457962   -0.00747108746069444   0
0.0415700524152905   0.0394443855884142   -0.00444927318676064   0.0180477975706431   0
0.0479190292201334   0.0312015451899822   0.00634897680484291   -0.00824284039843205   0
0.0620327153686666   0.026086905861909   0.0141136861485331   -0.00511463932807322   0
0.0582063914907117   0.0206930088403064   -0.00382632387795481   -0.00539389702160253   0
0.0563487076548345   0.0148315392628345   -0.00185768383587728   -0.00586146957747198   0
0.0551583179940252   0.0403205742606985   -0.0011903896608093   0.025489034997864   0
0.0554924636894056   0.00725323666331797   0.000334145695380449   -0.0330673375973805   0
0.0683054543975077   0.016937966023966   0.0128129907081021   0.00968472936064799   0
0.0553190886463253   0.0440112865143775   -0.0129863657511823   0.0270733204904115   0
0.0738918778492603   0.0465404194067103   0.0185727892029349   0.00252913289233284   0
0.0665789187960611   0.0699401141911779   -0.00731295905319916   0.0233996947844676   0
0.0569312351424945   0.0871748424378415   -0.00964768365356661   0.0172347282466637   0
0.0469591721129898   0.0620113532039497   -0.00997206302950467   -0.0251634892338919   0
0.047958115670931   0.0686903300479041   0.000998943557941209   0.00667897684395444   0
0.0172016879248084   0.0654695603125223   -0.0307564277461226   -0.00322076973538178   0
0.0606800530559293   0.0614639286257192   0.0434783651311209   -0.00400563168680317   0
0.0538167874110941   0.0689569874980955   -0.00686326564483521   0.00749305887237634   0
0.0151473150895497   0.0906444211633705   -0.0386694723215444   0.021687433665275   0
0.0208160876855282   0.0736268957574269   0.00566877259597853   -0.0170175254059437   0
0.0393592771835307   0.0812955221488244   0.0185431894980025   0.00766862639139756   0
0.055156954954447   0.0659267976525669   0.0157976777709163   -0.0153687244962575   0
0.0516991705125914   0.058630746482136   -0.00345778444185565   -0.0072960511704309   0
0.058476059894798   0.0510990264188321   0.00677688938220657   -0.00753172006330389   0
0.0397550836616765   0.0823969980437698   -0.0187209762331214   0.0312979716249377   0
0.0491028527439343   0.0856520308186852   0.00934776908225781   0.00325503277491541   0
0.0491873285205895   0.055524849737314   8.44757766551851e-05   -0.0301271810813712   0
0.088396536474966   0.087964537394141   0.0392092079543765   0.0324396876568269   0
0.11062774519717   0.119616692235971   0.0222312087222041   0.03165215484183   0
0.090962726512017   0.126132646327777   -0.0196650186851531   0.00651595409180579   0
0.0914237286324508   0.123178443418632   0.00046100212043379   -0.00295420290914519   0
0.09417556420123   0.120207554549298   0.00275183556877925   -0.0029708888693334   0
0.0797865380558024   0.10723374146887   -0.0143890261454277   -0.012973813080428   0
0.0997213040641266   0.12585192927811   0.0199347660083243   0.0186181878092402   0
0.0990892979772791   0.112560356274145   -0.000632006086847575   -0.0132915730039652   0
0.107637277388689   0.12624642352756   0.00854797941141004   0.013686067253415   0
0.0986758650086337   0.12772321365853   -0.00896141238005541   0.0014767901309698   0
0.0942888616487594   0.124710972302851   -0.00438700335987426   -0.00301224135567887   0
0.103502923423242   0.13849564290642   0.00921406177448304   0.0137846706035685   0
0.0979819075810888   0.128189754931868   -0.00552101584215368   -0.0103058879745511   0
0.0902402387432581   0.13849564290642   -0.00774166883783066   0.0103058879745511   0
0.0858015732520098   0.123162879295448   -0.00443866549124836   -0.015332763610972   0
0.0964041368478034   0.128438941505877   0.0106025635957936   0.00527606221042906   0
0.0785882043155969   0.129998687513875   -0.0178159325322065   0.00155974600799785   0
0.0695885015261171   0.13283615051126   -0.00899970278947979   0.00283746299738502   0
0.07331575259656   0.117892861361831   0.00372725107044294   -0.0149432891494281   0
0.0852854977409993   0.121109159315646   0.0119697451444393   0.00321629795381451   0
0.0886028298072358   0.121323900984637   0.00331733206623649   0.000214741668991089   0
0.0968330998031665   0.11745721837744   0.00823026999593064   -0.00386668260719703   0
0.0819990270886795   0.121986211790114   -0.0148340727144869   0.00452899341267381   0
0.0951690806820156   0.130394067577565   0.0131700535933361   0.00840785578745087   0
0.130245243483075   0.174676844940457   0.0350761628010598   0.0442827773628925   0
0.126862199483477   0.157467633957506   -0.00338304399959805   -0.0172092109829514   0
0.0929216413612787   0.142056760728353   -0.0339405581221987   -0.0154108732291529   0
0.117246790522756   0.158901792087629   0.0243251491614776   0.0168450313592759   0
0.117832429586365   0.157949251320297   0.00058563906360852   -0.000952540767331284   0
0.089861111012188   0.155445489454326   -0.0279713185741768   -0.00250376186597145   0
0.112164994862568   0.151119945223002   0.0223038838503804   -0.00432554423132406   0
0.123237460308057   0.171792405895502   0.0110724654454889   0.0206724606725003   0
0.100637945585003   0.187195499557281   -0.0225995147230544   0.0154030936617788   0
0.0975186795465874   0.178442220837587   -0.0031192660384155   -0.0087532787196945   0
0.0960277110745122   0.17783008541693   -0.00149096847207514   -0.000612135420656884   0
0.116188557038032   0.186891849183244   0.0201608459635197   0.00906176376631457   0
0.0811433380315353   0.169665573842338   -0.0350452190064967   -0.0172262753409058   0
0.0801241139680615   0.170547800250436   -0.00101922406347382   0.000882226408097181   0
0.115215087476814   0.17497633952952   0.035090973508753   0.00442853927908474   0
0.111295662623527   0.1759427110095   -0.00391942485328717   0.0009663714799798   0
0.10402996262092   0.168672548144274   -0.0072657000026073   -0.00727016286522597   0
0.122342141178091   0.179360998572892   0.0183121785571713   0.0106884504286179   0
0.157728719669469   0.205026290235137   0.035386578491378   0.0256652916622446   0
0.142300116664745   0.190330247910533   -0.0154286030047244   -0.0146960423246036   0
0.143780482809768   0.25469249196217   0.00148036614502317   0.0643622440516368   0
0.173025834382644   0.225686737941377   0.0292453515728756   -0.0290057540207924   0
0.14216408217929   0.236859113085195   -0.0308617522033533   0.0111723751438171   0
0.116321428588416   0.223031059448421   -0.0258426535908741   -0.0138280536367739   0
0.150279547447748   0.234436349566572   0.033958118859332   0.0114052901181514   0
0.155901398943242   0.233119693682586   0.00562185149549413   -0.00131665588398658   0
0.146790430503797   0.222452322618702   -0.0091109684394455   -0.0106673710638837   0
0.140037329388488   0.224067431931629   -0.00675310111530839   0.00161510931292672   0
0.155276775856275   0.221444617522745   0.015239446467787   -0.00262281440888315   0
0.150097568663886   0.20052611071363   -0.00517920719238935   -0.0209185068091154   0
0.107765066555958   0.183460242288663   -0.0423325021079284   -0.0170658684249668   0
0.149882729890672   0.217695343190622   0.0421176633347138   0.0342351009019584   0
0.13979736381277   0.21388327444144   -0.0100853660779014   -0.00381206874918119   0
0.12734175775432   0.214390502849881   -0.0124556060584498   0.000507228408441002   0
0.122565321146318   0.195800627163117   -0.0047764366080026   -0.0185898756867643   0
0.125082012672686   0.197632452337825   0.00251669152636834   0.00183182517470745   0
0.123482590897705   0.182895427848026   -0.00159942177498096   -0.0147370244897985   0
0.132031324607837   0.255743051776475   0.00854873371013182   0.0728476239284494   0
0.134496088762796   0.239644910091874   0.00246476415495944   -0.0160981416846012   0
0.197520772383059   0.281920812136464   0.0630246836202621   0.0422759020445896   0
0.204937244437072   0.295679727804855   0.007416472054013   0.0137589156683915   0
0.192718116110811   0.271023211880081   -0.0122191283262606   -0.0246565159247742   0
0.163329139274809   0.243057294297379   -0.0293889768360018   -0.0279659175827026   0
0.177678610067335   0.25810830252873   0.0143494707925257   0.0150510082313515   0
0.194188576268121   0.279578002593418   0.0165099662007866   0.0214697000646875   0
0.190017799099084   0.280148300717732   -0.00417077716903694   0.000570298124313917   0
0.180120864825872   0.272574629672196   -0.00989693427321259   -0.00757367104553586   0
0.162302289325666   0.269095474927544   -0.0178185755002062   -0.00347915474465116   0
0.178686768833062   0.27945710345457   0.0163844795073959   0.0103616285270253   0
0.17886053965604   0.287093478373129   0.000173770822978758   0.00763637491855962   0
0.143078891271284   0.284073612561049   -0.0357816483847561   -0.00301986581208036   0
0.256776620749685   0.392223790559286   0.113697729478401   0.108150177998237   0
0.302208534345653   0.443475558339817   0.0454319135959677   0.0512517677805307   0
0.250343121424839   0.408075079073573   -0.0518654129208139   -0.0354004792662446   0
0.24350946907564   0.40023933634057   -0.00683365234919897   -0.00783574273300242   0
0.233361234348053   0.374425309567449   -0.0101482347275869   -0.0258140267731212   0
0.222328152942469   0.365717557169864   -0.0110330814055835   -0.00870775239758531   0
0.204464524994104   0.343200997156805   -0.017863627948366   -0.022516560013059   0
0.205436367053873   0.3599409610417   0.000971842059769384   0.0167399638848952   0
0.18119844936137   0.357389148410692   -0.0242379176925031   -0.0025518126310074   0
0.194284657266567   0.356501978093054   0.0130862079051977   -0.000887170317638963   0
0.192085199602239   0.364972748781361   -0.00219945766432822   0.00847077068830759   0
0.206147693078402   0.337544417452048   0.0140624934761624   -0.027428331329313   0
0.199151347628254   0.32972069818162   -0.00699634545014788   -0.00782371927042796   0
0.196356996730862   0.322651484667547   -0.00279435089739219   -0.0070692135140728   0
0.232678778220796   0.333963913112368   0.0363217814899344   0.0113124284448203   0
0.227117114760667   0.334520932375035   -0.00556166346012898   0.000557019262667102   0
0.230794237698891   0.327802169566604   0.00367712293822375   -0.00671876280843076   0
0.220577823474808   0.315853521768137   -0.0102164142240827   -0.0119486477984669   0
0.218326687049349   0.31578865730025   -0.00225113642545907   -6.48644678866162e-05   0
0.213335114217538   0.334427632400816   -0.00499157283181101   0.0186389751005651   0
0.226184978552511   0.334885830021799   0.0128498643349733   0.000458197620983869   0
0.222641087933225   0.333854723731655   -0.00354389061928637   -0.00103110629014391   0
0.220153631471071   0.336541232896569   -0.00248745646215429   0.00268650916491331   0
0.199223515395874   0.316298160171818   -0.0209301160751968   -0.0202430727247508   0
0.179538449946105   0.325787888537281   -0.019685065449769   0.00948972836546258   0
0.172535038006951   0.34465532454099   -0.00700341193915394   0.0188674360037092   0
0.196229063719955   0.308857953754602   0.0236940257130036   -0.0357973707863876   0
0.194794512235638   0.330028912756594   -0.00143455148431687   0.0211709590019918   0
0.189122332142188   0.312009965930496   -0.00567218009344991   -0.0180189468260976   0
0.183302608975769   0.321876971623145   -0.00581972316641896   0.00986700569264881   0
0.165292933621888   0.309106064279901   -0.0180096753538805   -0.0127709073432447   0
0.164517054544081   0.308960361360847   -0.00077587907780774   -0.000145702919053803   0
0.16636165597652   0.31750814163949   0.00184460143243936   0.00854778027864339   0
0.179426203852865   0.309105847067768   0.0130645478763453   -0.00840229457172192   0
0.157752918284893   0.313937086289737   -0.0216732855679727   0.00483123922196921   0
0.17202086741477   0.312384501835018   0.0142679491298777   -0.00155258445471912   0
0.192267426841496   0.31561229827759   0.0202465594267256   0.00322779644257182   0
0.266432259670577   0.386316127187405   0.0741648328290815   0.0707038289098145   0
0.253952442447597   0.430809436879564   -0.0124798172229805   0.0444933096921594   0
0.251108180482238   0.421036086197386   -0.00284426196535931   -0.00977335068217833   0
0.254874268833086   0.42952596074823   0.00376608835084802   0.00848987455084432   0
