0.0975912838373387   0.17749682075181   0   0   0
0.105437424794852   0.147625899162376   0.007846140957513   -0.0298709215894336   0
0.0594617744839859   0.165255957497029   -0.0459756503108657   0.0176300583346535   0
0.0784819384501938   0.131370686769956   0.0190201639662078   -0.033885270727073   0
0.0783560579763964   0.111712433706638   -0.000125880473797316   -0.0196582530633183   0
0.0622381995838255   0.115176490868623   -0.0161178583925709   0.00346405716198496   0
0.0518521098060629   0.115681349883516   -0.0103860897777627   0.000504859014893194   0
0.0408059957854676   0.108924357635976   -0.0110461140205953   -0.00675699224754024   0
0.0471003823394259   0.108335102721936   0.00629438655395827   -0.000589254914039605   0
0.0367442641075162   0.11467249663036   -0.0103561182319097   0.00633739390842399   0
0.0359379465596255   0.0797164895184177   -0.00080631754789063   -0.0349560071119426   0
0.0662994691041339   0.0832044290226187   0.0303615225445083   0.00348793950420102   0
0.0396754142644295   0.0774778533533454   -0.0266240548397043   -0.0057265756692733   0
0.0558476500741974   0.0678868839308633   0.0161722358097678   -0.00959096942248218   0
0.0351535504619391   0.0660612573030706   -0.0206940996122583   -0.00182562662779265   0
0.045423139783815   0.0544614162869917   0.0102695893218759   -0.011599841016079   0
0.0506364708235082   0.0550233754895274   0.00521333103969319   0.000561959202535753   0
0.0378528494443945   0.0452360840078805   -0.0127836213791137   -0.00978729148164686   0
0.0367626958954318   0.0560342072671239   -0.00109015354896271   0.0107981232592434   0
0.0589582949897637   0.0416875514534615   0.0221955990943319   -0.0143466558136624   0
0.0479554375019142   0.0110368890481976   -0.0110028574878495   -0.0306506624052639   0
0.0577719406193872   0.057279416126299   0.00981650311747299   0.0462425270781014   0
0.0428659160299882   0.0272151361841623   -0.014906024589399   -0.0300642799421367   0
0.063259405789416   0.0434125533919914   0.0203934897594278   0.0161974172078291   0
0.0415383209256224   0.0160591631559096   -0.0217210848637936   -0.0273533902360817   0
0.0671318918175922   0.0383272035563596   0.0255935708919698   0.02226804040045   0
0.0403666524721038   0.0520279039039149   -0.0267652393454884   0.0137007003475553   0
0.0766813511078802   0.0404645094639117   0.0363146986357764   -0.0115633944400032   0
0.0498044803776417   0.0267652366368205   -0.0268768707302385   -0.0136992728270912   0
0.0738407444693646   0.0298050395703059   0.0240362640917229   0.00303980293348536   0
0.0642091553324115   0.0384832876696495   -0.00963158913695308   0.00867824809934364   0
0.0770753585447385   0.0157019230601899   0.012866203212327   -0.0227813646094596   0
0.0738952022636111   0.00986493347695539   -0.00318015628112742   -0.00583698958323456   0
0.0566402641031484   0.0516177160522976   -0.0172549381604627   0.0417527825753423   0
0.0886824056929558   0.0170811577909147   0.0320421415898074   -0.034536558261383   0
0.0555091492539032   0.0703281205513484   -0.0331732564390526   0.0532469627604338   0
0.0954157807852559   0.0311432437280544   0.0399066315313527   -0.039184876823294   0
0.0540816447775953   0.0762889442121203   -0.0413341360076606   0.0451457004840659   0
0.0930625501186165   0.0313728261904809   0.0389809053410212   -0.0449161180216394   0
0.0754529289055395   0.0529404078779622   -0.017609621213077   0.0215675816874813   0
0.0897913863625571   0.0262941153290166   0.0143384574570176   -0.0266462925489456   0
0.0738314480311743   0.0527865406445857   -0.0159599383313827   0.0264924253155691   0
0.090643000425019   0.0320065768197432   0.0168115523938447   -0.0207799638248425   0
0.102885685517568   0.0505582987810916   0.0122426850925494   0.0185517219613483   0
0.0677473432000104   0.0796861341543967   -0.0351383423175581   0.0291278353733051   0
0.12603023329523   0.022190086724439   0.0582828900952192   -0.0574960474299576   0
0.0707038794294408   0.0795825388886243   -0.0553263538657888   0.0573924521641853   0
0.110326880480733   0.0192174737011977   0.0396230010512925   -0.0603650651874266   0
0.0735291450726282   0.109745811451123   -0.0367977354081051   0.0905283377499257   0
0.126146974676605   0.0389532448945527   0.0526178296039767   -0.0707925665565707   0
0.0748376059766946   0.104267532891922   -0.0513093686999103   0.0653142879973696   0
0.119253451921271   0.0628521489041147   0.0444158459445764   -0.0414153839878077   0
0.0310720168082553   0.150822036460369   -0.0881814351130157   0.0879698875562548   0
0.10387259156227   0.0477931210186675   0.0728005747540144   -0.103028915441702   0
0.0656733624274416   0.0726031287536047   -0.0381992291348281   0.0248100077349372   0
0.121154607553798   0.0565341529159587   0.0554812451263568   -0.016068975837646   0
0.0854700008351989   0.0942014500995738   -0.0356846067185995   0.0376672971836152   0
0.123544719468599   0.0435971784244405   0.0380747186334004   -0.0506042716751333   0
0.0918053461748824   0.0891232732918384   -0.0317393732937169   0.0455260948673979   0
0.122781881094706   0.0294465307523229   0.0309765349198231   -0.0596767425395155   0
0.101952494619583   0.0702927775121669   -0.0208293864751225   0.040846246759844   0
0.118257431604102   0.0617813996722921   0.0163049369845192   -0.00851137783987477   0
0.134431633792066   0.0634480715338733   0.0161742021879637   0.00166667186158112   0
0.117389724006329   0.0776730088931316   -0.0170419097857368   0.0142249373592583   0
0.137287119504835   0.0447685748451411   0.0198973954985062   -0.0329044340479905   0
0.103258904630363   0.100038358949667   -0.0340282148744717   0.0552697841045263   0
0.143964381424018   0.0444466972278875   0.040705476793654   -0.0555916617217799   0
0.105739183885619   0.0983924012087569   -0.0382251975383983   0.0539457039808695   0
0.152084820190346   0.0591615801919559   0.0463456363047272   -0.0392308210168011   0
0.124863383024857   0.114193833512027   -0.0272214371654896   0.055032253320071   0
0.166602787721965   0.0712664495441228   0.0417394046971078   -0.042927383967904   0
0.118506269102005   0.129434497245257   -0.0480965186199593   0.0581680477011344   0
0.162499828434279   0.111939303864081   0.0439935593322733   -0.0174951933811765   0
0.155119381526616   0.114690527381943   -0.00738044690766221   0.00275122351786178   0
0.152346057964097   0.1395279153498   -0.00277332356251947   0.0248373879678577   0
0.158773714936887   0.142163964755788   0.00642765697279049   0.00263604940598763   0
0.155253219273321   0.132329397512816   -0.00352049566356613   -0.00983456724297138   0
0.159235425581872   0.140403199061612   0.00398220630855098   0.00807380154879581   0
0.15574899172916   0.155569903449033   -0.00348643385271216   0.0151667043874212   0
0.166758253541766   0.134962969715372   0.0110092618126061   -0.0206069337336612   0
0.125659359000271   0.173971885345072   -0.0410988945414956   0.0390089156296992   0
0.188853218305593   0.116274674463396   0.0631938593053225   -0.0576972108816755   0
0.148743528461261   0.161402580195411   -0.0401096898443316   0.0451279057320154   0
0.165362289746846   0.119620494505535   0.016618761285585   -0.0417820856898765   0
0.136762568822504   0.163777030449163   -0.0285997209243429   0.0441565359436285   0
0.170077567953361   0.128170474361551   0.0333149991308571   -0.0356065560876125   0
0.131061234496408   0.180507723001554   -0.0390163334569528   0.0523372486400026   0
0.181915632058545   0.141483916210183   0.0508543975621374   -0.0390238067913709   0
0.151873529827964   0.164991620417925   -0.0300421022305807   0.0235077042077418   0
0.17389886512663   0.144426446637553   0.022025335298666   -0.0205651737803713   0
0.141714180458308   0.178113077049588   -0.032184684668322   0.0336866304120349   0
0.187106078575363   0.155719204058499   0.0453918981170548   -0.0223938729910889   0
0.17063145616269   0.193770034211975   -0.0164746224126732   0.038050830153476   0
0.176886723159258   0.175506532092291   0.00625526699656809   -0.0182635021196838   0
0.186334327563925   0.167823033375823   0.00944760440466666   -0.00768349871646865   0
0.185169493247619   0.197827141763447   -0.00116483431630579   0.0300041083876244   0
0.214286896245244   0.181365677237956   0.0291174029976251   -0.0164614645254909   0
0.185861081995479   0.224644506367939   -0.0284258142497655   0.0432788291299828   0
0.232921440649439   0.189597872403655   0.0470603586539602   -0.0350466339642844   0
0.180603213270141   0.230991890482404   -0.0523182273792978   0.0413940180787496   0
0.223272375404236   0.15539335100351   0.0426691621340949   -0.0755985394788944   0
0.180278392412069   0.211079690763998   -0.0429939829921666   0.0556863397604882   0
0.237497613796392   0.172136715988635   0.0572192213843225   -0.0389429747753626   0
0.218334751320444   0.189872584988622   -0.019162862475948   0.0177358689999867   0
0.260295088643217   0.195057457636363   0.0419603373227729   0.00518487264774101   0
0.225342945072616   0.214034888044679   -0.0349521435706007   0.0189774304083162   0
0.263599824162328   0.190951086282122   0.0382568790897116   -0.023083801762557   0
0.242490065899389   0.217075508841446   -0.0211097582629386   0.0261244225593233   0
0.262867556368145   0.203102499815229   0.0203774904687563   -0.0139730090262168   0
0.228192570551059   0.234282653475375   -0.0346749858170863   0.031180153660146   0
0.28417144176509   0.203883957678902   0.0559788712140312   -0.0303986957964729   0
0.257258251597845   0.238244758198544   -0.0269131901672453   0.0343608005196418   0
0.264708265383554   0.227802262219699   0.00745001378570909   -0.0104424959788446   0
0.260988582116345   0.232821277300197   -0.00371968326720917   0.00501901508049754   0
0.285483763987551   0.227812634619713   0.0244951818712068   -0.00500864268048323   0
0.284058834072732   0.238621067287703   -0.00142492991481924   0.0108084326679898   0
0.280716159991013   0.271044903276597   -0.00334267408171918   0.0324238359888943   0
0.307654070500717   0.243945310915239   0.0269379105097037   -0.0270995923613586   0
0.281239381228874   0.280958281288188   -0.0264146892718426   0.0370129703729491   0
0.324037380520705   0.247607226182749   0.0427979992918306   -0.0333510551054389   0
0.303140334214865   0.286962812586967   -0.0208970463058398   0.0393555864042176   0
0.347447161685457   0.25038685297581   0.0443068274705919   -0.0365759596111564   0
0.327872693478094   0.293133889847285   -0.0195744682073632   0.0427470368714745   0
0.337531113383359   0.267422733638803   0.00965841990526539   -0.025711156208482   0
0.340766583861564   0.317081486480084   0.00323547047820449   0.0496587528412818   0
0.356389488273897   0.275697247255232   0.0156229044123332   -0.0413842392248526   0
0.351231470562947   0.284128123616811   -0.00515801771095009   0.00843087636157941   0
0.397914606932819   0.293470923061238   0.0466831363698726   0.00934279944442651   0
0.38474183333889   0.325755000814508   -0.0131727735939295   0.03228407775327   0
0.394488062842426   0.316982315810677   0.00974622950353649   -0.00877268500383049   0
0.390560363274155   0.336011017405416   -0.00392769956827105   0.0190287015947382   0
0.412591074197685   0.322882698965406   0.0220307109235304   -0.0131283184400096   0
0.443973551251164   0.351623782180401   0.0313824770534786   0.0287410832149949   0
0.404430354911572   0.383384998273749   -0.0395431963395922   0.0317612160933481   0
0.456756758367077   0.37711013476018   0.0523264034555048   -0.00627486351356937   0
0.450474111502559   0.423414357745046   -0.00628264686451768   0.0463042229848666   0
0.468840027927331   0.377720603508853   0.0183659164247715   -0.0456937542361928   0
0.464778155290511   0.419334843186912   -0.00406187263681995   0.0416142396780589   0
0.49650722811363   0.383040881039537   0.0317290728231192   -0.0362939621473752   0
0.446309692736557   0.433702026493824   -0.0501975353770727   0.0506611454542872   0
0.509960318127421   0.395741339537257   0.0636506253908635   -0.0379606869565676   0
0.482922997694705   0.426572883250957   -0.0270373204327156   0.0308315437137006   0
0.543969177997329   0.417155081219458   0.0610461803026243   -0.00941780203149967   0
0.515657542079675   0.444715172006409   -0.0283116359176544   0.0275600907869514   0
0.574014789971696   0.460442966394786   0.0583572478920209   0.0157277943883768   0
0.554003966442209   0.474110323373118   -0.020010823529487   0.0136673569783321   0
0.573512662429488   0.44527014162715   0.0195086959872794   -0.0288401817459677   0
0.531789611190977   0.471295850259261   -0.0417230512385116   0.026025708632111   0
0.578604690201877   0.419062727488908   0.0468150790109004   -0.0522331227703535   0
0.527239447400394   0.463232371674425   -0.0513652428014834   0.0441696441855172   0
0.58069768836875   0.464466020068206   0.0534582409683564   0.00123364839378104   0
0.615328387778707   0.522544973971504   0.0346306994099568   0.0580789539032977   0
0.621763218107635   0.493493816519704   0.00643483032892811   -0.0290511574517999   0
0.585207849714835   0.503510559811535   -0.0365553683927999   0.0100167432918309   0
0.581338052364008   0.517738999484685   -0.00386979735082738   0.0142284396731502   0
0.604980434026556   0.474051260284347   0.0236423816625484   -0.0436877392003375   0
0.60141350858282   0.532344085013789   -0.00356692544373605   0.0582928247294416   0
0.616561056523706   0.504191796540224   0.0151475479408865   -0.0281522884735655   0
0.577326677929653   0.527090019271455   -0.0392343785940538   0.0228982227312312   0
0.625924006691298   0.4563155978591   0.0485973287616455   -0.0707744214123545   0
0.576401421302923   0.494601877425925   -0.0495225853883753   0.0382862795668252   0
0.605256904324833   0.456375962029038   0.0288554830219102   -0.0382259153968872   0
0.441781965631455   0.452630937737218   -0.163474938693378   -0.00374502429181983   0
0.526598416937387   0.404806009950471   0.084816451305931   -0.0478249277867476   0
0.472516092199389   0.492825788147062   -0.0540823247379975   0.0880197781965911   0
