0.0931924680853555   0.26653956632412   0   0   0
0.0860068826140094   0.287826675338215   -0.00718558547134604   0.0212871090140945   0
0.148376125236817   0.329147316811941   0.0623692426228075   0.041320641473726   0
0.143944764850182   0.322046664014316   -0.00443136038663527   -0.00710065279762423   0
0.135713540823383   0.332058240215854   -0.00823122402679885   0.0100115762015379   0
0.168381447895718   0.322441550096293   0.0326679070723352   -0.00961669011956168   0
0.1741231272712   0.320227698614986   0.00574167937548195   -0.00221385148130715   0
0.193982874771306   0.284078293870722   0.0198597475001056   -0.036149404744264   0
0.203933641340707   0.261949645394396   0.00995076656940114   -0.0221286484763252   0
0.194473824835246   0.198606069860037   -0.00945981650546054   -0.0633435755343591   0
0.191277685000969   0.194875835059147   -0.00319613983427694   -0.00373023480088991   0
0.173310478629799   0.160768301598675   -0.0179672063711703   -0.0341075334604725   0
0.139884943496575   0.143014688376972   -0.0334255351332239   -0.0177536132217026   0
0.157292976942138   0.186606181389417   0.0174080334455631   0.0435914930124447   0
0.17374519831109   0.118525791043722   0.0164522213689519   -0.0680803903456952   0
0.181021648541162   0.103003225521546   0.00727645023007206   -0.0155225655221756   0
0.185933673075574   0.153313523736305   0.00491202453441184   0.0503102982147587   0
0.195503454583007   0.150650575209863   0.00956978150743343   -0.00266294852644211   0
0.180748993312335   0.135634750153906   -0.0147544612706724   -0.0150158250559567   0
0.133826420933281   0.0974815565094239   -0.0469225723790544   -0.0381531936444821   0
0.0573492764535003   0.0348764415176635   -0.0764771444797803   -0.0626051149917604   0
0.0708601185619245   0.0751423148160083   0.0135108421084243   0.0402658732983448   0
0.0740644247490656   0.0592022875994256   0.00320430618714107   -0.0159400272165827   0
0.0725370564869433   0.0745148073299026   -0.0015273682621223   0.015312519730477   0
0.0955299529255092   0.105818735819443   0.0229928964385659   0.0313039284895401   0
0.0695093198889185   0.109174709726154   -0.0260206330365907   0.0033559739067114   0
0.0923895332099502   0.104800635877949   0.0228802133210317   -0.00437407384820485   0
0.098694539091583   0.0753600391994325   0.00630500588163276   -0.0294405966785168   0
0.0994428979469711   0.0701280478513768   0.000748358855388084   -0.00523199134805563   0
0.136366398941418   0.0892064758905568   0.0369235009944471   0.01907842803918   0
0.15033221095414   0.0861019885486538   0.0139658120127217   -0.00310448734190309   0
0.141036773204027   0.0820879073509156   -0.00929543775011299   -0.00401408119773818   0
0.156965115360994   0.100159707439831   0.0159283421569667   0.0180718000889152   0
0.148363944865065   0.101726595372508   -0.00860117049592835   0.00156688793267749   0
0.157174781290207   0.106462088967916   0.00881083642514183   0.00473549359540788   0
0.16287234696467   0.112359222455758   0.00569756567446347   0.00589713348784175   0
0.171068723131992   0.118137617924584   0.00819637616732113   0.00577839546882611   0
0.15670988419318   0.100509147168118   -0.0143588389388112   -0.0176284707564656   0
0.146320722594067   0.0963582256411108   -0.0103891615991131   -0.00415092152700768   0
0.133695189806182   0.102229765012263   -0.0126255327878858   0.00587153937115212   0
0.160357375571971   0.104283624106784   0.026662185765789   0.00205385909452097   0
0.143695429476793   0.0843390211635642   -0.0166619460951775   -0.0199446029432197   0
0.171543513330146   0.10690642154727   0.027848083853353   0.0225674003837054   0
0.16041129172552   0.0909369069830561   -0.0111322216046257   -0.0159695145642134   0
0.168232158873534   0.0957962728129597   0.00782086714801367   0.00485936582990357   0
0.153226895225218   0.073572144596554   -0.0150052636483158   -0.0222241282164057   0
0.199850593894539   0.0826937750534162   0.0466236986693209   0.00912163045686219   0
0.18703187300888   0.0982637619620693   -0.0128187208856587   0.0155699869086531   0
0.170888415142747   0.0784514930429715   -0.016143457866133   -0.0198122689190978   0
0.182267598869464   0.082263622987518   0.011379183726717   0.00381212994454654   0
0.121749374340898   0.0897786863282288   -0.0605182245285669   0.00751506334071082   0
0.158398234715574   0.103912443611497   0.0366488603746762   0.014133757283268   0
0.182784125454592   0.147900436197303   0.0243858907390182   0.0439879925858062   0
0.179083019956836   0.174373778630848   -0.00370110549775624   0.026473342433545   0
0.114968238962506   0.177663528027589   -0.0641147809943292   0.0032897493967412   0
0.173051657214168   0.195661378369621   0.0580834182516618   0.0179978503420318   0
0.139604256779727   0.159543647776439   -0.0334474004344411   -0.0361177305931818   0
0.136143716091269   0.137680834488392   -0.00346054068845839   -0.0218628132880471   0
0.164947606445744   0.150373037656381   0.0288038903544751   0.0126922031679888   0
0.165955574550571   0.153115621939402   0.00100796810482676   0.00274258428302149   0
0.157737223792008   0.133863145406269   -0.00821835075856267   -0.0192524765331331   0
0.18570489486594   0.183133671109411   0.0279676710739325   0.0492705257031419   0
0.104671303279648   0.179894521389876   -0.0810335915862927   -0.00323914971953534   0
0.21982865219857   0.224164398019523   0.115157348918923   0.0442698766296468   0
0.26506484671197   0.238968247333537   0.0452361945133993   0.0148038493140142   0
0.27625129848008   0.232797069964916   0.0111864517681098   -0.00617117736862094   0
0.302245759711133   0.279064224729546   0.0259944612310536   0.0462671547646299   0
0.274660198197718   0.230744650611146   -0.0275855615134146   -0.0483195741183995   0
0.251623164769939   0.212720482218591   -0.0230370334277792   -0.0180241683925551   0
0.250113256375267   0.217217629106278   -0.00150990839467235   0.0044971468876866   0
0.231022754580582   0.1995986281649   -0.0190905017946846   -0.0176190009413779   0
0.262450595151716   0.219402266841207   0.0314278405711337   0.0198036386763066   0
0.204232965435535   0.182293241248654   -0.0582176297161812   -0.0371090255925524   0
0.278964155067439   0.228002799357316   0.0747311896319038   0.0457095581086619   0
0.253614088841689   0.216076806203772   -0.0253500662257499   -0.0119259931535438   0
0.277464893468273   0.240928395806908   0.0238508046265841   0.0248515896031356   0
0.218805011344719   0.212113321586487   -0.0586598821235541   -0.0288150742204207   0
0.233734959054823   0.240529655505413   0.0149299477101047   0.0284163339189256   0
0.215583117741742   0.221475552874516   -0.018151841313081   -0.0190541026308967   0
0.184893349164971   0.210884237495219   -0.0306897685767711   -0.0105913153792968   0
0.294597627010296   0.293027213114196   0.109704277845325   0.082142975618977   0
0.239402152514935   0.277883784989859   -0.0551954744953614   -0.0151434281243374   0
0.278131679714843   0.317847907394567   0.0387295271999082   0.0399641224047083   0
0.216071884989521   0.289097087003407   -0.0620597947253217   -0.0287508203911604   0
0.268246205393955   0.294348159755765   0.0521743204044342   0.00525107275235814   0
0.213924339829974   0.269733773268857   -0.0543218655639819   -0.0246143864869076   0
0.220429027839892   0.262748415788987   0.00650468800991874   -0.00698535747987   0
0.161900350543166   0.245792856836006   -0.0585286772967264   -0.0169555589529814   0
0.232529190521142   0.282643971234555   0.0706288399779762   0.0368511143985493   0
0.186985502935495   0.269490462495911   -0.0455436875856471   -0.0131535087386441   0
0.238419514575905   0.312070941980345   0.0514340116404096   0.0425804794844343   0
0.211596791679364   0.300425336570087   -0.026822722896541   -0.0116456054102583   0
0.211894274532466   0.315231859340867   0.000297482853102243   0.0148065227707799   0
0.236370435327686   0.356511344188022   0.0244761607952206   0.0412794848471548   0
0.143677104229867   0.334904619447836   -0.0926933310978197   -0.0216067247401853   0
0.221081364762501   0.355138061954432   0.0774042605326342   0.0202334425065958   0
0.16816121105023   0.297910406286017   -0.0529201537122709   -0.0572276556684146   0
0.202512044424153   0.282420596923277   0.0343508333739228   -0.0154898093627406   0
0.167041446205485   0.345289980388586   -0.0354705982186676   0.062869383465309   0
0.227820917811886   0.396823247599608   0.0607794716064006   0.0515332672110224   0
0.174372346543969   0.389902777236198   -0.0534485712679168   -0.00692047036341054   0
0.213218396951694   0.400323356129454   0.0388460504077247   0.0104205788932568   0
0.176295552434066   0.3515525003801   -0.036922844517628   -0.0487708557493547   0
0.22247659107623   0.357532718525522   0.0461810386421642   0.00598021814542204   0
0.14787434721195   0.337075838860485   -0.0746022438642797   -0.0204568796650363   0
0.203137644460302   0.331642708398394   0.0552632972483517   -0.00543313046209098   0
0.137943782957841   0.322312532670155   -0.0651938615024606   -0.00933017572823908   0
0.228429872635783   0.336701072905181   0.0904860896779417   0.0143885402350256   0
0.156902037711417   0.307259895680351   -0.071527834924366   -0.0294411772248303   0
0.229978463514086   0.344378101637212   0.0730764258026695   0.0371182059568614   0
0.239926886830134   0.264775889384306   0.0099484233160477   -0.0796022122529065   0
0.239790022928061   0.291337822278965   -0.000136863902073264   0.0265619328946598   0
0.263135772621408   0.315490913076748   0.0233457496933476   0.0241530907977823   0
0.245223441716637   0.306261546672938   -0.0179123309047714   -0.00922936640380995   0
0.306079972820834   0.286088108564477   0.060856531104197   -0.0201734381084607   0
0.311856950553388   0.26640260128516   0.00577697773255353   -0.0196855072793169   0
0.357541609430802   0.297850910450598   0.0456846588774144   0.0314483091654376   0
0.353391384529165   0.246035112768991   -0.00415022490163713   -0.051815797681607   0
0.370161185156696   0.299451299500019   0.0167698006275315   0.0534161867310281   0
0.340746723502665   0.283741905727723   -0.0294144616540314   -0.0157093937722959   0
0.328013966669104   0.307367203762454   -0.012732756833561   0.0236252980347312   0
0.33717101557383   0.290230214783024   0.00915704890472646   -0.0171369889794306   0
0.344038890076903   0.26986569076348   0.00686787450307302   -0.020364524019544   0
0.385781984301548   0.261023702221776   0.0417430942246448   -0.00884198854170337   0
0.385631105452465   0.270575484064263   -0.000150878849083491   0.00955178184248634   0
0.432442185349452   0.303951438768122   0.0468110798969875   0.0333759547038597   0
0.401527591839976   0.249468919470588   -0.0309145935094767   -0.0544825192975348   0
0.412390302782946   0.306376418898534   0.0108627109429706   0.0569074994279465   0
0.408153206063961   0.318129237196363   -0.00423709671898548   0.0117528182978293   0
0.444485015583655   0.36027600758516   0.0363318095196948   0.0421467703887971   0
0.420225983116751   0.365811645091774   -0.0242590324669044   0.00553563750661368   0
0.452727952781756   0.390597855012352   0.0325019696650051   0.0247862099205775   0
0.441155096019054   0.311407064322969   -0.011572856762702   -0.0791907906893821   0
0.537430785399162   0.26802238926114   0.0962756893801077   -0.0433846750618295   0
0.522359657515672   0.311813500663858   -0.01507112788349   0.0437911114027185   0
0.513486817628544   0.335388432168955   -0.0088728398871275   0.023574931505097   0
0.488087525678223   0.340328013660351   -0.0253992919503214   0.00493958149139545   0
0.492052567598455   0.326729947028505   0.00396504192023189   -0.0135980666318454   0
0.503814006619194   0.33681750597653   0.0117614390207387   0.0100875589480249   0
0.521035186765278   0.372689886693347   0.0172211801460843   0.0358723807168169   0
0.525457472939071   0.297293037364231   0.00442228617379292   -0.0753968493291163   0
0.506060341941117   0.321820432910575   -0.0193971309979541   0.0245273955463442   0
0.418618067537272   0.283288375298476   -0.0874422744038447   -0.0385320576120994   0
0.449335155363221   0.291983653130188   0.030717087825949   0.00869527783171248   0
0.487311106025596   0.308930720989351   0.0379759506623754   0.0169470678591624   0
0.526755663725242   0.328222228026226   0.0394445576996454   0.0192915070368756   0
0.547455793220841   0.28601415902697   0.0207001294955991   -0.0422080689992559   0
0.553883376236153   0.345331303790288   0.00642758301531232   0.0593171447633175   0
0.565231761034357   0.347112360932872   0.0113483847982034   0.00178105714258436   0
0.536255839889171   0.353707601070079   -0.0289759211451858   0.00659524013720658   0
0.570878331834621   0.375918632211231   0.0346224919454505   0.0222110311411519   0
0.52774362742269   0.426521910889113   -0.0431347044119311   0.0506032786778819   0
0.531189476148436   0.408627863977115   0.00344584872574583   -0.0178940469119971   0
0.535038178636376   0.343659851530099   0.00384870248794034   -0.064968012447016   0
0.503095788429291   0.338374194416684   -0.0319423902070853   -0.00528565711341517   0
0.506075064704802   0.356032729773542   0.00297927627551142   0.0176585353568578   0
0.544124358168471   0.350075173258903   0.0380492934636681   -0.00595755651463953   0
0.463540580029376   0.33026629467418   -0.080583778139095   -0.0198088785847222   0
0.484767347924919   0.32807417172646   0.0212267678955438   -0.00219212294772075   0
0.457895159894664   0.381738094041582   -0.0268721880302554   0.0536639223151229   0
0.464457284669882   0.328003080712148   0.00656212477521823   -0.0537350133294342   0
0.403468216014112   0.3239614117804   -0.0609890686557705   -0.00404166893174807   0
0.431114866168589   0.244021643717827   0.0276466501544769   -0.0799397680625734   0
0.434578855891322   0.298993770553836   0.00346398972273287   0.0549721268360093   0
0.422179261890018   0.339894357647343   -0.012399594001304   0.0409005870935071   0
