0.827537706867433   0.306955098118194   0   0   0
0.632117199261876   0.311817341227601   -0.195420507605557   0.00486224310940692   0
0.627054997797235   0.264593784647944   -0.00506220146464142   -0.0472235565796569   0
0.566662189948685   0.277275166061753   -0.0603928078485493   0.0126813814138088   0
0.597204855534252   0.250549986656261   0.0305426655855662   -0.0267251794054917   0
0.612147730519946   0.210381274823616   0.0149428749856945   -0.0401687118326445   0
0.551432852068509   0.228285919016614   -0.0607148784514372   0.0179046441929975   0
0.489427007003481   0.2258524334329   -0.0620058450650277   -0.00243348558371392   0
0.438318144427584   0.221670115351061   -0.0511088625758976   -0.00418231808183936   0
0.466400101114399   0.17694620169702   0.0280819566868155   -0.0447239136540405   0
0.417257357169961   0.143047642447228   -0.0491427439444383   -0.033898559249792   0
0.332247318834268   0.184645369275701   -0.0850100383356922   0.041597726828473   0
0.172417640075515   0.152586175567284   -0.159829678758753   -0.0320591937084171   0
0.198586285231382   0.0667288173842456   0.026168645155867   -0.0858573581830383   0
0.164351448356685   0.0626410334382543   -0.0342348368746978   -0.00408778394599127   0
0.19804784318505   0.0413772161299247   0.0336963948283649   -0.0212638173083297   0
0.13984257331471   0.0560093532310006   -0.0582052698703397   0.0146321371010759   0
0.130087784684574   0.0455856862813592   -0.00975478863013618   -0.0104236669496414   0
0.113641688135385   0.0242219222987669   -0.0164460965491891   -0.0213637639825923   0
0.145225363916638   0.0341763782694426   0.0315836757812537   0.00995445597067568   0
0.127070398013306   0.0246221340500778   -0.0181549659033322   -0.00955424421936476   0
0.149740226453816   0.0414145253600763   0.0226698284405097   0.0167923913099985   0
0.170765393085514   0.0520601469465127   0.021025166631698   0.0106456215864365   0
0.188044721958985   0.0477128882865259   0.0172793288734717   -0.00434725865998684   0
0.229467449494803   0.0415532267978673   0.0414227275358177   -0.00615966148865857   0
0.275865067391379   0.0378619326089662   0.0463976178965758   -0.00369129418890111   0
0.311415339640824   0.0615678807127751   0.0355502722494455   0.0237059481038088   0
0.340578749269093   0.0691674864318489   0.0291634096282691   0.00759960571907382   0
0.501890716945818   0.0364711125982606   0.161311967676724   -0.0326963738335883   0
0.527255241951818   0.0478771428743706   0.0253645250060002   0.0114060302761101   0
0.585616058320039   0.025148118491748   0.0583608163682217   -0.0227290243826226   0
0.641469434503145   0.0172894122042401   0.0558533761831053   -0.00785870628750799   0
0.785238484243158   0.0166484283164358   0.143769049740013   -0.0006409838878043   0
0.88194173974443   0.0310132580497111   0.0967032555012726   0.0143648297332754   0
0.952177551139455   0.0404296841748006   0.0702358113950249   0.0094164261250895   0
1.01770675250298   0.057320472244876   0.0655292013635201   0.0168907880700754   0
1.04805144367376   0.059575851366888   0.0303446911707845   0.00225537912201196   0
1.10329401524139   0.0684324378993296   0.0552425715676299   0.00885658653244163   0
1.1591154560133   0.0757786490552268   0.0558214407719113   0.0073462111558972   0
1.13971837452333   0.0766703678510029   -0.0193970814899718   0.000891718795776111   0
1.18690807633067   0.0938147592100816   0.0471897018073399   0.0171443913590787   0
1.18726158783743   0.062615320224946   0.000353511506758553   -0.0311994389851357   0
1.225684647058   0.0871310347139869   0.0384230592205748   0.024515714489041   0
1.27487343574372   0.0986929433435339   0.0491887886857185   0.011561908629547   0
1.37590218077348   0.138283908746119   0.101028745029756   0.0395909654025852   0
1.40884107613062   0.154698757844205   0.032938895357145   0.016414849098086   0
1.45411644484787   0.160818011362697   0.0452753687172445   0.0061192535184918   0
1.47852016926014   0.158120712073435   0.0244037244122755   -0.00269729928926232   0
1.52007166958568   0.167616779649771   0.0415515003255387   0.00949606757633678   0
1.5213475924254   0.155956412281934   0.00127592283971878   -0.0116603673678376   0
1.57769844560716   0.136842681633226   0.0563508531817605   -0.0191137306487076   0
1.63178725669862   0.13597368089635   0.0540888110914575   -0.000869000736875875   0
1.61506121064754   0.132961839929096   -0.0167260460510801   -0.00301184096725404   0
1.58332058856736   0.172521863175686   -0.0317406220801781   0.0395600232465894   0
1.56323782941834   0.192765429752889   -0.0200827591490207   0.0202435665772037   0
1.90019354446462   0.0816208358452822   0.336955715046277   -0.111144593907607   0
2.15668633379845   0.105191261710562   0.256492789333834   0.0235704258652801   0
2.18526222838565   0.101667806484415   0.0285758945871968   -0.00352345522614704   0
2.23094642079365   0.122947601674707   0.0456841924080038   0.0212797951902921   0
2.32350770150499   0.144521518584604   0.0925612807113394   0.0215739169098965   0
2.46235301948441   0.156078678100181   0.138845317979422   0.0115571595155774   0
2.54380044035946   0.143807473904836   0.0814474208750511   -0.0122712041953456   0
2.58685128313574   0.147042713647804   0.0430508427762719   0.00323523974296799   0
2.61773495389774   0.181135034713808   0.0308836707620048   0.0340923210660045   0
2.67740534423628   0.194591800039493   0.0596703903385412   0.0134567653256847   0
2.75103511806265   0.234671422261573   0.0736297738263727   0.0400796222220803   0
2.83004242542281   0.254871275716826   0.0790073073601523   0.0201998534552531   0
2.85848111330213   0.288523281835665   0.0284386878793268   0.0336520061188386   0
2.91523398786187   0.290552773724366   0.056752874559733   0.00202949188870083   0
3.03580245705382   0.273500830418872   0.120568469191952   -0.0170519433054938   0
3.1663651229296   0.290157005726731   0.130562665875785   0.0166561753078596   0
3.30986058455307   0.277727378836053   0.143495461623469   -0.0124296268906787   0
3.41946195317524   0.286972561793092   0.109601368622164   0.00924518295703919   0
3.48595268968441   0.295122673799812   0.066490736509178   0.00815011200671972   0
3.55697137416258   0.290856943036005   0.0710186844781617   -0.00426573076380643   0
3.55895254484378   0.325691584733548   0.00198117068120141   0.034834641697543   0
3.62985955071501   0.323074833219024   0.0709070058712369   -0.00261675151452445   0
3.67261430394004   0.327879586974014   0.0427547532250281   0.00480475375499023   0
3.6751812963926   0.358777402249292   0.00256699245255954   0.0308978152752776   0
3.67835533738789   0.322198404516146   0.00317404099529162   -0.0365789977331457   0
3.68248850346949   0.343515145453952   0.00413316608160175   0.0213167409378063   0
3.68101433372406   0.367718978361874   -0.00147416974543235   0.0242038329079212   0
3.71783599345547   0.372966700675476   0.0368216597314048   0.00524772231360232   0
3.78987926061583   0.406767635345414   0.0720432671603639   0.0338009346699385   0
3.87616597005649   0.39413466421675   0.086286709440663   -0.0126329711286646   0
4.00047560366315   0.419176438499053   0.124309633606651   0.0250417742823029   0
4.04175411767762   0.430136689064988   0.0412785140144756   0.0109602505659352   0
4.09548094505517   0.396416123966661   0.0537268273775506   -0.0337205650983267   0
4.12753258071902   0.386241199495289   0.0320516356638478   -0.0101749244713716   0
4.16825108175419   0.398892263417705   0.0407185010351734   0.0126510639224159   0
4.1601292840758   0.407118442317773   -0.00812179767839627   0.00822617890006783   0
4.14547797763117   0.410274605362725   -0.0146513064446276   0.00315616304495214   0
4.14247584984367   0.454431284205943   -0.00300212778750275   0.0441566788432177   0
4.14338680838804   0.445908993762741   0.000910958544371177   -0.0085222904432023   0
4.14031016694837   0.469390479015023   -0.00307664143967123   0.0234814852522821   0
4.14787097604844   0.489913867896695   0.00756080910007029   0.0205233888816719   0
4.16637540749139   0.475982600601377   0.018504431442949   -0.0139312672953176   0
4.18854460370007   0.479541057592309   0.0221691962086883   0.00355845699093177   0
4.19310990461686   0.466036835925147   0.0045653009167852   -0.0135042216671617   0
4.21055252383687   0.462411230811115   0.0174426192200068   -0.00362560511403248   0
4.23866219900076   0.434339786880617   0.0281096751638996   -0.0280714439304973   0
4.26494352667184   0.459125033674924   0.0262813276710707   0.0247852467943065   0
4.24997677718091   0.438476154678051   -0.01496674949093   -0.020648878996873   0
4.01869068993248   0.408965551082851   -0.231286087248424   -0.0295106035951999   0
4.04616988363576   0.453623515336231   0.0274791937032761   0.0446579642533802   0
3.8858325257072   0.535556589333237   -0.160337357928557   0.0819330739970063   1
3.53936002528395   0.470472176655804   -0.346472500423251   -0.0650844126774335   0
3.2688414841832   0.502888625611079   -0.270518541100754   0.032416448955275   0
3.29436826164016   0.502258477023783   0.025526777456963   -0.000630148587296042   0
3.3148417523903   0.563503281828287   0.0204734907501418   0.0612448048045041   0
3.44638083555445   0.599346592092172   0.13153908316415   0.0358433102638847   0
3.46055959441374   0.602690966103276   0.0141787588592908   0.0033443740111041   0
3.54382872866311   0.655887290678246   0.083269134249369   0.0531963245749703   0
3.53434202686115   0.67845536042414   -0.00948670180195776   0.0225680697458941   0
3.52924692288709   0.646369174678256   -0.00509510397406165   -0.032086185745884   0
3.47066467754132   0.619495427218999   -0.0585822453457703   -0.0268737474592573   0
3.47035263795266   0.601434666143589   -0.000312039588659108   -0.0180607610754101   0
3.54313521072976   0.572448028062155   0.0727825727770952   -0.0289866380814336   0
3.51062987523863   0.567330190718773   -0.0325053354911269   -0.00511783734338167   0
3.48261832097777   0.568309767114951   -0.0280115542608637   0.000979576396177739   0
3.48288650061023   0.546724073602261   0.000268179632466836   -0.0215856935126906   0
3.26235511607489   0.335842649885557   -0.220531384535345   -0.210881423716704   0
3.34224373020155   0.399642006950048   0.0798886141266593   0.0637993570644918   0
3.36079901460349   0.401752613876453   0.0185552844019456   0.0021106069264048   0
3.30871340204015   0.382767979068965   -0.0520856125633462   -0.0189846348074877   0
3.39269544349728   0.404218246661902   0.0839820414571326   0.0214502675929369   0
3.4045336548442   0.429467479779811   0.0118382113469204   0.0252492331179088   0
3.37022975571745   0.399028642314374   -0.0343038991267521   -0.0304388374654373   0
3.32347990658533   0.411101697119508   -0.0467498491321217   0.0120730548051345   0
3.31503449332993   0.389752742300628   -0.00844541325539394   -0.02134895481888   0
3.33856894809096   0.377868111161633   0.0235344547610321   -0.0118846311389957   0
3.3550038505549   0.370534544137061   0.0164349024639359   -0.00733356702457116   0
3.40613813433763   0.375425200824492   0.0511342837827247   0.00489065668743033   0
3.41661372019211   0.360510955059621   0.0104755858544832   -0.0149142457648709   0
3.40430861014365   0.373039809669491   -0.0123051100484628   0.01252885460987   0
3.44368378178225   0.391122957897833   0.039375171638603   0.0180831482283421   0
3.53768760131976   0.368594774607902   0.0940038195375115   -0.022528183289931   0
3.56896221875907   0.365185045345849   0.0312746174393133   -0.00340972926205269   0
3.56061188393808   0.37225250914601   -0.00835033482099279   0.00706746380016032   0
3.58729084988208   0.369152632221755   0.0266789659439985   -0.00309987692425506   0
3.66570241285261   0.361824030062267   0.0784115629705262   -0.007328602159488   0
3.7031790324538   0.362849922624699   0.0374766196011986   0.00102589256243235   0
3.70301735775346   0.36898686649866   -0.000161674700340786   0.00613694387396119   0
3.74258472141113   0.342430909198483   0.0395673636576634   -0.0265559573001766   0
3.73101721173549   0.330875815917014   -0.0115675096756411   -0.011555093281469   0
3.88954292614674   0.350830030473804   0.158525714411257   0.0199542145567892   0
4.06446285670284   0.376243062937711   0.174919930556097   0.0254130324639069   0
4.14854770952923   0.335051024480227   0.0840848528263898   -0.041192038457483   0
4.16093644865778   0.340742969642809   0.0123887391285509   0.0056919451625812   0
4.15187246519843   0.329346946629994   -0.00906398345934978   -0.0113960230128148   0
4.16615324159158   0.344683021947702   0.0142807763931465   0.0153360753177081   0
4.17289192768734   0.340659575582795   0.00673868609576278   -0.00402344636490698   0
4.20021687783583   0.337637617038223   0.0273249501484942   -0.00302195854457155   0
4.19322906862304   0.342367666766665   -0.00698780921279329   0.00473004972844132   0
4.16204168159823   0.352737449448241   -0.0311873870248132   0.0103697826815758   0
4.19934543263977   0.351006965487154   0.0373037510415424   -0.00173048396108672   0
4.22822661167982   0.381498663260437   0.0288811790400541   0.0304916977732828   0
4.25131570245448   0.362221646436957   0.0230890907746586   -0.0192770168234794   0
4.27644049778637   0.36189466703932   0.0251247953318829   -0.000326979397637539   0
4.29155212664572   0.353433019575846   0.0151116288593558   -0.00846164746347405   0
4.33585788416772   0.364371497717988   0.0443057575219967   0.0109384781421428   0
4.2932288812505   0.338027268356415   -0.0426290029172147   -0.026344229361573   0
4.17106516701133   0.321591610643841   -0.122163714239175   -0.016435657712574   0
4.10037703793102   0.334807234309909   -0.0706881290803043   0.0132156236660673   0
3.9254710503942   0.333689607558057   -0.174905987536822   -0.00111762675185162   0
