0.149299550463422   0.148379475622717   0   0   0
0.24259106557188   0.105883036291278   0.0932915151084573   -0.0424964393314396   0
0.224747094337702   0.113182004058518   -0.0178439712341774   0.00729896776724095   0
0.196058064782885   0.110588567368761   -0.028689029554817   -0.00259343668975745   0
0.222053533620454   0.0913780850899848   0.0259954688375686   -0.0192104822787763   0
0.200224099436856   0.0952114554420974   -0.0218294341835978   0.00383337035211262   0
0.209180867714139   0.0454230708992963   0.00895676827728273   -0.0497883845428011   0
0.191878336300297   0.0631273613813376   -0.0173025314138414   0.0177042904820413   0
0.163952373342169   0.0676417632299196   -0.0279259629581282   0.00451440184858194   0
0.145089025552073   0.0580752292760218   -0.0188633477900964   -0.00956653395389778   0
0.214553346383598   0.0389963219690652   0.0694643208315249   -0.0190789073069566   0
0.201407070538152   0.0449821958543878   -0.0131462758454459   0.00598587388532253   0
0.136936861918988   0.0593050892521671   -0.0644702086191636   0.0143228933977793   0
0.154250901696684   0.0379995031047447   0.0173140397776957   -0.0213055861474224   0
0.193341470574784   0.0366360036426942   0.0390905688781001   -0.00136349946205051   0
0.126159016739074   0.0638792558817344   -0.0671824538357096   0.0272432522390402   0
0.107331429160987   0.0537000222383948   -0.0188275875780871   -0.0101792336433396   0
0.120429112328789   0.0719119856530537   0.0130976831678015   0.0182119634146589   0
0.132985073243767   0.025527910127674   0.012555960914978   -0.0463840755253797   0
0.133077932345111   0.0342008520786032   9.28591013445168e-05   0.00867294195092926   0
0.0881793702007448   0.0305116886414715   -0.0448985621443664   -0.00368916343713176   0
0.11977805992255   0.0216415315938267   0.0315986897218053   -0.00887015704764477   0
0.152250391299333   0.0153135738443978   0.0324723313767829   -0.0063279577494289   0
0.132173376492318   0.036532646799096   -0.0200770148070151   0.0212190729546982   0
0.143866542640219   0.0341224791586368   0.0116931661479013   -0.00241016764045925   0
0.111616042513162   0.0361515978109889   -0.0322505001270571   0.00202911865235218   0
0.0988174364489385   0.03951602788727   -0.0127986060642236   0.00336443007628106   0
0.117995439580138   0.0347020647758246   0.0191780031311995   -0.00481396311144541   0
0.107415354582341   0.0306700803098737   -0.0105800849977973   -0.00403198446595093   0
0.141140367989637   0.0325863739708409   0.0337250134072957   0.00191629366096728   0
0.112822462236693   0.027039337876971   -0.0283179057529436   -0.00554703609386992   0
0.145198728666783   0.0414295569828474   0.0323762664300899   0.0143902191058764   0
0.131047811879863   0.0447019112240461   -0.0141509167869196   0.00327235424119869   0
0.136315326645466   0.0451902835065792   0.00526751476560247   0.000488372282533039   0
0.116678160763401   0.0523891157509038   -0.0196371658820648   0.00719883224432467   0
0.133390467213253   0.0708933376961651   0.0167123064498525   0.0185042219452613   0
0.11137000846772   0.0358441331280881   -0.0220204587455334   -0.035049204568077   0
0.0984051708857314   0.0339643325271527   -0.0129648375819885   -0.00187980060093541   0
0.152390774324859   0.0403191346333069   0.0539856034391273   0.0063548021061542   0
0.182806745827937   0.0536791715999092   0.0304159715030784   0.0133600369666024   0
0.111917179992573   0.0686496440632433   -0.070889565835364   0.0149704724633341   0
0.190081838479246   0.0493395923054954   0.0781646584866725   -0.0193100517577479   0
0.17209682251689   0.0509066978093502   -0.0179850159623554   0.00156710550385481   0
0.184411466479609   0.0459977946273514   0.0123146439627189   -0.00490890318199878   0
0.209133371373676   0.0341372933655775   0.0247219048940671   -0.0118605012617739   0
0.173226109290286   0.0410900213002196   -0.0359072620833906   0.00695272793464211   0
0.135645118127745   0.0517137833053481   -0.0375809911625403   0.0106237620051285   0
0.154913351958216   0.0599450046190149   0.0192682338304703   0.00823122131366685   0
0.141946117030548   0.0306452487724704   -0.0129672349276678   -0.0292997558465445   0
0.192721377429724   0.0768713896503356   0.0507752603991758   0.0462261408778652   0
0.113755010259505   0.0120290716168674   -0.078966367170219   -0.0648423180334682   0
0.17920109459635   0.0534798571135432   0.0654460843368455   0.0414507854966758   0
0.141939023261153   0.0706684293936302   -0.0372620713351975   0.017188572280087   0
0.201594490444084   0.0856386918716664   0.0596554671829318   0.0149702624780362   0
0.257091574587655   0.1007552331494   0.0554970841435712   0.0151165412777338   0
0.234897825516989   0.115317346163739   -0.0221937490706661   0.0145621130143388   0
0.248478569517071   0.118576254629416   0.0135807440000819   0.00325890846567661   0
0.224136842838923   0.13122602532116   -0.0243417266781484   0.012649770691744   0
0.273372964458174   0.14600335296767   0.049236121619251   0.0147773276465107   0
0.255278354424205   0.138672159787933   -0.0180946100339689   -0.00733119317973729   0
0.238468102307877   0.127243162697986   -0.0168102521163282   -0.0114289970899471   0
0.229722676350616   0.139314934943602   -0.00874542595726049   0.0120717722456159   0
0.216922388459698   0.149695771688156   -0.0128002878909186   0.0103808367445541   0
0.172928907310201   0.133223585212979   -0.043993481149497   -0.0164721864751764   0
0.156659910510922   0.133843308787739   -0.016268996799279   0.00061972357475934   0
0.204096474818675   0.117438091914421   0.0474365643077532   -0.0164052168733178   0
0.180166394001018   0.119980232621555   -0.023930080817657   0.00254214070713417   0
0.195611045555817   0.130119550416108   0.0154446515547994   0.0101393177945525   0
0.150752203995729   0.17386788998156   -0.0448588415600878   0.0437483395654527   0
0.392766210431694   0.220606715600976   0.242014006435964   0.0467388256194158   0
0.454463724607366   0.280726661541525   0.0616975141756724   0.060119945940549   1
0.371681088561148   0.317484308956364   -0.0827826360462182   0.0367576474148389   0
0.351468336517089   0.328944715162077   -0.0202127520440587   0.011460406205713   0
0.348450866733834   0.305553903024491   -0.00301746978325557   -0.0233908121375861   0
0.360076871962863   0.268311250611114   0.0116260052290291   -0.0372426524133769   0
0.341362290577035   0.252392076469825   -0.0187145813858279   -0.0159191741412889   0
0.350190942973972   0.261736288933938   0.00882865239693742   0.00934421246411321   0
0.38076356682725   0.254701334654434   0.0305726238532781   -0.00703495427950418   0
0.324158763690896   0.237928358870738   -0.0566048031363547   -0.0167729757836965   0
0.3189874082797   0.204807729192071   -0.00517135541119579   -0.0331206296786671   0
0.31165868407179   0.203800450354809   -0.00732872420790964   -0.0010072788372614   0
0.274054276255927   0.190461561061676   -0.0376044078158632   -0.0133388892931326   0
0.244366497613237   0.141182786922388   -0.0296877786426904   -0.0492787741392881   0
0.258906619601605   0.130446294373751   0.014540121988368   -0.0107364925486376   0
0.302074731756249   0.166858719553369   0.0431681121546447   0.0364124251796187   0
0.288435375102708   0.177344519651017   -0.0136393566535412   0.0104858000976477   0
0.244358469637457   0.182967650332648   -0.0440769054652512   0.00562313068163048   0
0.349230899324058   0.190400357731413   0.104872429686601   0.00743270739876528   0
0.34338336791873   0.151802133694655   -0.00584753140532746   -0.0385982240367576   0
0.402669787183009   0.155143361031821   0.0592864192642792   0.00334122733716585   0
0.325182722722595   0.112887080480895   -0.0774870644604145   -0.0422562805509264   0
0.477471965536302   0.14615133272143   0.152289242813708   0.0332642522405348   0
0.42193579756002   0.120468606801731   -0.0555361679762826   -0.0256827259196988   0
0.356105263213582   0.137289371265586   -0.0658305343464373   0.0168207644638556   0
0.440778730920595   0.154747536252601   0.0846734677070122   0.0174581649870145   0
0.470370374330179   0.14331955754624   0.0295916434095845   -0.0114279787063608   0
0.396578605119555   0.162554461544431   -0.0737917692106246   0.0192349039981913   0
0.413497022861894   0.174315266411178   0.0169184177423398   0.0117608048667468   0
0.487244371623835   0.164265142481599   0.0737473487619411   -0.0100501239295792   0
0.441674386236936   0.125783570625301   -0.0455699853868992   -0.0384815718562982   0
0.4668765264314   0.133298655975257   0.025202140194464   0.00751508534995662   0
0.526306399137385   0.154483932001034   0.0594298727059844   0.0211852760257764   0
0.518257285275555   0.151352633720064   -0.00804911386183005   -0.0031312982809692   0
0.506067374248301   0.142870751663007   -0.0121899110272535   -0.00848188205705791   0
0.484374030604294   0.144585432235582   -0.0216933436440066   0.00171468057257515   0
0.471180210243215   0.151227413562852   -0.0131938203610798   0.00664198132727067   0
0.417103143055083   0.17441017780741   -0.0540770671881318   0.023182764244558   0
0.447717583055814   0.17779708403475   0.0306144400007315   0.00338690622733975   0
0.454356756557223   0.176573749297772   0.00663917350140913   -0.00122333473697794   0
0.387745326745597   0.194314417029463   -0.0666114298116262   0.0177406677316906   0
0.415389183976714   0.190423207367169   0.0276438572311163   -0.00389120966229342   0
0.367517547512476   0.188129149627324   -0.0478716364642378   -0.00229405773984556   0
0.468906735239002   0.178209899659082   0.101389187726527   -0.00991924996824203   0
0.420874271349307   0.184200333324135   -0.0480324638896956   0.00599043366505336   0
0.394800737831947   0.187034860454869   -0.0260735335173596   0.00283452713073432   0
0.39603097679804   0.189729310367455   0.00123023896609309   0.00269444991258533   0
0.475362355027415   0.200378429442917   0.0793313782293745   0.010649119075462   0
0.504424040009276   0.201097691253803   0.0290616849818615   0.000719261810886468   0
0.464145643231799   0.20184681409307   -0.0402783967774776   0.000749122839267036   0
0.434246069548891   0.197319323152219   -0.029899573682908   -0.00452749094085092   0
0.424504837487454   0.172549831531039   -0.00974123206143634   -0.0247694916211803   0
0.409495081267773   0.187222312014395   -0.0150097562196814   0.0146724804833562   0
0.504558952804984   0.201692911435925   0.0950638715372115   0.0144705994215299   0
0.489537891924098   0.181253011243262   -0.0150210608808863   -0.0204399001926635   0
0.34870374586524   0.187349904982128   -0.140834146058858   0.00609689373886646   0
0.378645783398812   0.167779886356865   0.0299420375335718   -0.0195700186252634   0
0.42817146175005   0.162038831094587   0.0495256783512378   -0.00574105526227819   0
0.34787764483982   0.172791564320282   -0.0802938169102297   0.0107527332256948   0
0.270460873001919   0.139196691553715   -0.0774167718379014   -0.0335948727665668   0
0.254195332725229   0.0705043621033124   -0.0162655402766895   -0.0686923294504023   0
0.232614676926113   0.129380509678815   -0.0215806557991161   0.0588761475755028   0
0.300888624762137   0.154219472730424   0.0682739478360238   0.0248389630516088   0
0.292692177096758   0.173715503866235   -0.0081964476653788   0.0194960311358112   0
0.30257134493101   0.185661410619574   0.00987916783425152   0.0119459067533386   0
0.297537366475893   0.208140943586912   -0.00503397845511633   0.022479532967338   0
0.278776407457231   0.170523135200183   -0.0187609590186624   -0.0376178083867285   0
0.285548574027765   0.18056670320203   0.0067721665705342   0.0100435680018467   0
0.300060482217919   0.192238987592268   0.0145119081901537   0.0116722843902375   0
0.274254976344338   0.135039549201917   -0.0258055058735804   -0.0571994383903503   0
0.213699987783551   0.17745461295811   -0.060554988560787   0.0424150637561924   0
0.204855746814777   0.143066438886143   -0.00884424096877437   -0.0343881740719666   0
0.294407920899761   0.153566600728316   0.0895521740849842   0.0105001618421729   0
0.263396626120964   0.153080124674139   -0.0310112947787971   -0.000486476054176704   0
0.289171581438771   0.149699237185765   0.0257749553178074   -0.00338088748837395   0
0.276629099162127   0.205373634361254   -0.0125424822766442   0.0556743971754886   0
0.25467959694151   0.23399231172733   -0.0219495022206172   0.0286186773660762   0
0.237197102497817   0.225206333988967   -0.0174824944436928   -0.00878597773836337   0
0.218043328880409   0.215471115537217   -0.0191537736174087   -0.00973521845175015   0
0.144208359879027   0.182599798304715   -0.0738349690013817   -0.0328713172325018   0
0.187255024167684   0.154135887758667   0.0430466642886574   -0.0284639105460474   0
0.248971232806604   0.140910332084805   0.0617162086389193   -0.0132255556738624   0
0.303392375099062   0.118111372307031   0.0544211422924585   -0.0227989597777743   0
0.220146608163333   0.108179356753738   -0.0832457669357292   -0.00993201555329271   0
0.281127535276145   0.0991942393357724   0.0609809271128119   -0.00898511741796548   0
0.368239395208348   0.113856820103541   0.0871118599322034   0.0146625807677682   0
0.325357259413464   0.145311170865319   -0.0428821357948843   0.0314543507617786   0
0.283179379408177   0.150523005659434   -0.0421778800052873   0.00521183479411477   0
0.275459765174517   0.154249508969235   -0.00771961423365963   0.00372650330980065   0
0.311382176339527   0.145907254395558   0.0359224111650096   -0.0083422545736769   0
0.341728189173818   0.166472868664837   0.0303460128342917   0.0205656142692791   0
0.337320943171411   0.162702413572295   -0.00440724600240766   -0.00377045509254217   0
0.261412872993049   0.164344538106686   -0.0759080701783615   0.0016421245343915   0
0.252059995106502   0.192308701697947   -0.00935287788654671   0.0279641635912609   0
0.224828349121591   0.172636252639039   -0.0272316459849114   -0.0196724490589083   0
0.326819233426752   0.186498557810107   0.101990884305161   0.0138623051710688   0
0.227803234898454   0.158409963532128   -0.0990159985282988   -0.0280885942779799   0
0.241923332732686   0.156961820158598   0.0141200978342327   -0.00144814337352983   0
0.247253304097256   0.167615982414417   0.00532997136456953   0.0106541622558187   0
0.211430125179218   0.17494708066584   -0.0358231789180372   0.00733109825142364   0
0.239031477106761   0.198367209852082   0.0276013519275425   0.023420129186242   0
0.239012311160346   0.115907328144449   -1.91659464151006e-05   -0.0824598817076331   0
0.275689253656685   0.0901873311515121   0.0366769424963391   -0.025719996992937   0
0.316172737071446   0.13942519832333   0.0404834834147614   0.0492378671718183   0
0.236889366923655   0.134345417965221   -0.0792833701477915   -0.00507978035810908   0
0.313146772716565   0.147728112525172   0.0762574057929101   0.0133826945599511   0
0.312882823735676   0.1682172457932   -0.000263948980889162   0.020489133268028   0
0.321554720382675   0.178461760986072   0.00867189664699874   0.0102445151928719   0
0.276565332090937   0.190058188251651   -0.044989388291738   0.0115964272655786   0
0.198769371828459   0.183620498390022   -0.077795960262478   -0.00643768986162913   0
0.195041485668998   0.168332616941875   -0.00372788615946038   -0.0152878814481469   0
0.24823640927078   0.224960562666548   0.0531949236017814   0.0566279457246733   0
0.191220056523891   0.168302300193885   -0.0570163527468888   -0.0566582624726635   0
0.174785599144495   0.189181720880487   -0.016434457379396   0.0208794206866023   0
0.205031146640114   0.155713356804257   0.0302455474956194   -0.0334683640762296   0
0.267144522547033   0.16051014139767   0.0621133759069186   0.00479678459341246   0
0.456892075842348   0.144763889816496   0.189747553295315   -0.0157462515811743   1
0.394961323536875   0.13361425856328   -0.0619307523054732   -0.0111496312532158   1
0.349272778833393   0.157986593640093   -0.0456885447034823   0.0243723350768136   0
0.37515478093315   0.164309310097602   0.0258820020997577   0.00632271645750879   0
