0.0803695840243683   0.06834856236166   0   0   0
0.119387417585104   0.0551799580367048   0.0390178335607357   -0.0131686043249552   0
0.0919534669387729   0.0939578906072422   -0.0274339506463311   0.0387779325705375   0
0.0914728994446989   0.0649671727409298   -0.000480567494073963   -0.0289907178663124   0
0.10658034634331   0.0526285274858132   0.0151074468986115   -0.0123386452551166   0
0.0929569965064182   0.0777617060464211   -0.0136233498368922   0.0251331785606078   0
0.0927039649273967   0.0332553852495881   -0.000253031579021484   -0.0445063207968329   0
0.0592190206874658   0.0583335264950183   -0.0334849442399309   0.0250781412454301   0
0.0500838969269565   0.0690526345944673   -0.0091351237605093   0.010719108099449   0
0.0698537798993011   0.0443020434211561   0.0197698829723446   -0.0247505911733112   0
0.090500311750789   0.0515437708323102   0.0206465318514879   0.00724172741115409   0
0.0668553850101097   0.0402060156299092   -0.0236449267406793   -0.011337755202401   0
0.0953773852448262   0.0562030522963496   0.0285220002347165   0.0159970366664405   0
0.0743522033105274   0.038264726508104   -0.0210251819342989   -0.0179383257882456   0
0.0785846494708095   0.035066421769639   0.00423244616028211   -0.00319830473846507   0
0.0719635425411368   0.0422916527066598   -0.00662110692967273   0.00722523093702081   0
0.0869348163362643   0.0253915673867251   0.0149712737951275   -0.0169000853199347   0
0.0647706351355304   0.0452086768746466   -0.0221641812007339   0.0198171094879216   0
0.115373370894891   0.0596100214475193   0.0506027357593603   0.0144013445728726   0
0.0885627535932008   0.0295220727309874   -0.0268106173016898   -0.0300879487165319   0
0.0563274199143721   0.0333994647875712   -0.0322353336788287   0.00387739205658382   0
0.0911992765615325   0.0157369204163688   0.0348718566471605   -0.0176625443712024   0
0.0850534671593486   0.0438455536260658   -0.0061458094021839   0.028108633209697   0
0.0982839295471544   0.0614967432359706   0.0132304623878057   0.0176511896099048   0
0.126854031545749   0.0261660629696177   0.0285701019985951   -0.0353306802663529   0
0.0844527281498354   0.0485044060830818   -0.0424013033959141   0.022338343113464   0
0.0736056864717666   0.0394859284186887   -0.0108470416780688   -0.00901847766439304   0
0.110107311840813   0.0474186129259914   0.0365016253690462   0.00793268450730268   0
0.10956265552815   0.0647458467308329   -0.000544656312663094   0.0173272338048415   0
0.0768415173594327   0.0477655292470156   -0.032721138168717   -0.0169803174838173   0
0.170620244894239   0.0773698184004829   0.093778727534806   0.0296042891534674   0
0.103459156672766   0.0599660550304396   -0.0671610882214725   -0.0174037633700433   0
0.114413084776567   0.0586087021237342   0.0109539281038011   -0.00135735290670545   0
0.177526935381536   0.101441567981388   0.0631138506049684   0.0428328658576536   0
0.110343498906551   0.0674318358639486   -0.0671834364749849   -0.0340097321174391   0
0.158107371411329   0.0862894233146942   0.0477638725047783   0.0188575874507457   0
0.158652883304937   0.0930458287967951   0.000545511893607936   0.00675640548210084   0
0.124735366605185   0.0729961033727486   -0.0339175166997517   -0.0200497254240465   0
0.195154650699746   0.103006148818117   0.0704192840945609   0.0300100454453681   0
0.213126080882866   0.127645420539409   0.0179714301831198   0.024639271721292   0
0.154660482379307   0.0807995405272208   -0.058465598503559   -0.0468458800121879   0
0.214382028576674   0.119393945401358   0.0597215461973671   0.0385944048741374   0
0.159805413476115   0.0992967840187732   -0.0545766151005593   -0.020097161382585   0
0.215549446823809   0.120062514521405   0.0557440333476938   0.0207657305026314   0
0.1959765960208   0.127155877789045   -0.0195728508030084   0.00709336326764018   0
0.197807368456132   0.114331570496811   0.00183077243533167   -0.012824307292234   0
0.252422305957873   0.140098653860244   0.0546149375017408   0.0257670833634333   0
0.225698085818666   0.128709907622539   -0.0267242201392068   -0.0113887462377052   0
0.193626157055936   0.114884348998634   -0.0320719287627302   -0.0138255586239046   0
0.229666872625592   0.133305514315697   0.0360407155696562   0.0184211653170627   0
0.19000804190781   0.117783397976635   -0.0396588307177824   -0.0155221163390615   0
0.211224807804481   0.129135712813846   0.0212167658966714   0.0113523148372101   0
0.244812117517986   0.148102906922763   0.0335873097135045   0.0189671941089171   0
0.208275534244808   0.133731689590099   -0.0365365832731781   -0.014371217332664   0
0.217035460939359   0.126797327292307   0.00875992669455145   -0.00693436229779135   0
0.265264509520215   0.160106423716453   0.0482290485808556   0.0333090964241461   0
0.218276010967765   0.151539097323339   -0.0469884985524492   -0.00856732639311406   0
0.23742443772072   0.149765032209158   0.0191484267529546   -0.00177406511418174   0
0.298157561467087   0.18061724240919   0.0607331237463675   0.0308522102000321   0
0.243761994205024   0.1681434123569   -0.0543955672620637   -0.0124738300522897   0
0.287857350983087   0.177459874412499   0.0440953567780631   0.00931646205559927   0
0.299425445338234   0.189043139991141   0.0115680943551476   0.0115832655786414   0
0.247664577262898   0.15932604587449   -0.0517608680753363   -0.0297170941166509   0
0.32883678999011   0.194439197172278   0.0811722127272123   0.0351131512977883   0
0.402194704070056   0.273766512210204   0.0733579140799457   0.0793273150379264   0
0.35592235775895   0.175919506941108   -0.046272346311106   -0.0978470052690966   0
0.350505088050316   0.196790333724347   -0.00541726970863371   0.0208708267832395   0
0.319242317465902   0.161954596121575   -0.031262770584414   -0.0348357376027723   0
0.402889110582552   0.236614975364774   0.0836467931166499   0.0746603792431987   0
0.368518776476857   0.232422387156315   -0.0343703341056948   -0.00419258820845875   0
0.349207056848799   0.221819471127987   -0.0193117196280589   -0.0106029160283277   0
0.412714834316626   0.248065121752837   0.0635077774678274   0.02624565062485   0
0.354491916373279   0.225767338435501   -0.0582229179433467   -0.0222977833173365   0
0.358179911053091   0.221762747438563   0.00368799467981157   -0.00400459099693759   0
0.44845109197102   0.281565702212201   0.090271180917929   0.059802954773638   0
0.32948855395895   0.208984784729056   -0.11896253801207   -0.072580917483145   0
0.421003720854104   0.255357658411687   0.0915151668951535   0.0463728736826311   0
0.407557240608985   0.258810047899111   -0.0134464802451187   0.00345238948742332   0
0.38464533977888   0.243795799882099   -0.0229119008301049   -0.0150142480170117   0
0.473085578673669   0.302416823451243   0.0884402388947888   0.0586210235691435   0
0.398769063708169   0.251512047201267   -0.0743165149654995   -0.0509047762499753   0
0.554554738499276   0.327627200704021   0.155785674791106   0.0761151535027533   0
0.427546986153569   0.268237192076159   -0.127007752345707   -0.059390008627861   0
0.418703879271843   0.252604169808423   -0.00884310688172596   -0.0156330222677367   0
0.486152523306215   0.296486744992339   0.0674486440343723   0.0438825751839165   0
0.471750750619435   0.292203830659614   -0.0144017726867805   -0.00428291433272521   0
0.43045716719553   0.273536432683386   -0.0412935834239051   -0.0186673979762283   0
0.512394622488371   0.318966131347044   0.0819374552928412   0.0454296986636585   0
0.489888118599798   0.299546133555672   -0.0225065038885725   -0.0194199977913723   0
0.451200116622325   0.277915214362317   -0.0386880019774729   -0.0216309191933552   0
0.576019382928214   0.332861631053825   0.124819266305888   0.0549464166915078   0
0.509262958394001   0.306253790959234   -0.0667564245342126   -0.0266078400945902   0
0.496536160791941   0.287471887195779   -0.0127267976020603   -0.0187819037634557   0
0.530979484003855   0.323262965124757   0.0344433232119142   0.0357910779289785   0
0.476490452701038   0.285047322454974   -0.0544890313028171   -0.0382156426697831   0
0.545705560985959   0.319076815974073   0.0692151082849211   0.034029493519099   0
0.551462601054686   0.340818242645772   0.00575704006872735   0.0217414266716991   0
0.487060428306386   0.274760228785886   -0.0644021727483005   -0.066058013859886   0
0.546120547544221   0.310246965252881   0.0590601192378354   0.035486736466995   0
0.484221393790939   0.277614405588489   -0.0618991537532819   -0.0326325596643923   0
0.449197587394768   0.246459441253328   -0.0350238063961717   -0.0311549643351612   0
0.536367003215149   0.302478334266274   0.0871694158203816   0.0560188930129466   0
0.466298077768674   0.281289498174923   -0.0700689254464756   -0.0211888360913514   0
0.454314018587364   0.262996714219969   -0.0119840591813093   -0.018292783954954   0
0.515203432133366   0.312261023596446   0.0608894135460019   0.0492643093764767   0
0.454345131656541   0.269368027302615   -0.0608583004768247   -0.0428929962938304   0
0.52412904478382   0.304843759871742   0.0697839131272789   0.0354757325691262   0
0.553820772620529   0.336002131997927   0.0296917278367088   0.0311583721261857   0
0.460771930770007   0.269468628678317   -0.0930488418505224   -0.0665335033196105   0
0.494255177690634   0.309534851130325   0.033483246920627   0.0400662224520084   0
0.184853115092605   0.101622401154962   -0.309402062598028   -0.207912449975363   0
0.272613765068824   0.134158430191006   0.0877606499762187   0.032536029036044   0
0.189996651495651   0.124290263105925   -0.0826171135731727   -0.00986816708508113   0
0.240951699346757   0.137889851027197   0.0509550478511057   0.0135995879212719   0
0.208675716032053   0.133816801275905   -0.0322759833147041   -0.00407304975129189   0
0.231661455301416   0.122856850706717   0.0229857392693631   -0.010959950569188   0
0.308516634797931   0.171545524762853   0.076855179496515   0.0486886740561359   0
0.209738104160784   0.116625042567506   -0.0987785306371468   -0.054920482195347   0
0.281131365334375   0.160663030460565   0.071393261173591   0.0440379878930595   0
0.208809788005376   0.120901863897502   -0.0723215773289995   -0.0397611665630636   0
0.29684041528936   0.158813314211655   0.0880306272839846   0.0379114503141538   0
0.228328182818591   0.139501625325334   -0.0685122324707693   -0.019311688886321   0
0.28483083780244   0.156836227520443   0.056502654983849   0.0173346021951084   0
0.166088597358482   0.101273262381847   -0.118742240443958   -0.0555629651385955   0
0.21848799065523   0.123144886742875   0.0523993932967478   0.0218716243610281   0
0.200799282047322   0.110223946051799   -0.0176887086079082   -0.012920940691076   0
0.253934802398175   0.13178395485657   0.0531355203508526   0.0215600088047707   0
0.364648554357974   0.175593392277308   0.110713751959799   0.0438094374207376   0
0.30186296033076   0.153690939052535   -0.0627855940272136   -0.0219024532247729   0
0.366048312970638   0.160565263723447   0.0641853526398777   0.00687432467091184   0
0.367831243599697   0.182208318031669   0.00178293062905971   0.0216430543082227   0
0.351030803800892   0.175214210110624   -0.016800439798806   -0.00699410792104513   0
0.436528626220022   0.236244766453656   0.0854978224191308   0.0610305563430318   0
0.380407327593581   0.20573235399482   -0.0561212986264415   -0.0305124124588359   0
0.405353902838458   0.201711364280598   0.0249465752448771   -0.00402098971422243   0
0.43447621255048   0.212014719859247   0.0291223097120222   0.0103033555786493   0
0.384462686881341   0.195845284992848   -0.0500135256691393   -0.0161694348663987   0
0.437223195319393   0.208685286635312   0.052760508438052   0.012840001642464   0
0.439747608094188   0.193088989049428   0.00252441277479559   -0.0155962975858847   0
0.254535898226557   0.119444021738177   -0.185211709867632   -0.0736449673112511   0
0.319374302697885   0.153204405048199   0.0648384044713279   0.033760383310022   0
0.235717634245913   0.124966698755293   -0.0836566684519716   -0.0282377062929053   0
0.200966156023371   0.114651630025745   -0.0347514782225417   -0.0103150687295479   0
0.24298157362582   0.131198205686873   0.0420154176024492   0.0165465756611275   0
0.201808362231499   0.101966157684593   -0.0411732113943212   -0.0292320480022802   0
0.227308306891081   0.11371126910189   0.0254999446595821   0.0117451114172975   0
0.294474370800516   0.128412018434802   0.067166063909435   0.014700749332912   0
0.452561459068368   0.109368487649334   0.158087088267851   -0.0190435307854684   0
0.260370084633316   0.0473476345709625   -0.192191374435052   -0.0620208530783714   0
0.285285802230322   0.102047451978234   0.0249157175970063   0.0546998174072717   0
0.217227073513201   0.0946032987876216   -0.0680587287171211   -0.00744415319061258   0
0.255011086319164   0.107578674242726   0.0377840128059629   0.0129753754551042   0
0.269998205055682   0.12102128033723   0.014987118736518   0.0134426060945046   0
0.231231849131463   0.102725317240358   -0.038766355924219   -0.0182959630968722   0
0.299757575702033   0.11917814563606   0.0685257265705701   0.0164528283957021   0
0.225378782936837   0.107096014552317   -0.0743787927651957   -0.0120821310837437   0
0.264868847094652   0.128880712778144   0.0394900641578145   0.0217846982258276   0
0.314850104150443   0.140842762329468   0.0499812570557908   0.0119620495513238   0
0.219052578418082   0.0903274196797545   -0.0957975257323604   -0.0505153426497135   0
0.250813194160196   0.0921909077513341   0.0317606157421137   0.00186348807157963   0
0.207061651002962   0.0927504789292756   -0.0437515431572339   0.000559571177941504   0
0.223936729102218   0.101894177002479   0.0168750780992557   0.00914369807320328   0
0.238497327776728   0.115618909071192   0.0145605986745103   0.0137247320687128   0
0.239631860746458   0.105663013716354   0.00113453296973043   -0.0099558953548373   0
0.287025454688535   0.108330692445147   0.0473935939420762   0.00266767872879245   0
0.221420605049959   0.0970169612326241   -0.0656048496385754   -0.0113137312125227   0
0.264696557751022   0.101209927790274   0.0432759527010626   0.00419296655764996   0
0.271069689280893   0.112818139501511   0.00637313152987146   0.0116082117112374   0
0.201044884197435   0.0976160951253685   -0.0700248050834583   -0.0152020443761429   0
0.294145889664908   0.10869541242832   0.0931010054674727   0.0110793173029511   0
0.247552201725454   0.10046835230116   -0.0465936879394534   -0.00822706012715964   0
0.235411670064251   0.0952884234150718   -0.0121405316612028   -0.00517992888608822   0
0.291079444957919   0.102341204304083   0.0556677748936672   0.00705278088901097   0
0.21437900575686   0.0808055860523268   -0.0767004392010583   -0.0215356182517559   0
0.234492827337128   0.0727604203064414   0.0201138215802673   -0.0080451657458855   0
0.283461460727927   0.110855680962682   0.0489686333907991   0.0380952606562409   0
0.253802794746807   0.088712810105531   -0.0296586659811195   -0.0221428708571513   0
0.298697256059777   0.0818027649878658   0.0448944613129697   -0.0069100451176652   0
0.247468965077825   0.0780502694387406   -0.0512282909819516   -0.0037524955491252   0
0.233768287236828   0.0317883129531908   -0.0137006778409977   -0.0462619564855498   0
0.251845536433843   0.0355727438253995   0.018077249197015   0.00378443087220869   0
0.265197970484391   0.0466106356239378   0.0133524340505484   0.0110378917985383   0
0.304746483576579   0.0513286172740412   0.0395485130921877   0.0047179816501034   0
0.310612195726182   0.0576178746414904   0.00586571214960319   0.00628925736744918   0
0.291126226036079   0.0766931246604446   -0.0194859696901032   0.0190752500189542   0
