0.298336394552341   0.298408322670167   0   0   0
0.444574823431512   0.241942686571474   0.146238428879171   -0.056465636098693   0
0.348594709675821   0.204003486006281   -0.0959801137556907   -0.0379392005651927   0
0.37942618505712   0.242941827504961   0.030831475381299   0.0389383414986793   0
0.204062589187362   0.194697264478684   -0.175363595869758   -0.0482445630262769   0
0.178376837642251   0.134823937587145   -0.0256857515451107   -0.0598733268915382   0
0.114868368481154   0.137903178535023   -0.0635084691610974   0.00307924094787779   0
0.199964714105989   0.0915549986898154   0.0850963456248355   -0.0463481798452079   0
0.173092736334583   0.109444304567088   -0.0268719777714058   0.0178893058772722   0
0.143690826389474   0.0898584562394421   -0.0294019099451092   -0.0195858483276455   0
0.109915773901383   0.0732485338834334   -0.0337750524880909   -0.0166099223560086   0
0.1682095270647   0.0731433896891093   0.0582937531633167   -0.000105144194324142   0
0.0919665132091567   0.0854897922328303   -0.0762430138555432   0.012346402543721   0
0.127411842776447   0.0469556467178602   0.0354453295672901   -0.0385341455149701   0
0.128705249290035   0.0844169452704995   0.00129340651358795   0.0374612985526392   0
0.0869639126041371   0.066026642298507   -0.0417413366858976   -0.0183903029719924   0
0.098183112707074   0.0654099349455004   0.0112192001029369   -0.000616707353006604   0
0.043083621287097   0.0808102383790724   -0.055099491419977   0.0154003034335719   0
0.120233964755139   0.0517563135489768   0.0771503434680419   -0.0290539248300956   0
0.0854403251827847   0.0706671413980713   -0.0347936395723542   0.0189108278490945   0
0.064393738902474   0.0346115748928375   -0.0210465862803107   -0.0360555665052338   0
0.174281734746566   0.0503729283554421   0.109887995844092   0.0157613534626046   0
0.136990462487029   0.038131120343297   -0.0372912722595374   -0.012241808012145   0
0.136814573013477   0.0448675873271076   -0.000175889473551738   0.00673646698381056   0
0.104104840583606   0.059173129295002   -0.0327097324298706   0.0143055419678944   0
0.0553292206517496   0.0717803302878477   -0.0487756199318566   0.0126072009928456   0
0.106414040583656   0.0247201886241696   0.0510848199319064   -0.047060141663678   0
0.131953166740249   0.0995268938271939   0.0255391261565931   0.0748067052030243   0
0.116778381513575   0.0570614303463601   -0.0151747852266745   -0.0424654634808338   0
0.108939395286049   0.023721834080244   -0.00783898622752584   -0.0333395962661161   0
0.160750277825359   0.120373854715216   0.0518108825393098   0.0966520206349723   0
0.0599218882522906   0.139190156431768   -0.100828389573068   0.0188163017165515   0
0.114968991585297   0.057675118986895   0.055047103333006   -0.0815150374448728   0
0.112053397039135   0.0191466791591257   -0.00291559454616175   -0.0385284398277693   0
0.107782197504783   0.018366613633334   -0.00427119953435211   -0.000780065525791782   0
0.0993048113497528   0.0942994804880971   -0.00847738615502992   0.0759328668547631   0
0.117479382362864   0.0354155321218318   0.0181745710131112   -0.0588839483662653   0
0.162880975975127   0.0319694231985033   0.0454015936122633   -0.00344610892332851   0
0.167604118401458   0.0631110558578091   0.00472314242633085   0.0311416326593058   0
0.147019924819903   0.0639822897753355   -0.0205841935815549   0.000871233917526387   0
0.145619816459849   0.116483639272539   -0.00140010836005461   0.0525013494972036   0
0.167354383149591   0.0411597676415635   0.0217345666897421   -0.0753238716309755   0
0.0934704302215947   0.136541395858079   -0.0738839529279961   0.095381628216515   0
0.108188894827011   0.0956637958559167   0.0147184646054161   -0.0408776000021618   0
0.181353625812224   0.0642536407693698   0.0731647309852128   -0.0314101550865468   0
0.188005171490786   0.119529088045013   0.00665154567856283   0.0552754472756433   0
0.116098168673605   0.125861174702616   -0.0719070028171811   0.00633208665760317   0
0.135241110952254   0.15259919813817   0.0191429422786492   0.0267380234355538   0
0.108810973208048   0.174952570449401   -0.0264301377442062   0.0223533723112305   0
0.135597913359683   0.140120780575723   0.0267869401516344   -0.0348317898736773   0
0.169498252074173   0.130313517864188   0.0339003387144907   -0.00980726271153548   0
0.185013236055586   0.132075574121088   0.0155149839814127   0.00176205625690012   0
0.18117257248916   0.132851514139367   -0.00384066356642587   0.000775940018279325   0
0.216144158951404   0.135857619355854   0.0349715864622443   0.00300610521648631   0
0.161399503004594   0.155238969117173   -0.0547446559468102   0.0193813497613191   0
0.142409708739011   0.116121453455649   -0.018989794265583   -0.0391175156615235   0
0.198891165397058   0.172268261175702   0.0564814566580471   0.0561468077200532   0
0.13665926342228   0.167234931388063   -0.0622319019747787   -0.00503332978763976   0
0.285949298015575   0.0682619251403189   0.149290034593295   -0.0989730062477437   0
0.237484055556915   0.179283431584607   -0.0484652424586595   0.111021506444288   0
0.214170905459869   0.165853457742739   -0.0233131500970466   -0.0134299738418681   0
0.229379451479421   0.168240275380369   0.0152085460195522   0.00238681763763032   0
0.163039396964292   0.191963924126384   -0.0663400545151288   0.0237236487460144   0
0.173004359323053   0.155710047364484   0.00996496235876085   -0.0362538767618992   0
0.196044820977781   0.20876413124924   0.0230404616547276   0.0530540838847557   0
0.166634347016004   0.187192182339675   -0.0294104739617766   -0.0215719489095656   0
0.137551562819221   0.196430124065786   -0.0290827841967833   0.00923794172611114   0
0.157461004262802   0.229958974761804   0.0199094414435809   0.0335288506960182   0
0.158204174486137   0.199260748993003   0.000743170223335227   -0.0306982257688011   0
0.122093481825125   0.178874959112651   -0.0361106926610119   -0.020385789880352   0
0.133385852710436   0.254864309871449   0.0112923708853106   0.0759893507587982   0
0.11956814773212   0.227062263221457   -0.0138177049783158   -0.0278020466499925   0
0.133444255327871   0.230447105974994   0.0138761075957512   0.00338484275353726   0
0.160594019327994   0.198905239856822   0.0271497640001228   -0.0315418661181715   0
0.185344563789311   0.216408025878201   0.0247505444613174   0.0175027860213785   0
0.147013173819764   0.19454823087412   -0.0383313899695476   -0.0218597950040805   0
0.160994006044977   0.191824600548261   0.0139808322252132   -0.00272363032585896   0
0.153393857562028   0.189952368683573   -0.00760014848294857   -0.00187223186468841   0
0.170581584171211   0.250135627600808   0.017187726609183   0.0601832589172349   0
0.122547412025306   0.21952578593983   -0.0480341721459056   -0.0306098416609779   0
0.123082362114074   0.277760683683814   0.000534950088768291   0.0582348977439846   0
0.216382892622892   0.206253236552787   0.0933005305088182   -0.0715074471310272   0
0.250331601780139   0.275327988961348   0.0339487091572468   0.0690747524085605   0
0.213099765914104   0.231735706007404   -0.0372318358660344   -0.0435922829539437   0
0.221596398856119   0.258468888633139   0.00849663294201422   0.0267331826257349   0
0.212758927640558   0.223994231230963   -0.00883747121556111   -0.0344746574021762   0
0.209365485543821   0.238888680690924   -0.00339344209673634   0.0148944494599608   0
0.13184784734735   0.224986880342499   -0.0775176381964716   -0.0139018003484244   0
0.156458970150803   0.267033734768194   0.0246111228034539   0.0420468544256946   0
0.168877963404229   0.23311085843596   0.0124189932534252   -0.033922876332234   0
0.188474019830957   0.311977837614309   0.0195960564267284   0.0788669791783491   0
0.104542280098006   0.260332614044514   -0.0839317397329508   -0.0516452235697945   0
0.236603218682249   0.264577664886419   0.132060938584242   0.0042450508419043   0
0.218898718883871   0.268325807608027   -0.0177044997983777   0.00374814272160862   0
0.165982125162286   0.259867602910117   -0.0529165937215854   -0.00845820469791059   0
0.162906505128064   0.25514745272538   -0.00307562003422143   -0.00472015018473659   0
0.275651090480139   0.258877703401626   0.112744585352075   0.00373025067624555   0
0.229283235268717   0.263467790128604   -0.0463678552114221   0.00459008672697825   0
0.197539699057481   0.234915136349278   -0.0317435362112368   -0.0285526537793255   0
0.225922391299225   0.295013396886904   0.0283826922417441   0.0600982605376258   0
0.238841494145176   0.234484544896887   0.012919102845951   -0.0605288519900176   0
0.193144382949647   0.265743834420011   -0.0456971111955284   0.031259289523124   0
0.2294375667223   0.241812760968585   0.036293183772653   -0.0239310734514256   0
0.206268535444187   0.252490612267565   -0.0231690312781129   0.0106778512989804   0
0.192430494911072   0.279914683090223   -0.0138380405331157   0.0274240708226577   0
0.111874478984351   0.285624292620131   -0.0805560159267207   0.00570960952990751   0
0.220278552603221   0.280139867339732   0.10840407361887   -0.00548442528039883   1
0.255142558292595   0.182306542854131   0.0348640056893735   -0.0978333244856009   1
0.204191504870974   0.276553408570768   -0.0509510534216208   0.0942468657166369   0
0.139888155593544   0.280852117783408   -0.0643033492774297   0.00429870921263981   0
0.193015771958289   0.311005428274427   0.0531276163647454   0.0301533104910199   0
0.118740640253158   0.317156615290001   -0.074275131705131   0.0061511870155741   0
0.217810372773681   0.338815825058574   0.0990697325205228   0.0216592097685729   0
0.132801360576991   0.319172745220284   -0.0850090121966902   -0.0196430798382901   0
0.270023774972224   0.370760037079811   0.137222414395233   0.0515872918595262   0
0.133424176878731   0.321903370600232   -0.136599598093493   -0.048856666479579   0
0.173145442318907   0.276281697240787   0.0397212654401761   -0.0456216733594443   0
0.223911925607146   0.335858908218276   0.0507664832882387   0.059577210977489   0
0.177715168120788   0.273083315566738   -0.0461967574863577   -0.0627755926515384   0
0.305448973160821   0.353371542472187   0.127733805040033   0.080288226905449   0
0.225197961274075   0.346795418830021   -0.0802510118867456   -0.00657612364216537   0
0.246087906098613   0.315169273074807   0.020889944824538   -0.0316261457552141   0
0.199908622495479   0.362090422479748   -0.0461792836031343   0.0469211494049407   0
0.195183944560637   0.323829315041894   -0.00472467793484169   -0.0382611074378537   0
0.181767037653723   0.392650238481976   -0.0134169069069144   0.0688209234400814   0
0.183195974091791   0.340182031056863   0.00142893643806744   -0.0524682074251128   0
0.283916986962985   0.383782572920935   0.100721012871195   0.0436005418640715   0
0.230575279027826   0.357169736313549   -0.053341707935159   -0.0266128366073857   0
0.304050255248766   0.381378073315706   0.07347497622094   0.024208337002157   0
0.257098044086298   0.396702146848249   -0.0469522111624685   0.0153240735325433   0
0.351939879142731   0.377154086976066   0.094841835056433   -0.0195480598721832   0
0.257755244958488   0.391710780873146   -0.0941846341842432   0.0145566938970802   0
0.272483950846651   0.369481769800961   0.0147287058881631   -0.0222290110721857   0
0.316049821512369   0.377986484869499   0.0435658706657178   0.0085047150685385   0
0.199437096153148   0.35486905706084   -0.116612725359221   -0.0231174278086587   0
0.214990057066926   0.42029683348825   0.0155529609137778   0.06542777642741   0
0.281576172000911   0.410781664071758   0.0665861149339849   -0.00951516941649255   0
0.198175846888565   0.359748005643621   -0.0834003251123455   -0.0510336584281372   0
0.299305104555953   0.463751341155462   0.101129257667388   0.104003335511842   0
0.271530082199026   0.419988558989706   -0.0277750223569267   -0.043762782165756   0
0.215595721185185   0.466986854808412   -0.0559343610138414   0.0469982958187054   0
0.303304561853263   0.455257185608368   0.0877088406680784   -0.0117296692000436   0
0.235904550801399   0.44179583150089   -0.0674000110518639   -0.0134613541074783   0
0.347994624902454   0.485338961430362   0.112090074101055   0.043543129929472   0
0.267180630190514   0.469144981327204   -0.0808139947119408   -0.0161939801031579   0
0.302919657047871   0.447613127338006   0.0357390268573577   -0.0215318539891978   0
0.318449468909904   0.503335237883811   0.0155298118620328   0.0557221105458048   0
0.312370327606513   0.430437100297038   -0.00607914130339149   -0.0728981375867728   0
0.341408569921729   0.51574295196086   0.0290382423152162   0.0853058516638221   0
0.331174585747457   0.471583691926123   -0.0102339841742715   -0.0441592600347373   0
0.353304408001089   0.506874207606209   0.0221298222536317   0.0352905156800864   0
0.302036322757711   0.515831538103003   -0.0512680852433784   0.00895733049679392   0
0.333387443175414   0.556753749681078   0.0313511204177034   0.0409222115780744   0
0.282884714295418   0.513652254983369   -0.0505027288799966   -0.0431014946977085   0
0.358911253540482   0.538255802041418   0.0760265392450643   0.0246035470580488   0
0.320106727416029   0.539473314435941   -0.0388045261244526   0.00121751239452339   0
0.387664358437812   0.527558038109079   0.0675576310217824   -0.0119152763268627   0
0.239401217233748   0.574572296763645   -0.148263141204064   0.0470142586545664   0
0.327675521763543   0.546873222186834   0.0882743045297952   -0.0276990745768112   0
0.285737552472584   0.569475754092033   -0.0419379692909591   0.0226025319051996   0
0.349277924950891   0.541583243565105   0.0635403724783069   -0.0278925105269282   0
0.32873534290368   0.606824001989129   -0.0205425820472108   0.0652407584240239   0
0.360509548168977   0.509139416840083   0.0317742052652973   -0.0976845851490459   0
0.366166973450638   0.559351305693703   0.00565742528166052   0.0502118888536196   0
0.370233675545594   0.513715773896665   0.00406670209495613   -0.0456355317970373   0
