0.254980666707753   0.113115204743432   0   0   0
0.237620677818514   0.12072294272134   -0.0173599888892387   0.00760773797790831   0
0.265523845117835   0.114783798834243   0.027903167299321   -0.0059391438870971   0
0.226112355622996   0.126584795089647   -0.0394114894948394   0.0118009962554043   0
0.272824584486076   0.138674015747661   0.0467122288630805   0.0120892206580134   0
0.320510683621529   0.0951613584743829   0.0476860991354532   -0.043512657273278   0
0.349066940990593   0.13844620522434   0.0285562573690636   0.0432848467499568   0
0.409671485791347   0.0794427890510884   0.0606045448007543   -0.0590034161732514   0
0.302233182543578   0.0792033102167019   -0.107438303247769   -0.000239478834386422   0
0.287805439229352   0.0848594884776152   -0.0144277433142269   0.00565617826091323   0
0.247362914602533   0.0765466314340481   -0.0404425246268187   -0.0083128570435671   0
0.20647588318455   0.0550688299855862   -0.0408870314179828   -0.0214778014484619   0
0.2596432585727   0.0655439560994376   0.0531673753881499   0.0104751261138514   0
0.198079057911431   0.06394013885051   -0.0615642006612692   -0.00160381724892757   0
0.182460527743427   0.0551875827901757   -0.0156185301680036   -0.00875255606033429   0
0.178436151188597   0.0398947729645439   -0.00402437655482984   -0.0152928098256319   0
0.140452217924567   0.0671741288009193   -0.0379839332640307   0.0272793558363755   0
0.177813877818915   0.0489444643207738   0.0373616598943481   -0.0182296644801455   0
0.147910933795612   0.0401049635094585   -0.0299029440233027   -0.00883950081131527   0
0.164476548444938   0.0595058200454796   0.0165656146493256   0.0194008565360211   0
0.0755443226567027   0.052801742358515   -0.0889322257882352   -0.00670407768696456   0
0.183168075799387   0.0360990961768782   0.107623753142684   -0.0167026461816369   0
0.118225362381724   0.0339108317442598   -0.0649427134176629   -0.00218826443261833   0
0.125399632787381   0.0326209814122464   0.00717427040565684   -0.00128985033201343   0
0.171654104263924   0.0552984866482348   0.0462544714765427   0.0226775052359884   0
0.12500272899501   0.0589268865634355   -0.0466513752689134   0.00362839991520077   0
0.164857467320986   0.0593129171106944   0.0398547383259758   0.000386030547258817   0
0.138576890719268   0.0582138328498477   -0.0262805766017179   -0.00109908426084671   0
0.169739413195551   0.0394633588167556   0.0311625224762828   -0.0187504740330921   0
0.152215406786074   0.0608152997243695   -0.017524006409477   0.0213519409076139   0
0.192934452330331   0.0573540811776993   0.0407190455442573   -0.0034612185466702   0
0.184385387547821   0.0632887475231577   -0.00854906478251072   0.00593466634545838   0
0.204408433821343   0.0689569909456467   0.0200230462735225   0.00566824342248901   0
0.207367966901834   0.0768892057820212   0.00295953308049063   0.00793221483637446   0
0.216114051445897   0.0851205585500501   0.00874608454406373   0.00823135276802889   0
0.216098340993655   0.06766639618536   -1.57104522424123e-05   -0.0174541623646901   0
0.179522928444698   0.0850164919126908   -0.0365754125489574   0.0173500957273308   0
0.237029258727715   0.0759636246148938   0.0575063302830173   -0.009052867297797   0
0.251009094181964   0.0810792072204705   0.013979835454249   0.00511558260557671   0
0.261910906884536   0.0821530207285466   0.010901812702572   0.00107381350807603   0
0.24280374801096   0.107136041944215   -0.0191071588735754   0.024983021215668   0
0.283785924541825   0.0953514023311142   0.0409821765308646   -0.0117846396131004   0
0.289178942065289   0.10749816822044   0.00539301752346438   0.0121467658893258   0
0.252112245210521   0.1277995469147   -0.0370666968547682   0.0203013786942597   0
0.316485204475865   0.116142147925462   0.0643729592653437   -0.0116573989892371   0
0.282208987955823   0.130843517626247   -0.0342762165200416   0.0147013697007846   0
0.324811997613823   0.133426295716109   0.0426030096580001   0.00258277808986176   0
0.30291580009496   0.132713398491411   -0.0218961975188631   -0.000712897224697945   0
0.310072986141408   0.151946119458511   0.00715718604644805   0.0192327209670999   0
0.309700896061603   0.148715731986028   -0.000372090079805099   -0.00323038747248305   0
0.30225343768543   0.164891360673899   -0.00744745837617344   0.0161756286878718   0
0.374660754210632   0.13977417989078   0.0724073165252027   -0.0251171807831199   0
0.328492506331956   0.169827121259385   -0.0461682478786767   0.0300529413686059   0
0.398265055867973   0.14400671840238   0.0697725495360176   -0.025820402857005   0
0.356254880525203   0.168331017920792   -0.0420101753427708   0.0243242995184116   0
0.409513208202593   0.153287565162842   0.0532583276773901   -0.0150434527579501   0
0.366026334731396   0.165298722040583   -0.0434868734711966   0.0120111568777413   0
0.384516661007503   0.172795616056947   0.0184903262761067   0.00749689401636422   0
0.420838165746475   0.168925516350402   0.0363215047389723   -0.00387009970654525   0
0.371094628672503   0.191562428856757   -0.0497435370739721   0.0226369125063546   0
0.371079748689246   0.183027299942522   -1.4879983256777e-05   -0.00853512891423455   0
0.406816659266153   0.181791816665382   0.0357369105769065   -0.00123548327713985   0
0.350923126725185   0.219707162843522   -0.055893532540968   0.0379153461781399   0
0.411785136413276   0.202010111410914   0.0608620096880909   -0.0176970514326079   0
0.369756521405384   0.206464003735518   -0.0420286150078918   0.00445389232460369   0
0.533987244753103   0.203667082605413   0.164230723347719   -0.0027969211301053   0
0.469371117052062   0.228025633603439   -0.0646161277010411   0.0243585509980268   0
0.504309755849399   0.216253044760646   0.034938638797337   -0.0117725888427933   0
0.48289524557673   0.213655481605902   -0.0214145102726689   -0.00259756315474396   0
0.51297106468374   0.214604117334687   0.0300758191070106   0.000948635728784619   0
0.456141346415999   0.222170114218812   -0.0568297182677417   0.00756599688412532   0
0.538585492041106   0.199386414608042   0.0824441456251073   -0.0227836996107701   0
0.455346393733167   0.218541980816616   -0.0832390983079392   0.0191555662085737   0
0.508995000101426   0.202299136434322   0.0536486063682589   -0.0162428443822935   0
0.502099300671291   0.221814614253096   -0.00689569943013402   0.0195154778187743   0
0.492543200411704   0.243668524598993   -0.00955610025958797   0.0218539103458964   0
0.539281965858529   0.235726609480665   0.0467387654468258   -0.00794191511832776   0
0.482890988846982   0.23605501313571   -0.0563909770115469   0.00032840365504444   0
0.542072793063635   0.256806335545236   0.0591818042166523   0.0207513224095268   0
0.536317765494674   0.251324035072255   -0.00575502756896085   -0.00548230047298148   0
0.48440565050892   0.28233170246051   -0.0519121149857537   0.0310076673882552   0
0.575529590207489   0.278829721114429   0.0911239396985686   -0.00350198134608154   0
0.548260319711549   0.313492996839244   -0.0272692704959396   0.034663275724815   0
0.57582073066192   0.318586826781178   0.0275604109503711   0.00509382994193391   0
0.615940085915286   0.34098330591724   0.040119355253366   0.0223964791360624   0
0.555685209881035   0.357127633814579   -0.0602548760342512   0.0161443278973392   0
0.575022547755834   0.362423945327116   0.0193373378747987   0.00529631151253718   0
0.58459126684258   0.378064039365357   0.00956871908674672   0.0156400940382405   0
0.55849580882303   0.39031363282782   -0.0260954580195509   0.012249593462463   0
0.592075400087894   0.376861788556495   0.0335795912648648   -0.013451844271325   0
0.484340052231787   0.377001691207082   -0.107735347856107   0.000139902650587387   0
0.552665872857742   0.391284893097728   0.0683258206259552   0.0142832018906455   0
0.559560236589556   0.40039326725733   0.00689436373181407   0.00910837415960286   0
0.561514300540743   0.411241127644719   0.00195406395118702   0.0108478603873886   0
0.600173057000471   0.42727440459996   0.0386587564597274   0.0160332769552406   0
0.539029276125936   0.426105873284152   -0.0611437808745345   -0.00116853131580735   0
0.592114157452674   0.412483791015174   0.0530848813267381   -0.013622082268978   0
0.597963478659266   0.436083676950021   0.00584932120659165   0.0235998859348464   0
0.571504923268908   0.461619156090278   -0.026458555390358   0.0255354791402568   0
0.664850500918485   0.482365627951972   0.093345577649577   0.0207464718616941   0
0.605084785018596   0.475467959883997   -0.0597657158998891   -0.00689766806797493   0
0.65135168535976   0.470040606848494   0.0462669003411647   -0.00542735303550318   0
0.649079683444806   0.45108739553356   -0.0022720019149538   -0.018953211314934   0
0.665745621441854   0.463829732488658   0.0166659379970473   0.0127423369550984   0
0.646448817638527   0.48704770578199   -0.0192968038033264   0.0232179732933321   0
0.694386472094611   0.488150964176555   0.0479376544560838   0.0011032583945646   0
0.647458663750212   0.489844023159414   -0.046927808344399   0.00169305898285887   0
0.710752560713643   0.473092741679948   0.0632938969634306   -0.0167512814794655   0
0.657771073694914   0.463151759788031   -0.0529814870187286   -0.00994098189191706   0
0.600240036103258   0.454830054528062   -0.0575310375916563   -0.00832170525996889   0
0.669823156386885   0.47453714150159   0.0695831202836279   0.0197070869735279   0
0.635836096515045   0.49803827823321   -0.0339870598718403   0.0235011367316197   0
0.692868491712533   0.506890155306108   0.0570323951974874   0.00885187707289803   0
0.627008138925995   0.480646253288996   -0.0658603527865375   -0.0262439020171114   0
0.630266036932373   0.473221405651995   0.00325789800637832   -0.00742484763700141   0
0.676756150350331   0.484953652043677   0.0464901134179577   0.0117322463916823   0
0.65564560769633   0.511720921938169   -0.0211105426540011   0.0267672698944921   0
0.69531350766327   0.515718003717875   0.0396678999669398   0.00399708177970559   0
0.731620433204951   0.531509863320992   0.036306925541681   0.0157918596031176   0
0.667811100414661   0.505307792924273   -0.0638093327902901   -0.0262020703967195   0
0.672999223553222   0.508412496050697   0.00518812313856143   0.00310470312642408   0
0.783477683659847   0.511999665175916   0.110478460106625   0.00358716912521884   0
0.732825789095908   0.537318352204026   -0.0506518945639393   0.0253186870281104   0
0.763827689077844   0.529930938732114   0.0310018999819363   -0.00738741347191174   0
0.752058532205606   0.558963550642168   -0.0117691568722386   0.0290326119100539   0
0.674172097430441   0.539533272751783   -0.0778864347751647   -0.0194302778903852   0
0.781060486493844   0.541161746616942   0.106888389063403   0.0016284738651593   0
0.771681672322752   0.538486481809432   -0.00937881417109132   -0.00267526480751024   0
0.841976019602696   0.541267091436612   0.070294347279944   0.00278060962717996   0
0.864194276376556   0.567529905658724   0.02221825677386   0.0262628142221116   0
0.846886567914523   0.578831712623151   -0.0173077084620337   0.011301806964427   0
0.8874171508417   0.594687265622234   0.040530582927177   0.0158555529990836   0
0.852313014789168   0.539345059317549   -0.0351041360525322   -0.0553422063046858   0
1.03538165340453   0.553254340701905   0.183068638615358   0.0139092813843568   0
0.834474997030043   0.553594554158095   -0.200906656374483   0.000340213456189731   0
0.811996127998194   0.589107418219292   -0.0224788690318486   0.035512864061197   0
0.846784114691253   0.554316977363584   0.0347879866930592   -0.0347904408557081   0
0.911806570565101   0.58443573228136   0.0650224558738475   0.0301187549177765   0
0.989182116148993   0.591351502177427   0.0773755455838921   0.00691576989606701   0
0.90268415331222   0.569024516406367   -0.0864979628367726   -0.0223269857710603   0
0.968620764529648   0.572682707804898   0.0659366112174278   0.00365819139853063   0
0.946545765792125   0.587778917354561   -0.0220749987375234   0.0150962095496633   0
0.918305058356971   0.582064797706407   -0.0282407074351537   -0.00571411964815449   0
0.944556284906834   0.586664871892165   0.026251226549863   0.00460007418575814   0
0.921596207985905   0.586459688752134   -0.0229600769209288   -0.000205183140030707   0
0.9840638801084   0.602195740853421   0.062467672122495   0.0157360521012866   0
1.02768309278542   0.60307606435279   0.0436192126770167   0.000880323499368951   0
0.984320231617231   0.628126520466219   -0.0433628611681856   0.0250504561134298   0
1.01053740764852   0.628975853210002   0.0262171760312928   0.000849332743782516   0
1.02692164947965   0.633143301312981   0.0163842418311231   0.00416744810297887   0
0.993207308193511   0.647052164178051   -0.0337143412861364   0.0139088628650706   0
1.05529908385869   0.653950994039309   0.0620917756651836   0.00689882986125734   0
1.01539918541724   0.667384004969403   -0.0398998984414518   0.0134330109300941   0
1.07643010448658   0.699251442390003   0.0610309190693419   0.0318674374206003   0
1.06375182257611   0.698795465588644   -0.0126782819104727   -0.000455976801359004   0
1.00975084971888   0.721147944476201   -0.0540009728572322   0.0223524788875569   0
1.08938341177613   0.709822482974793   0.0796325620572493   -0.0113254615014083   0
1.04549307441274   0.714933810465172   -0.0438903373633905   0.00511132749037901   0
1.06909055493957   0.718688010900766   0.0235974805268324   0.00375420043559449   0
1.12878315678167   0.694155648724585   0.0596926018421022   -0.0245323621761808   0
1.06895479094768   0.704625307138659   -0.0598283658339924   0.010469658414074   0
1.12011214544839   0.716155799463357   0.0511573545007113   0.0115304923246975   0
1.07814140283174   0.715469772351879   -0.0419707426166487   -0.000686027111477472   0
1.12850943834821   0.725949980724051   0.05036803551647   0.0104802083721717   0
1.1276608346307   0.73317827741638   -0.000848603717516383   0.00722829669232872   0
1.07386184185769   0.733522496253523   -0.0537989927730025   0.000344218837143417   0
1.15666206439954   0.7399626069196   0.0828002225418429   0.00644011066607653   0
1.12593699110785   0.72706389031931   -0.0307250732916868   -0.0128987166002895   0
1.11705033396217   0.733450459128802   -0.00888665714567871   0.00638656880949151   0
1.14012657254973   0.734501418719018   0.0230762385875602   0.00105095959021606   0
1.12582852697247   0.742771768925354   -0.014298045577263   0.0082703502063366   0
1.1562755130889   0.739628041366909   0.0304469861164314   -0.00314372755844539   0
1.1725030588894   0.741421306836066   0.0162275458004995   0.00179326546915715   0
1.16513123036849   0.745999544473889   -0.00737182852090634   0.00457823763782306   0
1.11470838513622   0.747539837717864   -0.0504228452322735   0.00154029324397453   0
1.18912314230361   0.757269981333771   0.0744147571673848   0.00973014361590741   0
1.18327364150563   0.763552149666446   -0.00584950079797242   0.00628216833267448   0
1.19913946148895   0.76135055202515   0.0158658199833137   -0.00220159764129602   0
1.23708102570729   0.767954143284122   0.0379415642183434   0.00660359125897259   0
1.21656098804992   0.788700190570695   -0.0205200376573689   0.0207460472865725   0
1.22953525188382   0.804327590432686   0.0129742638338957   0.015627399861991   0
1.2145289898578   0.772574611493932   -0.0150062620260198   -0.0317529789387535   0
1.2055637037689   0.783549408193414   -0.0089652860888918   0.0109747966994823   0
1.233621628729   0.790536073774625   0.028057924960099   0.00698666558121097   0
1.22506187152527   0.808200656862051   -0.00855975720373259   0.0176645830874251   0
1.28895639102182   0.822172979765967   0.0638945194965508   0.0139723229039169   0
1.23028279367347   0.831053876949172   -0.058673597348351   0.00888089718320484   0
1.22433867217899   0.826237460202725   -0.00594412149448598   -0.00481641674644695   0
1.25791487235544   0.832495213780386   0.0335762001764537   0.00625775357766045   0
1.22584667725658   0.843802106416102   -0.0320681950988577   0.0113068926357157   0
1.27155185929045   0.863025465931336   0.0457051820338688   0.0192233595152347   0
1.24082668492461   0.867699635220766   -0.0307251743658388   0.00467416928942965   0
1.2072168841948   0.883614282122579   -0.0336098007298113   0.0159146469018128   0
1.29475928587402   0.91261449712132   0.0875424016792195   0.0290002149987417   0
1.29179530703359   0.902204196063868   -0.00296397884043187   -0.0104103010574526   0
1.25921304857637   0.91098427013039   -0.0325822584572155   0.00878007406652259   0
1.28165123076795   0.900466676299018   0.0224381821915778   -0.0105175938313727   0
1.24520440439833   0.917666264240437   -0.0364468263696192   0.0171995879414195   0
1.29261548057495   0.930516205527878   0.0474110761766162   0.0128499412874408   0
1.28349009744719   0.935056322986081   -0.00912538312775557   0.00454011745820293   0
1.2501174127297   0.943494770248357   -0.0333726847174907   0.00843844726227605   0
1.30760398145807   0.938044639041235   0.0574865687283712   -0.00545013120712234   0
1.25399577361529   0.965860680960251   -0.0536082078427853   0.0278160419190167   0
1.2916777338396   0.977038656923179   0.0376819602243119   0.011177975962928   0
1.29235735592521   0.961124652334441   0.000679622085611786   -0.0159140045887384   0
1.24905301218563   0.972438348802123   -0.0433043437395784   0.0113136964676824   0
1.30171206138915   0.9865504083928   0.0526590492035224   0.0141120595906764   0
1.28206049564636   0.994464980554871   -0.01965156574279   0.00791457216207148   0
1.32865806173899   0.994318099280231   0.0465975660926226   -0.000146881274640687   0
1.30348872869312   0.989288980871616   -0.0251693330458689   -0.00502911840861475   0
1.27785941924963   0.997097028593632   -0.0256293094434881   0.00780804772201615   0
1.29256413940818   1.00858635712826   0.0147047201585468   0.0114893285346261   0
1.25891261703503   0.994299314180091   -0.0336515223731415   -0.0142870429481667   0
1.33847566391474   0.98241867793739   0.0795630468797035   -0.011880636242701   0
1.20620195150273   1.00005446752177   -0.132273712412006   0.0176357895843794   0
1.26850732963787   1.02537463224862   0.0623053781351377   0.0253201647268537   0
1.28827032361069   1.02046657064318   0.0197629939728232   -0.00490806160544466   0
1.30897350506609   1.02615425824105   0.0207031814553948   0.00568768759787619   0
1.34322445867249   1.04825534803024   0.0342509536064006   0.0221010897891853   0
1.31745050336246   1.06664498239761   -0.0257739553100285   0.0183896343673706   0
1.3609291699791   1.05450739752787   0.0434786666166391   -0.0121375848697414   0
1.38663132384387   1.04826352645697   0.0257021538647695   -0.00624387107090074   0
1.35080548514433   1.0621837298222   -0.035825838699542   0.013920203365231   0
1.43654499548918   1.07382667133667   0.0857395103448504   0.0116429415144736   0
1.41152062069599   1.09511612890472   -0.0250243747931846   0.021289457568042   0
1.42781552294055   1.10827538489324   0.0162949022445587   0.0131592559885201   0
1.46497928818704   1.11572817450936   0.0371637652464865   0.00745278961612916   0
1.45830997904012   1.12003493194364   -0.0066693091469161   0.00430675743427766   0
1.41568830329314   1.11475817409753   -0.0426216757469851   -0.00527675784611636   0
1.47668226824358   1.12472146221809   0.0609939649504418   0.00996328812056468   0
1.45137160559417   1.11741972263738   -0.025310662649408   -0.00730173958071023   0
1.50281746250435   1.13890235142219   0.0514458569101752   0.021482628784812   0
1.47028401105637   1.12728953374854   -0.0325334514479783   -0.0116128176736527   0
1.4224750768379   1.12987370606143   -0.0478089342184638   0.00258417231289432   0
1.49106232803998   1.1354361322853   0.0685872512020747   0.00556242622386538   0
1.4772126643175   1.14353202503209   -0.0138496637224805   0.00809589274679356   0
1.44680800468238   1.12610668886167   -0.0304046596351211   -0.0174253361704202   0
1.50522617206518   1.13354064340731   0.0584181673828053   0.00743395454563323   0
1.40739867897089   1.12225791791248   -0.0978274930942942   -0.0112827254948282   0
1.43929349079564   1.15548922006752   0.0318948118247493   0.0332313021550439   0
1.47586674818325   1.1412868468607   0.036573257387613   -0.0142023732068168   0
1.41962174623841   1.15729356315381   -0.0562450019448371   0.0160067162931088   0
1.46850920936506   1.16303491248382   0.0488874631266494   0.00574134933000758   0
1.52480507321821   1.1614439013492   0.0562958638531508   -0.00159101113462135   0
1.54136246216294   1.17529344011921   0.0165573889447268   0.013849538770011   0
