0.0802976393853518   0.078879199189536   0   0   0
0.0630767107203602   0.0676239917039434   -0.0172209286649916   -0.0112552074855927   0
0.0614790165572775   0.0678156916412787   -0.00159769416308268   0.000191699937335366   0
0.0506537019592286   0.0700822506280478   -0.0108253145980489   0.00226655898676903   0
0.135404843152673   0.0789303767758727   0.0847511411934445   0.00884812614782494   0
0.0940319899563441   0.0619846423018938   -0.041372853196329   -0.0169457344739789   0
0.0509447904533761   0.0768848887429853   -0.043087199502968   0.0149002464410915   0
0.0703363528201456   0.0753227451562158   0.0193915623667695   -0.00156214358676952   0
0.0543140840395933   0.0779799686721853   -0.0160222687805523   0.00265722351596953   0
0.0674675813530884   0.0704401386018377   0.0131534973134951   -0.00753983007034763   0
0.0549096530321181   0.0563017945269396   -0.0125579283209702   -0.0141383440748981   0
0.0626078596859604   0.0519233599926249   0.00769820665384222   -0.00437843453431464   0
0.0931720414171548   0.061551475657544   0.0305641817311944   0.009628115664919   0
0.0565310265702826   0.0546883799193551   -0.0366410148468721   -0.00686309573818883   0
0.0592433388260655   0.0586714012263641   0.00271231225578287   0.00398302130700898   0
0.0749459406653889   0.0341296919889779   0.0157026018393234   -0.0245417092373862   0
0.0652264122224272   0.0301659747355676   -0.00971952844296174   -0.00396371725341031   0
0.0547475230502066   0.0262764877807318   -0.0104788891722206   -0.00388948695483572   0
0.0593938663034526   0.0298082529169356   0.004646343253246   0.00353176513620377   0
0.077849572036974   0.0256901607941547   0.0184557057335214   -0.00411809212278088   0
0.0445315596759197   0.0347904732646022   -0.0333180123610542   0.00910031247044746   0
0.0608259005542869   0.0341079226551911   0.0162943408783672   -0.000682550609411067   0
0.0575887622705159   0.0486734684816585   -0.00323713828377095   0.0145655458264673   0
0.0487513332767423   0.0359678279292064   -0.00883742899377365   -0.0127056405524521   0
0.0634646506800439   0.0372439736820939   0.0147133174033016   0.00127614575288745   0
0.0563776669042805   0.0294126940869499   -0.00708698377576347   -0.00783127959514391   0
0.079792199812137   0.0263507960309551   0.0234145329078566   -0.00306189805599482   0
0.0532938220312871   0.0380239379662339   -0.0264983777808499   0.0116731419352787   0
0.0510407204475995   0.035611932625526   -0.00225310158368759   -0.00241200534070789   0
0.105812575700103   0.0271242451647857   0.0547718552525034   -0.00848768746074027   0
0.0630179748013216   0.0321537955570567   -0.0427946008987813   0.00502955039227103   0
0.0573199700754458   0.0298492400741811   -0.00569800472587579   -0.0023045554828756   0
0.0734758208303929   0.0264828270583977   0.0161558507549471   -0.00336641301578344   0
0.116194352648698   0.0436076887046338   0.0427185318183051   0.0171248616462362   0
0.0768136620725767   0.0150973910351259   -0.0393806905761214   -0.0285102976695079   0
0.100974056472393   0.0401766518639321   0.0241603943998163   0.0250792608288062   0
0.0822606412921149   0.0345417063742152   -0.018713415180278   -0.00563494548971691   0
0.0748527935469539   0.0392728812505525   -0.00740784774516104   0.00473117487633731   0
0.0902552691126673   0.050213647143431   0.0154024755657134   0.0109407658928785   0
0.0695594586756539   0.0301716024175051   -0.0206958104370134   -0.0200420447259259   0
0.130590551157731   0.0572967790638357   0.0610310924820772   0.0271251766463306   0
0.0947380632506808   0.0440368720310605   -0.0358524879070503   -0.0132599070327752   0
0.0892126455575666   0.0402111497654198   -0.00552541769311424   -0.00382572226564066   0
0.112507190850941   0.0607114888277657   0.0232945452933742   0.0205003390623459   0
0.0822942905087589   0.0407434913236645   -0.0302129003421819   -0.0199679975041012   0
0.126413378362498   0.0680614405669062   0.0441190878537388   0.0273179492432417   0
0.0992361837773904   0.00961272069190742   -0.0271771945851073   -0.0584487198749987   0
0.104045399504928   0.0439713154105321   0.00480921572753724   0.0343585947186247   0
0.100776339923863   0.0384751884017804   -0.00326905958106458   -0.0054961270087517   0
0.0796774223985691   0.0379690483700869   -0.021098917525294   -0.000506140031693518   0
0.144232989913265   0.0573542468849814   0.0645555675146959   0.0193851985148945   0
0.0945699538087018   0.0184571776675769   -0.0496630361045632   -0.0388970692174045   0
0.345005532642594   0.109584298888401   0.250435578833892   0.0911271212208245   0
0.136418747721932   0.0949803406229679   -0.208586784920662   -0.0146039582654336   0
0.176819590724984   0.136619819512031   0.0404008430030527   0.0416394788890634   0
0.0684500355793918   0.100996344357407   -0.108369555145592   -0.035623475154624   0
0.14976101176785   0.0403449579273002   0.0813109761884579   -0.0606513864301071   0
0.101734167477058   0.0374271162562653   -0.0480268442907921   -0.0029178416710349   0
0.165745089205563   0.0747332742543106   0.0640109217285053   0.0373061579980453   0
0.0890061792668666   0.0875948491377918   -0.0767389099386963   0.0128615748834812   0
0.152357922071351   0.0828582444163675   0.0633517428044848   -0.00473660472142426   0
0.0959792758242111   0.100873559032149   -0.0563786462471403   0.0180153146157817   0
0.0803558151321359   0.0869334500478958   -0.0156234606920753   -0.0139401089842534   0
0.127594145644775   0.0859683309631227   0.0472383305126389   -0.000965119084773133   0
0.115981895220806   0.0632320666707368   -0.0116122504239689   -0.0227362642923859   0
0.0816225810751535   0.0805460434444331   -0.0343593141456524   0.0173139767736963   0
0.0883356979682869   0.0517968714579484   0.00671311689313339   -0.0287491719864847   0
0.118514443521834   0.0586691547227544   0.0301787455535472   0.00687228326480607   0
0.101733048442431   0.0433295740933802   -0.0167813950794027   -0.0153395806293742   0
0.112695096562051   0.0472113321352377   0.0109620481196196   0.00388175804185747   0
0.117479200028516   0.0340311074664596   0.00478410346646466   -0.013180224668778   0
0.138146755093886   0.0634815858741336   0.0206675550653699   0.029450478407674   0
0.117753141483911   0.0480956690036247   -0.0203936136099744   -0.0153859168705089   0
0.128355744071584   0.0669111050270432   0.010602602587673   0.0188154360234185   0
0.113847522865893   0.0550314821029175   -0.0145082212056912   -0.0118796229241257   0
0.122739756993253   0.0718562229438933   0.00889223412736052   0.0168247408409758   0
0.108786177162588   0.0318554862703428   -0.0139535798306653   -0.0400007366735505   0
0.10865959801757   0.066672360762697   -0.000126579145017625   0.0348168744923542   0
0.101501175199256   0.0637299731964774   -0.00715842281831476   -0.00294238756621966   0
0.122545854465543   0.0692268424090051   0.0210446792662871   0.00549686921252771   0
0.117330093773507   0.0496318441800345   -0.00521576069203558   -0.0195949982289706   0
0.119698283142951   0.0476452223894747   0.00236818936944348   -0.00198662179055982   0
0.13617455778129   0.0624877442872008   0.0164762746383397   0.0148425218977261   0
0.113823503319965   0.0672950539783291   -0.0223510544613258   0.00480730969112826   0
0.111014391658064   0.0556626934306543   -0.00280911166190076   -0.0116323605476748   0
0.108166161139101   0.0748516007775552   -0.00284823051896271   0.0191889073469009   0
0.107603781002435   0.0559994997840606   -0.000562380136666124   -0.0188521009934946   0
0.100977277167537   0.0678141722645143   -0.00662650383489799   0.0118146724804538   0
0.0999774771968167   0.0647933067706165   -0.000999799970720361   -0.00302086549389781   0
0.0995814111593027   0.0555496031449595   -0.000396066037513979   -0.00924370362565699   0
0.142772059391605   0.0973601425416018   0.0431906482323023   0.0418105393966423   0
0.0902162054850042   0.0543407321894221   -0.0525558539066009   -0.0430194103521797   0
0.104313222589181   0.0538698957988133   0.0140970171041767   -0.000470836390608874   0
0.108294617007541   0.0500243445066999   0.00398139441836017   -0.00384555129211334   0
0.106995382424335   0.0618472860212556   -0.00129923458320649   0.0118229415145557   0
0.106806237498612   0.0483127988343927   -0.000189144925722154   -0.0135344871868629   0
0.111671256894288   0.0763802547533392   0.00486501939567531   0.0280674559189465   0
0.111139665851126   0.0676820505020534   -0.000531591043161445   -0.00869820425128588   0
0.0996386370204852   0.0653252164048519   -0.0115010288306411   -0.0023568340972015   0
0.0951249355294336   0.0711637936128513   -0.00451370149105156   0.00583857720799948   0
0.100093377343091   0.0633097905354527   0.00496844181365735   -0.00785400307739859   0
0.135946364292319   0.0956773644877016   0.0358529869492284   0.0323675739522488   0
0.0963851827786823   0.072236420510588   -0.039561181513637   -0.0234409439771136   0
0.118357841416528   0.0873730681066683   0.0219726586378457   0.0151366475960803   0
0.100235500200927   0.0848530488634469   -0.0181223412156012   -0.00252001924322146   0
0.103835035398655   0.0776386247867967   0.0035995351977285   -0.00721442407665017   0
0.12839360913519   0.0804859100394908   0.0245585737365349   0.00284728525269408   0
0.0985786548325062   0.0716704545234297   -0.029814954302684   -0.00881545551606111   0
0.129029317247826   0.0767976167607107   0.0304506624153193   0.00512716223728109   0
0.114974910993181   0.0642876503391981   -0.0140544062546441   -0.0125099664215126   0
0.124745752291972   0.0654237867015507   0.0097708412987904   0.00113613636235257   0
0.129218478077557   0.0826070433000268   0.00447272578558483   0.0171832565984761   0
0.118797884455295   0.072109174511795   -0.0104205936222613   -0.0104978687882318   0
0.133810718049714   0.0908690252314973   0.0150128335944184   0.0187598507197024   0
0.113096285901748   0.0768966208004129   -0.0207144321479655   -0.0139724044310844   0
0.120324000536759   0.0777601253070621   0.00722771463501076   0.000863504506649168   0
0.135217965248446   0.0768966208004129   0.0148939647116871   -0.000863504506649168   0
0.131825963589499   0.0824703780564422   -0.00339200165894687   0.00557375725602924   0
0.149634900591707   0.0948245503365162   0.0178089370022076   0.0123541722800741   0
0.129228890599123   0.0876871728961682   -0.0204060099925843   -0.00713737744034802   0
0.130517446617224   0.0922307920139608   0.00128855601810171   0.00454361911779261   0
0.128528614668524   0.100304871809761   -0.0019888319487   0.00807407979579976   0
0.128647579138707   0.0930760672078086   0.000118964470183169   -0.00722880460195201   0
0.154829892240129   0.101450842484205   0.0261823131014217   0.00837477527639656   0
0.138018429715926   0.0973567779578803   -0.0168114625242032   -0.00409406452632487   0
0.140317374975054   0.103595551673527   0.00229894525912835   0.00623877371564721   0
0.160455249777157   0.132888953205534   0.0201378748021031   0.0292934015320061   0
0.125905239516471   0.104799481640238   -0.0345500102606862   -0.028089471565296   0
0.159298220872355   0.0965665312587907   0.0333929813558837   -0.0082329503814469   0
0.145016601725596   0.0992890357536647   -0.0142816191467594   0.00272250449487398   0
0.143485955307105   0.0954336724834322   -0.00153064641849068   -0.00385536327023249   0
0.154464040595376   0.104154626458658   0.0109780852882712   0.00872095397522542   0
0.145472404190142   0.106190174699805   -0.00899163640523423   0.00203554824114689   0
0.148973507692747   0.100599015300126   0.00350110350260496   -0.00559115939967843   0
0.146170145282475   0.0998013165389866   -0.00280336241027135   -0.00079769876113947   0
0.136653919622563   0.115237915782589   -0.00951622565991214   0.0154365992436021   0
0.143321083659488   0.0977589791951869   0.00666716403692477   -0.0174789365874017   0
0.133991491446174   0.121984296864863   -0.00932959221331459   0.0242253176696759   0
0.135301635108228   0.0894369271256286   0.00131014366205418   -0.0325473697392343   0
0.141630460493956   0.0938060407690917   0.00632882538572815   0.00436911364346314   0
0.149772491733996   0.0826964809530158   0.00814203124004045   -0.0111095598160759   0
0.150719094899419   0.106315953266267   0.000946603165422472   0.0236194723132509   0
0.15453585680169   0.072318682838064   0.00381676190227107   -0.0339972704282026   0
0.184703421199933   0.108367662963462   0.0301675643982435   0.036048980125398   0
0.168446214157138   0.0753758841616468   -0.0162572070427954   -0.0329917788018152   0
0.171954989338315   0.0957390092614552   0.00350877518117695   0.0203631250998084   0
0.16247321002076   0.0904765898154047   -0.00948177931755489   -0.00526241944605045   0
0.161959259072552   0.0762637132458976   -0.000513950948208081   -0.0142128765695071   0
0.159597207686256   0.0923184651127958   -0.00236205138629572   0.0160547518668982   0
0.164101642454212   0.0648261715729843   0.00450443476795565   -0.0274922935398115   0
0.168702633974043   0.0837504129610117   0.00460099151983132   0.0189242413880274   0
0.159584722291484   0.0673960246116008   -0.00911791168255943   -0.0163543883494109   0
0.179293517826858   0.0612398906242288   0.0197087955353747   -0.00615613398737203   0
0.173159070252355   0.068810805086556   -0.00613444757450346   0.00757091446232725   0
0.175815103866903   0.0635528982928395   0.00265603361454836   -0.00525790679371652   0
0.172775492546513   0.0730322835505813   -0.00303961132039082   0.00947938525774177   0
0.169310951483388   0.0653608874599328   -0.00346454106312499   -0.00767139609064844   0
0.162769068775263   0.0797715879005959   -0.00654188270812422   0.0144107004406631   0
0.151006720323468   0.0801079671843725   -0.0117623484517956   0.000336379283776569   0
0.151917807692054   0.0710749173280033   0.000911087368586611   -0.0090330498563692   0
0.15751124355896   0.0762427920491013   0.00559343586690561   0.00516787472109799   0
0.149351826265373   0.0662810733133524   -0.00815941729358713   -0.00996171873574883   0
0.1500416679729   0.0750086820028188   0.000689841707527339   0.0087276086894664   0
0.144248204810493   0.0745273984258474   -0.00579346316240695   -0.000481283576971456   0
0.162110761158104   0.0548030342974274   0.0178625563476113   -0.01972436412842   0
