0.283184417077229   0.0879416081334655   0   0   0
0.321062957757665   0.0722872771006074   0.0378785406804357   -0.0156543310328581   0
0.328687466996553   0.0675553029683829   0.00762450923888813   -0.00473197413222452   0
0.305211405308082   0.0568303320424269   -0.0234760616884707   -0.0107249709259559   0
0.302000226145095   0.0710270368343985   -0.0032111791629873   0.0141967047919715   0
0.265761645561149   0.0632649375170562   -0.0362385805839455   -0.00776209931734229   0
0.290418798255984   0.0505612655281936   0.0246571526948348   -0.0127036719888626   0
0.233033630452903   0.278540258683552   -0.0573851678030815   0.227978993155358   1
0.311104943660238   0.166458356926748   0.0780713132073356   -0.112081901756804   1
0.186893225287515   0.134584143808028   -0.124211718372723   -0.0318742131187194   0
0.183099443725561   0.121966803267324   -0.00379378156195412   -0.0126173405407046   0
0.154179287511909   0.105477782352209   -0.028920156213652   -0.0164890209151144   0
0.230161030691753   0.0961414835170022   0.0759817431798436   -0.00933629883520697   0
0.174698006710437   0.0719080935672404   -0.0554630239813156   -0.0242333899497618   0
0.209106917736478   0.0721521101235612   0.0344089110260402   0.000244016556320781   0
0.131673203768155   0.0590672018807604   -0.0774337139683229   -0.0130849082428008   0
0.15305615415987   0.0494303388572747   0.0213829503917156   -0.00963686302348568   0
0.145966818643142   0.0616602799937894   -0.00708933551672805   0.0122299411365147   0
0.112614185041628   0.068076554658781   -0.0333526336015145   0.00641627466499167   0
0.133511931341922   0.058611899205878   0.0208977463002938   -0.00946465545290304   0
0.0834025119682255   0.0331290793168555   -0.0501094193736961   -0.0254828198890225   0
0.117783714804594   0.0442798735432761   0.0343812028363688   0.0111507942264207   0
0.117649838823052   0.0343516309544525   -0.000133875981542783   -0.00992824258882362   0
0.120031134701335   0.0399391667067128   0.0023812958782834   0.00558753575226033   0
0.136354983543803   0.0643623778622652   0.0163238488424685   0.0244232111555523   0
0.132674374116074   0.0540684975194891   -0.00368060942772891   -0.010293880342776   0
0.13998123449152   0.0674993602590054   0.00730686037544581   0.0134308627395163   0
0.132847422660171   0.0731777050501893   -0.00713381183134976   0.0056783447911839   0
0.166215722830062   0.0767044018234449   0.0333683001698915   0.00352669677325562   0
0.158689765361254   0.0853659633539768   -0.00752595746880758   0.00866156153053181   0
0.16064391946865   0.0977967408175753   0.00195415410739522   0.0124307774635986   0
0.182572065919324   0.10222363079489   0.0219281464506744   0.00442688997731477   0
0.19185870081474   0.114762688133829   0.00928663489541617   0.0125390573389389   0
0.155735371920243   0.152757033700424   -0.0361233288944972   0.037994345566595   0
0.198885602793962   0.175451475002663   0.043150230873719   0.0226944413022387   0
0.199266206236306   0.195163125601739   0.000380603442344002   0.0197116505990758   0
0.213180566493876   0.206426418365243   0.0139143602575703   0.0112632927635048   0
0.232672347545642   0.215264507433884   0.0194917810517657   0.00883808906864011   0
0.206122082078032   0.22500660015709   -0.0265502654676101   0.00974209272320634   0
0.223038737802293   0.237186411376901   0.0169166557242612   0.0121798112198111   0
0.222255643351614   0.219220180197564   -0.000783094450678617   -0.0179662311793369   0
0.237547255597471   0.222808357772038   0.0152916122458562   0.00358817757447388   0
0.217171575147175   0.222516798958107   -0.020375680450296   -0.000291558813931253   0
0.236285067313383   0.235858614791388   0.0191134921662086   0.0133418158332815   0
0.231368646294516   0.237544083324578   -0.00491642101886705   0.00168546853318979   0
0.264821718779805   0.24869232093865   0.0334530724852887   0.0111482376140719   0
0.264681989982016   0.256533124374928   -0.000139728797788785   0.00784080343627849   0
0.266366137760133   0.267147005600423   0.00168414777811671   0.0106138812254947   0
0.241874303704962   0.275203991820166   -0.0244918340551711   0.00805698621974327   0
0.264059435938199   0.299422662033354   0.0221851322332377   0.0242186702131874   0
0.26536626688562   0.286970753249543   0.00130683094742051   -0.012451908783811   0
0.282492300376931   0.296028309025505   0.0171260334913108   0.0090575557759624   0
0.247463862232375   0.28360608187791   -0.0350284381445552   -0.0124222271475948   0
0.168211729769907   0.31533195636107   -0.0792521324624688   0.0317258744831599   0
0.216392906311228   0.355167123059891   0.0481811765413216   0.039835166698821   0
0.221471490784006   0.376097804701237   0.00507858447277768   0.0209306816413459   0
0.233560449924725   0.35965090837818   0.0120889591407191   -0.0164468963230573   0
0.237971719482463   0.366407757751269   0.0044112695577378   0.00675684937308896   0
0.243446859446137   0.359670919006614   0.00547513996367427   -0.00673683874465458   0
0.215274787983289   0.374910158580026   -0.0281720714628482   0.0152392395734113   0
0.234114585675071   0.398175654848539   0.0188397976917818   0.0232654962685129   0
0.235110799454725   0.410716689637151   0.000996213779654503   0.0125410347886125   0
0.230337733236133   0.41340044061346   -0.00477306621859214   0.00268375097630852   0
0.22075908897033   0.419496052123855   -0.00957864426580327   0.00609561151039517   0
0.217119810075975   0.42127662778304   -0.00363927889435442   0.00178057565918527   0
0.220511756381468   0.445282245637037   0.00339194630549286   0.024005617853997   0
0.22158608328776   0.465406088624225   0.0010743269062915   0.0201238429871879   0
0.232804957102485   0.476074370900703   0.0112188738147255   0.010668282276478   0
0.235876029666624   0.475149216368132   0.00307107256413858   -0.000925154532570804   0
0.238180831010999   0.485714123001123   0.00230480134437505   0.0105649066329908   0
0.214524383071133   0.446742217450959   -0.0236564479398664   -0.0389719055501638   0
0.255896926667379   0.415122312813946   0.0413725435962466   -0.0316199046370127   0
0.250357186647398   0.464601974448021   -0.00553974001998125   0.049479661634075   0
0.244408829149522   0.502773826626098   -0.00594835749787634   0.0381718521780769   0
0.24439931200699   0.546556521812932   -9.51714253161207e-06   0.0437826951868335   0
0.255020772352156   0.553110987972125   0.0106214603451657   0.00655446615919286   0
0.24893484134978   0.567795008415229   -0.00608593100237595   0.0146840204431042   0
0.256085757837799   0.570046010809873   0.00715091648801966   0.00225100239464426   0
0.247821738856552   0.561988129104388   -0.00826401898124765   -0.00805788170548549   0
0.266702098015389   0.561327354366639   0.018880359158837   -0.000660774737749059   0
0.275528117127254   0.582392216920436   0.00882601911186565   0.021064862553797   0
0.275823539853454   0.602243615974881   0.000295422726199757   0.0198513990544453   0
0.266403929340184   0.584276400304685   -0.00941961051326962   -0.0179672156701964   0
0.281133342334843   0.587359659984621   0.0147294129946585   0.00308325967993661   0
0.300574793799963   0.59541128295427   0.0194414514651196   0.00805162296964901   0
0.294456412704173   0.631607905459155   -0.00611838109578999   0.0361966225048843   0
0.316638098443633   0.622675493159559   0.0221816857394607   -0.00893241229959552   0
0.301137955075427   0.632595707182913   -0.0155001433682061   0.00992021402335408   0
0.315796229389206   0.638029887429656   0.0146582743137788   0.00543418024674325   0
0.313256077684057   0.636454702401711   -0.00254015170514887   -0.00157518502794585   0
0.309299909291435   0.654093097316429   -0.00395616839262197   0.0176383949147187   0
0.319823732525027   0.636685321862378   0.0105238232335919   -0.017407775454051   0
0.312026038665942   0.646919806440682   -0.00779769385908485   0.0102344845783042   0
0.336412235951905   0.65931708062813   0.0243861972859626   0.0123972741874475   0
0.3291419193395   0.662714820077422   -0.00727031661240463   0.00339773944929211   0
0.321334925656534   0.657900295911356   -0.00780699368296645   -0.00481452416606609   0
0.336288973555616   0.660830294391268   0.0149540478990826   0.00292999847991204   0
0.34950879224134   0.687437400557498   0.0132198186857235   0.0266071061662301   0
0.345937805634712   0.69429500999107   -0.00357098660662752   0.00685760943357194   0
0.34361481041713   0.679824892580619   -0.00232299521758256   -0.0144701174104511   0
0.34314398369648   0.673230685405085   -0.000470826720649853   -0.00659420717553427   0
0.33405093919612   0.703491201550702   -0.00909304450035964   0.030260516145617   0
0.315529336796137   0.725159885077077   -0.0185216023999833   0.0216686835263757   0
0.340236111284046   0.742829604668695   0.0247067744879095   0.0176697195916177   0
0.337199495119729   0.736599583522995   -0.00303661616431755   -0.00623002114569982   0
0.340592232572089   0.75423642174122   0.00339273745236018   0.0176368382182251   0
0.351143740498104   0.759026375920824   0.0105515079260152   0.00478995417960371   0
0.346510695257737   0.774979107974531   -0.00463304524036767   0.0159527320537072   0
0.467693801168895   0.787347555814775   0.121183105911158   0.0123684478402436   0
0.418664326231648   0.738183438861405   -0.0490294749372469   -0.0491641169533696   0
0.486012288739698   0.808147665908434   0.0673479625080502   0.0699642270470289   0
0.439958570900716   0.82255819880617   -0.0460537178389829   0.0144105328977354   0
0.359780674457384   0.823204248013213   -0.0801778964433317   0.000646049207043697   0
0.361768249018622   0.841951450409998   0.0019875745612386   0.0187472023967851   0
0.371628072779775   0.842434865618108   0.00985982376115291   0.000483415208109905   0
0.369293797949126   0.851902417039798   -0.00233427483064919   0.00946755142168998   0
0.346569256207183   0.843523730836454   -0.0227245417419432   -0.00837868620334448   0
0.356837218065885   0.86581545927019   0.0102679618587022   0.0222917284337363   0
0.365522722776574   0.88299078215602   0.00868550471068863   0.01717532288583   0
0.342722864739077   0.865138531281118   -0.0227998580374962   -0.0178522508749021   0
0.361165871928675   0.879794625823692   0.0184430071895974   0.014656094542574   0
0.339730110838   0.893694864496966   -0.0214357610906745   0.0139002386732739   0
0.340853576881628   0.892494779363583   0.00112346604362784   -0.00120008513338321   0
0.316447302922635   0.886148759582724   -0.0244062739589931   -0.00634601978085891   0
0.321665717366648   0.891649940086495   0.00521841444401244   0.00550118050377102   0
0.311781444875156   0.887007918040476   -0.00988427249149149   -0.00464202204601893   0
0.291566875226662   0.860782475422798   -0.0202145696484939   -0.0262254426176779   0
0.29149994208797   0.857173125802629   -6.69331386919381e-05   -0.00360934962016879   0
0.315659967568411   0.856365625656034   0.0241600254804403   -0.000807500146595586   0
0.330570261993967   0.884220841292208   0.0149102944255565   0.0278552156361744   0
0.334206738217529   0.886054444736609   0.003636476223562   0.00183360344440064   0
0.32370809766603   0.869933236195887   -0.0104986405514991   -0.0161212085407212   0
0.330643631665574   0.878069246854284   0.00693553399954433   0.00813601065839675   0
0.343025678686319   0.881877916567254   0.012382047020745   0.00380866971296934   0
0.343720151861947   0.874305674074148   0.000694473175627763   -0.00757224249310584   0
0.335086659694608   0.870496142289557   -0.00863349216733911   -0.00380953178459098   0
0.357987017363326   0.882961134511735   0.0229003576687177   0.0124649922221783   0
0.334661917944797   0.890443379679051   -0.0233250994185287   0.00748224516731577   0
0.345536574231962   0.885025330823079   0.0108746562871648   -0.00541804885597219   0
0.339350225934565   0.855815592063062   -0.00618634829739717   -0.0292097387600162   0
0.34245528960203   0.843644770793075   0.0031050636674651   -0.0121708212699875   0
0.365742779877129   0.848418405614235   0.0232874902750993   0.00477363482115978   0
0.340034868238965   0.851840571697251   -0.0257079116381643   0.00342216608301649   0
0.362993872799032   0.860208339390522   0.0229590045600676   0.00836776769327108   0
0.358642466153076   0.85073673755428   -0.00435140664595657   -0.00947160183624218   0
0.359315130250884   0.874324896713173   0.000672664097808695   0.0235881591588925   0
0.377352989109666   0.908927036657784   0.0180378588587821   0.034602139944611   0
0.383694434573933   0.892381146687333   0.00634144546426635   -0.0165458899704503   0
0.40033999669742   0.898660320220883   0.0166455621234869   0.00627917353354968   0
0.373857741265525   0.899022063119421   -0.0264822554318949   0.00036174289853752   0
0.426970693038773   0.893728469987529   0.0531129517732482   -0.00529359313189137   0
0.427539769950539   0.89796701382136   0.000569076911766331   0.0042385438338306   0
0.41627734048258   0.911212849518843   -0.011262429467959   0.0132458356974833   0
0.433382599044355   0.911474377354761   0.0171052585617745   0.000261527835918374   0
0.421710052424696   0.902247213780819   -0.0116725466196586   -0.00922716357394293   0
0.435098474557933   0.918077289150538   0.0133884221332365   0.0158300753697194   0
0.432301868530729   0.906778017100244   -0.00279660602720333   -0.0112992720502941   0
0.418706834735236   0.863004500005649   -0.0135950337954936   -0.043773517094595   0
0.421059486883457   0.852627829605186   0.00235265214822117   -0.0103766704004628   0
0.428140926150491   0.857556886511035   0.00708143926703392   0.00492905690584888   0
0.440720960510208   0.870116646725167   0.0125800343597168   0.0125597602141325   0
0.46655127992777   0.889580693336754   0.0258303194175619   0.0194640466115866   0
0.459359393269595   0.837605027468795   -0.00719188665817505   -0.0519756658679595   0
0.317344094254171   0.834230770327522   -0.142015299015424   -0.00337425714127293   0
0.409339113016775   0.822484799440087   0.0919950187626041   -0.0117459708874347   0
