0.165740029663597   0.0995828692886106   0   0   0
0.146311543274104   0.130348957990043   -0.019428486389493   0.0307660887014325   0
0.152468139981047   0.119611818924281   0.00615659670694255   -0.010737139065762   0
0.151759394051538   0.110481967311933   -0.000708745929508509   -0.00912985161234819   0
0.145545426281866   0.100563905989239   -0.00621396776967234   -0.00991806132269388   0
0.153788231231294   0.0975661533942612   0.00824280494942847   -0.0029977525949778   0
0.157686002060868   0.0715734817892249   0.00389777082957363   -0.0259926716050363   0
0.125885136621207   0.0623747648096768   -0.0318008654396606   -0.00919871697954802   0
0.107135320278095   0.0750286050155206   -0.0187498163431122   0.0126538402058437   0
0.072247882987462   0.0699880952060777   -0.034887437290633   -0.00504050980944286   0
0.0583251692697072   0.0513493741641755   -0.0139227137177548   -0.0186387210419022   0
0.064776552441219   0.0365992552389762   0.00645138317151182   -0.0147501189251994   0
0.0455367142991235   0.0445825373205978   -0.0192398381420955   0.00798328208162166   0
0.0556607832284994   0.0552428188838377   0.0101240689293759   0.0106602815632399   0
0.0600379853436972   0.0346942715420172   0.00437720211519781   -0.0205485473418205   0
0.0404459792497351   0.038194836170908   -0.0195920060939621   0.00350056462889078   0
0.042817473713894   0.0391164447833644   0.00237149446415889   0.000921608612456465   0
0.054974163499957   0.0308520620228377   0.012156689786063   -0.00826438276052673   0
0.0502667350546064   0.0165162138039034   -0.00470742844535052   -0.0143358482189343   0
0.0551835953795147   0.0315001905499221   0.0049168603249083   0.0149839767460186   0
0.0555663713900773   0.0327603733462563   0.000382776010562545   0.00126018279633423   0
0.0397903550490568   0.021410133457728   -0.0157760163410205   -0.0113502398885283   0
0.0626294380240634   0.0311780353793777   0.0228390829750066   0.00976790192164963   0
0.0470559589950093   0.0456286880755408   -0.0155734790290541   0.0144506526961632   0
0.049771432551314   0.0461067681788694   0.00271547355630468   0.000478080103328553   0
0.0450868191707954   0.0521526054711316   -0.00468461338051865   0.00604583729226219   0
0.0538552066268434   0.0359762717093503   0.00876838745604806   -0.0161763337617812   0
0.064086587737373   0.0326036008150158   0.0102313811105295   -0.0033726708943345   0
0.052073635907434   0.0314111275484501   -0.012012951829939   -0.00119247326656573   0
0.0552994749928966   0.0356973636360586   0.00322583908546263   0.00428623608760853   0
0.066341742680005   0.045541462853511   0.0110422676871084   0.00984409921745241   0
0.0617127236186348   0.0287643051598244   -0.00462901906137027   -0.0167771576936866   0
0.0678146822253566   0.0262730061057923   0.00610195860672187   -0.00249129905403208   0
0.0550501751050803   0.0425565759216801   -0.0127645071202763   0.0162835698158878   0
0.0714605057721396   0.0416387584644403   0.0164103306670593   -0.000917817457239803   0
0.0678502782398127   0.0566775120099233   -0.00361022753232693   0.015038753545483   0
0.059462570569729   0.063405286339646   -0.0083877076700837   0.0067277743297227   0
0.0842462952450729   0.0712667605309797   0.024783724675344   0.00786147419133365   0
0.0596288593555168   0.0645709846557453   -0.0246174358895562   -0.00669577587523433   0
0.052443958038653   0.0407960496648907   -0.00718490131686374   -0.0237749349908547   0
0.049181463964384   0.0459261673067664   -0.00326249407426905   0.00513011764187576   0
0.0707007670887664   0.0572343906760175   0.0215193031243825   0.0113082233692511   0
0.0710972370503636   0.049972835806691   0.000396469961597201   -0.0072615548693265   0
0.0663763580278671   0.0631739639251211   -0.00472087902249653   0.0132011281184301   0
0.0395043380471057   0.0523387389867438   -0.0268720199807614   -0.0108352249383772   0
0.0784087146036542   0.053004393542281   0.0389043765565486   0.000665654555537153   0
0.0728872297307622   0.0647065330530272   -0.00552148487289204   0.0117021395107462   0
0.0873809368464175   0.0296782069874091   0.0144937071156553   -0.0350283260656181   0
0.071974579641026   0.0674699690655961   -0.0154063572053914   0.037791762078187   0
0.0644914303499186   0.0562269481055792   -0.00748314929110745   -0.0112430209600169   0
0.0876806693143934   0.0741281664429588   0.0231892389644748   0.0179012183373796   0
0.0471388394740246   0.0714957191345748   -0.0405418298403688   -0.00263244730838402   0
0.052303055370241   0.0755740048930186   0.00516421589621649   0.00407828575844382   0
0.0469252906176753   0.065012944022729   -0.00537776475256576   -0.0105610608702896   0
0.0936849238110914   0.0383150093614738   0.0467596331934161   -0.0266979346612552   0
0.116719992881024   0.0548172695891541   0.0230350690699331   0.0165022602276803   0
0.108450417286104   0.0552707550069347   -0.00826957559492086   0.000453485417780605   0
0.137399960699594   0.0602762020618905   0.0289495434134905   0.00500544705495579   0
0.133909278796206   0.0826400802659294   -0.00349068190338819   0.0223638782040389   0
0.119200082188143   0.0705593543489673   -0.0147091966080631   -0.0120807259169621   0
0.128024503799429   0.0748954590708077   0.00882442161128616   0.0043361047218404   0
0.139931881660719   0.0964270299737882   0.0119073778612905   0.0215315709029806   0
0.133784197140395   0.09012607087976   -0.00614768452032474   -0.0063009590940282   0
0.115634525630799   0.0829317747203462   -0.0181496715095953   -0.00719429615941383   0
0.119947155202364   0.0630722939435078   0.00431262957156464   -0.0198594807768384   0
0.127751189377477   0.0813982866258727   0.00780403417511302   0.0183259926823649   0
0.121383243748921   0.0858882753283626   -0.0063679456285559   0.00448998870248996   0
0.114946080259137   0.0756055583658717   -0.00643716348978399   -0.010282716962491   0
0.129522635232225   0.0782521496220086   0.0145765549730878   0.00264659125613699   0
0.129249089306269   0.0660787836185392   -0.000273545925955576   -0.0121733660034694   0
0.122550855140427   0.0720799940613552   -0.00669823416584209   0.00600121044281597   0
0.113466667763445   0.0648085193947717   -0.00908418737698231   -0.00727147466658347   0
0.130384629140171   0.0853566736324847   0.0169179613767263   0.0205481542377129   0
0.111924995331472   0.0741062432945093   -0.0184596338086994   -0.0112504303379754   0
0.130093947958735   0.0768447527929923   0.018168952627263   0.00273850949848305   0
0.139214334509956   0.0952972818401875   0.00912038655122144   0.0184525290471952   0
0.129664828620648   0.0992382321215594   -0.00954950588930795   0.00394095028137191   0
0.134786482514865   0.113635793554232   0.00512165389421665   0.0143975614326724   0
0.1566154069905   0.116075497042711   0.0218289244756352   0.00243970348847954   0
0.153107419716518   0.119966380967273   -0.00350798727398216   0.00389088392456212   0
0.150400716674523   0.115734157107712   -0.00270670304199544   -0.00423222385956176   0
0.160198490628127   0.125336673351867   0.00979777395360418   0.00960251624415484   0
0.135978145556887   0.131623907074209   -0.0242203450712395   0.00628723372234238   0
0.124105612910013   0.0909675167254361   -0.0118725326468741   -0.0406563903487729   0
0.129502711129922   0.114803183670249   0.00539709821990887   0.0238356669448132   0
0.162093333442341   0.103904889574276   0.0325906223124192   -0.0108982940959733   0
0.150449575209005   0.123464136550842   -0.0116437582333363   0.0195592469765661   0
0.158081033054064   0.104968411714203   0.00763145784505892   -0.0184957248366388   0
0.123775137735815   0.0860584007565938   -0.0343058953182487   -0.0189100109576096   0
0.161623147714831   0.102304969463902   0.0378480099790156   0.0162465687073086   0
0.152913379311622   0.115460556295483   -0.00870976840320867   0.0131555868315811   0
0.156198571223843   0.122890802464271   0.0032851919122211   0.00743024616878767   0
0.179421134741507   0.140501571878156   0.0232225635176638   0.0176107694138844   0
0.185063590358152   0.155617708872199   0.00564245561664534   0.0151161369940435   0
0.21050571624564   0.174089622335307   0.0254421258874879   0.0184719134631084   0
0.220641543583705   0.201685428294213   0.0101358273380648   0.0275958059589052   0
0.201866518836606   0.173536663601708   -0.0187750247470986   -0.0281487646925043   0
0.213509670359471   0.181604779722644   0.0116431515228646   0.00806811612093544   0
0.239314009090755   0.182002627968561   0.025804338731284   0.000397848245917404   0
0.223226425024032   0.185140117425917   -0.0160875840667226   0.0031374894573562   0
0.213898049171118   0.175880174656476   -0.00932837585291449   -0.00925994276944142   0
0.19868102758482   0.171648939032149   -0.015217021586298   -0.00423123562432673   0
0.170366455695392   0.150638591325756   -0.0283145718894279   -0.0210103477063933   0
0.22547316910524   0.177115229307097   0.0551067134098475   0.0264766379813413   0
0.248861813702324   0.188209092869951   0.0233886445970839   0.0110938635628542   0
0.222506764270774   0.185924713203927   -0.0263550494315491   -0.00228437966602449   0
0.22821867816305   0.185550889345807   0.00571191389227599   -0.00037382385811971   0
0.231429959396272   0.194098675957102   0.00321128123322131   0.00854778661129452   0
0.221091299242847   0.166155901182173   -0.010338660153425   -0.0279427747749288   0
0.233208895190642   0.188022515866352   0.0121175959477955   0.0218666146841789   0
0.181897564786915   0.162110943409598   -0.0513113304037271   -0.0259115724567535   0
0.202410458995972   0.18214990686296   0.0205128942090567   0.0200389634533616   0
0.229919406543771   0.178151887263263   0.0275089475477995   -0.00399801959969662   0
0.230699623427109   0.187278527767481   0.000780216883337848   0.00912664050421721   0
0.274563254945031   0.235303628540021   0.0438636315179217   0.04802510077254   0
0.248746532219547   0.220169013273468   -0.0258167227254841   -0.0151346152665526   0
0.284043912984964   0.254563533012925   0.0352973807654176   0.0343945197394569   0
0.382093251300007   0.39675939638334   0.0980493383150422   0.142195863370415   0
0.349993900571139   0.388089048901132   -0.032099350728868   -0.00867034748220846   0
0.351598557189318   0.382371312397021   0.00160465661817932   -0.00571773650411095   0
0.363681351298647   0.399720738662285   0.0120827941093293   0.0173494262652639   0
0.375605692823325   0.397924364913183   0.0119243415246779   -0.00179637374910163   0
0.354662806272606   0.397161095743893   -0.0209428865507192   -0.000763269169289871   0
0.385346549585123   0.416498902001746   0.0306837433125176   0.0193378062578527   0
0.391775261363246   0.425653495393425   0.00642871177812293   0.00915459339167868   0
0.371375622719101   0.401207659500068   -0.0203996386441454   -0.0244458358933565   0
0.357854794479954   0.367104272369517   -0.0135208282391471   -0.0341033871305511   0
0.38158417507512   0.396538948678604   0.0237293805951663   0.0294346763090871   0
0.370407671955766   0.400009764530533   -0.0111765031193546   0.00347081585192899   0
0.377790019312329   0.399115846322095   0.00738234735656351   -0.000893918208437705   0
0.398081695616314   0.436756086480272   0.0202916763039853   0.0376402401581764   0
0.409796399502289   0.441903440400188   0.011714703885975   0.00514735391991639   0
0.423812442729387   0.464972352772979   0.0140160432270977   0.0230689123727914   0
0.414103790403276   0.460287107692332   -0.00970865232611151   -0.00468524508064733   0
0.419560956507645   0.457348307229905   0.00545716610436947   -0.00293880046242656   0
0.428820802915635   0.462635761235921   0.0092598464079901   0.00528745400601549   0
0.419917411006212   0.456178104011207   -0.00890339190942313   -0.00645765722471353   0
0.415324725953127   0.448113033056666   -0.00459268505308502   -0.00806507095454106   0
0.459727834749529   0.505792152968574   0.0444031087964018   0.0576791199119072   0
0.433944741276917   0.490414148282462   -0.0257830934726123   -0.0153780046861118   0
0.429056104198507   0.456735740851682   -0.00488863707840964   -0.0336784074307795   0
0.433408462662244   0.46753733674384   0.00435235846373749   0.0108015958921573   0
0.432318405367433   0.475876076376122   -0.00109005729481149   0.00833873963228227   0
0.436969423275817   0.475650255547343   0.00465101790838401   -0.000225820828779089   0
0.463198571772636   0.51334146137393   0.0262291484968193   0.0376912058265877   0
0.466369880978618   0.516161051258008   0.00317130920598152   0.00281958988407804   0
0.444512738730129   0.48479088597149   -0.0218571422484886   -0.0313701652865181   0
0.465303203726656   0.47575994794884   0.0207904649965269   -0.00903093802265059   0
0.432293690345765   0.449152696425161   -0.0330095133808913   -0.026607251523679   0
0.383836255153171   0.417458175308365   -0.048457435192594   -0.0316945211167953   0
0.376552032970425   0.407126840608001   -0.00728422218274588   -0.0103313347003645   0
0.413932523422466   0.439584798570765   0.0373804904520407   0.0324579579627641   0
0.425703983657294   0.491230672812326   0.0117714602348289   0.0516458742415605   0
0.415672401418485   0.470375913520051   -0.0100315822388096   -0.0208547592922745   0
0.431376731986833   0.497863454499537   0.0157043305683482   0.027487540979486   0
0.427057610416721   0.49243357478857   -0.00431912157011188   -0.0054298797109672   0
0.47674932340382   0.510846432114241   0.0496917129870987   0.0184128573256715   0
0.426778672202126   0.469998856110866   -0.0499706512016935   -0.0408475760033753   0
0.431296577539876   0.461466882661717   0.00451790533774943   -0.00853197344914935   0
0.408854724257896   0.434205427051592   -0.02244185328198   -0.0272614556101251   0
0.430766205185597   0.454540680017576   0.0219114809277014   0.020335252965984   0
0.436322808746735   0.46352077813241   0.00555660356113791   0.00898009811483463   0
0.418929452742356   0.454563936871121   -0.017393356004379   -0.00895684126128909   0
0.465185155224068   0.489672720054058   0.0462557024817117   0.0351087831829371   0
0.44294035570493   0.468417552359615   -0.0222447995191377   -0.0212551676944434   0
0.481270566145915   0.511558424306367   0.0383302104409853   0.0431408719467517   0
0.52853183714607   0.585878049836903   0.0472612710001548   0.0743196255305363   0
0.529804794256611   0.588420637923663   0.00127295711054087   0.00254258808675967   0
0.50375442666327   0.551533745451693   -0.0260503675933409   -0.0368868924719699   0
0.529318734919708   0.595843626924483   0.0255643082564377   0.0443098814727905   0
0.505964880513154   0.57108138427769   -0.0233538544065542   -0.0247622426467933   0
0.516768369940353   0.566460451967657   0.0108034894271998   -0.00462093231003258   0
0.47049921204951   0.519699536449199   -0.0462691578908432   -0.0467609155184581   0
0.53995100122575   0.575360514255595   0.0694517891762398   0.0556609778063956   0
0.493589966048835   0.576716150527181   -0.0463610351769151   0.00135563627158619   0
0.505704864074057   0.571061673353395   0.0121148980252216   -0.00565447717378553   0
0.498791024271528   0.587409298836246   -0.00691383980252863   0.0163476254828504   0
0.504137844482251   0.575262501580985   0.0053468202107228   -0.012146797255261   0
0.49049012236461   0.566910897975786   -0.0136477221176409   -0.00835160360519849   0
0.480132096886721   0.544469708155789   -0.0103580254778885   -0.0224411898199973   0
0.47389916430456   0.554144866370428   -0.00623293258216179   0.00967515821463949   0
0.522430110600298   0.608990692198403   0.0485309462957387   0.0548458258279744   0
0.528513013779755   0.59749512306423   0.00608290317945714   -0.0114955691341724   0
0.506589549368125   0.559997778590174   -0.0219234644116304   -0.0374973444740561   0
0.507858766253227   0.571970756638558   0.00126921688510218   0.0119729780483839   0
0.527943883195449   0.604542861079512   0.0200851169422219   0.0325721044409542   0
0.517862810332853   0.600688422444856   -0.0100810728625966   -0.0038544386346564   0
0.50688666791129   0.588300660579318   -0.010976142421563   -0.0123877618655377   0
0.545822750821006   0.603440222211755   0.0389360829097164   0.0151395616324369   0
0.513204092979596   0.567879533677709   -0.0326186578414097   -0.0355606885340461   0
0.540487891336152   0.576007708441727   0.0272837983565557   0.00812817476401817   0
0.475202126291918   0.488884386496736   -0.0652857650442339   -0.0871233219449912   0
0.468973347370072   0.543822723878913   -0.00622877892184626   0.0549383373821765   0
0.504848794795194   0.570409417208186   0.0358754474251223   0.0265866933292733   0
0.484409128388896   0.547119417997317   -0.020439666406298   -0.0232899992108694   0
0.490099622061933   0.545795779610799   0.00569049367303731   -0.0013236383865175   0
0.491903186178754   0.540388526013805   0.0018035641168207   -0.00540725359699434   0
0.477956759739372   0.540127022427373   -0.0139464264393818   -0.000261503586431622   0
0.498626815855265   0.566424732782106   0.0206700561158924   0.0262977103547328   0
0.515472227863112   0.586999610463776   0.0168454120078473   0.0205748776816702   0
0.507141117338715   0.574400774520561   -0.00833111052439728   -0.0125988359432154   0
0.495756253531955   0.565085463990271   -0.0113848638067597   -0.00931531053028956   0
0.50064706777111   0.576009398793911   0.00489081423915461   0.0109239348036395   0
0.489962128406768   0.571760747695721   -0.0106849393643418   -0.00424865109818962   0
0.485985403055442   0.585616481673228   -0.0039767253513262   0.0138557339775068   0
0.53591746636679   0.619824412194875   0.0499320633113489   0.0342079305216472   0
0.503318677460801   0.608716425256336   -0.0325987889059893   -0.0111079869385391   0
0.479544002094166   0.557327117009582   -0.0237746753666347   -0.0513893082467538   0
0.503704800159191   0.58312943426245   0.024160798065024   0.0258023172528677   0
0.483625195860017   0.563425621526393   -0.0200796042991733   -0.0197038127360566   0
0.496612252714822   0.574536553880974   0.0129870568548046   0.0111109323545804   0
0.518060967287094   0.593717327123912   0.0214487145722727   0.0191807732429383   0
0.503071011647461   0.602471974289736   -0.0149899556396333   0.00875464716582419   0
0.527646479723583   0.63102975317179   0.0245754680761223   0.0285577788820537   0
0.591163309264876   0.70664092223818   0.063516829541293   0.0756111690663898   0
0.562368380074849   0.653556368610736   -0.0287949291900272   -0.0530845536274435   0
0.576596346060578   0.674610378211003   0.0142279659857288   0.0210540096002668   0
0.558951713390343   0.675010582333724   -0.0176446326702352   0.000400204122720571   0
0.539002175873122   0.679941897583977   -0.0199495375172208   0.00493131525025381   0
0.565912462222957   0.700879212721029   0.0269102863498352   0.020937315137052   0
0.563895337757318   0.70072337795333   -0.00201712446563895   -0.000155834767699758   0
0.532213351937369   0.703855263443195   -0.0316819858199491   0.00313188548986576   0
0.551391996028016   0.707938516504145   0.0191786440906472   0.00408325306094992   0
0.542109647372199   0.708155321796534   -0.00928234865581723   0.000216805292388544   0
0.548156723880826   0.702494242835634   0.00604707650862679   -0.00566107896090029   0
0.547254983596577   0.669304370294629   -0.00090174028424872   -0.0331898725410044   0
0.521160725842623   0.682544124538949   -0.0260942577539539   0.0132397542443196   0
0.523853736005471   0.672602219004851   0.00269301016284806   -0.00994190553409735   0
0.53661410702202   0.701432156651499   0.0127603710165487   0.0288299376466473   0
0.523233551854389   0.700645958081457   -0.0133805551676307   -0.000786198570041807   0
0.538366988320801   0.728287232839539   0.0151334364664121   0.0276412747580818   0
0.530024297187412   0.68093236118617   -0.00834269113338948   -0.0473548716533688   0
0.548774677554686   0.69652849430732   0.0187503803672744   0.0155961331211503   0
0.555176284805331   0.749796402672919   0.00640160725064465   0.0532679083655988   0
0.514535062017002   0.695286171821538   -0.040641222788329   -0.0545102308513805   0
0.538524152026824   0.725308689525536   0.0239890900098222   0.0300225177039974   0
0.551054054281619   0.743048227355567   0.0125299022547953   0.0177395378300309   0
0.525264350445192   0.717316362368272   -0.025789703836427   -0.0257318649872949   0
0.538192950452726   0.748071394592287   0.0129286000075332   0.0307550322240155   0
0.535562814563791   0.724013152701807   -0.00263013588893424   -0.0240582418904806   0
0.523427716863953   0.706587495911157   -0.0121350976998389   -0.0174256567906496   0
0.520638860009277   0.720562819526168   -0.00278885685467511   0.0139753236150102   0
0.533033331833245   0.715646033087762   0.0123944718239674   -0.00491678643840554   0
0.519949338248795   0.709798331850674   -0.0130839935844496   -0.00584770123708767   0
0.524301037196037   0.70707476774419   0.00435169894724163   -0.00272356410648444   0
