0.271490118170459   0.40608600497901   0   0   0
0.164027313844407   0.342937477327194   -0.107462804326052   -0.0631485276518156   0
0.090209054976704   0.293743671333958   -0.073818258867703   -0.0491938059932361   0
0.143695715940316   0.275178614535614   0.0534866609636121   -0.0185650567983443   0
0.163537563663551   0.246816773558226   0.019841847723235   -0.0283618409773882   0
0.151390848612358   0.21103572575875   -0.0121467150511927   -0.0357810477994754   0
0.159492347252932   0.195228602825226   0.00810149864057413   -0.015807122933524   0
0.145504661534674   0.172475306131197   -0.0139876857182586   -0.0227532966940298   0
0.125505345549144   0.146680591875135   -0.01999931598553   -0.0257947142560613   0
0.134316198833127   0.140384283188334   0.00881085328398276   -0.00629630868680081   0
0.156067468014524   0.1241289685051   0.0217512691813972   -0.0162553146832349   0
0.161159644552445   0.247290212898954   0.00509217653792118   0.123161244393854   0
0.140644858620641   0.198322867097626   -0.0205147859318043   -0.0489673458013283   0
0.106288669004791   0.14777312030419   -0.0343561896158498   -0.0505497467934353   0
0.074841198320377   0.131937009138454   -0.0314474706844139   -0.0158361111657363   0
0.0751661506502501   0.120216014723393   0.00032495232987316   -0.0117209944150613   0
0.0967900916120033   0.101406986421447   0.0216239409617532   -0.0188090283019453   0
0.0889490861999717   0.0577749192470444   -0.00784100541203164   -0.043632067174403   0
0.0469009049738915   0.069311000763966   -0.0420481812260802   0.0115360815169216   0
0.0751565981338964   0.0462273623695977   0.0282556931600049   -0.0230836383943683   0
0.0496244910352741   0.0342964936495336   -0.0255321070986223   -0.0119308687200641   0
0.0689477718035181   0.0177926609604979   0.019323280768244   -0.0165038326890357   0
0.0708699260112497   0.0495819789853937   0.00192215420773159   0.0317893180248959   0
0.0443981635918469   0.0609622144573383   -0.0264717624194027   0.0113802354719445   0
0.0435849977319031   0.0710322389929742   -0.000813165859943787   0.0100700245356359   0
0.0347868039865751   0.0898928593949625   -0.00879819374532799   0.0188606204019883   0
0.0692312096460115   0.0852459667914559   0.0344444056594364   -0.00464689260350663   0
0.0319249270298493   0.0910701941022006   -0.0373062826161623   0.00582422731074476   0
0.0491095368337963   0.0977960602802715   0.0171846098039471   0.00672586617807089   0
0.0591951956159628   0.089049852039602   0.0100856587821664   -0.00874620824066956   0
0.0721668183715515   0.102140110960056   0.0129716227555887   0.0130902589204538   0
0.0635988046118793   0.102587888762429   -0.00856801375967219   0.00044777780237322   0
0.0589306849121915   0.119030737003158   -0.00466811969968775   0.0164428482407292   0
0.0658083329651344   0.104269637450278   0.0068776480529429   -0.0147610995528797   0
0.0748393941629006   0.110870249617887   0.00903106119776616   0.00660061216760827   0
0.0973050450062072   0.117211119347249   0.0224656508433066   0.00634086972936211   0
0.115513606876703   0.11521531552834   0.0182085618704963   -0.00199580381890856   0
0.124019150338245   0.126674387580698   0.00850554346154103   0.0114590720523582   0
0.122473802459179   0.127566320585931   -0.00154534787906552   0.000891933005232493   0
0.116034821648116   0.12000854045468   -0.00643898081106341   -0.00755778013125116   0
0.152039909956235   0.137866911083416   0.0360050883081192   0.0178583706287362   0
0.16466096032202   0.131055386775449   0.0126210503657856   -0.00681152430796703   0
0.165641690776809   0.146023534065343   0.000980730454788498   0.0149681472898945   0
0.192569745383277   0.154509554812389   0.0269280546064677   0.00848602074704516   0
0.18113631849919   0.167304646942045   -0.0114334268840867   0.012795092129657   0
0.174091682510596   0.165277594544217   -0.00704463598859448   -0.00202705239782877   0
0.169706204060105   0.166509898352771   -0.00438547845049056   0.00123230380855385   0
0.201249763388109   0.191713958293945   0.0315435593280044   0.0252040599411745   0
0.187114962768935   0.188901144060544   -0.0141348006191742   -0.00281281423340077   0
0.184698645153396   0.203935071121699   -0.00241631761553943   0.0150339270611549   0
0.192152264654463   0.203642477811507   0.00745361950106749   -0.000292593310192463   0
0.178831494049259   0.198814085858529   -0.0133207706052047   -0.00482839195297777   0
0.20281192767155   0.205148656522423   0.0239804336222914   0.00633457066389384   0
0.197014010740785   0.217347328021982   -0.00579791693076534   0.0121986714995591   0
0.18025177334032   0.218627701482909   -0.0167622374004649   0.00128037346092716   0
0.205781783706722   0.237284565794138   0.025530010366402   0.0186568643112287   0
0.214473527658334   0.230302607552438   0.00869174395161187   -0.00698195824169931   0
0.235608526741091   0.236937354066365   0.0211349990827578   0.00663474651392651   0
0.227997283590507   0.240360030096504   -0.00761124315058462   0.00342267603013946   0
0.237057073637742   0.254444404539017   0.00905979004723559   0.0140843744425127   0
0.223126067423867   0.253641878607221   -0.0139310062138755   -0.000802525931796583   0
0.211853967060827   0.244263574985404   -0.0112721003630399   -0.00937830362181671   0
0.247577839178308   0.275088491652291   0.0357238721174806   0.030824916666887   0
0.226147322754531   0.256114596391088   -0.0214305164237765   -0.0189738952612026   0
0.224643613313583   0.255048871075525   -0.00150370944094866   -0.00106572531556276   0
0.225380114988878   0.255247102956793   0.000736501675295737   0.000198231881267497   0
0.202453105667235   0.249493661966582   -0.0229270093216436   -0.00575344099021108   0
0.202029971075573   0.260097713407293   -0.0004231345916616   0.0106040514407115   0
0.227131485979554   0.279922491792818   0.0251015149039804   0.0198247783855243   0
0.248827490771762   0.316185181772773   0.0216960047922083   0.0362626899799551   0
0.212504070295095   0.272952718638545   -0.0363234204766672   -0.0432324631342274   0
0.23178103393405   0.289529198877079   0.0192769636389555   0.0165764802385332   0
0.248023423272644   0.296512091885934   0.0162423893385934   0.0069828930088553   0
0.262777057847051   0.293257441637503   0.0147536345744077   -0.0032546502484313   0
0.240651040689647   0.297919571877965   -0.0221260171574045   0.00466213024046253   0
0.234269827576963   0.300074942218273   -0.00638121311268366   0.0021553703403081   0
0.244816939853119   0.311028635224682   0.0105471122761558   0.010953693006409   0
0.231034217156723   0.307569189060417   -0.0137827226963955   -0.00345944616426525   0
0.254846335890321   0.328326972593937   0.0238121187335978   0.0207577835335203   0
0.274438142157773   0.343647120729001   0.0195918062674518   0.0153201481350636   0
0.256488772573948   0.333264302487935   -0.017949369583825   -0.0103828182410656   0
0.26169846704683   0.340890052087453   0.00520969447288233   0.00762574959951795   0
0.258509032524562   0.343775543832604   -0.00318943452226866   0.00288549174515063   0
0.296278379148058   0.363204170781723   0.037769346623496   0.0194286269491192   0
0.329306352152797   0.395632362944113   0.0330279730047396   0.0324281921623901   0
0.32623099607065   0.391854147020412   -0.00307535608214771   -0.00377821592370065   0
0.288951479474063   0.363322883655998   -0.0372795165965862   -0.0285312633644142   0
0.300434258474446   0.374920388383201   0.0114827790003823   0.0115975047272024   0
0.30059158285167   0.378182272125972   0.000157324377224433   0.00326188374277103   0
0.300825215906463   0.389089951933383   0.000233633054792792   0.0109076798074116   0
0.285861017479561   0.389192772576936   -0.0149641984269016   0.000102820643552659   0
0.300035511529485   0.382645015288443   0.0141744940499243   -0.00654775728849333   0
0.294303318349488   0.393980792588611   -0.00573219317999768   0.0113357773001682   0
0.299861271851968   0.395838765293475   0.00555795350248039   0.00185797270486382   0
0.264479932212715   0.377640960240398   -0.0353813396392529   -0.0181978050530764   0
0.238108076085546   0.377359484583099   -0.0263718561271697   -0.000281475657298691   0
0.251850898585532   0.376033681583193   0.0137428224999865   -0.00132580299990664   0
0.251381865165727   0.372767349165418   -0.000469033419804699   -0.00326633241777502   0
0.276024368350606   0.382034163416912   0.0246425031848783   0.00926681425149439   0
0.303593637929366   0.373247373134511   0.0275692695787601   -0.00878679028240165   0
0.317886765958084   0.379768192232857   0.0142931280287186   0.00652081909834673   0
0.30903796981383   0.37511366925808   -0.0088487961442546   -0.00465452297477764   0
0.312377756152191   0.372929362236419   0.00333978633836141   -0.00218430702166023   0
0.304388052666329   0.384766285221639   -0.00798970348586209   0.01183692298522   0
0.312745441233894   0.403427106528478   0.00835738856756463   0.0186608213068385   0
0.299993696254305   0.375728668476605   -0.0127517449795891   -0.0276984380518731   0
0.316350992717583   0.384305079426102   0.016357296463278   0.00857641094949702   0
0.275153103113776   0.369671799687912   -0.0411978896038071   -0.0146332797381895   0
0.251831426143462   0.35176079831222   -0.0233216769703135   -0.0179110013756929   0
0.264679028528111   0.348792627918796   0.0128476023846485   -0.00296817039342312   0
0.293560161983894   0.356555813445104   0.0288811334557833   0.00776318552630784   0
0.287608706540066   0.362195347150195   -0.00595145544382752   0.00563953370509035   0
0.255720008664262   0.376072984793511   -0.0318886978758048   0.0138776376433159   0
0.229027792065548   0.35966436410701   -0.0266922165987133   -0.0164086206865003   0
0.236354724420499   0.363929450933144   0.00732693235495072   0.00426508682613419   0
0.290127612584704   0.365814428845419   0.0537728881642049   0.00188497791227443   0
0.2653312262652   0.393932700489246   -0.0247963863195036   0.0281182716438271   0
0.251425683079712   0.392182260060931   -0.0139055431854878   -0.00175044042831463   0
0.279808800342841   0.391358236264423   0.0283831172631288   -0.000824023796508311   0
0.286523085087136   0.381501873796512   0.00671428474429447   -0.00985636246791083   0
0.283201850106616   0.391578815194017   -0.00332123498052   0.0100769413975046   0
0.300572678108773   0.395621007087591   0.0173708280021572   0.00404219189357446   0
0.284441134757791   0.392182527443855   -0.0161315433509815   -0.00343847964373639   0
0.273951459353897   0.379963909333505   -0.0104896754038942   -0.01221861811035   0
0.29852250103153   0.388655219656832   0.0245710416776331   0.0086913103233266   0
0.297858928679098   0.410872415538571   -0.000663572352432251   0.0222171958817391   0
0.297232226482207   0.416627964615915   -0.000626702196891038   0.0057555490773441   0
0.300519697396776   0.417586067225069   0.00328747091456932   0.000958102609154354   0
0.314389491375364   0.403338709672466   0.0138697939785876   -0.014247357552603   0
0.397147545298998   0.479411573281247   0.0827580539236345   0.0760728636087804   0
0.41551137377516   0.466533721665969   0.0183638284761617   -0.0128778516152774   0
0.404702952776058   0.466522390391394   -0.0108084209991025   -1.13312745754213e-05   0
0.39862538788222   0.465468418213309   -0.00607756489383815   -0.00105397217808467   0
0.427293673835782   0.480966837985219   0.0286682859535628   0.01549841977191   0
0.426640395877606   0.484697986365479   -0.000653277958176768   0.00373114838025984   0
0.460986012003531   0.498293632600548   0.0343456161259258   0.013595646235069   0
0.46566812703449   0.525082191566711   0.00468211503095861   0.0267885589661628   0
0.470816533941704   0.535681140779429   0.00514840690721424   0.0105989492127178   0
0.468266017655018   0.539892892762537   -0.0025505162866859   0.00421175198310819   0
0.486122943682604   0.537239962901356   0.0178569260275854   -0.00265292986118104   0
0.476675163837492   0.543778478556296   -0.00944777984511169   0.00653851565494035   0
0.465203972329612   0.540841025463814   -0.0114711915078806   -0.00293745309248183   0
0.46321371632973   0.546163685440089   -0.00199025599988106   0.00532265997627435   0
0.472817318565384   0.549935124516292   0.00960360223565371   0.00377143907620381   0
0.461282284856301   0.55831059512336   -0.0115350337090828   0.00837547060706734   0
0.47415010021432   0.561179108059316   0.012867815358019   0.0028685129359568   0
0.476433346627836   0.56121978705517   0.00228324641351596   4.06789958532494e-05   0
0.472111837032286   0.5578598538587   -0.00432150959555   -0.00335993319646977   0
0.472289985167122   0.553461047944885   0.00017814813483541   -0.00439880591381525   0
0.477921954412684   0.552672804466847   0.00563196924556275   -0.00078824347803752   0
0.45419355903729   0.553339490594608   -0.0237283953753947   0.000666686127760552   0
0.438788053374702   0.547551610546668   -0.0154055056625881   -0.00578788004793973   0
0.446926917548675   0.566568102131818   0.00813886417397319   0.0190164915851498   0
0.45543557716047   0.570472761557903   0.00850865961179464   0.0039046594260852   0
0.473437521861122   0.571852421570024   0.0180019447006521   0.00137966001212053   0
0.482838617660187   0.573539027183635   0.00940109579906512   0.00168660561361111   0
0.489621893138981   0.584374552845604   0.00678327547879454   0.0108355256619697   0
0.497802276818819   0.58770573462129   0.00818038367983764   0.00333118177568559   0
0.459854106818195   0.562958519872024   -0.0379481700006238   -0.024747214749266   0
0.451663727192709   0.560990366368933   -0.00819037962548597   -0.00196815350309065   0
0.446240110967582   0.558162955876015   -0.00542361622512705   -0.00282741049291857   0
0.451655691786343   0.565184180839529   0.00541558081876081   0.00702122496351476   0
0.438362578133901   0.490398661008062   -0.0132931136524424   -0.0747855198314676   0
0.414628846483515   0.547687808113573   -0.0237337316503857   0.0572891471055111   0
0.424948317112387   0.571510532804296   0.0103194706288724   0.0238227246907227   0
