0.218272111782088   0.306422319259711   0   0   0
0.217564484998664   0.310906711407347   -0.000707626783424398   0.0044843921476363   0
0.210796696316465   0.294020672980145   -0.0067677886821986   -0.0168860384272021   0
0.19472155941744   0.274067153439171   -0.0160751368990252   -0.019953519540974   0
0.186630569236435   0.302068479842303   -0.00809099018100562   0.0280013264031325   0
0.0729176180677208   0.158510987008638   -0.113712951168714   -0.143557492833666   0
0.101104112669762   0.194917733293446   0.0281864946020416   0.0364067462848085   0
0.0994617810395531   0.180258401266134   -0.00164233163020927   -0.0146593320273124   0
0.0808217144644309   0.139836284686093   -0.0186400665751222   -0.0404221165800409   0
0.104609264818418   0.182390785905463   0.0237875503539875   0.0425545012193703   0
0.0698050528430428   0.167934543914623   -0.0348042119753756   -0.0144562419908399   0
0.0630191337104058   0.151675597397383   -0.00678591913263704   -0.0162589465172399   0
0.0961952417466316   0.176197261523704   0.0331761080362259   0.0245216641263206   0
0.0732826830837272   0.117741441596417   -0.0229125586629044   -0.0584558199272868   0
0.0557056838377827   0.118063348619301   -0.0175769992459446   0.000321907022883483   0
0.102743500247434   0.14544531590328   0.047037816409651   0.0273819672839797   0
0.0846360727877304   0.114499196944695   -0.0181074274597032   -0.0309461189585855   0
0.0852163071414738   0.0906721691711018   0.000580234353743381   -0.023827027773593   0
0.0861130553401747   0.0653214782939731   0.000896748198700961   -0.0253506908771287   0
0.0754651324380339   0.0741517587146672   -0.0106479229021408   0.00883028042069411   0
0.0440469104779211   0.0631854272523538   -0.0314182219601128   -0.0109663314623134   0
0.0961460054005885   0.0466096115606524   0.0520990949226674   -0.0165758156917015   0
0.0573317648137575   0.0622546157888492   -0.0388142405868311   0.0156450042281968   0
0.0874773011792774   0.0681599325173522   0.0301455363655199   0.00590531672850301   0
0.0800148549156343   0.0628322449193066   -0.0074624462636431   -0.00532768759804561   0
0.0470963474792897   0.056395693697192   -0.0329185074363445   -0.00643655122211456   0
0.0795491723757074   0.0534578804791913   0.0324528248964176   -0.00293781321800071   0
0.0522246017024544   0.0627998012676195   -0.027324570673253   0.00934192078842819   0
0.128809424227927   0.079290531178461   0.0765848225254724   0.0164907299108416   0
0.254999302903648   0.23210063915872   0.126189878675721   0.152810107980259   0
0.1587317428541   0.202682425743045   -0.0962675600495484   -0.0294182134156747   0
0.13057393381663   0.196758010697176   -0.0281578090374699   -0.0059244150458691   0
0.115083994689842   0.184371476341515   -0.0154899391267876   -0.0123865343556605   0
0.097291704870919   0.20681765458266   -0.0177922898189231   0.0224461782411446   0
0.106339135228617   0.205356258955267   0.00904743035769758   -0.00146139562739353   0
0.0532506451306461   0.20760477397271   -0.0530884900979705   0.00224851501744341   0
0.0178674579073381   0.220080510918936   -0.0353831872233079   0.0124757369462262   0
0.0551977946814001   0.233317990359836   0.037330336774062   0.0132374794408998   0
0.0587638186262814   0.204210598689343   0.00356602394488133   -0.0291073916704928   0
0.0500857083174432   0.203324814813914   -0.00867811030883821   -0.000885783875429008   0
0.0359045820604571   0.185800518953588   -0.0141811262569861   -0.0175242958603265   0
0.0275108245281307   0.219723204226642   -0.00839375753232638   0.033922685273054   0
0.0312412106146673   0.227385906740199   0.00373038608653655   0.00766270251355733   0
0.0514947112162016   0.227699296371695   0.0202535006015343   0.000313389631495964   0
0.0429060064282625   0.244979478669898   -0.00858870478793915   0.017280182298203   0
0.0466274067630294   0.223447326731542   0.00372140033476694   -0.021532151938356   0
0.0204182257691113   0.239553841614119   -0.0262091809939181   0.0161065148825772   0
0.04327858711571   0.279136429657569   0.0228603613465987   0.0395825880434497   0
0.0850561235081261   0.29718615740702   0.0417775363924161   0.018049727749451   0
0.0691193669557679   0.289114438564688   -0.0159367565523582   -0.00807171884233143   0
0.0721056396039651   0.294854028301341   0.0029862726481972   0.00573958973665273   0
0.109717604894139   0.287402223008437   0.0376119652901744   -0.00745180529290407   0
0.0727287042205139   0.297363030764376   -0.0369889006736255   0.00996080775593855   0
0.0473859520730986   0.302006060755298   -0.0253427521474153   0.00464302999092198   0
0.072445137185308   0.308570819908923   0.0250591851122094   0.00656475915362537   0
0.0739349114884335   0.340127169900572   0.00148977430312548   0.031556349991649   0
0.0819809224334808   0.37026150654796   0.00804601094504731   0.030134336647388   0
0.0947460275354065   0.379795294569775   0.0127651051019256   0.00953378802181548   0
0.0987196706545094   0.391390552497074   0.00397364311910292   0.0115952579272987   0
0.0486386258359547   0.413274833156884   -0.0500810448185547   0.0218842806598094   0
0.0563769868710629   0.38088544005022   0.00773836103510821   -0.0323893931066632   0
0.0527814963003134   0.393920453085277   -0.00359549057074948   0.0130350130350568   0
0.036251103621523   0.406561507384873   -0.0165303926787904   0.0126410542995956   0
0.0624221349074189   0.392680334236975   0.0261710312858958   -0.0138811731478977   0
0.0817924660095904   0.406466957244473   0.0193703311021715   0.0137866230074976   0
0.0473251011048048   0.424108575221543   -0.0344673649047856   0.0176416179770706   0
0.0533215228081494   0.407055265487691   0.0059964217033446   -0.0170533097338519   0
0.0488222670688283   0.417843018750668   -0.0044992557393211   0.0107877532629764   0
0.0567306165688167   0.425173238877195   0.00790834949998837   0.00733022012652751   0
0.0689516584167488   0.445858133923453   0.0122210418479321   0.0206848950462579   0
0.0512502371650122   0.498474948519645   -0.0177014212517365   0.0526168145961914   0
0.0329777810348119   0.48686762667698   -0.0182724561302003   -0.0116073218426649   0
0.0773967772340037   0.451032038759959   0.0444189961991918   -0.0358355879170205   0
0.0657910009312064   0.463049049916259   -0.0116057763027974   0.0120170111562995   0
0.0615993222894408   0.475677324424775   -0.00419167864176558   0.012628274508516   0
0.0847127722368947   0.466728384400802   0.0231134499474539   -0.00894894002397267   0
0.0301441537544596   0.500867601369604   -0.0545686184824351   0.0341392169688015   0
0.0759321322156832   0.502123468068564   0.0457879784612236   0.00125586669896061   0
0.0715166663358269   0.491134992855765   -0.00441546587985631   -0.0109884752127989   0
0.0494990081874819   0.513456647552276   -0.022017658148345   0.022321654696511   0
0.0602285077843217   0.510945915318486   0.0107294995968398   -0.00251073223379072   0
0.0602211537500736   0.479453223935466   -7.35403424813319e-06   -0.0314926913830191   0
0.0837640488812647   0.517552544943236   0.0235428951311911   0.0380993210077692   0
0.0742728968194321   0.545424278792836   -0.00949115206183263   0.0278717338496006   0
0.0610029618626834   0.548250559031854   -0.0132699349567487   0.00282628023901788   0
0.0827885331220453   0.598840088684811   0.021785571259362   0.0505895296529572   0
0.123647044138103   0.623741254651904   0.0408585110160577   0.024901165967093   0
0.110105448609685   0.594246810638957   -0.013541595528418   -0.0294944440129477   0
0.13065872909339   0.623199857422579   0.0205532804837054   0.028953046783622   0
0.124936038108186   0.648568913488145   -0.00572269098520489   0.0253690560655665   0
0.0898834943373365   0.596950708082175   -0.0350525437708491   -0.0516182054059703   0
0.0853950671028485   0.643123308249937   -0.00448842723448797   0.046172600167762   0
0.0955868330708262   0.633849866353136   0.0101917659679777   -0.00927344189680113   0
0.092760145633025   0.642147892231075   -0.00282668743780126   0.00829802587793937   0
0.100900437434334   0.692586726269288   0.00814029180130929   0.0504388340382129   0
0.0770802152984149   0.650222381362377   -0.0238202221359193   -0.0423643449069114   0
0.102784265335264   0.637817753982413   0.0257040500368493   -0.0124046273799635   0
0.0519569718545067   0.663865405764017   -0.0508272934807575   0.0260476517816036   0
0.0645261652402341   0.699366539828696   0.0125691933857274   0.0355011340646796   0
0.0967345101859207   0.693193379908719   0.0322083449456866   -0.0061731599199778   0
0.0999314168157842   0.692991815435139   0.00319690662986348   -0.00020156447357933   0
0.0654540410118428   0.678831122511423   -0.0344773758039414   -0.0141606929237159   0
0.0938997242400637   0.652278337273345   0.0284456832282208   -0.026552785238078   0
0.058533297194332   0.660000449319348   -0.0353664270457316   0.00772211204600237   0
0.0476445646925229   0.671213953228237   -0.0108887325018091   0.0112135039088894   0
0.0858656695450516   0.678222675391207   0.0382211048525287   0.00700872216297022   0
0.0771635879099721   0.712270816566627   -0.00870208163507943   0.0340481411754201   0
0.0919698804980196   0.701818400590689   0.0148062925880474   -0.0104524159759383   0
0.092917009692467   0.703910087178512   0.000947129194447394   0.00209168658782266   0
0.083407770838094   0.712585139266137   -0.00950923885437298   0.00867505208762531   0
0.10461401252533   0.727942066265766   0.0212062416872365   0.0153569269996287   0
0.132107323178127   0.708941229320351   0.0274933106527962   -0.0190008369454151   0
0.120820776475116   0.73005804386113   -0.0112865467030104   0.0211168145407796   0
0.0980779243914756   0.721543169560604   -0.0227428520836407   -0.00851487430052633   0
0.0986718501351323   0.680271954291306   0.000593925743656687   -0.0412712152692981   0
0.124931600753292   0.697480514348733   0.0262597506181599   0.0172085600574268   0
0.135961113963405   0.76964955739061   0.0110295132101128   0.0721690430418778   0
0.157988052685258   0.742316425141471   0.0220269387218535   -0.0273331322491398   0
0.16773336874218   0.714993317597285   0.00974531605692117   -0.0273231075441852   0
0.189548787304746   0.722501239315236   0.0218154185625668   0.00750792171795112   0
0.155619132821161   0.701106564458099   -0.0339296544835859   -0.0213946748571371   0
0.14611272573414   0.732188071027188   -0.00950640708702058   0.0310815065690883   0
0.16639687355242   0.738121593562441   0.0202841478182799   0.00593352253525326   0
0.273971138396292   0.780903344218362   0.107574264843872   0.0427817506559216   0
0.215957157006153   0.783536368269575   -0.0580139813901392   0.0026330240512128   0
0.179920644029667   0.790431249441125   -0.0360365129764859   0.00689488117154979   0
0.208904058315223   0.806596920665016   0.0289834142855561   0.0161656712238905   0
0.194015179984505   0.844267744991989   -0.0148888783307174   0.0376708243269737   0
0.174456020975374   0.878652046950101   -0.0195591590091317   0.0343843019581118   0
0.193198599562833   0.88931997095622   0.0187425785874597   0.0106679240061192   0
0.156935189431497   0.882769612234995   -0.0362634101313358   -0.00655035872122556   0
0.174415411620648   0.906648023256881   0.0174802221891503   0.0238784110218864   0
0.177532580047607   0.885235751424993   0.00311716842695922   -0.0214122718318879   0
0.212539365328873   1.01787102956345   0.0350067852812657   0.13263527813846   0
0.232413389098735   0.958538659173243   0.0198740237698623   -0.05933237039021   0
0.214177218640195   0.96412106917319   -0.0182361704585397   0.00558240999994697   0
0.244967771483842   1.02147209141407   0.0307905528436471   0.0573510222408812   0
0.22029754878684   0.984574139961893   -0.0246702226970027   -0.036897951452178   0
0.184452245628835   0.972112991949233   -0.0358453031580048   -0.0124611480126601   0
0.1793841342338   1.01418132775407   -0.00506811139503474   0.0420683358048377   0
0.235043889692308   0.990109556966917   0.0556597554585083   -0.0240717707871535   0
0.203686140367134   1.00470007598213   -0.0313577493251739   0.0145905190152088   0
0.209244450283873   1.02472146328508   0.00555830991673809   0.0200213873029571   0
0.161711859686295   0.995594214899606   -0.0475325905975774   -0.0291272483854776   0
0.14697455864625   1.02404745723941   -0.0147373010400451   0.0284532423398036   0
0.134616973730098   1.05622117752198   -0.0123575849161517   0.0321737202825729   0
0.163992645274872   1.02486892879436   0.0293756715447736   -0.0313522487276265   0
0.140088274177606   0.997216419322586   -0.0239043710972664   -0.0276525094717696   0
0.159487785699627   1.02378859962346   0.0193995115220209   0.0265721803008773   0
0.218652045228852   0.973560755175945   0.0591642595292256   -0.0502278444475185   0
0.184812726299165   0.988162833369254   -0.0338393189296873   0.0146020781933094   0
0.221707999010523   1.0414489930457   0.036895272711358   0.0532861596764455   0
0.237319813862665   1.0147736591545   0.0156118148521423   -0.0266753338912014   0
0.242796974803744   1.02331717319367   0.00547716094107911   0.00854351403917453   0
0.244301486900203   1.03802992154641   0.00150451209645869   0.0147127483527401   0
0.286327090626228   1.0564931611678   0.0420256037260248   0.0184632396213829   0
0.28450678204129   1.1003394312217   -0.00182030858493787   0.0438462700539022   0
0.262624296026948   1.09780794621093   -0.0218824860143418   -0.00253148501076828   0
0.27337453736815   1.09723514037053   0.0107502413412019   -0.000572805840398205   0
0.24076019805271   1.09517923882965   -0.0326143393154402   -0.00205590154087787   0
0.260619406011544   1.11187768094171   0.0198592079588343   0.0166984421120551   0
0.327558979566184   1.12718379282834   0.0669395735546404   0.0153061118866269   0
0.27685138830517   1.09287112090688   -0.0507075912610144   -0.0343126719214604   0
0.288344535623705   1.12010091692434   0.011493147318535   0.0272297960174614   0
0.324156964012498   1.1787983369119   0.0358124283887932   0.0586974199875585   0
0.330749280293457   1.15739912110871   0.00659231628095924   -0.0213992158031817   0
0.304386528105171   1.17374197514188   -0.0263627521882864   0.0163428540331627   0
0.367170328309955   1.17950229889862   0.0627838002047838   0.00576032375674074   0
0.383330492531249   1.13310234528365   0.0161601642212943   -0.0463999536149653   0
0.363132719507469   1.18688897643158   -0.0201977730237803   0.0537866311479318   0
0.373022509056545   1.17771140504716   0.00988978954907593   -0.00917757138442177   0
0.382265819957997   1.17054431120407   0.00924331090145253   -0.00716709384309522   0
0.357177737496068   1.15271550231349   -0.0250880824619293   -0.0178288088905774   0
0.390478082340123   1.1727882323058   0.0333003448440553   0.0200727299923098   0
0.359398121121077   1.13217576156894   -0.0310799612190467   -0.0406124707368618   0
0.346846450289029   1.14695730460859   -0.0125516708320473   0.0147815430396521   0
0.350645768484107   1.1619384045867   0.00379931819507789   0.0149810999781126   0
0.383714397776589   1.15954916574083   0.0330686292924814   -0.00238923884587372   0
0.32406093691201   1.1613356132182   -0.0596534608645781   0.00178644747737056   0
0.342588012583628   1.18365054601874   0.0185270756716175   0.0223149328005374   0
0.395466122378593   1.20343022039801   0.0528781097949647   0.019779674379274   0
0.340739699664847   1.17230282614001   -0.0547264227137458   -0.031127394258001   0
0.357715663870986   1.18207286960511   0.0169759642061388   0.00977004346509802   0
0.395751791419887   1.19282089756034   0.0380361275489017   0.010748027955235   0
0.378822976258252   1.18326843685898   -0.0169288151616355   -0.0095524607013584   0
0.349488910974011   1.19801882443659   -0.029334065284241   0.0147503875776112   0
0.343186178522941   1.18578842434935   -0.00630273245106966   -0.0122304000872413   0
0.370309489442831   1.18460295964539   0.0271233109198897   -0.00118546470396663   0
0.346181453018399   1.1463726020719   -0.0241280364244317   -0.0382303575734906   0
0.336982312425816   1.14933967758122   -0.00919914059258342   0.00296707550932274   0
0.331091743403924   1.12600684066139   -0.00589056902189133   -0.0233328369198271   0
0.375272522690937   1.11179633525751   0.044180779287013   -0.0142105054038772   0
0.368082655344217   1.12725206814128   -0.00718986734671984   0.0154557328837694   0
0.361467109973452   1.12455979221497   -0.00661554537076492   -0.00269227592631593   0
0.324093170693444   1.15246985893395   -0.0373739392800083   0.0279100667189867   0
0.337531679404734   1.17513536826455   0.0134385087112896   0.0226655093305914   0
0.352355736067344   1.17025052680059   0.0148240566626105   -0.0048848414639544   0
0.344404242359092   1.15362971135549   -0.0079514937082526   -0.016620815445098   0
0.314839445972467   1.11243527969107   -0.0295647963866247   -0.0411944316644191   0
0.333365208228903   1.13977411602726   0.0185257622564362   0.0273388363361853   0
0.343307778747526   1.16600332833368   0.00994257051862241   0.0262292123064156   0
0.331113347632348   1.18781686500294   -0.0121944311151778   0.0218135366692633   0
0.348470005596378   1.16048455680318   0.0173566579640306   -0.0273323081997592   0
0.366092842374281   1.16201050104736   0.0176228367779023   0.00152594424418151   0
0.295378328509757   1.12386577316491   -0.0707145138645234   -0.0381447278824505   0
0.355109454392163   1.15829928830948   0.0597311258824061   0.03443351514457   0
0.320476754506158   1.16640298478914   -0.0346326998860058   0.00810369647965703   0
0.310651860625765   1.17553806279006   -0.0098248938803922   0.00913507800092339   0
0.300411839254797   1.19802403597098   -0.0102400213709685   0.022485973180921   0
0.345611210131413   1.19274940065556   0.0451993708766165   -0.0052746353154205   0
0.308467519326184   1.20653294757047   -0.0371436908052289   0.0137835469149097   0
0.344237142911569   1.19531206315047   0.0357696235853845   -0.0112208844199988   0
0.399778009692429   1.19802582991821   0.0555408667808602   0.00271376676773505   0
0.395582326343746   1.1814993439984   -0.00419568334868314   -0.0165264859198033   0
0.361996226312944   1.17680727295377   -0.0335861000308016   -0.00469207104463409   0
0.30823658289426   1.20081158889536   -0.0537596434186845   0.0240043159415944   0
0.348912958253247   1.24437370534076   0.0406763753589875   0.0435621164453981   0
0.327079701416098   1.21106006776706   -0.0218332568371498   -0.0333136375737013   0
0.334289362842159   1.19147754646555   0.00720966142606172   -0.0195825213015133   0
0.307268999500763   1.19478115409235   -0.027020363341396   0.00330360762680271   0
0.287067823059308   1.21523985068804   -0.0202011764414557   0.0204586965956892   0
0.330324346880592   1.20440826391441   0.0432565238212848   -0.0108315867736346   0
0.31563127538059   1.20449621762447   -0.0146930715000029   8.79537100666461e-05   0
0.306846596713315   1.21231604628901   -0.00878467866727412   0.00781982866453612   0
0.339510013723684   1.20616448833461   0.032663417010369   -0.00615155795439892   0
0.290883463252761   1.20077984514602   -0.0486265504709233   -0.00538464318858822   0
0.314917226724276   1.2423917327878   0.0240337634715146   0.0416118876417788   0
0.349597571848674   1.11321926045072   0.0346803451243984   -0.129172472337078   0
0.293001220742407   1.09743393081017   -0.0565963511062669   -0.0157853296405557   0
0.314562360453794   1.18258139055254   0.0215611397113865   0.0851474597423709   0
0.340013113048795   1.14990904946623   0.0254507525950016   -0.0326723410863097   0
0.351466808372558   1.18667730067544   0.0114536953237628   0.0367682512092173   0
0.344040258882725   1.17218999775056   -0.00742654948983362   -0.0144873029248871   0
0.398119836136671   1.18142283969181   0.0540795772539467   0.00923284194124907   0
0.348542522865433   1.16355663718068   -0.0495773132712383   -0.0178662025111311   0
0.326847574209535   1.2029929999341   -0.0216949486558978   0.0394363627534275   0
0.379488311158848   1.18807448939385   0.0526407369493125   -0.0149185105402549   0
0.362813084722302   1.1935093704896   -0.016675226436546   0.00543488109575518   0
0.369013413635399   1.21479572265894   0.00620032891309713   0.0212863521693352   0
0.356906850750108   1.1975284148982   -0.0121065628852907   -0.0172673077607357   0
0.311109433252229   1.20680765686702   -0.0457974174978796   0.00927924196881946   0
0.341238388845818   1.21885287659977   0.0301289555935898   0.0120452197327501   0
0.348987634740101   1.18172706415586   0.00774924589428233   -0.0371258124439147   0
0.359445154397399   1.19464650742974   0.0104575196572983   0.0129194432738811   0
0.343818555048531   1.22001911703557   -0.0156265993488677   0.0253726096058315   0
