0   0   0   0   0
0.0517697221449951   0.0521766446526604   0.0517697221449951   0.0521766446526604   0
0.0636840363555891   0.0325183763558776   0.011914314210594   -0.0196582682967828   0
0.0426053762012495   0.0381970063099846   -0.0210786601543396   0.00567862995410694   0
0.0511605119044952   0.0483917840992146   0.00855513570324572   0.0101947777892301   0
0.0595768475106731   0.030538343534727   0.00841633560617789   -0.0178534405644876   0
0.0529090959928442   0.065780691234915   -0.00666775151782896   0.0352423477001881   0
0.0608432106893612   0.0689079874226292   0.00793411469651704   0.00312729618771419   0
0.0739185616399562   0.060903097002554   0.0130753509505949   -0.00800489042007523   0
0.0933106170868567   0.0458195989472027   0.0193920554469006   -0.0150834980553513   0
0.166352400603597   0.0470296716863407   0.0730417835167402   0.00121007273913803   0
0.118654718936216   0.100262352627761   -0.0476976816673806   0.0532326809414198   0
0.171892124229384   0.0833083577891498   0.0532374052931677   -0.0169539948386107   0
0.199830010728164   0.0881410857141465   0.0279378864987798   0.00483272792499667   0
0.164749399403272   0.0747430185535077   -0.0350806113248917   -0.0133980671606388   0
0.183889385974771   0.0796299302417439   0.0191399865714991   0.00488691168823618   0
0.228644739484801   0.0731374266498521   0.0447553535100295   -0.00649250359189178   0
0.177150260680999   0.095916367276628   -0.051494478803802   0.0227789406267759   0
0.22122755753442   0.100843956122442   0.0440772968534207   0.00492758884581393   0
0.236420724197014   0.0931662173099778   0.0151931666625941   -0.00767773881246418   0
0.212628846522761   0.0942375116199091   -0.0237918776742523   0.00107129430993132   0
0.22117341129417   0.133480641326907   0.00854456477140847   0.0392431297069983   0
0.266267025005745   0.137604608698991   0.0450936137115752   0.00412396737208387   0
0.223672411036073   0.158259003582648   -0.0425946139696719   0.0206543948836564   0
0.242869698837298   0.119156924925201   0.0191972878012253   -0.0391020786574467   0
0.245980453503851   0.131899099709532   0.00311075466655225   0.0127421747843307   0
0.243490583405704   0.146951516142666   -0.00248987009814677   0.0150524164331339   0
0.258115361536659   0.127379787871372   0.0146247781309548   -0.0195717282712941   0
0.254858273475063   0.161875876750714   -0.00325708806159558   0.0344960888793429   0
0.250659479907344   0.172064065136827   -0.00419879356771941   0.0101881883861129   0
0.293152046122349   0.162968347347441   0.0424925662150056   -0.00909571778938664   0
0.258480312981821   0.203145588598602   -0.0346717331405285   0.0401772412511613   0
0.280858216397384   0.210617209854893   0.0223779034155637   0.00747162125629081   0
0.323691828278519   0.205696319070499   0.0428336118811342   -0.00492089078439401   0
0.301763071418704   0.20549606984493   -0.0219287568598144   -0.000200249225568577   0
0.30245904281018   0.182408740009162   0.000695971391475314   -0.0230873298357685   0
0.290047515902222   0.184555264728625   -0.012411526907957   0.00214652471946356   0
0.301503919327511   0.192185282717681   0.0114564034252881   0.00763001798905566   0
0.261923669815273   0.195403144576315   -0.0395802495122379   0.00321786185863385   0
0.294127557461554   0.237800496715981   0.0322038876462818   0.0423973521396656   0
0.295347238408014   0.257622593283421   0.00121968094645908   0.01982209656744   0
0.260268429841885   0.235979512993416   -0.0350788085661289   -0.0216430802900049   0
0.282307905147695   0.233113639589094   0.0220394753058105   -0.00286587340432143   0
0.297868464737441   0.232437701075127   0.0155605595897457   -0.000675938513967383   0
0.250737511707303   0.245715740150006   -0.0471309530301376   0.0132780390748795   0
0.290922675637789   0.2456600087546   0.0401851639304855   -5.57313954065997e-05   0
0.23388307327124   0.27442638668126   -0.0570396023665491   0.0287663779266605   0
0.277104461700998   0.292403866110096   0.0432213884297586   0.017977479428836   0
0.197333924736346   0.0829197912330343   -0.0797705369646518   -0.209484074877062   0
0.213894533379841   0.210067341621092   0.0165606086434948   0.127147550388058   0
0.259732541875003   0.21514110006982   0.0458380084951615   0.00507375844872865   0
0.259233280664154   0.240698676419756   -0.0004992612108487   0.0255575763499357   0
0.283013618256384   0.266750113503729   0.0237803375922296   0.0260514370839731   0
0.298055546539936   0.188309170943007   0.0150419282835525   -0.0784409425607226   0
0.2322575881338   0.166464580192755   -0.0657979584061358   -0.0218445907502522   0
0.283651936729436   0.190751949453996   0.0513943485956358   0.0242873692612419   0
0.300544592310093   0.182525461429358   0.0168926555806569   -0.00822648802463857   0
0.276997393177445   0.245062673494807   -0.0235471991326481   0.0625372120654494   0
0.302607534535576   0.271919890099161   0.0256101413581314   0.0268572166043542   0
0.34339923053714   0.223569890116027   0.0407916960015639   -0.0483499999831341   0
0.344952488829476   0.179453034604768   0.00155325829233616   -0.0441168555112594   0
0.434186071059229   0.201856097006562   0.0892335822297528   0.022403062401794   0
0.336548965907043   0.229002672075661   -0.0976371051521862   0.0271465750690987   0
0.330674131395457   0.303671603216884   -0.00587483451158594   0.0746689311412233   0
0.338421045975114   0.213885388666132   0.00774691457965665   -0.0897862145507514   0
0.373767117906806   0.226689858610531   0.035346071931692   0.0128044699443986   0
0.375768439433968   0.241704644996456   0.00200132152716276   0.0150147863859255   0
0.396220155503175   0.154822967536118   0.0204517160692064   -0.086881677460338   0
0.388514212220917   0.0928170588171296   -0.00770594328225738   -0.0620059087189888   0
0.382666658121987   0.15212421784043   -0.00584755409893001   0.0593071590233   0
0.421931213448033   0.248244346316507   0.0392645553260461   0.0961201284760776   0
0.366970789248477   0.283314667487813   -0.0549604241995566   0.0350703211713056   0
0.384917631389886   0.312188932271389   0.0179468421414089   0.0288742647835761   0
0.376393020714147   0.310300735607177   -0.00852461067573912   -0.0018881966642123   0
0.372309844732543   0.341831528279725   -0.00408317598160396   0.0315307926725484   0
0.398816044418075   0.333687650771345   0.0265061996855324   -0.0081438775083803   0
0.426828735167175   0.348430346085301   0.0280126907490995   0.0147426953139559   0
0.333862492165532   0.355980253633263   -0.0929662430016424   0.00754990754796253   0
0.351407568786345   0.357827967200333   0.0175450766208132   0.00184771356706959   0
0.369088777385618   0.356470297946845   0.0176812085992723   -0.00135766925348785   0
0.346976978841335   0.368295594747195   -0.022111798544283   0.0118252968003499   0
0.405509655317959   0.357380522534302   0.0585326764766245   -0.0109150722128931   0
0.411969648294107   0.371425013635512   0.00645999297614763   0.0140444911012105   0
0.344271711552576   0.38416935337101   -0.0676979367415309   0.0127443397354977   0
0.406831652159096   0.384848373951187   0.0625599406065206   0.000679020580176715   0
0.420961655518041   0.396870071630316   0.0141300033589448   0.0120216976791296   0
0.343526429918762   0.380576942185838   -0.0774352255992794   -0.0162931294444787   0
0.359043767027879   0.384483118839569   0.0155173371091174   0.00390617665373183   0
0.377837584916085   0.405773070428439   0.0187938178882061   0.0212899515888691   0
0.378195278181735   0.356278757158984   0.000357693265649828   -0.049494313269455   0
0.370766450574401   0.353459889513114   -0.00742882760733382   -0.00281886764586992   0
0.383398106459565   0.351404126510792   0.0126316558851638   -0.00205576300232191   0
0.413904582591157   0.391036674370324   0.030506476131592   0.0396325478595319   0
0.400799769749884   0.376261731710973   -0.0131048128412732   -0.0147749426593501   0
0.455604373240918   0.378109913511432   0.0548046034910343   0.00184818180045837   0
0.423671663617016   0.391239368523047   -0.0319327096239022   0.0131294550116151   0
0.393709622991222   0.396772809931077   -0.0299620406257943   0.00553344140803003   0
0.453277575666313   0.391657904055507   0.0595679526750911   -0.00511490587557029   0
0.454000614677789   0.411061700337142   0.000723039011475857   0.0194037962816356   0
0.447537060993087   0.417141565894302   -0.00646355368470186   0.00607986555715928   0
0.499294467424475   0.370858765493348   0.051757406431388   -0.0462828004009537   0
0.465169140356494   0.356389314259014   -0.0341253270679805   -0.0144694512343341   0
0.394228512224877   0.390649085328281   -0.0709406281316173   0.0342597710692672   0
0.415312672969415   0.380315539635935   0.0210841607445377   -0.0103335456923458   0
0.439037579585939   0.394858396045646   0.0237249066165246   0.0145428564097107   0
0.420413694708545   0.404588011744296   -0.0186238848773939   0.00972961569865011   0
0.477506883625956   0.414461729299329   0.0570931889174104   0.00987371755503269   0
0.455208169931692   0.419470152286203   -0.022298713694264   0.00500842298687404   0
0.450268950818562   0.433274532726079   -0.00493921911312944   0.0138043804398768   0
0.478114591063753   0.411042267189181   0.0278456402451909   -0.0222322655368979   0
0.418081154661922   0.441840563775297   -0.0600334364018307   0.030798296586116   0
0.426860110173638   0.420989526500687   0.00877895551171515   -0.0208510372746107   0
0.296061519391629   0.474454913058617   -0.130798590782009   0.0534653865579305   0
0.293369962207074   0.520536745410267   -0.00269155718455516   0.0460818323516493   0
0.273468914109922   0.523554938849709   -0.0199010480971517   0.00301819343944232   0
0.28902699902689   0.554213878762243   0.015558084916968   0.030658939912534   0
0.277470231540701   0.546188747230811   -0.0115567674861897   -0.00802513153143203   0
0.312093699748986   0.552146622502973   0.0346234682082851   0.00595787527216174   0
0.305155342109376   0.529507500245511   -0.00693835763961015   -0.0226391222574612   0
0.289028574469031   0.510126517172456   -0.0161267676403448   -0.0193809830730554   0
0.312880133765968   0.517987010179068   0.0238515592969373   0.00786049300661207   0
0.301980399774422   0.528757889009942   -0.0108997339915455   0.0107708788308739   0
0.249603706060487   0.525047437429467   -0.0523766937139355   -0.003710451580475   0
0.268597459456786   0.517664180368412   0.0189937533962994   -0.00738325706105469   0
0.31207457949761   0.524066253638078   0.0434771200408235   0.00640207326966546   0
0.289693804720588   0.475881542960535   -0.0223807747770221   -0.0481847106775422   0
0.26805168006586   0.557814817188016   -0.0216421246547281   0.0819332742274807   0
0.284969869069082   0.541453800434534   0.0169181890032228   -0.0163610167534823   0
0.225723028387225   0.568112624967532   -0.0592468406818574   0.0266588245329984   0
0.261771225110343   0.563778805674043   0.0360481967231182   -0.00433381929348964   0
0.284299645080767   0.623891778351021   0.0225284199704236   0.0601129726769788   0
0.239842709630207   0.603913809019963   -0.0444569354505594   -0.0199779693310588   0
0.263908662777958   0.623140334849422   0.0240659531477506   0.0192265258294597   0
0.253629310059879   0.625167922350667   -0.0102793527180795   0.00202758750124499   0
0.226761756584526   0.62834560202348   -0.0268675534753522   0.00317767967281291   0
0.310212562971989   0.592839917857468   0.0834508063874622   -0.0355056841660117   0
0.368333579842145   0.508053094435021   0.0581210168701566   -0.0847868234224479   0
0.31000111952993   0.455374568169436   -0.0583324603122152   -0.0526785262655849   0
0.282365713315711   0.566258002678329   -0.0276354062142196   0.110883434508893   0
0.343577182540415   0.551686504999216   0.0612114692247049   -0.0145714976791126   0
0.34837049886615   0.561552088219116   0.00479331632573421   0.00986558321990005   0
0.34468207331866   0.54408781672401   -0.00368842554748983   -0.0174642714951059   0
0.282711876413355   0.594584978779527   -0.061970196905305   0.0504971620555164   0
0.29501674259528   0.558867928173777   0.0123048661819257   -0.0357170506057496   0
0.317781855542257   0.541513712113091   0.0227651129469767   -0.0173542160606855   0
0.32543898620511   0.546332845253926   0.00765713066285312   0.00481913314083438   0
0.329654354379401   0.568202886832908   0.00421536817429119   0.0218700415789819   0
0.359071616159256   0.552802379147603   0.0294172617798544   -0.0154005076853049   0
0.335344619203947   0.562033893417025   -0.0237269969553092   0.00923151426942237   0
0.326633389605258   0.553562953783262   -0.00871122959868914   -0.008470939633763   0
0.331493825834087   0.53674616160295   0.00486043622882942   -0.0168167921803122   0
0.307045256343523   0.528099911993223   -0.0244485694905636   -0.00864624960972671   0
0.296613210630107   0.520878814799085   -0.0104320457134168   -0.00722109719413777   0
0.342768806432382   0.487953424854514   0.0461555958022757   -0.0329253899445714   0
0.333529139418687   0.4834683074445   -0.00923966701369527   -0.00448511741001362   0
0.296113889335185   0.478254753633981   -0.0374152500835024   -0.00521355381051936   0
0.351295440910752   0.497252655396882   0.0551815515755678   0.0189979017629006   0
0.346908700184645   0.508859523944969   -0.00438674072610734   0.0116068685480869   0
0.324270417557214   0.529056276049391   -0.022638282627431   0.0201967521044228   0
0.314116181941746   0.522999439959786   -0.0101542356154683   -0.00605683608960528   0
0.316126758516991   0.51548864212318   0.00201057657524523   -0.00751079783660613   0
0.312634616835916   0.51603934146778   -0.00349214168107509   0.000550699344599948   0
0.292120417245834   0.535108690079408   -0.0205141995900822   0.0190693486116281   0
0.354254902771168   0.566326506171352   0.0621344855253346   0.0312178160919437   0
0.302308934385638   0.61114319487355   -0.0519459683855303   0.0448166887021983   0
0.312707929935603   0.58199477028256   0.010398995549965   -0.0291484245909901   0
0.35751095079   0.606552204602374   0.0448030208543972   0.0245574343198138   0
0.366431837048802   0.58237361263196   0.008920886258802   -0.0241785919704141   0
0.303399648939349   0.634017948176745   -0.0630321881094537   0.0516443355447853   0
0.347796559496798   0.626058651377808   0.0443969105574498   -0.00795929679893692   0
0.355668274961051   0.652827529165629   0.00787171546425286   0.0267688777878206   0
0.300115401510702   0.646787632447854   -0.055552873450349   -0.00603989671777494   0
0.326438311242186   0.649769868886862   0.0263229097314834   0.0029822364390083   0
0.312680551929617   0.599293133389246   -0.0137577593125685   -0.0504767354976166   0
0.27249501398855   0.584746583392541   -0.0401855379410672   -0.0145465499967045   0
0.312157825088416   0.600739071368344   0.0396628110998659   0.0159924879758025   0
0.330894187049939   0.615463641361738   0.0187363619615231   0.0147245699933942   0
0.324569530979126   0.626295802819442   -0.00632465607081267   0.0108321614577045   0
0.295290174749923   0.674578496208929   -0.0292793562292034   0.0482826933894865   0
0.305028998472768   0.682290473811924   0.00973882372284535   0.00771197760299513   0
0.268547713754651   0.654253638704822   -0.0364812847181171   -0.028036835107102   0
0.278921226546081   0.659449311672436   0.0103735127914295   0.00519567296761425   0
0.336550611006621   0.682559449269073   0.0576293844605405   0.0231101375966364   0
0.321037389980949   0.737563122730014   -0.015513221025672   0.0550036734609414   0
0.326953664902903   0.742683662528166   0.00591627492195429   0.00512053979815141   0
0.328595206093211   0.752392094642979   0.0016415411903079   0.00970843211481376   0
0.298385304596004   0.744828785566522   -0.0302099014972074   -0.0075633090764573   0
0.32059898437219   0.747721703209991   0.0222136797761865   0.00289291764346911   0
0.307930610888947   0.747007615924163   -0.0126683734832435   -0.000714087285827669   0
0.298545408450473   0.752213330519622   -0.00938520243847346   0.00520571459545882   0
0.304211547973741   0.717828551813316   0.00566613952326805   -0.0343847787063063   0
0.298695413641807   0.752417560697358   -0.00551613433193471   0.0345890088840416   0
0.33347225501737   0.740342442486752   0.0347768413755635   -0.0120751182106054   0
0.319392948757076   0.717752271524445   -0.0140793062602945   -0.0225901709623076   0
0.294020536986279   0.761481969723342   -0.0253724117707965   0.0437296981988972   0
0.334355861868294   0.716377722207007   0.0403353248820152   -0.0451042475163345   0
0.369099029456053   0.74492340074258   0.0347431675877582   0.0285456785355725   0
0.32021836824019   0.762140273371805   -0.0488806612158625   0.0172168726292254   0
0.318641625437183   0.786856225988744   -0.00157674280300724   0.0247159526169392   0
0.362396814173745   0.766948577024236   0.0437551887365623   -0.0199076489645088   0
0.360081941654063   0.819272062674788   -0.00231487251968227   0.0523234856505527   0
0.359237213380087   0.844055493043498   -0.000844728273976136   0.0247834303687099   0
0.337172413497931   0.845938926318474   -0.0220647998821554   0.00188343327497564   0
0.367276797065551   0.763333450349061   0.0301043835676197   -0.0826054759694127   0
0.378842253054962   0.780105057646494   0.0115654559894111   0.0167716072974332   0
0.391351440634336   0.849140619256251   0.0125091875793736   0.0690355616097569   0
0.383615540008535   0.857367299856304   -0.00773590062580065   0.00822668060005327   0
0.404780945449079   0.870295154533973   0.0211654054405436   0.0129278546776689   0
0.42835641887901   0.904152170649742   0.0235754734299314   0.0338570161157685   0
0.381063640407334   0.92848411469561   -0.047292778471676   0.0243319440458677   0
0.387167745866375   0.938310693208619   0.006104105459041   0.00982657851300994   0
0.411826966229143   0.919384634778611   0.0246592203627683   -0.0189260584300085   0
0.40119476725775   0.96438092860181   -0.0106321989713936   0.0449962938231995   0
0.427656593432873   0.881157053500655   0.0264618261751237   -0.083223875101155   0
0.37901625592035   0.930486362480543   -0.0486403375125237   0.0493293089798876   0
0.426866399813818   0.944624542267441   0.0478501438934679   0.0141381797868979   0
0.438854388226232   0.917694126582218   0.0119879884124139   -0.0269304156852228   0
0.390492171000201   0.922847120776919   -0.0483622172260308   0.00515299419470105   0
0.4519476783563   0.883221566231826   0.0614555073560997   -0.0396255545450932   0
0.502666386814366   0.834165803001569   0.0507187084580659   -0.0490557632302568   0
0.504944002092757   0.842105623863545   0.00227761527839054   0.00793982086197553   0
0.504182715629532   0.831063722223958   -0.000761286463224375   -0.0110419016395867   0
0.517207941230991   0.852979485212436   0.0130252256014582   0.0219157629884783   0
0.471604129859536   0.85098303895545   -0.0456038113714548   -0.00199644625698647   0
0.525454958669818   0.871001292138106   0.053850828810282   0.0200182531826559   0
0.53679287261197   0.851707121996464   0.0113379139421517   -0.0192941701416414   0
0.489753060346375   0.882162089186279   -0.0470398122655944   0.0304549671898144   0
0.54348710173155   0.778926958912869   0.0537340413851747   -0.10323513027341   0
0.456579799284211   0.819030101562207   -0.0869073024473392   0.0401031426493385   0
0.415573087588561   0.67802152847476   -0.0410067116956493   -0.141008573087447   0
0.32206711495457   0.670209237624341   -0.0935059726339916   -0.00781229085041946   0
0.362779034658082   0.72618310555689   0.0407119197035126   0.0559738679325498   0
0.3846444928716   0.743552540559341   0.0218654582135174   0.0173694350024504   0
0.409535524651049   0.715777716247509   0.0248910317794495   -0.0277748243118316   0
0.388123472349728   0.752657427270368   -0.0214120523013211   0.0368797110228591   0
0.45659697062566   0.757067109059362   0.0684734982759324   0.00440968178899381   0
0.453627961136668   0.773101520801926   -0.0029690094889927   0.0160344117425634   0
0.472939204844005   0.745638294702096   0.0193112437073377   -0.0274632260998294   0
0.507516365528177   0.752123940517951   0.0345771606841715   0.00648564581585476   0
0.527566317277079   0.686123688987634   0.0200499517489026   -0.0660002515303165   0
0.452752521293985   0.692883954909839   -0.0748137959830948   0.00676026592220491   0
0.518277256077874   0.716741393152021   0.0655247347838893   0.0238574382421818   0
0.536301628660794   0.709022679348129   0.0180243725829199   -0.00771871380389189   0
0.518028331602365   0.671680343925777   -0.0182732970584286   -0.0373423354223522   0
0.535061669499367   0.688768137073355   0.0170333378970019   0.0170877931475781   0
