0.314241733893017   0.134464591824623   0   0   0
0.298957543148187   0.125708774765151   -0.0152841907448306   -0.00875581705947187   0
0.305893710710534   0.10491297712614   0.00693616756234716   -0.0207957976390111   0
0.317253483326526   0.118168365767028   0.0113597726159917   0.0132553886408874   0
0.308729657307856   0.101049240881953   -0.00852382601866991   -0.0171191248850748   0
0.287731019297402   0.122532581753436   -0.0209986380104535   0.0214833408714834   0
0.293900458031031   0.10230505123023   0.00616943873362902   -0.020227530523206   0
0.287029171052422   0.102524000745496   -0.0068712869786095   0.000218949515266076   0
0.282083894794216   0.10148897803279   -0.00494527625820562   -0.00103502271270629   0
0.255647064630772   0.0933849651639385   -0.0264368301634444   -0.0081040128688514   0
0.244003429225575   0.090972878002691   -0.0116436354051972   -0.00241208716124748   0
0.227029048015298   0.0663144598026893   -0.0169743812102766   -0.0246584182000016   0
0.170144615744519   0.0398645213164852   -0.0568844322707791   -0.0264499384862042   0
0.120190596610677   0.0490224118178104   -0.0499540191338423   0.00915789050132526   0
0.129511499357547   0.0334633345651625   0.00932090274687074   -0.0155590772526479   0
0.121132082651707   0.0184354902179291   -0.0083794167058403   -0.0150278443472334   0
0.0964466586827143   0.052030960845659   -0.0246854239689928   0.0335954706277299   0
0.0911636408267024   0.0226086934138256   -0.00528301785601196   -0.0294222674318334   0
0.0920211613048868   0.0377760569338599   0.000857520478184437   0.0151673635200343   0
0.0891541224234191   0.0352628889445296   -0.00286703888146773   -0.00251316798933035   0
0.0580509567916843   0.0291894248792004   -0.0311031656317348   -0.00607346406532911   0
0.0506406121712603   0.0553507837308786   -0.007410344620424   0.0261613588516782   0
0.0826936545536597   0.013433193373624   0.0320530423823994   -0.0419175903572546   0
0.100781026421147   0.047527138326776   0.0180873718674877   0.034093944953152   0
0.107783574864587   0.0333354478123888   0.0070025484434395   -0.0141916905143871   0
0.113689826353497   0.0328672731785739   0.00590625148891058   -0.000468174633814988   0
0.12270212971049   0.0251528954722911   0.00901230335699291   -0.00771437770628279   0
0.124046295420258   0.0331884008074674   0.00134416570976797   0.0080355053351763   0
0.137133169915087   0.0174452005894888   0.0130868744948282   -0.0157432002179786   0
0.123592480279384   0.0324661455774477   -0.0135406896357022   0.0150209449879589   0
0.111205002490687   0.0407503589299604   -0.0123874777886978   0.00828421335251269   0
0.12901317277131   0.0459939156774035   0.0178081702806239   0.0052435567474431   0
0.147005635671052   0.0375565688571587   0.0179924628997413   -0.00843734682024479   0
0.164683020219633   0.039645300048117   0.0176773845485811   0.00208873119095832   0
0.160485108007628   0.0359249103203126   -0.00419791221200491   -0.00372038972780443   0
0.142635291214517   0.0344005859972254   -0.0178498167931112   -0.00152432432308717   0
0.144496006126432   0.0344005859972254   0.0018607149119157   0   0
0.147117682988858   0.027547828108517   0.00262167686242518   -0.00685275788870838   0
0.153907189233414   0.0246337893502502   0.00678950624455668   -0.00291403875826682   0
0.173136911958716   0.0349431860365866   0.0192297227253012   0.0103093966863364   0
0.163704688937397   0.0691244119418929   -0.00943222302131821   0.0341812259053063   0
0.163862083101918   0.0680669908665169   0.000157394164521069   -0.00105742107537592   0
0.249705104390058   0.071200921220954   0.0858430212881401   0.00313393035443708   0
0.309891371957078   0.0972587904322406   0.0601862675670194   0.0260578692112866   0
0.306749961218661   0.0917275338273629   -0.00314141073841689   -0.00553125660487773   0
0.311384564398302   0.0957045775147276   0.00463460317964054   0.00397704368736471   0
0.319677162482715   0.0908879854330181   0.00829259808441324   -0.00481659208170952   0
0.340667634436337   0.083551639837917   0.0209904719536226   -0.00733634559510106   0
0.35593615931435   0.0989326368180516   0.0152685248780122   0.0153809969801346   0
0.363041228746158   0.11714113975232   0.00710506943180816   0.0182085029342681   0
0.371867503101696   0.114382765679417   0.00882627435553851   -0.00275837407290234   0
0.373520395567699   0.137377213479356   0.00165289246600236   0.0229944477999385   0
0.372987800224431   0.155749812492664   -0.000532595343267606   0.0183725990133082   0
0.337080057764932   0.14989327678802   -0.0359077424594988   -0.00585653570464392   0
0.234570055936388   0.127597667906784   -0.102510001828545   -0.0222956088812359   0
0.4509967119894   0.180410787562718   0.216426656053013   0.0528131196559333   0
0.453181032028041   0.187028112195065   0.0021843200386405   0.0066173246323479   0
0.460470698188973   0.187874669512683   0.00728966616093207   0.000846557317617902   0
0.442811722933811   0.177650085107635   -0.0176589752551619   -0.0102245844050482   0
0.45629159266114   0.183771285412058   0.0134798697273295   0.00612120030442267   0
0.457082534728686   0.182680803039756   0.000790942067545208   -0.00109048237230214   0
0.448284498014776   0.173088066958702   -0.00879803671390922   -0.00959273608105396   0
0.488538075556   0.178036067487743   0.0402535775412237   0.00494800052904079   0
0.503230838335738   0.182342958146181   0.0146927627797383   0.00430689065843876   0
0.519219351807114   0.19514493829267   0.015988513471376   0.0128019801464888   0
0.533277467336658   0.209200660833684   0.0140581155295434   0.0140557225410137   0
0.516370177062192   0.189917779606071   -0.0169072902744652   -0.0192828812276132   0
0.508558842611403   0.175788630622269   -0.00781133445078919   -0.0141291489838017   0
0.496264066043724   0.17056993952207   -0.0122947765676789   -0.00521869110019926   0
0.527056148766903   0.193329806729976   0.0307920827231788   0.0227598672079067   0
0.535065316298861   0.197704963372825   0.00800916753195757   0.00437515664284849   0
0.554795727058167   0.203607386800406   0.019730410759306   0.00590242342758082   0
0.562133727327439   0.178712965837044   0.00733800026927256   -0.0248944209633615   0
0.553316287137845   0.186106627253444   -0.00881744018959452   0.00739366141640033   0
0.593096708692604   0.205746124953941   0.0397804215547596   0.0196394977004961   0
0.576371784023724   0.201818539915942   -0.0167249246688808   -0.00392758503799895   0
0.562880650444515   0.210820656642678   -0.0134911335792088   0.00900211672673662   0
0.59745969199269   0.221225593434762   0.0345790415481751   0.0104049367920836   0
0.609511233305187   0.220382257057005   0.0120515413124969   -0.000843336377756382   0
0.613953355685275   0.210008293590729   0.00444212238008834   -0.0103739634662759   0
0.598253652841543   0.214133080957736   -0.0156997028437318   0.004124787367007   0
0.62871387702707   0.215256961966135   0.0304602241855269   0.00112388100839839   0
0.630906841159612   0.234974185795637   0.00219296413254189   0.0197172238295021   0
0.614327672452576   0.250097424727345   -0.0165791687070358   0.0151232389317081   0
0.615690432040323   0.243096235054782   0.00136275958774712   -0.00700118967256258   0
0.623474239580915   0.245574398397721   0.00778380754059138   0.00247816334293843   0
0.676926258014121   0.285379493490357   0.053452018433206   0.0398050950926357   0
0.682522709291786   0.285016288741977   0.00559645127766517   -0.000363204748379586   0
0.700393372385119   0.295318146870832   0.017870663093333   0.0103018581288553   0
0.707756610662168   0.312579471099575   0.00736323827704932   0.0172613242287426   0
0.696584025218781   0.316269604359655   -0.0111725854433868   0.00369013326007978   0
0.722125724307063   0.341931779886354   0.0255416990882812   0.0256621755266992   0
0.703797952351383   0.333245481464115   -0.0183277719556794   -0.00868629842223861   0
0.724630284946054   0.346008762769532   0.0208323325946711   0.012763281305417   0
0.72467320620332   0.33770785707927   4.29212572659043e-05   -0.00830090569026259   0
0.740638053297966   0.350791315276619   0.0159648470946452   0.0130834581973489   0
0.726885113877702   0.348743325216229   -0.0137529394202635   -0.00204799006038953   0
0.743441743645055   0.342285071899144   0.0165566297673532   -0.00645825331708461   0
0.727292006196273   0.341501804057987   -0.016149737448782   -0.000783267841157065   0
0.728945753186751   0.354580159115471   0.00165374699047804   0.0130783550574833   0
0.697594455927654   0.349251365628472   -0.031351297259097   -0.00532879348699883   0
0.717577207432761   0.3502674732563   0.0199827515051071   0.00101610762782767   0
0.736156129692608   0.346992022614861   0.0185789222598468   -0.00327545064143814   0
0.745887609612199   0.362857523389488   0.00973147991959067   0.0158655007746261   0
0.739561255419049   0.345254558289391   -0.00632635419314964   -0.0176029651000965   0
0.760950324454889   0.363176653174888   0.0213890690358394   0.0179220948854965   0
0.772005186066778   0.354130408129692   0.0110548616118891   -0.00904624504519519   0
0.767740998663612   0.34765392267793   -0.00426418740316581   -0.00647648545176183   0
0.688212928953213   0.32345137791228   -0.0795280697103989   -0.0242025447656506   0
0.998373868517546   0.364838681084188   0.310160939564333   0.0413873031719083   1
1.06423115153396   0.4099143363076   0.0658572830164103   0.0450756552234116   1
1.09998399891029   0.409473402819096   0.0357528473763329   -0.000440933488503381   0
1.13251514786012   0.443765104318433   0.0325311489498354   0.0342917014993369   0
1.18254693106051   0.476483655802851   0.0500317832003809   0.0327185514844179   0
1.18429896586884   0.486033166318154   0.00175203480833286   0.0095495105153024   0
1.20049530161515   0.497394102335613   0.0161963357463075   0.0113609360174591   0
1.26642994235337   0.490932252236752   0.0659346407382242   -0.00646185009886058   0
1.23918098800169   0.483569351139265   -0.0272489543516818   -0.00736290109748688   0
1.25985281840453   0.511757130863811   0.0206718304028428   0.028187779724546   0
1.26756747603648   0.489308834900761   0.00771465763194823   -0.0224482959630504   0
1.27551310155859   0.486136827672675   0.00794562552210909   -0.00317200722808547   0
1.23602783233004   0.468207503274125   -0.0394852692285512   -0.0179293243985501   0
1.28571083891029   0.487197306322934   0.0496830065802563   0.0189898030488084   0
1.26366972149256   0.489727133495605   -0.0220411174177308   0.00252982717267181   0
1.2425271126094   0.481524129429814   -0.0211426088831674   -0.00820300406579172   0
1.28106197388155   0.485018513245845   0.0385348612721539   0.00349438381603129   0
1.26698508440408   0.482558082788228   -0.0140768894774703   -0.0024604304576174   0
1.27728881490229   0.488008029322479   0.010303730498209   0.00544994653425185   0
1.27806988546001   0.479509967903578   0.000781070557721364   -0.00849806141890191   0
1.28929196179116   0.482374549282236   0.0112220763311479   0.00286458137865814   0
1.27841254135477   0.473801040629176   -0.0108794204363876   -0.00857350865305984   0
1.27683234980181   0.472055447171858   -0.00158019155295985   -0.00174559345731823   0
1.29983971045332   0.48099895608625   0.0230073606515064   0.00894350891439255   0
1.34735647688035   0.487673832647611   0.0475167664270382   0.00667487656136073   0
1.34790090196459   0.483957493730555   0.000544425084237687   -0.00371633891705614   0
1.35237616179708   0.492038031706138   0.00447525983248753   0.00808053797558272   0
1.33027874218526   0.509443593477482   -0.0220974196118182   0.0174055617713445   0
1.36002766341761   0.51819451888866   0.0297489212323474   0.00875092541117817   0
1.37530315268809   0.526837621074321   0.0152754892704849   0.008643102185661   0
1.37495954147525   0.525747856590971   -0.000343611212839656   -0.00108976448335041   0
1.36064081244678   0.533236789849266   -0.0143187290284714   0.00748893325829481   0
1.35799182867123   0.544006793770767   -0.00264898377554923   0.0107700039215016   0
1.37026214434023   0.541465036681502   0.0122703156689987   -0.00254175708926552   0
1.37141990572266   0.556042919769239   0.00115776138243207   0.0145778830877369   0
1.35567203708727   0.580756410624541   -0.0157478686353898   0.0247134908553019   0
1.36016510847296   0.595184101368854   0.00449307138568256   0.0144276907443133   0
1.35980356400318   0.601084758463813   -0.000361544469773323   0.00590065709495879   0
1.3224162809456   0.591090381567828   -0.0373872830575803   -0.00999437689598504   0
1.33537244632772   0.598074387299356   0.0129561653821211   0.00698400573152835   0
1.36753008253078   0.580350314317568   0.0321576362030551   -0.0177240729817879   0
1.3808162954844   0.588730440720751   0.0132862129536164   0.00838012640318331   0
1.40946970902763   0.580098783279624   0.0286534135432372   -0.00863165744112748   0
1.42133217313653   0.590916364350531   0.0118624641088931   0.0108175810709076   0
1.3852970818052   0.590724996633163   -0.036035091331327   -0.000191367717368829   0
1.39682458744763   0.600411443709645   0.0115275056424338   0.00968644707648225   0
1.39187174037576   0.600918971558978   -0.00495284707187515   0.000507527849333389   0
1.38386918393223   0.583491474989138   -0.00800255644352998   -0.0174274965698401   0
1.37339786519288   0.601721451246339   -0.0104713187393477   0.0182299762572005   0
1.38621967948906   0.592801785870496   0.0128218142961827   -0.0089196653758421   0
1.39573793969941   0.595836252080427   0.00951826021034941   0.00303446620993042   0
1.38807899428759   0.592302289389675   -0.00765894541182477   -0.00353396269075212   0
1.38316422734062   0.589962920296903   -0.00491476694697224   -0.00233936909277177   0
1.21642816314915   0.536555414071557   -0.166736064191465   -0.053407506225346   1
2.1470382642899   0.687415294570538   0.930610101140753   0.150859880498981   1
2.06513258496519   0.510794113624071   -0.081905679324715   -0.176621180946468   1
