0.0866327824180316   0.210134040188096   0   0   0
0.0898528957624071   0.192291735326001   0.00322011334437554   -0.0178423048620949   0
0.0857878998561569   0.163819146382909   -0.00406499590625026   -0.0284725889430923   0
0.0885806318205622   0.165109676854054   0.00279273196440535   0.00129053047114447   0
0.0950500540238142   0.140262698075085   0.00646942220325199   -0.0248469787789684   0
0.122073564709564   0.138999787273479   0.0270235106857493   -0.00126291080160587   0
0.113620856967636   0.130748539569176   -0.00845270774192754   -0.00825124770430286   0
0.105006850393772   0.12628775507472   -0.0086140065738641   -0.00446078449445633   0
0.0933198281460591   0.122093292801335   -0.0116870222477128   -0.0041944622733852   0
0.0977505599224373   0.103805017222495   0.00443073177637821   -0.0182882755788398   0
0.0923309835370013   0.0902607894712455   -0.005419576385436   -0.0135442277512496   0
0.0763305024074911   0.0995001966452956   -0.0160004811295102   0.00923940717405014   0
0.0663227580067355   0.10150576800569   -0.0100077444007556   0.00200557136039457   0
0.0517705466333358   0.0976265761904769   -0.0145522113733997   -0.00387919181521326   0
0.0594304614494116   0.0881828358758239   0.00765991481607578   -0.009443740314653   0
0.0569316606947347   0.0870512562680172   -0.00249880075467691   -0.00113157960780676   0
0.0417989011820885   0.0861228814664837   -0.0151327595126462   -0.000928374801533488   0
0.0689965182140374   0.0840690234275533   0.0271976170319489   -0.00205385803893043   0
0.0418503862775076   0.0781250958085173   -0.0271461319365298   -0.005943927619036   0
0.0481200192694267   0.0827520056075984   0.00626963299191909   0.00462690979908116   0
0.0496901149358703   0.0415475407352228   0.00157009566644357   -0.0412044648723756   0
0.0647323190183235   0.0564334167549246   0.0150422040824532   0.0148858760197017   0
0.0641272482761423   0.0632780351877727   -0.000605070742181135   0.00684461843284814   0
0.0608126112418304   0.049388601514393   -0.0033146370343119   -0.0138894336733797   0
0.061663827325994   0.0349788467394939   0.000851216084163539   -0.0144097547748991   0
0.0749842299220976   0.0376345927195283   0.0133204025961037   0.00265574598003444   0
0.0679321108339053   0.0642316774206271   -0.00705211908819228   0.0265970847010988   0
0.0612247595684132   0.0524823815292809   -0.00670735126549218   -0.0117492958913463   0
0.0690740836788509   0.0721461540752174   0.00784932411043777   0.0196637725459365   0
0.0617903621391241   0.0750048073213477   -0.00728372153972683   0.00285865324613038   0
0.0565537545320376   0.0801790330938831   -0.00523660760708652   0.00517422577253535   0
0.0641017970741071   0.108997592638462   0.00754804254206947   0.0288185595445784   0
0.0700033853390677   0.0962685678643606   0.00590158826496065   -0.0127290247741009   0
0.0727525265070568   0.107052521571481   0.00274914116798908   0.0107839537071209   0
0.0675880203398502   0.106316467890986   -0.00516450616720662   -0.000736053680495716   0
0.062407237130961   0.10726842886015   -0.00518078320888914   0.000951960969163973   0
0.0820387287984157   0.108830433209029   0.0196314916674547   0.00156200434887965   0
0.0754634750117565   0.126734966015076   -0.00657525378665916   0.0179045328060467   0
0.0380296640098226   0.120503847843814   -0.0374338110019339   -0.00623111817126241   0
0.0454122499717862   0.134274195486372   0.0073825859619636   0.0137703476425585   0
0.0678531788916334   0.126906982336198   0.0224409289198471   -0.0073672131501745   0
0.0796540413222612   0.127530519093911   0.0118008624306278   0.000623536757713677   0
0.0692574712915509   0.163675857465915   -0.0103965700307103   0.0361453383720036   0
0.0697593291859949   0.161973467454874   0.000501857894443986   -0.00170239001104136   0
0.0843437923147068   0.158030837888844   0.0145844631287119   -0.00394262956602989   0
0.100025110218397   0.154906400053944   0.0156813179036903   -0.00312443783489985   0
0.0597826301621341   0.158479293302035   -0.0402424800562631   0.00357289324809135   0
0.0718541146785624   0.159494505193063   0.0120714845164284   0.0010152118910278   0
0.0747406017375489   0.160646566722456   0.00288648705898649   0.00115206152939298   0
0.0645533151317576   0.152393800402116   -0.0101872866057914   -0.00825276632033989   0
0.0651142130269575   0.143632425195358   0.000560897895199919   -0.00876137520675846   0
0.0736019642975648   0.141106049472569   0.00848775127060729   -0.00252637572278894   0
0.0628749905440438   0.137067397136482   -0.010726973753521   -0.00403865233608694   0
0.0572515450217381   0.138446345548564   -0.00562344552230576   0.00137894841208264   0
0.0589515139895491   0.149866483271152   0.00169996896781101   0.0114201377225877   0
0.0667443211673473   0.138129848263084   0.00779280717779818   -0.0117366350080685   0
0.051761724007754   0.121132500776103   -0.0149825971595932   -0.016997347486981   0
0.0616106687094857   0.119860552938957   0.00984894470173169   -0.00127194783714568   0
0.0572363689506672   0.121301983539058   -0.00437429975881851   0.00144143060010148   0
0.0782334515412685   0.12788930263299   0.0209970825906013   0.00658731909393157   0
0.0524578075753267   0.12793648114885   -0.0257756439659418   4.71785158598081e-05   0
0.0788591159012704   0.134271665739649   0.0264013083259437   0.0063351845907991   0
0.0358336934247644   0.137732894163849   -0.0430254224765061   0.00346122842420002   0
0.0592373234191924   0.146554900918598   0.023403629994428   0.00882200675474884   0
0.0617211016290215   0.143947163845801   0.0024837782098291   -0.00260773707279632   0
0.0706419634110633   0.153835138667178   0.00892086178204176   0.00988797482137693   0
0.0687940478136009   0.148561048262154   -0.0018479155974624   -0.00527409040502455   0
0.0592391426470708   0.152984876407768   -0.00955490516653008   0.00442382814561404   0
0.0626800391541039   0.152984876407768   0.00344089650703313   0   0
0.0531495283684625   0.153652747920433   -0.0095305107856414   0.000667871512664758   0
0.0493393246990674   0.159620525824532   -0.00381020366939512   0.00596777790409914   0
0.0489037700245083   0.166034550233528   -0.000435554674559045   0.00641402440899644   0
0.0386083785151151   0.161638274092184   -0.0102953915093933   -0.00439627614134419   0
0.0456802043897573   0.156271388920845   0.0070718258746422   -0.00536688517133899   0
0.0593932616414657   0.140399888088453   0.0137130572517084   -0.0158715008323924   0
0.0369102055261468   0.147276641597539   -0.0224830561153189   0.00687675350908662   0
0.0438924867635681   0.150356261616369   0.00698228123742126   0.00307962001882983   0
0.0286851372722949   0.156856018767212   -0.0152073494912732   0.00649975715084311   0
0.0307107116817634   0.152556012746958   0.00202557440946856   -0.00430000602025415   0
0.059676756055771   0.151829427253909   0.0289660443740076   -0.000726585493049103   0
0.0724541055212884   0.168465649272337   0.0127773494655175   0.016636222018428   0
0.0962811770000762   0.156125455607021   0.0238270714787877   -0.0123401936653154   0
0.072729851525285   0.164643435420305   -0.0235513254747912   0.0085179798132832   0
0.117482066342102   0.170398632776939   0.0447522148168168   0.00575519735663413   0
0.0898181720154112   0.233615477376821   -0.0276638943266905   0.0632168445998824   0
0.03801755373228   0.195874537310877   -0.0518006182831312   -0.0377409400659444   0
0.048389197797339   0.19659369334938   0.010371644065059   0.000719156038503227   0
0.031592682247951   0.200625291235303   -0.016796515549388   0.00403159788592275   0
0.0627928879491141   0.179961949983879   0.0312002057011631   -0.0206633412514241   0
0.0671860279373621   0.187871275002992   0.00439313998824797   0.0079093250191139   0
0.0624223535177656   0.177574764418399   -0.00476367441959651   -0.0102965105845931   0
0.0840063677287621   0.159489471731679   0.0215840142109965   -0.0180852926867204   0
0.0862760369897691   0.156407864732724   0.00226966926100698   -0.00308160699895518   0
0.11314644420807   0.150692239179727   0.0268704072183014   -0.0057156255529969   0
0.149118149676188   0.173311963805878   0.0359717054681175   0.0226197246261513   0
0.147603263010748   0.113832676209821   -0.00151488666544014   -0.0594792875960569   0
0.178094408550802   0.124147322203627   0.0304911455400542   0.010314645993806   0
0.158540472542837   0.134242993400959   -0.019553936007965   0.0100956711973321   0
0.142130141034089   0.153988982908064   -0.0164103315087482   0.0197459895071046   0
0.124238603192084   0.159286492785868   -0.0178915378420053   0.00529750987780445   0
0.133822116212157   0.153179080200341   0.00958351302007321   -0.00610741258552738   0
0.140712284923883   0.14919521293061   0.00689016871172612   -0.00398386726973118   0
0.179306729408826   0.162773576527058   0.0385944444849433   0.0135783635964482   0
0.18581816403339   0.180728587103009   0.0065114346245643   0.0179550105759513   0
0.186241520861971   0.183428148890301   0.000423356828580579   0.00269956178729197   0
0.152563830825691   0.179914595487642   -0.0336776900362802   -0.00351355340265871   0
0.179342103626588   0.188119111640737   0.0267782728008977   0.00820451615309434   0
0.188375172461261   0.197510993063203   0.009033068834673   0.00939188142246586   0
0.185285561206371   0.187632155858937   -0.0030896112548901   -0.00987883720426547   0
0.144532273474197   0.177150994166876   -0.0407532877321746   -0.0104811616920613   0
0.134477177319685   0.176697020749757   -0.0100550961545118   -0.000453973417119086   0
0.160416840930901   0.190734527072454   0.025939663611216   0.0140375063226967   0
0.171898830122866   0.20052518742418   0.0114819891919651   0.00979066035172643   0
0.190407281870232   0.208957438322377   0.0185084517473659   0.00843225089819707   0
0.200531415684949   0.212330201006004   0.0101241338147174   0.00337276268362682   0
0.207635368481408   0.210387433161418   0.00710395279645834   -0.00194276784458611   0
0.199853205114379   0.202071182400689   -0.00778216336702892   -0.00831625076072881   0
0.205511850893422   0.219866818203089   0.00565864577904282   0.0177956358023997   0
0.194666858337417   0.228901829154989   -0.0108449925560047   0.0090350109519009   0
0.191877822475542   0.228330103159329   -0.00278903586187507   -0.000571725995660105   0
0.17093519697682   0.198960641329667   -0.0209426254987224   -0.0293694618296622   0
0.29548852861255   0.238418438802455   0.124553331635731   0.0394577974727878   0
0.423898945956861   0.252909943154673   0.128410417344311   0.0144915043522181   0
0.188457674367376   0.226320187474516   -0.235441271589485   -0.0265897556801573   0
0.177399087367889   0.231647149652224   -0.0110585869994869   0.00532696217770845   0
0.187249630414695   0.240273758510475   0.00985054304680608   0.00862660885825059   0
0.186560730605342   0.25677281360183   -0.000688899809353605   0.0164990550913549   0
0.169438067776695   0.259798726317605   -0.0171226628286464   0.00302591271577557   0
0.175767278574853   0.267220545213593   0.00632921079815774   0.00742181889598786   0
0.153387673227088   0.256727906894147   -0.0223796053477648   -0.0104926383194457   0
0.170240515633764   0.252122336675571   0.0168528424066762   -0.00460557021857638   0
0.154595771383082   0.257388211409463   -0.0156447442506829   0.00526587473389212   0
0.145594602220034   0.263689408149195   -0.00900116916304727   0.00630119673973134   0
0.156050036122457   0.223375438705221   0.0104554339024223   -0.0403139694439734   0
0.143546186408626   0.253122646650912   -0.0125038497138306   0.029747207945691   0
0.153204093138793   0.264237569710805   0.00965790673016714   0.0111149230598928   0
0.143659439017793   0.262298790627292   -0.00954465412099992   -0.00193877908351286   0
0.144945571432624   0.270923028499694   0.00128613241483111   0.00862423787240235   0
0.162354522632848   0.263257359573769   0.0174089512002238   -0.00766566892592579   0
0.166387973693285   0.272546956385827   0.00403345106043634   0.00928959681205865   0
0.169527026368364   0.275563992030978   0.00313905267507952   0.00301703564515093   0
0.180610142493611   0.275144983589025   0.0110831161252471   -0.000419008441953639   0
0.171559915910604   0.28065642300318   -0.00905022658300683   0.00551143941415561   0
0.191611592511039   0.304768722570185   0.0200516766004343   0.0241122995670051   0
0.17675255043128   0.285164887938667   -0.0148590420797588   -0.0196038346315182   0
0.190268413988082   0.306572383201851   0.0135158635568018   0.0214074952631839   0
0.189113942906155   0.315304326937599   -0.00115447108192648   0.00873194373574843   0
0.185246286293275   0.307212168688172   -0.0038676566128801   -0.00809215824942716   0
0.171918020132766   0.311213427035033   -0.0133282661605094   0.0040012583468611   0
0.154032096810373   0.28562577200883   -0.017885923322393   -0.0255876550262036   0
0.0992975237004051   0.255178364438955   -0.0547345731099675   -0.030447407569875   0
0.123070247856445   0.282334099406275   0.02377272415604   0.0271557349673205   0
0.14269892365792   0.28568274104851   0.0196286758014749   0.00334864164223475   0
0.142154742188338   0.295075637555123   -0.000544181469582183   0.00939289650661335   0
0.148826216451471   0.28958593309823   0.00667147426313286   -0.0054897044568934   0
0.169969798132404   0.297817028466477   0.0211435816809331   0.00823109536824729   0
0.192412005930243   0.323840996306737   0.0224422077978395   0.0260239678402597   0
0.211729234626269   0.325383881820769   0.0193172286960255   0.00154288551403253   0
0.210007202155855   0.332098031733854   -0.00172203247041422   0.00671414991308467   0
0.209160701136546   0.34120325948912   -0.000846501019308443   0.00910522775526618   0
0.213000471432178   0.337671000300696   0.00383977029563165   -0.00353225918842448   0
0.201350250803998   0.335314598959787   -0.0116502206281798   -0.00235640134090925   0
0.214663148249205   0.332250608648807   0.0133128974452066   -0.00306399031097987   0
0.51021386685934   0.378224611555422   0.295550718610135   0.0459740029066155   1
0.50308066663409   0.34798893885591   -0.0071332002252501   -0.0302356726995118   0
