0.123316543715026   0.0962422664503751   0   0   0
0.125058724516045   0.101554604260971   0.00174218080101855   0.00531233781059624   0
0.137583721277374   0.0962150972931224   0.0125249967613286   -0.00533950696784899   0
0.107599678539529   0.0902494436763601   -0.0299840427378444   -0.00596565361676223   0
0.110239145444475   0.0784939046198015   0.00263946690494583   -0.0117555390565586   0
0.169401702112936   0.0994583438736516   0.0591625566684614   0.02096443925385   0
0.114100883485186   0.0818902064699926   -0.0553008186277503   -0.0175681374036589   0
0.143379193609254   0.0784654526541617   0.0292783101240682   -0.00342475381583091   0
0.18499098259472   0.108070111486759   0.0416117889854657   0.0296046588325973   0
0.0995585304546527   0.0821867748356297   -0.0854324521400673   -0.0258833366511293   0
0.129005793533081   0.0739518851643418   0.0294472630784287   -0.00823488967128788   0
0.0603570618232863   0.0572863072819326   -0.068648731709795   -0.0166655778824093   0
0.0840893783404896   0.03862194056049   0.0237323165172033   -0.0186643667214426   0
0.124987959869741   0.0356468001999902   0.0408985815292515   -0.00297514036049978   0
0.0663095363861036   0.0424527470099465   -0.0586784234836374   0.0068059468099563   0
0.0976265045145528   0.0529374575389969   0.0313169681284492   0.0104847105290504   0
0.107040498921203   0.0520529465001553   0.00941399440664993   -0.000884511038841643   0
0.0527834838207938   0.0506733720475855   -0.0542570151004089   -0.00137957445256971   0
0.0998455065967418   0.040952264338105   0.047062022775948   -0.00972110770948056   0
0.109219435468876   0.0540315492395001   0.00937392887213437   0.0130792849013951   0
0.0508203867621056   0.0491971938235356   -0.0583990487067705   -0.00483435541596455   0
0.111700208822813   0.0332211100388744   0.0608798220607073   -0.0159760837846612   0
0.0736024355508023   0.0449836641018159   -0.0380977732720106   0.0117625540629415   0
0.0590466332196002   0.0570185103557408   -0.014555802331202   0.0120348462539249   0
0.0956312836070917   0.0481085576678931   0.0365846503874914   -0.0089099526878477   0
0.0536137527241845   0.0466216231621179   -0.0420175308829072   -0.00148693450577527   0
0.0968190715985234   0.0302508364577829   0.0432053188743389   -0.016370786704335   0
0.0478116353328727   0.0649221538479588   -0.0490074362656507   0.0346713173901759   0
0.0443208313321174   0.051006254479554   -0.00349080400075528   -0.0139158993684047   0
0.0963568342737037   0.0389458978644802   0.0520360029415863   -0.0120603566150738   0
0.0572612577799335   0.0597967322628965   -0.0390955764937702   0.0208508343984163   0
0.0549323929758207   0.0661753230147266   -0.0023288648041128   0.00637859075183007   0
0.0752072110575841   0.0540615082628986   0.0202748180817634   -0.012113814751828   0
0.0548475444069513   0.0568523479141583   -0.0203596666506328   0.00279083965125974   0
0.0642109710080762   0.0465106960030658   0.00936342660112484   -0.0103416519110925   0
0.0868314623018183   0.0511294251646984   0.0226204912937422   0.00461872916163267   0
0.0761218979055305   0.0594888166860377   -0.0107095643962879   0.00835939152133927   0
0.0540951067498679   0.0652313663970409   -0.0220267911556626   0.00574254971100321   0
0.0802378980603944   0.0707459268475931   0.0261427913105265   0.00551456045055221   0
0.0871870770371969   0.0723023509460446   0.00694917897680244   0.00155642409845148   0
0.04179532238364   0.0778491934244826   -0.0453917546535568   0.00554684247843795   0
0.111381262508961   0.0614676541204803   0.0695859401253206   -0.0163815393040023   0
0.0782669279336426   0.0776514890988093   -0.0331143345753181   0.016183834978329   0
0.0492504058643429   0.08560913627302   -0.0290165220692997   0.00795764717421064   0
0.0909032118286125   0.0786364846347737   0.0416528059642696   -0.00697265163824626   0
0.0962395366373176   0.0916985903471395   0.00533632480870511   0.0130621057123658   0
0.0533130225981317   0.0971595877009701   -0.0429265140391859   0.00546099735383061   0
0.115181681692829   0.0876143274707539   0.061868659094697   -0.00954526023021621   0
0.149555579884035   0.101757903266233   0.0343738981912064   0.014143575795479   0
0.130900964442971   0.0952609805927905   -0.0186546154410639   -0.00649692267344239   0
0.0712811573610621   0.0918988920024203   -0.059619807081909   -0.0033620885903702   0
0.143479427377392   0.0904514699996634   0.0721982700163302   -0.0014474220027569   0
0.126610942843798   0.119822802651457   -0.0168684845335939   0.0293713326517936   0
0.0808170575277274   0.100852769503495   -0.045793885316071   -0.0189700331479624   0
0.129788511656695   0.0781204757797532   0.0489714541289674   -0.0227322937237414   0
0.106532305951059   0.100873454948564   -0.023256205705636   0.022752979168811   0
0.0912566008139137   0.0937720955196827   -0.0152757051371451   -0.00710135942888145   0
0.128194786332596   0.0923062934252183   0.0369381855186825   -0.00146580209446438   0
0.156540831818974   0.095992663698079   0.0283460454863781   0.0036863702728607   0
0.134158060642715   0.104875049877223   -0.0223827711762593   0.00888238617914393   0
0.0801182095503263   0.0987648384703914   -0.0540398510923887   -0.00611021140683156   0
0.149346669205878   0.0944274135296657   0.0692284596555519   -0.00433742494072564   0
0.125359689633829   0.104688686640737   -0.0239869795720489   0.0102612731110716   0
0.109664965040481   0.0992111017523241   -0.0156947245933479   -0.00547758488841327   0
0.162280841269818   0.0998081084539352   0.0526158762293371   0.000597006701611155   0
0.113186230117007   0.109638762688761   -0.0490946111528117   0.00983065423482599   0
0.098759716110163   0.101032365660478   -0.0144265140068437   -0.00860639702828339   0
0.16400041702886   0.104083447120195   0.065240700918697   0.00305108145971751   0
0.131890549792925   0.115049052793797   -0.0321098672359351   0.0109656056736021   0
0.101826635153824   0.115036248011225   -0.0300639146391008   -1.28047825727756e-05   0
0.127819598427237   0.104978693383098   0.0259929632734124   -0.0100575546281267   0
0.131231166267888   0.11521731103697   0.00341156784065125   0.0102386176538725   0
0.0891929835667582   0.119251076450288   -0.0420381827011295   0.00403376541331781   0
0.126456512212262   0.104811913166884   0.0372635286455039   -0.0144391632834039   0
0.140900912519508   0.115704147554226   0.0144444003072457   0.0108922343873412   0
0.104794141032502   0.124388969502927   -0.0361067714870054   0.00868482194870103   0
0.0978826994193049   0.127449168892936   -0.00691144161319746   0.00306019939000894   0
0.124589793521661   0.126462117737882   0.0267070941023556   -0.000987051155053265   0
0.0898278501283984   0.135584511772178   -0.0347619433932621   0.00912239403429618   0
0.118322924325846   0.125116116333988   0.0284950741974481   -0.0104683954381905   0
0.146105942324636   0.134951103950653   0.02778301799879   0.00983498761666524   0
0.118898486436708   0.144216918613074   -0.0272074558879286   0.00926581466242077   0
0.113718964304552   0.136295413674672   -0.00517952213215572   -0.00792150493840182   0
0.16815154114991   0.138337166838851   0.0544325768453583   0.00204175316417854   0
0.141933391518733   0.146701005359541   -0.0262181496311772   0.00836383852069006   0
0.13852272690436   0.142288224696389   -0.00341066461437281   -0.00441278066315204   0
0.147574677974407   0.132910330691796   0.00905195107004692   -0.00937789400459296   0
0.15952079046535   0.155788598281453   0.0119461124909424   0.0228782675896574   0
0.0982438963320877   0.156627750253587   -0.061276894133262   0.000839151972133773   0
0.172991529380516   0.14562543211438   0.0747476330484285   -0.0110023181392066   0
0.13097164512069   0.147182938091513   -0.0420198842598261   0.00155750597713217   0
0.126601754337094   0.147445135954709   -0.00436989078359576   0.000262197863196062   0
0.168189079068916   0.156787013306268   0.0415873247318214   0.00934187735155986   0
0.157058212118946   0.168673053302832   -0.0111308669499693   0.0118860399965635   0
0.145243225983176   0.170764504539146   -0.0118149861357703   0.00209145123631399   0
0.146276335896583   0.15728719758693   0.00103310991340688   -0.0134773069522158   0
0.289952563825533   0.231109906441178   0.14367622792895   0.0738227088542477   0
0.103368654148828   0.549318713240547   -0.186583909676705   0.318208806799369   1
0.0515260445628228   0.341094169297498   -0.0518426095860051   -0.208224543943049   1
0.0706615072721351   0.239246386440318   0.0191354627093123   -0.10184778285718   0
0.0691376599715098   0.205233925673242   -0.00152384730062534   -0.0340124607670756   0
0.0935388512644345   0.212691189782135   0.0244011912929248   0.00745726410889216   0
0.104816727354607   0.203826270289798   0.0112778760901724   -0.00886491949233612   0
0.101978139602417   0.197475481598982   -0.00283858775219017   -0.00635078869081618   0
0.104311556392733   0.201673208330953   0.00233341679031666   0.0041977267319708   0
0.096801269847316   0.212840811750848   -0.00751028654541737   0.0111676034198951   0
0.11000837357886   0.197363458409225   0.0132071037315443   -0.0154773533416229   0
0.0973649848394175   0.208845222000648   -0.0126433887394428   0.0114817635914229   0
0.114493331076181   0.225657004614974   0.0171283462367635   0.0168117826143261   0
0.0993038172370307   0.209280704314803   -0.0151895138391503   -0.0163763003001712   0
0.0948701830766358   0.220627567308009   -0.0044336341603949   0.0113468629932059   0
0.114982664478912   0.218684442307289   0.0201124814022759   -0.00194312500071997   0
0.112171699244506   0.203226680788965   -0.00281096523440537   -0.0154577615183236   0
0.106408197105533   0.207959113925069   -0.00576350213897323   0.00473243313610408   0
0.132441112213315   0.210707040162882   0.0260329151077822   0.00274792623781292   0
0.117624724956533   0.20914278090496   -0.0148163872567826   -0.00156425925792258   0
0.119244169786619   0.220460989506766   0.00161944483008607   0.0113182086018065   0
0.129425430362506   0.225059120135827   0.0101812605758875   0.0045981306290605   0
0.125898030176805   0.203512867717867   -0.00352740018570144   -0.0215462524179599   0
0.131171265748413   0.21508124759542   0.00527323557160844   0.0115683798775534   0
0.146693217053584   0.223823530615103   0.0155219513051709   0.00874228301968277   0
0.137676568330599   0.215175199676967   -0.00901664872298566   -0.00864833093813638   0
0.132601695870848   0.214927821699454   -0.00507487245975055   -0.000247377977512259   0
0.146948536834567   0.221539110604589   0.0143468409637186   0.00661128890513499   0
0.129855859801836   0.217544928293496   -0.0170926770327306   -0.003994182311093   0
0.133349246851004   0.222805482168241   0.00349338704916791   0.00526055387474486   0
0.146463274312368   0.234104787645346   0.0131140274613641   0.0112993054771046   0
0.139261239530459   0.212321137634651   -0.00720203478190867   -0.0217836500106947   0
0.128493811905477   0.213274952757731   -0.0107674276249829   0.000953815123080098   0
0.129892948952628   0.209234288439353   0.00139913704715136   -0.00404066431837799   0
0.12965912523737   0.220593012121242   -0.00023382371525793   0.0113587236818889   0
0.130564401080957   0.212923072705784   0.0009052758435866   -0.00766993941545835   0
0.138121066823856   0.22413041742794   0.00755666574289904   0.0112073447221559   0
0.136106870694502   0.220694372603205   -0.00201419612935322   -0.00343604482473422   0
0.122253378888643   0.202270682046293   -0.0138534918058598   -0.0184236905569126   0
0.121376490528571   0.207387214353103   -0.000876888360071104   0.00511653230681039   0
0.127681635446136   0.213576180971738   0.00630514491756465   0.00618896661863455   0
0.131072237834562   0.219229939521208   0.00339060238842598   0.00565375854947014   0
0.144414945351927   0.226942953463552   0.0133427075173647   0.00771301394234422   0
0.134791876684205   0.228960158530305   -0.00962306866772156   0.00201720506675304   0
0.126374618207803   0.220396238196118   -0.00841725847640173   -0.00856392033418721   0
0.116828657074581   0.226146292520511   -0.00954596113322266   0.00575005432439293   0
0.123213446320742   0.223470772238228   0.00638478924616129   -0.00267552028228285   0
0.116705391802179   0.218349915760666   -0.00650805451856361   -0.00512085647756191   0
0.135429274607007   0.229205610622733   0.0187238828048281   0.0108556948620671   0
0.139362266146902   0.228440882021044   0.00393299153989557   -0.000764728601689302   0
0.13236600757571   0.236820127863448   -0.00699625857119188   0.00837924584240438   0
0.147558742384042   0.236195285764709   0.0151927348083315   -0.00062484209873942   0
0.150971734555214   0.238832319731334   0.00341299217117225   0.00263703396662482   0
0.14581475464196   0.230753521891325   -0.00515697991325431   -0.00807879784000917   0
0.143871633920898   0.236000949985636   -0.00194312072106165   0.00524742809431106   0
0.149625627732359   0.249628611174325   0.00575399381146099   0.0136276611886897   0
0.155066816410217   0.242132796764611   0.00544118867785814   -0.0074958144097142   0
0.156040764398217   0.251583250434727   0.00097394798800024   0.00945045367011571   0
0.163633862544768   0.263967906794467   0.00759309814655049   0.0123846563597403   0
0.147345309015964   0.247258815056152   -0.0162885535288037   -0.0167090917383149   0
0.143507338072109   0.244697251448606   -0.00383797094385549   -0.00256156360754589   0
0.149289507457557   0.24893516631352   0.00578216938544837   0.0042379148649139   0
0.158621027208679   0.252317895840688   0.00933151975112165   0.00338272952716817   0
0.164009151811477   0.256482378374914   0.00538812460279786   0.00416448253422547   0
0.166053010955086   0.255609361019804   0.00204385914360963   -0.000873017355109917   0
0.172620696657777   0.251252274173991   0.00656768570269026   -0.00435708684581271   0
0.143963936229911   0.245844803407556   -0.0286567604278651   -0.00540747076643494   0
0.146207149666415   0.243278925761152   0.00224321343650399   -0.00256587764640454   0
0.156464789235853   0.234636258478528   0.0102576395694379   -0.00864266728262406   0
