0.0598090092292123   0.397964540417862   0   0   0
0.0590095264767478   0.32024291342801   -0.000799482752464484   -0.0777216269898517   0
0.0625848975623513   0.293142091320067   0.00357537108560346   -0.0271008221079432   0
0.103725127814527   0.255117836742181   0.0411402302521759   -0.0380242545778862   0
0.131932702493696   0.211942939472609   0.0282075746791684   -0.0431748972695718   0
0.131149410793873   0.209690322262354   -0.00078329169982283   -0.00225261721025466   0
0.154111977077384   0.199115546493167   0.0229625662835108   -0.0105747757691874   0
0.158869187948576   0.186079072399027   0.00475721087119252   -0.0130364740941394   0
0.153859098999344   0.180496860879054   -0.00501008894923194   -0.00558221151997368   0
0.125969195598011   0.197225906523642   -0.027889903401333   0.0167290456445885   0
0.13858781807926   0.1640676916526   0.0126186224812485   -0.0331582148710427   0
0.154670096954162   0.172650011198559   0.0160822788749027   0.00858231954595925   0
0.142094622723615   0.166925738581712   -0.0125754742305477   -0.00572427261684702   0
0.147758601836043   0.170787862596885   0.00566397911242866   0.00386212401517325   0
0.11399059084442   0.123117614155327   -0.0337680109916232   -0.047670248441558   0
0.0908829385787613   0.109520521792128   -0.0231076522656588   -0.013597092363199   0
0.0756277922902427   0.108163326640826   -0.0152551462885185   -0.00135719515130217   0
0.0740260001943912   0.0753146550466275   -0.0016017920958516   -0.0328486715941984   0
0.0700917177564511   0.0846412886005553   -0.00393428243794007   0.00932663355392779   0
0.0610110324720046   0.0605159521209078   -0.00908068528444649   -0.0241253364796476   0
0.0477343741474632   0.0321766921787821   -0.0132766583245414   -0.0283392599421256   0
0.0519158503609447   0.0429762472157516   0.00418147621348151   0.0107995550369695   0
0.0281762484465001   0.0647393400913664   -0.0237396019144446   0.0217630928756148   0
0.0427954462316962   0.0698017730462665   0.0146191977851961   0.00506243295490012   0
0.0379278369497603   0.056544851114624   -0.00486760928193593   -0.0132569219316425   0
0.0342665186234318   0.0707472779823938   -0.00366131832632844   0.0142024268677697   0
0.0224480025285191   0.0701059941526978   -0.0118185160949127   -0.000641283829695957   0
0.0406795145818396   0.0751766022891724   0.0182315120533205   0.00507060813647459   0
0.0529556120608572   0.0649145618299015   0.0122760974790176   -0.0102620404592709   0
0.0484138876114075   0.0663615217576277   -0.00454172444944961   0.00144695992772627   0
0.0367591553398606   0.0857987701298107   -0.011654732271547   0.019437248372183   0
0.0552006062528311   0.080391945497559   0.0184414509129706   -0.00540682463225166   0
0.0587349956114206   0.0779954392183287   0.00353438935858949   -0.00239650627923038   0
0.0553599208525094   0.0713232363051481   -0.00337507475891127   -0.00667220291318052   0
0.0539962060062936   0.0737879905607444   -0.00136371484621572   0.00246475425559622   0
0.0701023082097872   0.0754850497593272   0.0161061022034936   0.0016970591985828   0
0.0975043366527356   0.105694509801447   0.0274020284429484   0.0302094600421195   0
0.0942845947068767   0.0969796171392345   -0.00321974194585894   -0.00871489266221218   0
0.094673293915074   0.0950989605072295   0.000388699208197368   -0.00188065663200496   0
0.116263857035439   0.111126688662392   0.0215905631203645   0.016027728155162   0
0.0790593725988892   0.126154258745853   -0.0372044844365493   0.0150275700834614   0
0.0888555330525342   0.12374230940905   0.00979616045364497   -0.00241194933680315   0
0.0839837324128905   0.117694215344086   -0.00487180063964371   -0.00604809406496412   0
0.10193196412857   0.123110997268542   0.0179482317156796   0.00541678192445658   0
0.0915512335109145   0.137368785504532   -0.0103807306176556   0.0142577882359893   0
0.099033288369623   0.145136387309704   0.00748205485870844   0.00776760180517277   0
0.0775471834236422   0.150422906375791   -0.0214861049459808   0.00528651906608671   0
0.0903835154547554   0.146904886533983   0.0128363320311132   -0.00351801984180777   0
0.0904765738388672   0.152822210979303   9.30583841118882e-05   0.00591732444531942   0
0.0942306988174236   0.15344338398253   0.00375412497855634   0.000621173003226838   0
0.0976421954118198   0.145969882641078   0.0034114965943962   -0.0074735013414518   0
0.0764861427984181   0.157821307367138   -0.0211560526134017   0.0118514247260598   0
0.083120303355919   0.157422892637692   0.00663416055750095   -0.000398414729445767   0
0.0907802546527602   0.167645743281957   0.00765995129684123   0.0102228506442657   0
0.0857232412522998   0.179809255398214   -0.0050570134004604   0.0121635121162561   0
0.101899861918012   0.166463771725304   0.0161766206657126   -0.0133454836729092   0
0.102503737315963   0.184656020214995   0.000603875397950829   0.0181922484896906   0
0.105723279464269   0.175687350045131   0.00321954214830611   -0.00896867016986441   0
0.0838339816285139   0.176606501439692   -0.0218892978357555   0.000919151394561946   0
0.0842095863304766   0.187659158815794   0.000375604701962767   0.0110526573761011   0
0.0909830780672978   0.189494205279474   0.00677349173682114   0.00183504646368088   0
0.101273568513458   0.209040023665627   0.0102904904461599   0.019545818386153   0
0.0728797563022133   0.19917415129394   -0.0283938122112443   -0.00986587237168768   0
0.0693240789567406   0.181367389972024   -0.00355567734547273   -0.0178067613219154   0
0.103833377134614   0.18515828423403   0.034509298177873   0.00379089426200596   0
0.0885507278048577   0.203914151367218   -0.0152826493297559   0.0187558671331871   0
0.0913100237812153   0.212533838833543   0.00275929597635756   0.0086196874663256   0
0.0977132404722103   0.213024879885566   0.00640321669099504   0.000491041052023272   0
0.0973738962162345   0.200167468580584   -0.000339344255975843   -0.0128574113049826   0
0.113843171321648   0.203554960179929   0.0164692751054131   0.00338749159934518   0
0.0922578020023239   0.218962599290729   -0.0215853693193237   0.0154076391108003   0
0.086459826888902   0.21024324295192   -0.00579797511342189   -0.00871935633880946   0
0.111853355994579   0.215251685775681   0.0253935291056769   0.00500844282376112   0
0.0923724456407261   0.212111772251147   -0.0194809103538528   -0.00313991352453385   0
0.119739329553541   0.207316259293386   0.0273668839128153   -0.00479551295776101   0
0.120966411052697   0.24634339713396   0.00122708149915535   0.039027137840574   0
0.125460267953325   0.232084228559962   0.0044938569006278   -0.0142591685739985   0
0.113117430989515   0.235277327399093   -0.01234283696381   0.00319309883913141   0
0.119246699901549   0.245027624578786   0.00612926891203401   0.009750297179693   0
0.115084473519454   0.242335766906791   -0.00416222638209424   -0.00269185767199512   0
0.118694507225988   0.235504270368018   0.00361003370653312   -0.00683149653877296   0
0.125324276021687   0.243246592375459   0.00662976879569951   0.00774232200744063   0
0.127357099976039   0.239073237562551   0.00203282395435239   -0.00417335481290745   0
0.134754965427809   0.252937349447788   0.00739786545176957   0.013864111885237   0
0.126018778007287   0.258705236654653   -0.00873618742052151   0.00576788720686483   0
0.116136095049386   0.244814905354642   -0.00988268295790154   -0.0138903313000106   0
0.1432702933905   0.25065115887474   0.0271341983411142   0.00583625352009737   0
0.143704977432307   0.254460487386549   0.000434684041807271   0.00380932851180921   0
0.142174553997718   0.285907418282667   -0.00153042343458953   0.0314469308961183   0
0.130422893019631   0.282355406078474   -0.0117516609780874   -0.0035520122041931   0
0.147218414195406   0.288662312534924   0.016795521175775   0.0063069064564496   0
0.143746760877037   0.28421835534976   -0.00347165331836879   -0.00444395718516366   0
0.162826900725709   0.304599729192366   0.0190801398486725   0.0203813738426056   0
0.127649170658881   0.303635079906954   -0.0351777300668288   -0.000964649285411345   0
0.113025909142019   0.295608509481053   -0.0146232615168612   -0.00802657042590099   0
0.111314608437258   0.301080906123458   -0.0017113007047616   0.00547239664240462   0
0.107694715687029   0.30183926622817   -0.00361989275022873   0.000758360104711919   0
0.103963088626156   0.300280023658185   -0.00373162706087281   -0.00155924256998508   0
0.122884926077815   0.296149846802598   0.0189218374516586   -0.00413017685558642   0
0.110902020474201   0.299830401283726   -0.0119829056036142   0.00368055448112731   0
0.107284896807752   0.296905728486859   -0.00361712366644854   -0.00292467279686665   0
0.106793534415198   0.298999295218337   -0.000491362392554401   0.00209356673147837   0
0.0796354883863344   0.314725508891176   -0.0271580460288632   0.015726213672839   0
0.0704576548341626   0.313028976052621   -0.00917783355217178   -0.0016965328385552   0
0.0928108994311013   0.31318153637118   0.0223532445969387   0.000152560318558426   0
0.108831915862811   0.356206158897134   0.0160210164317098   0.043024622525954   0
0.0986307988831582   0.357904388686769   -0.0102011169796529   0.00169822978963563   0
0.0821302433984583   0.346614645315947   -0.0165005554846999   -0.0112897433708219   0
0.0885731545064304   0.355069071700493   0.00644291110797215   0.00845442638454591   0
0.0858399507410157   0.373459385008263   -0.00273320376541475   0.0183903133077697   0
0.0976974977450579   0.317675374433556   0.0118575470040422   -0.055784010574707   0
0.0937489528162315   0.32932022186916   -0.00394854492882643   0.0116448474356036   0
0.157002784129104   0.23543175952097   0.0632538313128724   -0.0938884623481893   0
0.180392880173387   0.296643588557464   0.0233900960442832   0.0612118290364937   0
0.188527637543385   0.318244676748096   0.00813475736999802   0.0216010881906318   0
0.184337452861593   0.326938017397029   -0.00419018468179222   0.00869334064893312   0
0.195398343257383   0.34783073194048   0.0110608903957899   0.0208927145434509   0
0.195789819358949   0.347006075716622   0.000391476101566507   -0.000824656223857967   0
0.20214542501526   0.373810548191861   0.00635560565631044   0.0268044724752395   0
0.192283425500093   0.380065909013489   -0.00986199951516631   0.00625536082162792   0
0.206665456155135   0.386527940034094   0.0143820306550415   0.00646203102060439   0
0.197615003960023   0.36722585307444   -0.00905045219511166   -0.0193020869596541   0
0.191219722102847   0.376953122720186   -0.00639528185717636   0.00972726964574677   0
0.186791319952962   0.378155465122812   -0.00442840214988441   0.00120234240262518   0
0.172052680572608   0.365972091416135   -0.0147386393803541   -0.0121833737066765   0
0.188262623751211   0.408611566569034   0.0162099431786026   0.0426394751528987   0
0.182192494756837   0.390721362963749   -0.00607012899437412   -0.0178902036052845   0
0.187673474196815   0.399105335942154   0.00548097943997802   0.00838397297840504   0
0.196599824747938   0.427838359504498   0.0089263505511234   0.0287330235623435   0
0.193677326632469   0.423765327702433   -0.00292249811546938   -0.00407303180206536   0
0.207053281174194   0.425323162576999   0.0133759545417256   0.00155783487456601   0
0.192019787641274   0.435427842474789   -0.0150334935329203   0.0101046798977908   0
0.164339765148305   0.457269575855698   -0.0276800224929692   0.0218417333809087   0
0.157992612487483   0.463497851345883   -0.00634715266082178   0.00622827549018468   0
0.143854513145886   0.47779124567901   -0.0141380993415967   0.014293394333127   0
0.135703068714197   0.475314349230854   -0.00815144443168966   -0.00247689644815596   0
0.132048394859953   0.501125258125401   -0.00365467385424398   0.0258109088945475   0
0.144629841289721   0.522918213877897   0.0125814464297686   0.0217929557524956   0
0.157365421372104   0.550947716795795   0.0127355800823831   0.0280295029178984   0
0.167725802713387   0.540319846146937   0.0103603813412824   -0.0106278706488582   0
0.164193039671358   0.542686508935177   -0.00353276304202937   0.00236666278823994   0
0.183674771028632   0.535333527424259   0.019481731357274   -0.00735298151091812   0
0.201807025036931   0.53465416852602   0.0181322540082992   -0.00067935889823878   0
0.20090960176333   0.549029654761243   -0.000897423273600401   0.0143754862352229   0
0.204659044272297   0.54992721809845   0.00374944250896656   0.000897563337206697   0
0.22444024818335   0.522453103531791   0.0197812039110528   -0.027474114566659   0
0.233477459415139   0.554481732548963   0.00903721123178974   0.0320286290171724   0
0.261093949833886   0.584253081733849   0.0276164904187469   0.0297713491848862   0
0.309899713302901   0.61229493019255   0.0488057634690143   0.0280418484587007   0
0.305957076098763   0.610619989122941   -0.0039426372041374   -0.00167494106960953   0
0.304994793754139   0.595169289955807   -0.000962282344623977   -0.0154506991671332   0
0.303948373423021   0.621909298748017   -0.00104642033111868   0.0267400087922093   0
0.298420905809751   0.617187607416699   -0.00552746761326922   -0.00472169133131728   0
0.324379145371354   0.624939794344423   0.0259582395616026   0.00775218692772384   0
0.322413084839231   0.640701418377157   -0.00196606053212339   0.0157616240327333   0
0.306348817949164   0.638469724378925   -0.0160642668900666   -0.00223169399823198   0
0.299413458372164   0.647154556076445   -0.00693535957699998   0.0086848316975201   0
0.292245760684799   0.645954562089703   -0.0071676976873648   -0.00119999398674164   0
0.292123481837782   0.63188968563053   -0.000122278847017265   -0.0140648764591731   0
0.321529702988138   0.642182223866015   0.0294062211503563   0.0102925382354846   0
0.325463795253635   0.630749301253279   0.00393409226549662   -0.0114329226127353   0
0.340056150495444   0.621642286862388   0.014592355241809   -0.00910701439089079   0
0.333021204964597   0.664048178114171   -0.00703494553084655   0.0424058912517827   0
0.327253087753855   0.643648055307596   -0.00576811721074211   -0.0204001228065753   0
0.319420084386564   0.652468392149765   -0.00783300336729076   0.00882033684216965   0
