0.0818040753655342   0.0610916827282978   0   0   0
0.101698434112134   0.0450944201307933   0.0198943587465995   -0.0159972625975045   0
0.0732475249243277   0.0641656626733676   -0.0284509091878061   0.0190712425425743   0
0.100701620964014   0.0340893192793579   0.0274540960396866   -0.0300763433940097   0
0.080697008487118   0.0357794867568433   -0.0200046124768962   0.00169016747748543   0
0.0695395167514126   0.0468542897093212   -0.0111574917357054   0.0110748029524779   0
0.0901189378695732   0.0305918183463034   0.0205794211181606   -0.0162624713630178   0
0.0817520435872401   0.0511184557838458   -0.00836689428233316   0.0205266374375424   0
0.0761067895290558   0.0331087244484199   -0.00564525405818427   -0.0180097313354259   0
0.0762290000535229   0.0327245690536178   0.000122210524467134   -0.000384155394802133   0
0.0736819347716928   0.0358170958730953   -0.0025470652818301   0.00309252681947748   0
0.0574137766516888   0.0344621093626754   -0.0162681581200041   -0.00135498651041988   0
0.0802316231635631   0.0359561417634974   0.0228178465118744   0.00149403240082203   0
0.0709651847841602   0.0424018501391449   -0.00926643837940296   0.00644570837564742   0
0.0527223591396478   0.0303861724378458   -0.0182428256445124   -0.0120156777012991   0
0.0583378527863342   0.0250663202350285   0.00561549364668642   -0.00531985220281729   0
0.0699344155337878   0.0326831329365011   0.0115965627474536   0.00761681270147254   0
0.0572754705968445   0.0171583256048631   -0.0126589449369433   -0.015524807331638   0
0.0564872299034038   0.0184355103222016   -0.000788240693440682   0.00127718471733847   0
0.0667879194256716   0.0356114741603391   0.0103006895222678   0.0171759638381375   0
0.03161432804157   0.0385708268388817   -0.0351735913841016   0.00295935267854264   0
0.0652990608287623   0.0120238850373942   0.0336847327871923   -0.0265469418014875   0
0.067574505835633   0.0262902600050803   0.00227544500687071   0.0142663749676861   0
0.0501775140059768   0.030943171217936   -0.0173969918296562   0.00465291121285565   0
0.0584821423864584   0.030259512550957   0.00830462838048163   -0.000683658666978944   0
0.0722661609470159   0.0264627737178196   0.0137840185605574   -0.00379673883313739   0
0.0538369093605864   0.0176931722447531   -0.0184292515864294   -0.00876960147306656   0
0.0473202765808696   0.0351740551952444   -0.00651663277971679   0.0174808829504913   0
0.111251706136827   0.0532643518376869   0.0639314295559573   0.0180902966424425   0
0.0804236441889921   0.0419027965445196   -0.0308280619478349   -0.0113615552931673   0
0.101582615935787   0.0487812185248585   0.0211589717467949   0.00687842198033896   0
0.0701520716617122   0.0599725179023901   -0.0314305442740748   0.0111912993775316   0
0.0529504883061526   0.0366226147235134   -0.0172015833555596   -0.0233499031788767   0
0.0816316661421902   0.0416162421505715   0.0286811778360376   0.00499362742705807   0
0.0647496208107816   0.0378450872396933   -0.0168820453314086   -0.00377115491087812   0
0.0573176320264541   0.0340528160521652   -0.00743198878432746   -0.00379227118752814   0
0.0869413050262072   0.0441480125430919   0.0296236729997531   0.0100951964909267   0
0.0640378384390042   0.041033691834746   -0.022903466587203   -0.0031143207083459   0
0.0660437232025875   0.0276736630797226   0.00200588476358338   -0.0133600287550234   0
0.0989584158402912   0.0464678038078248   0.0329146926377037   0.0187941407281023   0
0.0662134104563418   0.0281310626434059   -0.0327450053839494   -0.018336741164419   0
0.0684753007447211   0.0310448254054118   0.00226189028837925   0.0029137627620059   0
0.0753942926851894   0.0356874379792456   0.00691899194046829   0.00464261257383383   0
0.0714117952199775   0.0369001389451652   -0.0039824974652119   0.00121270096591965   0
0.0605247701545409   0.0366791807659672   -0.0108870250654366   -0.000220958179198011   0
0.0626246073308248   0.0372803952491789   0.00209983717628398   0.000601214483211661   0
0.0749671126184676   0.0362544957370462   0.0123425052876427   -0.0010258995121327   0
0.0658616606236891   0.0354154016734598   -0.00910545199477845   -0.000839094063586378   0
0.0620083777041458   0.0341368705006771   -0.00385328291954336   -0.00127853117278268   0
0.0837888889100458   0.0400141026567821   0.0217805112059001   0.00587723215610502   0
0.0777568339858305   0.0365647419179324   -0.00603205492421535   -0.00344936073884979   0
0.0656131157060842   0.0273869394725844   -0.0121437182797462   -0.00917780244534799   0
0.0811199396305249   0.0326446354239483   0.0155068239244406   0.00525769595136392   0
0.0915516185190082   0.032966317031593   0.0104316788884833   0.000321681607644723   0
0.0849473645488781   0.0346776561582887   -0.00660425397013002   0.00171133912669571   0
0.0804641951864306   0.0216190831420414   -0.00448316936244755   -0.0130585730162473   0
0.0813315109997349   0.0329122278985714   0.00086731581330432   0.0112931447565299   0
0.0972801122653032   0.0349493897553663   0.0159486012655683   0.00203716185679489   0
0.0804428654072566   0.0326426422157429   -0.0168372468580466   -0.00230674753962338   0
0.0880603456602346   0.0328462801174273   0.00761748025297802   0.000203637901684414   0
0.10306943189661   0.0430147062259235   0.0150090862363758   0.0101684261084962   0
0.0843498221886093   0.0320867394829624   -0.0187196097080011   -0.0109279667429611   0
0.0919417108029321   0.0406307776412783   0.00759188861432281   0.00854403815831586   0
0.0861466356210154   0.0445019641064864   -0.00579507518191667   0.00387118646520807   0
0.0904037794312273   0.0403789622061415   0.00425714381021192   -0.0041230019003449   0
0.095290853452207   0.03430339967485   0.00488707402097972   -0.00607556253129144   0
0.0904340177445412   0.0335220281065007   -0.00485683570766582   -0.00078137156834928   0
0.0975221884214049   0.0361956019215733   0.00708817067686367   0.00267357381507255   0
0.10528202912449   0.0384068986541155   0.00775984070308527   0.00221129673254224   0
0.0945566848388838   0.0353106639823227   -0.0107253442856064   -0.00309623467179284   0
0.0924839170620492   0.037071333661402   -0.00207276777683459   0.00176066967907935   0
0.0969403913391626   0.0336168006467748   0.00445647427711342   -0.00345453301462722   0
0.0916979820451355   0.0374085106146649   -0.00524240929402711   0.00379170996789013   0
0.102842332766376   0.0362187711871206   0.0111443507212404   -0.00118973942754431   0
0.163247689799305   0.0465516669815647   0.0604053570329287   0.0103328957944441   0
0.142823935612348   0.0491691227609615   -0.020423754186957   0.00261745577939679   0
0.156705032353559   0.0458974266223336   0.0138810967412115   -0.00327169613862784   0
0.134797103253149   0.0492999199410354   -0.0219079291004105   0.00340249331870177   0
0.119617242247805   0.0442642575303427   -0.0151798610053439   -0.00503566241069271   0
0.141188361051469   0.0618504398637754   0.0215711188036644   0.0175861823334327   0
0.122070520173382   0.0431426345135818   -0.0191178408780873   -0.0187078053501936   0
0.13178732843688   0.0405654305243701   0.00971680826349791   -0.00257720398921168   0
0.141394181175676   0.0623746897853608   0.00960685273879669   0.0218092592609907   0
0.135099945584913   0.042614693274914   -0.00629423559076356   -0.0197599965104469   0
0.1276625696986   0.04482516646804   -0.00743737588631241   0.00221047319312604   0
0.142805725812273   0.0517819091792201   0.0151431561136723   0.00695674271118009   0
0.119116032908337   0.0351600496584547   -0.0236896929039358   -0.0166218595207654   0
0.148239961935809   0.0502597977282539   0.0291239290274718   0.0150997480697992   0
0.131277412980528   0.0416824105821628   -0.016962548955281   -0.00857738714609111   0
0.124057196770844   0.0459959733140304   -0.00722021620968323   0.00431356273186761   0
0.132223019582711   0.0615079026279144   0.00816582281186669   0.015511929313884   0
0.125639764597523   0.0485457912200945   -0.00658325498518847   -0.0129621114078199   0
0.123845616392265   0.0453578350536597   -0.00179414820525783   -0.00318795616643477   0
0.133628242683237   0.0516208534599632   0.00978262629097193   0.00626301840630356   0
0.134295255984007   0.0488594827568303   0.00066701330077043   -0.00276137070313293   0
0.133661177711406   0.0424924916871499   -0.000634078272601341   -0.00636699106968047   0
0.138374211418349   0.051768714509948   0.0047130337069434   0.00927622282279814   0
0.147389452363085   0.0413422692464686   0.00901524094473546   -0.0104264452634794   0
0.129391527458099   0.0500910752048955   -0.0179979249049856   0.00874880595842698   0
0.140781878311024   0.0498518650901849   0.0113903508529251   -0.000239210114710592   0
0.161489332378682   0.0430578550828998   0.0207074540676581   -0.00679401000728514   0
0.135267222336714   0.0391678635546094   -0.0262221100419683   -0.00388999152829039   0
0.15544170647188   0.0524110211191072   0.0201744841351657   0.0132431575644978   0
0.150339159109661   0.0458175003405358   -0.00510254736221852   -0.00659352077857136   0
0.130432871376505   0.0501406065597037   -0.0199062877331558   0.00432310621916785   0
0.154323434548516   0.055588575063654   0.0238905631720103   0.00544796850395037   0
0.143240483249324   0.0496987785118759   -0.0110829512991912   -0.00588979655177813   0
0.168918612342157   0.0457891836591896   0.0256781290928328   -0.00390959485268627   0
0.14793342495589   0.0434432887613553   -0.020985187386267   -0.00234589489783435   0
0.164716587101148   0.0489469068345233   0.0167831621452575   0.00550361807316797   0
0.123536222395458   0.0454170876519645   -0.04118036470569   -0.00352981918255878   0
0.154823885795217   0.0893999559706827   0.0312876633997593   0.0439828683187182   0
0.200725213877081   0.104493225266438   0.0459013280818642   0.015093269295755   0
0.216106139043573   0.0922661010010719   0.0153809251664916   -0.0122271242653658   0
0.207610693490123   0.081952534037957   -0.0084954455534493   -0.0103135669631149   0
0.228735167338125   0.105220636326721   0.0211244738480014   0.0232681022887636   0
0.216948546024927   0.0916502682792173   -0.0117866213131976   -0.0135703680475033   0
0.232672020167295   0.0869533110925915   0.0157234741423674   -0.00469695718662576   0
0.214212675995096   0.0823004399680372   -0.0184593441721987   -0.0046528711245543   0
0.224382842473662   0.0841498454362365   0.0101701664785655   0.00184940546819931   0
0.218431768047972   0.0727884859132439   -0.00595107442568985   -0.0113613595229927   0
0.228112813537469   0.0819238813246937   0.00968104548949711   0.00913539541144984   0
0.226058487374042   0.0726924368226331   -0.0020543261634266   -0.00923144450206063   0
0.234206149758989   0.0833888769405878   0.00814766238494682   0.0106964401179547   0
0.234899433911025   0.073148972133192   0.000693284152035983   -0.0102399048073958   0
0.226276655715653   0.0751525057699342   -0.00862277819537238   0.00200353363674226   0
0.237086089739824   0.0750816561178228   0.0108094340241718   -7.08496521114182e-05   0
0.221712989993031   0.0686264798864294   -0.0153730997467932   -0.00645517623139343   0
0.222714989158184   0.0674786643715071   0.0010019991651527   -0.00114781551492232   0
0.240240213775443   0.0759802972151787   0.0175252246172587   0.00850163284367166   0
0.227769678135611   0.0652576376840482   -0.0124705356398313   -0.0107226595311306   0
0.247600381717696   0.0766787059778006   0.0198307035820847   0.0114210682937525   0
0.260279684172671   0.0735523819447236   0.0126793024549754   -0.00312632403307704   0
0.240962690638154   0.0754021649527552   -0.019316993534517   0.00184978300803157   0
0.256526981714536   0.0807228151934136   0.0155642910763818   0.00532065024065841   0
0.261343574616251   0.0739139242331917   0.00481659290171493   -0.00680889096022189   0
0.23740430921353   0.076072879395107   -0.0239392654027206   0.00215895516191536   0
0.244665688375587   0.076350806966532   0.00726137916205682   0.000277927571424932   0
0.251255135382443   0.0767539811726565   0.00658944700685618   0.000403174206124499   0
0.251052437262756   0.080033965509526   -0.000202698119687594   0.00327998433686953   0
0.25230912970293   0.0851060145204791   0.00125669244017418   0.00507204901095309   0
0.267675394297671   0.0838644324407105   0.0153662645947408   -0.00124158207976857   0
0.286412705620309   0.0750353055953662   0.0187373113226378   -0.00882912684534429   0
0.27546925670254   0.0883359828414927   -0.0109434489177684   0.0133006772461265   0
0.277747934702474   0.0802129860586333   0.0022786779999342   -0.00812299678285944   0
0.272711685246146   0.0793822484566292   -0.00503624945632863   -0.000830737602004153   0
0.240468328391869   0.0840715179366651   -0.0322433568542763   0.00468926948003592   0
0.286718863828141   0.0793944657130615   0.0462505354362713   -0.00467705222360357   0
0.262925164478887   0.0839868845397899   -0.0237936993492534   0.00459241882672839   0
0.281481894889686   0.0779359346358437   0.0185567304107987   -0.00605094990394622   0
0.295372712659098   0.0831517408680059   0.0138908177694116   0.0052158062321622   0
0.285650354336136   0.0888158349563297   -0.00972235832296187   0.00566409408832384   0
0.286378510244834   0.0889308553672458   0.000728155908697958   0.000115020410916128   0
0.307337797502915   0.0945384701280912   0.0209592872580807   0.0056076147608454   0
0.306836945485921   0.0868238262171738   -0.000500852016993625   -0.00771464391091743   0
0.304077349546368   0.0920171655062929   -0.00275959593955288   0.00519333928911908   0
0.304847639959275   0.0964482016797099   0.000770290412907437   0.00443103617341702   0
0.297642888857487   0.0885700319013858   -0.00720475110178886   -0.0078781697783241   0
0.285223923567874   0.0958705694692068   -0.0124189652896125   0.00730053756782095   0
0.300294355243034   0.0848830018716939   0.0150704316751597   -0.0109875675975128   0
0.30440566354556   0.0962728433378281   0.00411130830252593   0.0113898414661342   0
0.284185312755568   0.0915704845007386   -0.0202203507899916   -0.00470235883708958   0
0.298374764299718   0.096624354973785   0.0141894515441501   0.0050538704730464   0
0.309443977469945   0.106690610824442   0.0110692131702271   0.0100662558506569   0
0.277912798599885   0.106248986872687   -0.0315311788700607   -0.000441623951754413   0
0.291952631127295   0.0944134546549511   0.0140398325274105   -0.0118355322177363   0
0.308026990081995   0.102845015742864   0.0160743589547002   0.00843156108791321   0
0.277736094170311   0.105592874677568   -0.030290895911684   0.00274785893470335   0
0.290314439473833   0.0960592424533553   0.0125783453035223   -0.00953363222421232   0
0.30134764976754   0.105007480277324   0.0110332102937067   0.00894823782396828   0
0.281116506478666   0.104274058126662   -0.0202311432888739   -0.000733422150661509   0
0.283237047142654   0.10088117549024   0.00212054066398776   -0.00339288263642257   0
0.303990009713757   0.103729041798536   0.0207529625711029   0.00284786630829682   0
0.283157631549107   0.110613891890892   -0.0208323781646496   0.00688485009235594   0
0.295792992271349   0.0862317553110947   0.0126353607222413   -0.0243821365797976   0
0.29708170264811   0.102199819132435   0.00128871037676137   0.0159680638213407   0
0.279936748816746   0.103130898002017   -0.0171449538313638   0.000931078869581978   0
0.296691682135729   0.106954081945536   0.0167549333189828   0.00382318394351901   0
0.297096099381816   0.102094594608836   0.000404417246087252   -0.00485948733670062   0
0.291262752713113   0.107702826017937   -0.00583334666870317   0.00560823140910126   0
0.304558212390636   0.106238659408675   0.0132954596775227   -0.0014641666092617   0
0.298753078383219   0.114639846726607   -0.00580513400741633   0.00840118731793196   0
0.283181729693778   0.10820378496268   -0.0155713486894412   -0.00643606176392675   0
0.338509288949053   0.1017055567427   0.0553275592552746   -0.00649822821998082   0
0.302552686398799   0.0958527581330997   -0.0359566025502537   -0.0058527986096   0
0.333653675762339   0.0865767933059576   0.0311009893635401   -0.00927596482714207   0
0.327842412639365   0.0950327854844974   -0.00581126312297359   0.00845599217853982   0
0.311056004194309   0.104722361720169   -0.0167864084450565   0.009689576235672   0
0.329509008036336   0.0998965632682751   0.0184530038420267   -0.00482579845189425   0
