0.293140251524505   0.0638318819875107   0   0   0
0.273180009690314   0.0592595459553564   -0.019960241834191   -0.00457233603215432   0
0.288560916995788   0.0559607411722942   0.015380907305474   -0.00329880478306226   0
0.274380832131346   0.065379045588342   -0.0141800848644417   0.00941830441604782   0
0.248567181100471   0.0533238694066269   -0.0258136510308752   -0.0120551761817151   0
0.299274500601073   0.0600958735593801   0.0507073195006021   0.0067720041527532   0
0.439612775263879   0.0687931488801211   0.140338274662806   0.00869727532074097   0
0.2805920054815   0.0608270361904351   -0.159020769782379   -0.00796611268968597   1
0.174182061390489   0.0561569812530018   -0.106409944091011   -0.00467005493743325   0
0.1578554375136   0.0893977452092613   -0.016326623876889   0.0332407639562595   0
0.182385117522628   0.0936913268958899   0.0245296800090284   0.00429358168662861   0
0.223291666529698   0.0556246608885169   0.0409065490070701   -0.038066666007373   0
0.0856453293909831   0.079099192506324   -0.137646337138715   0.0234745316178071   0
0.0306811034946089   0.0993340491619924   -0.0549642258963743   0.0202348566556684   0
0.0917227831048535   0.0357015990407954   0.0610416796102447   -0.063632450121197   0
0.0814617459733095   0.0188342150649423   -0.0102610371315441   -0.0168673839758531   0
0.0866866470222491   0.0305040675644991   0.00522490104893959   0.0116698524995568   0
0.121920229035423   0.0264132702517319   0.0352335820131739   -0.00409079731276719   0
0.169047193154989   0.0265453357199057   0.0471269641195655   0.000132065468173778   0
0.0798682260965523   0.0370389794145806   -0.0891789670584362   0.0104936436946749   0
0.0624234373379903   0.0195225181640817   -0.017444788758562   -0.0175164612504989   0
0.0640262313363078   0.0577274418718256   0.00160279399831749   0.0382049237077439   0
0.0703810620358914   0.0689634297746639   0.00635483069958366   0.0112359879028383   0
0.0681905328212062   0.073571030001523   -0.00219052921468524   0.0046076002268591   0
0.106509686686517   0.0394773450433917   0.0383191538653107   -0.0340936849581314   0
0.0863436826125108   0.0505714690155675   -0.0201660040740061   0.0110941239721758   0
0.0426880184807166   0.0780664467701233   -0.0436556641317942   0.0274949777545559   0
0.0348903874472612   0.0838788236464514   -0.00779763103345541   0.0058123768763281   0
0.0645191987942349   0.0715075083628636   0.0296288113469737   -0.0123713152835879   0
0.0510039130650777   0.0685011244916826   -0.0135152857291572   -0.00300638387118095   0
0.0683641444628688   0.0583719311053329   0.0173602313977912   -0.0101291933863498   0
0.0562476128825002   0.0795029218649384   -0.0121165315803687   0.0211309907596055   0
0.0630110622552898   0.0785802048932331   0.00676344937278958   -0.000922716971705262   0
0.0618588687878303   0.0720879024741496   -0.0011521934674595   -0.00649230241908355   0
0.0844747790296607   0.0610243165604704   0.0226159102418304   -0.0110635859136792   0
0.0855407300135438   0.0655600320018226   0.00106595098388314   0.00453571544135219   0
0.0705236021768202   0.300383679904422   -0.0150171278367236   0.2348236479026   1
0.255121982496805   0.218532685023442   0.184598380319985   -0.0818509948809803   1
0.132615130401059   0.157660604168686   -0.122506852095745   -0.0608720808547565   1
0.159831211418796   0.102496997727848   0.027216081017737   -0.0551636064408376   0
0.214497407047941   0.073287370244231   0.0546661956291444   -0.0292096274836171   0
0.218745653362716   0.0649132642844473   0.00424824631477544   -0.00837410595978375   0
0.147654702072437   0.0785277741244778   -0.0710909512902797   0.0136145098400305   0
0.295015406157458   0.0492851465960334   0.147360704085022   -0.0292426275284444   0
0.218836179830987   0.0769614010280641   -0.0761792263264714   0.0276762544320307   0
0.202102263660702   0.0823972221125354   -0.0167339161702846   0.00543582108447138   0
0.208250586486377   0.0676172477496127   0.00614832282567485   -0.0147799743629228   0
0.214216408632135   0.0553339593936897   0.0059658221457583   -0.012283288355923   0
0.218902109113754   0.0555375720803944   0.00468570048161898   0.000203612686704671   0
0.234986447375269   0.0495714427974918   0.0160843382615145   -0.00596612928290258   0
0.219239726111487   0.0577929587670938   -0.0157467212637815   0.00822151596960199   0
0.239632488788144   0.0525033043838671   0.0203927626766567   -0.00528965438322665   0
0.247092935597378   0.0614766946842053   0.00746044680923391   0.00897339030033822   0
0.195320569762762   0.0758770473102374   -0.051772365834616   0.014400352626032   0
0.227570361641251   0.0586214395470846   0.0322497918784894   -0.0172556077631527   0
0.304150586359734   0.0395856977279989   0.0765802247184825   -0.0190357418190857   0
0.296586164760277   0.0614348887895144   -0.0075644215994573   0.0218491910615154   0
0.261306075337907   0.0594724608521246   -0.0352800894223695   -0.00196242793738973   0
0.285080498278118   0.0584414235814161   0.0237744229402107   -0.00103103727070852   0
0.30196028452116   0.0548004091554525   0.0168797862430423   -0.00364101442596364   0
0.280621667586254   0.0569264624411618   -0.0213386169349062   0.00212605328570926   0
0.314476748065815   0.0449257319454564   0.0338550804795609   -0.0120007304957054   0
0.401594298728817   0.0248562084703606   0.0871175506630017   -0.0200695234750958   0
0.432217397736105   0.0273483330043003   0.030623099007288   0.00249212453393971   0
0.458600559543804   0.0327812105359534   0.0263831618076993   0.00543287753165309   0
0.444473907208803   0.0345364417089022   -0.0141266523350004   0.00175523117294884   0
0.429458706536181   0.0457261893134011   -0.015015200672622   0.0111897476044989   0
0.414464500731365   0.0475132257965348   -0.014994205804816   0.00178703648313366   0
0.432030876553031   0.0429728317044909   0.0175663758216652   -0.00454039409204388   0
0.426599505848659   0.0470450898548669   -0.00543137070437172   0.00407225815037597   0
0.387415085583435   0.0444938937377366   -0.0391844202652242   -0.00255119611713025   0
0.411282114175847   0.0253043148004649   0.0238670285924119   -0.0191895789372718   0
0.405684200360588   0.0444784104131712   -0.0055979138152582   0.0191740956127064   0
0.413509430217595   0.0630721622300401   0.00782522985700651   0.0185937518168689   0
0.36947063744494   0.0527764676290011   -0.0440387927726553   -0.010295694601039   0
0.394325118238212   0.0466082434076581   0.0248544807932726   -0.00616822422134304   0
0.408675240498235   0.0412510859445542   0.0143501222600225   -0.00535715746310381   0
0.41813713870057   0.0434150896726875   0.00946189820233562   0.00216400372813329   0
0.364670019570488   0.0458546642398023   -0.0534671191300825   0.00243957456711472   0
0.405396470262433   0.0442053703842927   0.0407264506919455   -0.00164929385550957   0
0.431591352555058   0.0388436346119284   0.0261948822926244   -0.00536173577236431   0
0.39481004327108   0.0475479222781606   -0.0367813092839777   0.00870428766623221   0
0.382113197673612   0.0610119985395291   -0.0126968455974685   0.0134640762613685   0
0.398440303672118   0.0621145554377957   0.0163271059985069   0.00110255689826664   0
0.426735069874975   0.0450376007492628   0.0282947662028568   -0.0170769546885329   0
0.420355860901974   0.061368636648108   -0.00637920897300087   0.0163310358988451   0
0.396174060966768   0.0612487180118899   -0.0241817999352069   -0.00011991863621811   0
0.419220938217034   0.0693864174201263   0.0230468772502662   0.0081376994082364   0
0.416976105858417   0.0905516846397128   -0.00224483235861656   0.0211652672195865   0
0.424452380986006   0.0778000901773256   0.00747627512758925   -0.0127515944623872   0
0.618013429401538   0.0532741420422   0.193561048415532   -0.0245259481351256   0
0.809945529667691   0.0329149828127484   0.191932100266153   -0.0203591592294515   0
0.760515215818795   0.0663448883077099   -0.0494303138488957   0.0334299054949614   0
0.724527273725903   0.0598205972233854   -0.0359879420928921   -0.00652429108432451   0
0.741339650321597   0.0882036603784389   0.0168123765956935   0.0283830631550536   0
0.868793731628478   0.123582314640122   0.127454081306881   0.0353786542616826   0
0.918014654526501   0.10016203815588   0.0492209228980233   -0.0234202764842414   0
0.8725983701242   0.082682681698603   -0.0454162844023017   -0.0174793564572772   0
0.827388983391957   0.0849353822659467   -0.0452093867322426   0.00225270056734374   0
0.859266176615796   0.120365034007981   0.0318771932238389   0.0354296517420346   0
0.761926562259944   0.0996784159116331   -0.0973396143558517   -0.0206866180963483   0
0.639892190203178   0.0631775225967274   -0.122034372056766   -0.0365008933149057   0
0.72003180413306   0.0796360039193957   0.080139613929882   0.0164584813226683   0
0.623611080492508   0.0342306186595057   -0.0964207236405515   -0.04540538525989   0
0.67754854990709   0.0176518870043092   0.0539374694145817   -0.0165787316551965   0
0.883425246493063   0.0638950183436082   0.205876696585973   0.046243131339299   0
0.738162047734921   0.0603174300100933   -0.145263198758143   -0.00357758833351491   0
0.732727294222387   0.0623444405800549   -0.00543475351253409   0.00202701056996167   0
0.786768150690818   0.0646275282911624   0.0540408564684315   0.0022830877111075   0
0.849843363856174   0.04981131313108   0.0630752131653558   -0.0148162151600825   0
0.758067710422661   0.0456179642786973   -0.0917756534335132   -0.00419334885238271   0
0.788568560822716   0.0526424460361598   0.0305008504000555   0.00702448175746256   0
0.76394025669187   0.0724127875374405   -0.0246283041308464   0.0197703415012807   0
0.739124048543849   0.069784884426751   -0.0248162081480211   -0.00262790311068947   0
0.733022658350613   0.0522928634466741   -0.00610139019323563   -0.017492020980077   0
0.773067836158149   0.0537623432172092   0.0400451778075357   0.00146947977053513   0
0.798401917892861   0.0862228542807822   0.0253340817347119   0.032460511063573   0
0.759680425602852   0.0848934906811029   -0.0387214922900089   -0.00132936359967933   0
0.72908933537736   0.0948449035806484   -0.0305910902254921   0.00995141289954557   0
0.758999185906815   0.085384659154587   0.0299098505294556   -0.00946024442606141   0
0.748257075175512   0.0713203901428266   -0.0107421107313029   -0.0140642690117604   0
0.732704249799829   0.0744549751651963   -0.0155528253756835   0.00313458502236971   0
0.625919354183948   0.0911724212262678   -0.106784895615881   0.0167174460610715   0
0.334699954835133   0.103439943552298   -0.291219399348815   0.0122675223260298   0
0.41406796255278   0.0473447184450916   0.0793680077176466   -0.0560952251072059   0
0.38142873322963   0.0506986446584867   -0.0326392293231498   0.00335392621339504   0
0.441586516543474   0.0304805619481088   0.0601577833138444   -0.0202180827103778   0
0.406384493842346   0.0398120025157301   -0.0352020227011278   0.00933144056762127   0
0.452388043102998   0.0439563276550999   0.0460035492606516   0.0041443251393698   0
0.4167860877065   0.0616277591270971   -0.0356019553964983   0.0176714314719972   0
0.441716805835198   0.0601907020303593   0.0249307181286983   -0.0014370570967378   0
0.435396096999525   0.0631831942345827   -0.00632070883567271   0.00299249220422337   0
0.464286770911104   0.0876933973789504   0.0288906739115788   0.0245102031443677   0
0.474684836775771   0.0756350584351761   0.0103980658646666   -0.0120583389437743   0
0.525653402670657   0.0801296020389001   0.0509685658948864   0.00449454360372398   0
0.484973950185667   0.0897441608500102   -0.0406794524849899   0.0096145588111101   0
0.497022212292579   0.0969684651072322   0.0120482621069123   0.00722430425722199   0
0.470879757597723   0.109253857508202   -0.0261424546948569   0.0122853924009698   0
0.469718338691529   0.129370291855636   -0.00116141890619353   0.0201164343474343   0
0.306341071294725   0.15232404736203   -0.163377267396804   0.0229537555063939   0
0.322738092565783   0.142226288228478   0.0163970212710578   -0.0100977591335525   0
0.304175117360641   0.131607339412549   -0.0185629752051417   -0.0106189488159282   0
0.303592256124378   0.123028190582484   -0.000582861236263388   -0.00857914883006551   0
0.336623034794115   0.123706512018204   0.033030778669737   0.000678321435719817   0
0.377576967617478   0.132586436020997   0.040953932823363   0.00887992400279344   0
0.286488949200925   0.149186865867944   -0.0910880184165533   0.0166004298469471   0
0.346881389880806   0.134891870787309   0.0603924406798816   -0.0142949950806356   0
0.374527870976834   0.129204585274711   0.0276464810960276   -0.00568728551259801   0
0.361965798133525   0.127074759623184   -0.0125620728433086   -0.0021298256515267   0
0.335044579395354   0.121229591237546   -0.0269212187381709   -0.00584516838563799   0
0.406335055109118   0.10437288881181   0.0712904757137636   -0.0168567024257358   0
0.344933403340543   0.122288856321662   -0.0614016517685746   0.0179159675098514   0
0.357847592214912   0.126215406796882   0.0129141888743686   0.00392655047522074   0
0.377097606873393   0.0941158845471635   0.0192500146584809   -0.0320995222497189   0
0.377171175623761   0.0964341525295888   7.35687503681248e-05   0.00231826798242535   0
0.356313912815876   0.104707332081665   -0.0208572628078846   0.00827317955207586   0
0.314032888149076   0.213419536562313   -0.0422810246668006   0.108712204480648   0
0.357289436903752   0.298717583028268   0.0432565487546758   0.0852980464659546   1
0.594788105248415   0.277826634343732   0.237498668344663   -0.0208909486845359   1
0.531863849613975   0.265755794565236   -0.0629242556344404   -0.0120708397784956   1
0.44835687747696   0.258861299928379   -0.0835069721370145   -0.00689449463685754   0
0.480367815243954   0.268129322128073   0.0320109377669942   0.00926802219969447   0
0.480383606089019   0.284227026221663   1.57908450647559e-05   0.0160977040935901   0
0.502547741477723   0.281396779799165   0.0221641353887035   -0.0028302464224978   0
0.47507643099233   0.267481305344149   -0.0274713104853929   -0.0139154744550162   0
0.494507090473777   0.278584220786551   0.0194306594814469   0.0111029154424022   0
0.48419791740593   0.27109317110785   -0.0103091730678466   -0.00749104967870146   0
0.48857575651214   0.27425942490956   0.00437783910620987   0.00316625380170993   0
0.484823179731539   0.273750438822863   -0.00375257678060115   -0.000508986086696972   0
0.47961674154213   0.277252713557906   -0.0052064381894093   0.00350227473504355   0
0.455136029385545   0.258474584539544   -0.0244807121565843   -0.0187781290183622   0
0.463119598096388   0.280744727680152   0.00798356871084271   0.0222701431406074   0
0.481357111660314   0.284312087209918   0.0182375135639259   0.00356735952976633   0
0.445268023102969   0.25305741459814   -0.0360890885573445   -0.0312546726117778   0
0.43435458167488   0.260294165664201   -0.0109134414280895   0.00723675106606086   0
0.471383782133582   0.27569619469975   0.0370292004587017   0.015402029035549   0
0.463314251869981   0.244749889781594   -0.00806953026360091   -0.0309463049181559   0
0.417092408428648   0.190850799074703   -0.046221843441333   -0.0538990907068916   0
0.451215846843836   0.211123948090926   0.0341234384151881   0.0202731490162234   0
0.523072686964068   0.203997834680965   0.0718568401202321   -0.00712611340996055   0
0.520850902432894   0.207128825586282   -0.00222178453117405   0.00313099090531674   0
0.502817695099442   0.174396471522541   -0.0180332073334524   -0.032732354063741   0
0.490897947043986   0.21010148524669   -0.0119197480554557   0.0357050137241486   0
0.526113775691732   0.254552240927123   0.035215828647746   0.044450755680433   0
0.417580495430234   0.209865404414877   -0.108533280261498   -0.0446868365122455   0
0.263896850165458   0.151562876443252   -0.153683645264777   -0.0583025279716252   0
0.386688576753452   0.196982081505362   0.122791726587994   0.0454192050621097   0
0.452621519496245   0.241282090821185   0.0659329427427938   0.0443000093158231   0
0.456077370262777   0.23801277924935   0.00345585076653143   -0.00326931157183447   0
0.435650288158036   0.230566211980118   -0.020427082104741   -0.00744656726923232   0
0.48935057662216   0.249247977263091   0.0537002884641237   0.0186817652829733   0
0.53451863556067   0.274371404627469   0.0451680589385102   0.0251234273643771   0
0.487843268134562   0.264930453128689   -0.0466753674261079   -0.00944095149877949   0
0.413884336536489   0.317143804812407   -0.0739589315980724   0.0522133516837179   0
0.461049522129988   0.340267359060512   0.0471651855934982   0.0231235542481055   0
0.426380105995062   0.323597627351519   -0.034669416134926   -0.0166697317089934   0
0.429772216161073   0.303155661389392   0.00339211016601132   -0.0204419659621264   0
0.473099160224366   0.287802866345247   0.0433269440632926   -0.0153527950441457   0
0.437967799442196   0.275716991273461   -0.0351313607821691   -0.0120858750717854   0
0.433334689158172   0.282786038567218   -0.00463311028402402   0.00706904729375646   0
0.447951292966947   0.277968856219991   0.014616603808775   -0.00481718234722689   0
0.431533853186097   0.277106021485194   -0.0164174397808504   -0.000862834734797424   0
0.410793338639285   0.270374736581471   -0.0207405145468124   -0.00673128490372221   0
0.444132333898907   0.292542394784312   0.033338995259622   0.0221676582028402   0
0.301687421383816   0.238935530683221   -0.14244491251509   -0.0536068641010905   0
0.192373534563281   0.192086544343142   -0.109313886820535   -0.0468489863400787   0
0.237269466076042   0.215148018564419   0.0448959315127605   0.0230614742212766   0
0.19076846163871   0.177239688453348   -0.0465010044373318   -0.0379083301110706   0
0.236874911611192   0.180636003538193   0.0461064499724819   0.00339631508484442   0
0.266179051003935   0.156645770007276   0.0293041393927433   -0.0239902335309165   0
0.246722797309531   0.168128386946769   -0.0194562536944041   0.0114826169394927   0
0.209579379921427   0.152935288332525   -0.0371434173881038   -0.0151930986142443   0
0.207248449305658   0.149878912612615   -0.00233093061576911   -0.00305637571990941   0
0.239377551414079   0.175759091884495   0.0321291021084207   0.02588017927188   0
0.235782628743612   0.174347920254652   -0.00359492267046665   -0.00141117162984342   0
0.280356032519438   0.179087411097772   0.0445734037758254   0.00473949084312031   0
0.229029027530204   0.16910762975691   -0.0513270049892335   -0.00997978134086278   0
0.232315677308356   0.154738822159308   0.00328664977815146   -0.0143688075976014   0
0.247794404195575   0.152743380139664   0.0154787268872194   -0.00199544201964386   0
0.230185993546523   0.153575101743618   -0.0176084106490518   0.000831721603953284   0
0.242992137867471   0.149718454932917   0.012806144320948   -0.00385664681070028   0
0.252145490187934   0.14033709859923   0.00915335232046299   -0.00938135633368736   0
0.239139527855518   0.149494603987067   -0.0130059623324163   0.00915750538783708   0
0.241721975287463   0.14950287312791   0.00258244743194522   8.26914084309238e-06   0
0.232707801828839   0.14468817544378   -0.00901417345862449   -0.00481469768413037   0
0.212450982329689   0.147678566547417   -0.0202568194991492   0.00299039110363766   0
0.230743964193996   0.15049861717388   0.0182929818643064   0.00282005062646226   0
0.201884073866209   0.139526068129982   -0.0288598903277871   -0.0109725490438973   0
0.263763455161324   0.214915591420219   0.0618793812951158   0.0753895232902366   0
0.224447349456303   0.201082105890287   -0.039316105705021   -0.0138334855299322   0
0.377733129466321   0.349926655867415   0.153285780010017   0.148844549977129   0
0.181113450007143   0.250407634461292   -0.196619679459177   -0.0995190214061234   0
0.187748877158533   0.24908399996186   0.00663542715138996   -0.00132363449943165   0
0.184289437468456   0.238326605138012   -0.00345943969007714   -0.010757394823848   0
0.175315952011618   0.233563032739558   -0.00897348545683799   -0.00476357239845393   0
0.199606513107063   0.25314577930807   0.0242905610954446   0.0195827465685116   0
0.214042349847781   0.250480111602199   0.0144358367407185   -0.00266566770587101   0
0.200536648409761   0.24570615442231   -0.0135057014380203   -0.00477395717988896   0
0.200222876178148   0.223541309095769   -0.000313772231612969   -0.0221648453265412   0
0.199963277157207   0.223525308960753   -0.000259599020941026   -1.60001350159034e-05   0
0.329583088169357   0.360486793787862   0.12961981101215   0.136961484827109   1
0.403678808900455   0.33816557477366   0.0740957207310982   -0.0223212190142017   1
0.312916900749448   0.308428143494559   -0.0907619081510067   -0.0297374312791017   1
0.25670681626644   0.315611432965046   -0.0562100844830086   0.00718328947048785   0
0.248147700254901   0.296491184694419   -0.00855911601153883   -0.0191202482706275   0
