0.16530880232595   0.219423907168527   0   0   0
0.121385917253822   0.205603439982166   -0.0439228850721275   -0.0138204671863617   0
0.116727413726382   0.192831017371428   -0.00465850352744028   -0.0127724226107376   0
0.133476823432722   0.174637528621836   0.0167494097063396   -0.0181934887495923   0
0.117128773380951   0.175745405834328   -0.0163480500517711   0.00110787721249186   0
0.106066644410965   0.145477074428284   -0.0110621289699857   -0.0302683314060435   0
0.118045489391209   0.124034411152158   0.0119788449802438   -0.0214426632761264   0
0.0992644735915327   0.113092302320019   -0.0187810157996761   -0.010942108832139   0
0.0766924773981125   0.117955478278268   -0.0225719961934202   0.00486317595824953   0
0.0563497390487303   0.119886237649208   -0.0203427383493822   0.0019307593709403   0
0.0744187108593665   0.112849685582792   0.0180689718106362   -0.00703655206641654   0
0.0603652111425944   0.103359400965031   -0.0140534997167722   -0.0094902846177612   0
0.108004918129917   0.103200055852129   0.0476397069873223   -0.000159345112901985   0
0.145275888982481   0.0834375032724044   0.0372709708525639   -0.0197625525797243   0
0.137713116578669   0.031348694096013   -0.00756277240381184   -0.0520888091763914   0
0.137418893586362   0.0595630441241597   -0.000294222992306248   0.0282143500281467   0
0.0975148874844739   0.0702449545698657   -0.0399040061018885   0.010681910445706   0
0.0947120442335081   0.0602245285515869   -0.00280284325096578   -0.0100204260182789   0
0.137694097910985   0.0281879520125731   0.0429820536774771   -0.0320365765390137   0
0.0827038431322874   0.0255711189943003   -0.0549902547786979   -0.00261683301827285   0
0.067429288494689   0.0324005468988179   -0.0152745546375984   0.00682942790451766   0
0.0663840226709711   0.0416766757553303   -0.00104526582371794   0.00927612885651237   0
0.0781366005258739   0.0532347793663363   0.0117525778549029   0.011558103611006   0
0.135491263755454   0.055164810628697   0.0573546632295801   0.00193003126236074   0
0.0838309030661128   0.0655725160507243   -0.0516603606893412   0.0104077054220273   0
0.0645145386009231   0.0549449451613613   -0.0193163644651897   -0.010627570889363   0
0.10631473238498   0.0560499706970485   0.0418001937840573   0.00110502553568724   0
0.0999545738927939   0.0667609144703134   -0.0063601584921865   0.0107109437732649   0
0.0806131779415748   0.0622860752195242   -0.0193413959512191   -0.0044748392507892   0
0.108665680468398   0.074938752534403   0.0280525025268233   0.0126526773148789   0
0.124707297139061   0.0981056821096643   0.0160416166706627   0.0231669295752612   0
0.100990733207904   0.118995600263466   -0.023716563931157   0.0208899181538014   0
0.105880272910019   0.133209366777725   0.00488953970211473   0.0142137665142595   0
0.127106924351941   0.133147868380058   0.0212266514419223   -6.14983976675865e-05   0
0.145777047055049   0.143558148768617   0.0186701227031083   0.0104102803885599   0
0.130647733308657   0.157179340422292   -0.015129313746392   0.013621191653675   0
0.126725118258773   0.197710393300713   -0.00392261504988414   0.0405310528784202   0
0.169609406879011   0.202816595789743   0.0428842886202383   0.00510620248903032   0
0.204217376341192   0.200013263835802   0.0346079694621806   -0.00280333195394131   0
0.241689114645225   0.0808457334038723   0.0374717383040327   -0.119167530431929   0
0.216929772160376   0.103902576314305   -0.0247593424848489   0.0230568429104328   0
0.304680699154328   0.148844267163107   0.0877509269939521   0.0449416908488023   0
0.275746105561003   0.15964745295783   -0.0289345935933245   0.0108031857947224   0
0.293146999557423   0.190807777112655   0.01740089399642   0.0311603241548248   0
0.290221229411599   0.199459797175828   -0.0029257701458244   0.0086520200631735   0
0.284030015467133   0.215928555930943   -0.0061912139444657   0.0164687587551151   0
0.297660527296197   0.223313507354509   0.0136305118290637   0.00738495142356607   0
0.259490389047803   0.202727120070922   -0.0381701382483943   -0.0205863872835874   0
0.243824411881276   0.21134144456084   -0.015665977166527   0.00861432448991778   0
0.284338973126601   0.241469822397148   0.0405145612453254   0.0301283778363079   0
0.301352402822277   0.250641260176273   0.017013429695676   0.00917143777912505   0
0.293195988389814   0.28104365860752   -0.00815641443246307   0.0304023984312469   0
0.31225584459129   0.293342288680817   0.0190598562014762   0.0122986300732978   0
0.33897483001782   0.276257674042279   0.0267189854265298   -0.0170846146385385   0
0.40478053091232   0.314512630582621   0.0658057008945004   0.0382549565403418   0
0.400197083246805   0.326685393581501   -0.00458344766551566   0.01217276299888   0
0.421001354713782   0.352316430935672   0.0208042714669776   0.0256310373541711   0
0.441685054299622   0.40702943781777   0.0206836995858397   0.0547130068820984   0
0.521378031820521   0.445645290631742   0.0796929775208988   0.038615852813972   0
0.518606149669448   0.48345120129466   -0.00277188215107271   0.0378059106629179   0
0.515264866118475   0.470819552109404   -0.00334128355097318   -0.0126316491852559   0
0.56954466228619   0.492586317645446   0.0542797961677147   0.0217667655360415   0
0.597834151998035   0.500446271303424   0.0282894897118456   0.00785995365797804   0
0.56329953669451   0.504715722422781   -0.034534615303525   0.00426945111935761   0
0.603694145649103   0.550848306816632   0.0403946089545923   0.0461325843938503   0
0.627337233470651   0.549860752965921   0.0236430878215481   -0.000987553850710254   0
0.659011882034004   0.577250098875046   0.0316746485633532   0.0273893459091242   0
0.642479193109077   0.59282159507857   -0.0165326889249274   0.0155714962035243   0
0.648827314569917   0.591644316224284   0.00634812146084029   -0.00117727885428631   0
0.621377419930826   0.598137555007625   -0.0274498946390911   0.00649323878334174   0
0.66457454008637   0.619662128890616   0.0431971201555441   0.0215245738829903   0
0.658210584166648   0.644783490893649   -0.00636395591972194   0.0251213620030331   0
0.614726895344014   0.652571972897435   -0.0434836888226343   0.00778848200378579   0
0.621826483305078   0.677335117697473   0.0070995879610638   0.0247631448000388   0
0.565379704315153   0.65474467853374   -0.0564467789899245   -0.0225904391637338   0
0.765749798914561   0.686571699532176   0.200370094599408   0.031827020998436   0
0.795011216163244   0.671242649536291   0.029261417248683   -0.0153290499958845   0
0.842284842002609   0.696998335902067   0.0472736258393652   0.0257556863657755   0
0.829115366805615   0.702765435967969   -0.0131694751969935   0.00576710006590264   0
0.789770252047901   0.681992173997803   -0.0393451147577145   -0.0207732619701659   0
0.77164903646124   0.673077929932337   -0.0181212155866609   -0.00891424406546637   0
0.726807957312631   0.677617758147246   -0.0448410791486086   0.00453982821490928   0
0.715561929150678   0.696345174889042   -0.0112460281619534   0.0187274167417955   0
0.721107323563254   0.710618116666927   0.0055453944125764   0.0142729417778852   0
0.689752309610261   0.721152912819119   -0.0313550139529929   0.0105347961521922   0
0.700962632969611   0.746045180853345   0.0112103233593498   0.0248922680342257   0
0.70039134237968   0.742863981837355   -0.000571290589931328   -0.0031811990159899   0
0.695169409242508   0.744129947520761   -0.0052219331371719   0.00126596568340576   0
0.710549275373749   0.765210758023729   0.0153798661312411   0.0210808105029684   0
0.753328064455747   0.783970174588613   0.0427787890819975   0.0187594165648837   0
0.750689480175392   0.805513524797225   -0.00263858428035468   0.0215433502086125   0
0.776039050635443   0.836330235816122   0.0253495704600515   0.0308167110188965   0
0.805322581349511   0.861278389681583   0.0292835307140675   0.0249481538654609   0
0.81973933444319   0.854659792154311   0.0144167530936792   -0.00661859752727167   0
0.800701642920757   0.822295068273093   -0.0190376915224327   -0.0323647238812185   0
0.888234818361766   0.838086856977396   0.0875331754410089   0.0157917887043033   0
0.882444460148458   0.860897404732556   -0.00579035821330798   0.02281054775516   0
0.873466244466614   0.888925894907022   -0.00897821568184465   0.0280284901744662   0
0.861187665057483   0.921028393838784   -0.0122785794091305   0.0321024989317619   0
0.940833631018625   0.91871836727993   0.0796459659611416   -0.00231002655885415   0
0.96131523146268   0.955829479987147   0.020481600444055   0.0371111127072173   0
0.957076313075934   0.996329654676353   -0.00423891838674617   0.0405001746892055   0
0.947896175306394   1.03123413612695   -0.00918013776953974   0.0349044814505989   0
0.994616371712367   1.07602128050007   0.0467201964059734   0.0447871443731138   0
0.994039827532851   1.10616715519412   -0.000576544179516358   0.0301458746940537   0
0.945843938225405   1.11721590705076   -0.0481958893074456   0.0110487518566398   0
0.857741968768726   1.10609464253924   -0.0881019694566795   -0.0111212645115228   0
0.983718442095725   1.17052170565362   0.125976473326999   0.06442706311438   0
1.04938654688888   1.21268800775838   0.0656681047931514   0.0421663021047685   0
1.07494561816287   1.25812318611583   0.0255590712739961   0.0454351783574465   0
1.01427975880474   1.07926960092879   -0.0606658593581333   -0.178853585187036   0
0.869303680931951   0.778225569120708   -0.144976077872788   -0.301044031808087   0
1.09580947501151   0.919599079878835   0.226505794079558   0.141373510758127   0
1.19855126663401   1.02621268767602   0.102741791622505   0.10661360779719   0
1.16372419879669   1.05966619678085   -0.0348270678373239   0.0334535091048294   0
1.16328606662764   1.09079622399477   -0.000438132169053196   0.0311300272139168   0
1.15524005425584   1.13648618101409   -0.00804601237179581   0.045689957019323   0
1.15015033998082   1.18211917265445   -0.00508971427501992   0.0456329916403597   0
1.19425789065428   1.21562603608223   0.0441075506734538   0.0335068634277784   0
1.18598802827864   1.27041704934453   -0.00826986237563831   0.0547910132622933   0
1.20452129927204   1.3042573448462   0.0185332709934014   0.0338402955016712   0
1.23008501253572   1.30057156137177   0.0255637132636803   -0.00368578347442772   0
1.24974981639887   1.29563018508842   0.0196648038631473   -0.00494137628335012   0
1.2087269775851   1.26222354976258   -0.0410228388137708   -0.033406635325838   0
1.25939129046893   1.2692601704758   0.0506643128838358   0.00703662071321642   0
1.35565665809931   1.30395849537821   0.0962653676303826   0.0346983249024109   0
1.28585172934868   1.28579990898555   -0.0698049287506304   -0.0181585863926574   0
1.30871562870816   1.30695161675519   0.0228638993594785   0.0211517077696375   0
1.29308175774502   1.34436796910444   -0.0156338709631383   0.0374163523492534   0
1.32609378870011   1.3402263103133   0.0330120309550817   -0.00414165879114203   0
1.40184745150997   1.3077284672822   0.0757536628098652   -0.0324978430311003   0
1.36599728850829   1.33013146243529   -0.0358501630016808   0.0224029951530935   0
1.35566912905325   1.37158426371332   -0.0103281594550388   0.0414528012780235   0
1.42721810264339   1.37581369184576   0.0715489735901398   0.00422942813243998   0
1.42600996660227   1.39422226279286   -0.00120813604112313   0.0184085709471065   0
1.41814717597011   1.4329600761539   -0.00786279063215689   0.0387378133610405   0
1.4459058513489   1.46058428397679   0.0277586753787937   0.0276242078228894   0
1.45035160028905   1.44829475717134   0.0044457489401426   -0.0122895268054493   0
1.47228500048224   1.48185542936044   0.0219334001931963   0.0335606721890922   0
1.48572155469994   1.53481079456883   0.0134365542176944   0.0529553652083932   0
1.5240448115856   1.51204869155229   0.0383232568856662   -0.0227621030165361   0
1.44202419982641   1.55874501174823   -0.0820206117591933   0.0466963201959407   0
1.50526633676503   1.54898810474774   0.0632421369386149   -0.0097569070004917   0
1.53535157919937   1.6021479073731   0.0300852424343447   0.0531598026253575   0
1.5336578805053   1.61644406962474   -0.00169369869407321   0.0142961622516438   0
1.54380075304587   1.65141190247921   0.0101428725405746   0.0349678328544658   0
1.62128977621059   1.6692738239501   0.0774890231647227   0.0178619214708946   0
1.70442771351501   1.59939990263536   0.0831379373044143   -0.069873921314743   0
1.67232429157894   1.62280293657301   -0.0321034219360699   0.0234030339376545   0
1.68755838973056   1.63418544366146   0.015234098151621   0.0113825070884443   0
1.72029400257223   1.67723892028685   0.0327356128416747   0.0430534766253912   0
1.72437249287531   1.67364071372114   0.00407849030307195   -0.00359820656571253   0
1.71637077186603   1.69182260778871   -0.00800172100927421   0.0181818940675749   0
1.68999410681014   1.71655066939488   -0.026376665055893   0.0247280616061643   0
1.71756056868135   1.73420414269053   0.0275664618712097   0.0176534732956544   0
1.70052736389421   1.66599293153512   -0.0170332047871367   -0.0682112111554063   0
1.5272359791103   1.3573290507924   -0.173291384783911   -0.308663880742724   0
1.6204383193053   1.5144904675253   0.0932023401950035   0.157161416732899   0
1.663533308014   1.61066592769885   0.0430949887086949   0.0961754601735512   0
1.64913467618324   1.68714542534128   -0.0143986318307598   0.076479497642427   0
1.64794923912237   1.71900804444017   -0.00118543706086904   0.0318626190988875   0
1.83429310557991   1.76345209958337   0.186343866457542   0.0444440551432059   0
1.61908865903384   1.60200551494057   -0.215204446546072   -0.161446584642801   0
1.73078880783792   1.71233284689338   0.111700148804077   0.110327331952814   0
1.76241069474172   1.76752382307849   0.0316218869038047   0.0551909761851059   0
1.76888892240694   1.79820364375813   0.00647822766522199   0.0306798206796361   0
1.82507277758012   1.82390763898559   0.0561838551731719   0.0257039952274674   0
1.87388534191316   1.84472108956205   0.0488125643330439   0.0208134505764579   0
1.87016424377807   1.87789158436396   -0.00372109813509036   0.0331704948019134   0
1.82519927116192   1.89143028718348   -0.0449649726161507   0.0135387028195204   0
1.87749682715178   1.91044542179959   0.0522975559898609   0.0190151346161018   0
1.88977776130766   1.8919494767435   0.0122809341558825   -0.0184959450560875   0
1.87429229378904   1.91433780813366   -0.0154854675186173   0.0223883313901647   0
1.8386799966427   1.94272950124303   -0.0356122971463446   0.0283916931093682   0
1.92534384643289   2.01680010173294   0.0866638497901906   0.0740706004899088   0
1.929622118162   1.95559725177502   0.00427827172910833   -0.0612028499579234   0
1.95498790477844   1.97775931842704   0.0253657866164418   0.0221620666520255   0
1.95157925673671   2.00474280571723   -0.00340864804173324   0.0269834872901895   0
1.96811135682029   2.02518517221265   0.0165321000835816   0.0204423664954225   0
1.97832584420388   2.08888783169418   0.0102144873835921   0.063702659481522   0
1.94869693240894   2.16516470461256   -0.0296289117949449   0.0762768729183847   0
2.01740074437307   2.23343323882202   0.068703811964129   0.0682685342094547   0
2.01905997504804   2.18767905071219   0.00165923067497609   -0.0457541881098233   0
1.83400769758608   2.13653557627178   -0.18505227746196   -0.0511434744404098   0
1.72616768624836   2.15564158274863   -0.107840011337726   0.0191060064768425   0
1.82713277181928   2.1700496427559   0.100965085570923   0.0144080600072729   0
1.82333325965195   2.16379743514729   -0.00379951216732999   -0.00625220760860623   0
1.83603304476935   2.21357053222277   0.0126997851173987   0.0497730970754788   0
1.87508146259009   2.23198109030408   0.0390484178207453   0.0184105580813112   0
