0.250807174456573   0.461920497218937   0   0   0
0.224913922248979   0.456159400134492   -0.0258932522075939   -0.00576109708444472   0
0.226577229603506   0.458099486008173   0.00166330735452674   0.00194008587368077   0
0.162930007596575   0.446776047100222   -0.0636472220069312   -0.0113234389079508   0
0.238370826450826   0.433776093711447   0.0754408188542514   -0.0129999533887748   0
0.201667170619718   0.398993794702136   -0.0367036558311083   -0.0347822990093117   0
0.21635011025449   0.330004582430017   0.0146829396347719   -0.0689892122721186   0
0.177791916022664   0.252950352666012   -0.0385581942318261   -0.0770542297640049   0
0.186608027877045   0.222428752397234   0.00881611185438103   -0.0305216002687784   0
0.130328296544198   0.184262496052676   -0.0562797313328467   -0.0381662563445577   0
0.145138712903346   0.181523915921897   0.014810416359148   -0.00273858013077893   0
0.0844682468579229   0.165104923305485   -0.0606704660454235   -0.0164189926164125   0
0.132450241812992   0.164845123073222   0.0479819949550689   -0.000259800232263019   0
0.0962732730109302   0.144486719390996   -0.0361769688020616   -0.0203584036822254   0
0.117297504459387   0.129863953161337   0.0210242314484572   -0.014622766229659   0
0.111846827963901   0.112119159524341   -0.00545067649548667   -0.0177447936369964   0
0.0870648077060583   0.0933947387713142   -0.0247820202578424   -0.0187244207530267   0
0.129624893051798   0.064267159250818   0.0425600853457395   -0.0291275795204962   0
0.0532801916833076   0.0611910586229925   -0.0763447013684902   -0.00307610062782554   0
0.115853221497267   0.0580993262654192   0.0625730298139598   -0.00309173235757329   0
0.0501700715586494   0.0364423078626341   -0.065683149938618   -0.0216570184027851   0
0.0954631515659838   0.0553764412319219   0.0452930800073344   0.0189341333692878   0
0.0518457865012346   0.0425746457586261   -0.0436173650647492   -0.0128017954732958   0
0.0693799289101892   0.0465532987376029   0.0175341424089546   0.00397865297897679   0
0.0626115886361814   0.0574089773832456   -0.00676834027400774   0.0108556786456427   0
0.078045098488538   0.0387370718419062   0.0154335098523566   -0.0186719055413394   0
0.0942761486636466   0.0266563215187805   0.0162310501751086   -0.0120807503231257   0
0.0724586124984353   0.0439148269240868   -0.0218175361652114   0.0172585054053063   0
0.091051249551228   0.0270857174276518   0.0185926370527928   -0.016829109496435   0
0.127831617234274   0.0578964985186369   0.0367803676830462   0.0308107810909851   0
0.142154802212271   0.0741205672728731   0.0143231849779971   0.0162240687542362   0
0.153532845096937   0.0769725547035598   0.0113780428846655   0.00285198743068669   0
0.208470287309857   0.102790987776714   0.0549374422129203   0.0258184330731539   0
0.152341384120872   0.103025491783357   -0.0561289031889851   0.00023450400664303   0
0.219275001984745   0.107663731968395   0.0669336178638731   0.00463824018503875   0
0.164283278878588   0.0914077120126854   -0.0549917231061569   -0.0162560199557101   0
0.236991227141395   0.118991485418453   0.072707948262807   0.027583773405768   0
0.180925788974955   0.100737875303197   -0.0560654381664401   -0.0182536101152562   0
0.240137992291017   0.121212938139572   0.059212203316062   0.0204750628363744   0
0.184039816970889   0.124318874351823   -0.0560981753201279   0.00310593621225162   0
0.250487227542104   0.142849407555964   0.0664474105712153   0.0185305332041411   0
0.214180679261996   0.136911993450488   -0.0363065482801085   -0.0059374141054766   0
0.233998092320685   0.155922843504095   0.0198174130586894   0.0190108500536073   0
0.244153473792065   0.178454546201383   0.0101553814713794   0.0225317026972882   0
0.228106836262594   0.169808330539612   -0.0160466375294705   -0.00864621566177123   0
0.28630656838232   0.20703776983413   0.0581997321197256   0.0372294392945176   0
0.23038610761871   0.184912408316073   -0.0559204607636095   -0.0221253615180568   0
0.304210156226744   0.210752499315154   0.0738240486080336   0.0258400909990815   0
0.248542738180499   0.190978894485366   -0.0556674180462452   -0.0197736048297884   0
0.318790204934844   0.233260983480328   0.0702474667543454   0.0422820889949625   0
0.274462781846155   0.211809221480375   -0.0443274230886894   -0.0214517619999534   0
0.341988096183785   0.224078504173002   0.0675253143376305   0.012269282692627   0
0.32261432975615   0.209245115488811   -0.0193737664276352   -0.0148333886841905   0
0.347542458105941   0.212913949696521   0.0249281283497911   0.00366883420770919   0
0.33947803918971   0.229824394880575   -0.00806441891623177   0.0169104451840545   0
0.329238816829426   0.220099849329591   -0.010239222360284   -0.00972454555098418   0
0.408073947350208   0.251004483613485   0.078835130520782   0.0309046342838946   0
0.347864658166132   0.219507192705615   -0.0602092891840754   -0.0314972909078705   0
0.433102063198599   0.27975533383593   0.0852374050324672   0.0602481411303148   0
0.382152919812436   0.249974866812351   -0.0509491433861636   -0.0297804670235791   0
0.435228086030589   0.284926633677097   0.0530751662181534   0.0349517668647461   0
0.400771887570685   0.274891425939515   -0.034456198459904   -0.0100352077375815   0
0.418620732549846   0.276019378153799   0.0178488449791611   0.00112795221428391   0
0.423150817524969   0.281163497498293   0.00453008497512308   0.0051441193444936   0
0.41660524023801   0.28543711720104   -0.00654557728695943   0.00427361970274676   0
0.422777568874284   0.288883559240847   0.00617232863627409   0.00344644203980754   0
0.384395033473964   0.275153293628865   -0.03838253540032   -0.0137302656119819   0
0.436456751079004   0.302993823673887   0.0520617176050403   0.0278405300450217   0
0.384813649287028   0.280740984331416   -0.0516431017919761   -0.0222528393424707   0
0.409805952196707   0.285802134993255   0.0249923029096791   0.00506115066183827   0
0.414612108236711   0.279812586187706   0.0048061560400034   -0.00598954880554831   0
0.375174885608259   0.271592883375845   -0.039437222628452   -0.00821970281186141   0
0.435405368708607   0.296624773075181   0.0602304831003487   0.025031889699336   0
0.366543046101019   0.268696727882991   -0.0688623226075887   -0.0279280451921898   0
0.454412454370487   0.312981287892471   0.0878694082694683   0.0442845600094797   0
0.379121654575779   0.280148502633006   -0.0752907997947083   -0.0328327852594643   0
0.422009523781561   0.301790452906271   0.0428878692057823   0.0216419502732652   0
0.360497993462488   0.272103070984949   -0.0615115303190731   -0.0296873819213228   0
0.433920500662829   0.301139415698799   0.0734225072003408   0.0290363447138506   0
0.39392878327364   0.271358626974623   -0.0399917173891893   -0.0297807887241764   0
0.43997213072489   0.300338281239096   0.0460433474512509   0.0289796542644733   0
0.410227801017593   0.282679439903825   -0.0297443297072972   -0.0176588413352715   0
0.430921250459489   0.305158921807365   0.0206934494418962   0.0224794819035408   0
0.426168579307649   0.302961147483671   -0.0047526711518403   -0.00219777432369467   0
0.425529218543474   0.312727816640925   -0.000639360764174701   0.00976666915725427   0
0.44567482471423   0.315880794318531   0.0201456061707561   0.00315297767760592   0
0.417172296351347   0.288520375041898   -0.028502528362883   -0.0273604192766327   0
0.483746929078677   0.321070625793567   0.0665746327273291   0.0325502507516683   0
0.422225530159996   0.297619864990189   -0.0615213989186801   -0.0234507608033774   0
0.466721684244368   0.318144982257711   0.0444961540843721   0.0205251172675215   0
0.422962567207797   0.296496916843259   -0.0437591170365717   -0.021648065414452   0
0.458495968850218   0.315272489833164   0.0355334016424211   0.0187755729899053   0
0.4219394890524   0.290422460366485   -0.0365564797978184   -0.0248500294666791   0
0.44698060629864   0.304775873348933   0.0250411172462407   0.0143534129824484   0
0.445569935292138   0.303116983221252   -0.00141067100650227   -0.00165889012768172   0
0.450500159643357   0.313637362778161   0.00493022435121893   0.0105203795569098   0
0.484289678304473   0.327715284741836   0.0337895186611162   0.0140779219636744   0
0.455181804562135   0.314488839382358   -0.0291078737423381   -0.0132264453594779   0
0.477049583400363   0.330532460786112   0.0218677788382282   0.0160436214037538   0
0.45924193481797   0.329996949528041   -0.0178076485823932   -0.000535511258070609   0
0.508412918361054   0.363562803646069   0.0491709835430839   0.0335658541180278   0
0.452814418485907   0.329766603299076   -0.055598499875147   -0.0337962003469931   0
0.523233435841136   0.366095138073616   0.0704190173552291   0.0363285347745403   0
0.48077868897134   0.354174845350729   -0.0424547468697964   -0.0119202927228875   0
0.534108416621045   0.369672048535729   0.0533297276497057   0.0154972031850005   0
0.513583309742558   0.357798600326486   -0.0205251068784874   -0.0118734482092431   0
0.511462455281949   0.35803840160789   -0.0021208544606085   0.000239801281403551   0
0.534213135855213   0.366525584193454   0.0227506805732635   0.00848718258556402   0
0.491910726888172   0.338370037491738   -0.0423024089670406   -0.0281555467017159   0
0.563385821775606   0.363264900674346   0.0714750948874334   0.0248948631826084   0
0.51384102609598   0.332774406130478   -0.0495447956796251   -0.0304904945438678   0
0.552466571364612   0.369588158775427   0.0386255452686312   0.0368137526449484   0
0.498808023679662   0.330073512234036   -0.0536585476849499   -0.0395146465413904   0
0.541194297336077   0.354170564414662   0.0423862736564153   0.0240970521806254   0
0.503117206994802   0.318785961354139   -0.0380770903412755   -0.0353846030605228   0
0.50762574191351   0.317895111580947   0.00450853491870862   -0.000890849773192259   0
0.561188139650655   0.330576263967231   0.0535623977371443   0.0126811523862846   0
0.517087820306222   0.306351845180741   -0.0441003193444321   -0.0242244187864897   0
0.588823950112477   0.33756828278772   0.0717361298062548   0.0312164376069784   0
0.557595863979316   0.322366779119771   -0.031228086133161   -0.0152015036679493   0
0.573866373307776   0.326605127511132   0.0162705093284602   0.00423834839136095   0
0.586745104844514   0.332026112440953   0.0128787315367379   0.00542098492982163   0
0.565692692082512   0.329466253049261   -0.021052412762002   -0.00255985939169173   0
0.591749523969635   0.31673644110164   0.026056831887123   -0.0127298119476217   0
0.521523727222348   0.273487761199149   -0.0702257967472874   -0.0432486799024912   0
0.564294105998468   0.2723418167661   0.0427703787761199   -0.0011459444330485   0
0.534035109086809   0.304251418264731   -0.0302589969116589   0.0319096014986305   0
0.571167486083513   0.30635211847189   0.037132376996704   0.00210070020715958   0
0.486780474509907   0.266826801316398   -0.0843870115736062   -0.0395253171554925   0
0.515266842026779   0.287914995640297   0.0284863675168726   0.0210881943238997   0
0.452571797300152   0.272067961339688   -0.0626950447266272   -0.0158470343006092   0
0.490850982511026   0.306658638096651   0.0382791852108743   0.0345906767569623   0
0.455684399272665   0.277282129448857   -0.035166583238361   -0.0293765086477939   0
0.498502608130847   0.28904534201096   0.0428182088581816   0.0117632125621029   0
0.45891486690955   0.273150104735002   -0.039587741221297   -0.0158952372759577   0
0.502479056853527   0.281042559397416   0.0435641899439769   0.00789245466241412   0
0.462117821138333   0.262344167401545   -0.0403612357151943   -0.0186983919958708   0
0.495869323498651   0.286808653391874   0.0337515023603186   0.0244644859903286   0
0.484924240735849   0.28883517781133   -0.0109450827628018   0.00202652441945594   0
0.490868672304013   0.296305257190726   0.00594443156816393   0.00747007937939664   0
0.516408793475247   0.30398645184574   0.0255401211712334   0.00768119465501382   0
0.471961468857363   0.282704941994741   -0.0444473246178833   -0.021281509850999   0
0.53422865377222   0.320017544978103   0.0622671849148564   0.0373126029833623   0
0.462833588648501   0.286349947307403   -0.0713950651237187   -0.0336675976707004   0
0.541055330210358   0.331915398389951   0.0782217415618573   0.0455654510825481   0
0.474460979057551   0.292585486788716   -0.0665943511528073   -0.039329911601235   0
0.546172065731524   0.313442112170956   0.0717110866739727   0.0208566253822395   0
0.494615371703357   0.281967405313136   -0.0515566940281669   -0.0314747068578193   0
0.535191222856924   0.29456902551857   0.0405758511535673   0.0126016202054337   0
0.468842430670007   0.257967592857882   -0.0663487921869177   -0.036601432660688   0
0.495087850972168   0.233401667243772   0.0262454203021617   -0.0245659256141099   0
0.473619519417222   0.182717991816624   -0.0214683315549467   -0.0506836754271477   0
0.475119836244384   0.193002378048173   0.00150031682716206   0.0102843862315489   0
0.457446843155447   0.190211310492436   -0.0176729930889368   -0.00279106755573696   0
0.506353051735644   0.194807954417293   0.0489062085801973   0.00459664392485645   0
0.45450877016644   0.194273374205242   -0.051844281569204   -0.000534580212050689   0
0.518377380926193   0.234701866569591   0.063868610759753   0.0404284923643488   0
0.472590313499081   0.206481835245258   -0.0457870674271119   -0.0282200313243325   0
0.56958960043548   0.195802524974782   0.0969992869363989   -0.0106793102704766   0
0.743624661674826   0.150991644661203   0.174035061239346   -0.0448108803135786   0
0.527670916968294   0.131509394430082   -0.215953744706533   -0.019482250231121   0
0.603852712395167   0.100968093024089   0.076181795426873   -0.0305413014059934   0
0.62485667759175   0.0633514929019632   0.0210039651965831   -0.0376166001221254   0
0.60714662358376   0.0885642705629081   -0.0177100540079898   0.0252127776609449   0
0.554160540293524   0.0884470850766858   -0.0529860832902365   -0.000117185486222318   0
0.580210416051186   0.113255181856326   0.026049875757662   0.0248080967796398   0
0.566660599759292   0.104829086378078   -0.013549816291894   -0.00842609547824785   0
0.587156571738587   0.110712521164962   0.020495971979295   0.00588343478688448   0
0.609954245921356   0.0844990894099013   0.0227976741827693   -0.026213431755061   0
0.62018737492816   0.0990405686013787   0.0102331290068037   0.0145414791914774   0
0.637202539714462   0.1052650376538   0.0170151647863019   0.00622446905242174   0
0.679922143479413   0.121157727311922   0.0427196037649519   0.0158926896581214   0
0.695961031468717   0.09149917640143   0.0160388879893032   -0.0296585509104918   0
0.757989119142247   0.105529905787081   0.0620280876735306   0.0140307293856506   0
0.749540958102357   0.11147896160515   -0.00844816103988988   0.0059490558180694   0
0.817997607988899   0.120061515500347   0.0684566498865411   0.00858255389519678   0
0.815915148324689   0.119808659398278   -0.00208245966420928   -0.000252856102069113   0
0.901954293709637   0.14392282772962   0.0860391453849476   0.0241141683313428   0
0.863479293951025   0.143100951638389   -0.0384749997586122   -0.000821876091231577   0
0.91638877767919   0.163153065067171   0.0529094837281654   0.020052113428782   0
0.873533845615183   0.149558088629678   -0.0428549320640073   -0.0135949764374933   0
0.929607997691133   0.164928373053039   0.0560741520759499   0.0153702844233617   0
0.947755219400162   0.168273938164389   0.0181472217090298   0.00334556511134934   0
1.0589186067168   0.0949195094529044   0.111163387316634   -0.0733544287114843   0
