0   0   0   0   0
0.0920967052175592   0.0414339622646386   0.0920967052175592   0.0414339622646386   0
0.0842838494884399   0.0373732458637526   -0.00781285572911927   -0.00406071640088606   0
0.0815162475172281   0.0341201829809352   -0.00276760197121181   -0.00325306288281739   0
0.0921648212608564   0.0257665726063324   0.0106485737436282   -0.00835361037460278   0
0.0920008592565309   0.0292679225433157   -0.000163962004325502   0.00350134993698324   0
0.12627371637934   0.0205100534668976   0.0342728571228092   -0.00875786907641802   0
0.162874953148266   0.0421692043624551   0.0366012367689265   0.0216591508955574   0
0.169575683918833   0.0524248533973391   0.00670073077056665   0.0102556490348841   0
0.190239949132517   0.0535933991019417   0.0206642652136836   0.00116854570460253   0
0.199875723333276   0.0549572074846421   0.00963577420075959   0.00136380838270043   0
0.208508872169017   0.0630039732762546   0.00863314883574104   0.00804676579161249   0
0.245813988597639   0.0473170661318144   0.0373051164286213   -0.0156869071444402   0
0.260765347131735   0.0681797473813522   0.0149513585340966   0.0208626812495378   0
0.288110441853849   0.0576662082743872   0.0273450947221135   -0.010513539106965   0
0.313156335769574   0.0729109798551117   0.0250458939157255   0.0152447715807245   0
0.295029963255851   0.0739604245596354   -0.0181263725137231   0.00104944470452376   0
0.347550935202454   0.0437049130366942   0.0525209719466023   -0.0302555115229413   0
0.354380344772824   0.0601314323717846   0.00682940957037043   0.0164265193350904   0
0.340812487687487   0.0610315408558149   -0.0135678570853368   0.000900108484030306   0
0.399190077860973   0.0423204991195165   0.0583775901734861   -0.0187110417362983   0
0.386644236614666   0.0566307978178173   -0.012545841246307   0.0143102986983008   0
0.387533674233757   0.0491080921266801   0.000889437619090605   -0.00752270569113719   0
0.42394998257456   0.0298703211451806   0.0364163083408034   -0.0192377709814995   0
0.42709655136411   0.06914167101837   0.00314656878954939   0.0392713498731894   0
0.444891389591493   0.0606063933234358   0.0177948382273838   -0.0085352776949342   0
0.471268597359011   0.0446289409969363   0.026377207767518   -0.0159774523264994   0
0.460445666950586   0.0579790535452322   -0.0108229304084254   0.0133501125482959   0
0.470345701458512   0.0483846655018406   0.0099000345079262   -0.00959438804339161   0
0.502745834492748   0.0423327099568998   0.0324001330342362   -0.0060519555449408   0
0.500181178633713   0.0602540306557371   -0.00256465585903576   0.0179213206988373   0
0.511989688048041   0.0458305411622806   0.011808509414328   -0.0144234894934564   0
0.541372173357931   0.0391631264066966   0.0293824853098906   -0.00666741475558399   0
0.578285978065951   0.0206215926691636   0.0369138047080197   -0.0185415337375331   0
0.587613017870477   0.0281911193170425   0.00932703980452632   0.00756952664787892   0
0.608386751983547   0.0129946201857115   0.0207737341130696   -0.015196499131331   0
0.607864814181616   0.0211144915812014   -0.000521937801931438   0.00811987139548994   0
0.596847348305394   0.0212307095064561   -0.0110174658762219   0.000116217925254684   0
0.632257336227275   0.0265209861256138   0.0354099879218818   0.00529027661915771   0
0.592946860410484   0.0720911878724092   -0.0393104758167913   0.0455702017467954   0
0.768077866106588   0.147648039547779   0.175131005696104   0.0755568516753697   0
0.591374520110767   0.121956632238852   -0.176703345995821   -0.0256914073089273   0
0.707464861678614   0.119422339071266   0.116090341567847   -0.00253429316758533   0
0.71153213029592   0.121321183640338   0.00406726861730611   0.00189884456907122   0
0.703736348900368   0.137128598303436   -0.00779578139555215   0.0158074146630981   0
0.77673972121956   0.128002548006094   0.0730033723191926   -0.0091260502973412   0
0.772046434344548   0.11844783522548   -0.00469328687501247   -0.00955471278061422   0
0.783300397803327   0.125482995589303   0.0112539634587789   0.00703516036382267   0
0.804512003426655   0.125234093046462   0.0212116056233282   -0.000248902542840462   0
0.805013166740551   0.131536856120122   0.000501163313895936   0.00630276307365935   0
0.811536215510047   0.135958183624706   0.00652304876949616   0.00442132750458407   0
0.853318350654907   0.138149172613121   0.0417821351448595   0.00219098898841555   0
0.837142314754648   0.134169270567165   -0.0161760359002587   -0.00397990204595683   0
0.831705423278969   0.135434291365786   -0.0054368914756785   0.00126502079862106   0
0.868956881915346   0.130883672150425   0.0372514586363762   -0.00455061921536032   0
0.850986614169253   0.122536048071455   -0.0179702677460921   -0.00834762407896997   0
0.845735789327406   0.158578971728608   -0.0052508248418478   0.0360429236571522   0
0.865205523494071   0.14220199186904   0.0194697341666656   -0.0163769798595676   0
0.840262919262156   0.153958003875878   -0.0249426042319155   0.0117560120068385   0
0.865764903852056   0.145803085359407   0.0255019845899002   -0.00815491851647152   0
0.861690174850967   0.140710273448459   -0.00407472900108918   -0.00509281191094832   0
0.828768029144326   0.150755052544251   -0.0329221457066409   0.0100447790957928   0
0.845837835774541   0.141392560395703   0.0170698066302155   -0.00936249214854848   0
0.863425647948195   0.127597654308279   0.0175878121736533   -0.0137949060874242   0
0.842159436191325   0.13596289608421   -0.02126621175687   0.00836524177593106   0
0.865186165351851   0.139620946484795   0.0230267291605261   0.00365805040058526   0
0.89737407240999   0.130425067504957   0.0321879070581391   -0.00919587897983837   0
0.858772755343979   0.138854973517273   -0.0386013170660107   0.00842990601231602   0
0.870583113205534   0.141244856489794   0.0118103578615552   0.0023898829725213   0
0.899165149506302   0.154782360464202   0.0285820363007674   0.0135375039744078   0
0.877222725216555   0.138336051860118   -0.0219424242897465   -0.0164463086040839   0
0.911303467138143   0.152923997723739   0.0340807419215874   0.0145879458636207   0
0.902479944199116   0.134434221992216   -0.00882352293902644   -0.0184897757315223   0
0.886277472343261   0.136727986760392   -0.0162024718558552   0.00229376476817597   0
0.893874618485999   0.182395132707016   0.00759714614273777   0.0456671459466238   0
0.868559429222716   0.163221524432663   -0.0253151892632829   -0.0191736082743528   0
0.830891822245255   0.164002769332327   -0.0376676069774613   0.00078124489966383   0
0.893387434316154   0.16659685122341   0.062495612070899   0.00259408189108254   0
0.905948510767273   0.160062709011968   0.0125610764511195   -0.0065341422114415   0
0.875893823990008   0.152773864242219   -0.0300546867772646   -0.00728884476974906   0
0.922816522297883   0.163366455661038   0.0469226983078749   0.0105925914188192   0
0.919798827499253   0.159388166426973   -0.00301769479863068   -0.00397828923406512   0
0.915343457527042   0.16883947333192   -0.00445536997221041   0.00945130690494644   0
0.94118711577189   0.165982970815955   0.0258436582448481   -0.00285650251596511   0
0.918049691736134   0.150258627481719   -0.0231374240357568   -0.0157243433342355   0
0.930388481141614   0.176212336160696   0.0123387894054806   0.0259537086789767   0
0.974533123165467   0.182839907026174   0.0441446420238532   0.00662757086547849   0
0.945091078475509   0.180969190933153   -0.0294420446899588   -0.00187071609302111   0
0.953055297914455   0.179560840973888   0.00796421943894599   -0.00140834995926473   0
0.98011476530841   0.168773084718802   0.0270594673939557   -0.0107877562550861   0
0.95071181064251   0.155974474949629   -0.0294029546658999   -0.0127986097691731   0
0.971766796397675   0.173132479455069   0.0210549857551645   0.0171580045054401   0
0.990884478523102   0.158367944291924   0.0191176821254273   -0.0147645351631451   0
0.961858815889837   0.145707277814974   -0.0290256626332648   -0.0126606664769502   0
0.993174105682302   0.155913444610303   0.0313152897924645   0.010206166795329   0
0.992927889114758   0.153269178498157   -0.000246216567543422   -0.00264426611214566   0
0.973602082925304   0.140072938864008   -0.0193258061894548   -0.0131962396341497   0
0.990759416946233   0.17282543751951   0.0171573340209296   0.0327524986555023   0
0.999587965278114   0.152287909552728   0.00882854833188074   -0.0205375279667814   0
0.983678492995979   0.159383866968406   -0.015909472282135   0.00709595741567742   0
1.00155717711534   0.16198459983128   0.017878684119362   0.00260073286287441   0
0.994877989558941   0.171008537230175   -0.00667918755639996   0.00902393739889459   0
0.972675396549769   0.159673198137446   -0.0222025930091722   -0.0113353390927292   0
1.01167230107432   0.17257940425967   0.0389969045245466   0.012906206122224   0
1.0152932912535   0.168881477018833   0.00362099017918238   -0.00369792724083706   0
0.998741634970847   0.158635518202892   -0.0165516562826512   -0.0102459588159409   0
1.00553439903417   0.165018361739808   0.00679276406331886   0.00638284353691584   0
0.988166906511289   0.145345316274384   -0.0173674925228767   -0.0196730454654239   0
0.97946611564291   0.145994760950736   -0.00870079086837872   0.000649444676352168   0
1.02242439746761   0.159360742708203   0.0429582818246975   0.0133659817574669   0
1.0178040267802   0.152046936223663   -0.00462037068740262   -0.00731380648454025   0
0.869061418910056   0.141040188873597   -0.148742607870149   -0.0110067473500652   0
1.04818803328983   0.149403303940207   0.179126614379773   0.00836311506661011   0
0.979468910601046   0.162413599284358   -0.0687191226887832   0.0130102953441505   0
0.960018032351106   0.149542210876862   -0.0194508782499397   -0.0128713884074955   0
0.950266341017764   0.154212294220086   -0.00975169133334186   0.004670083343224   0
0.962723445877891   0.160283130052955   0.0124571048601262   0.0060708358328686   0
0.999495315449752   0.150648639822104   0.0367718695718618   -0.00963449023085111   0
0.974459977701111   0.154235032101984   -0.0250353377486413   0.00358639227987995   0
1.00134735826735   0.178603515041173   0.0268873805662386   0.0243684829391891   0
1.00852520251317   0.143895294663351   0.00717784424582479   -0.0347082203778224   0
0.970357681379135   0.160987066811289   -0.03816752113404   0.0170917721479386   0
1.02023363345559   0.169807022629631   0.0498759520764578   0.00881995581834172   0
1.0054231678203   0.149897913046213   -0.0148104656352908   -0.019909109583418   0
0.9709935328735   0.161960263431065   -0.0344296349468018   0.0120623503848522   0
1.02039501127015   0.173487980541081   0.0494014783966457   0.0115277171100159   0
1.00759666715356   0.159031251634081   -0.0127983441165864   -0.0144567289069997   0
0.984265482507641   0.170095436159447   -0.0233311846459178   0.0110641845253656   0
1.03203606278899   0.166766671778124   0.0477705802813487   -0.0033287643813231   0
1.00742477069419   0.143840404519245   -0.0246112920947956   -0.022926267258879   0
1.01699829941107   0.17610760957881   0.00957352871687145   0.0322672050595649   0
1.04361456989302   0.176644356728456   0.0266162704819577   0.000536747149646161   0
1.03074934903972   0.167414720201816   -0.0128652208533018   -0.00922963652663947   0
1.0508095071596   0.178212390238698   0.0200601581198776   0.0107976700368816   0
1.05613780108658   0.160073370495189   0.00532829392698231   -0.0181390197435092   0
1.0375482753778   0.150632153394295   -0.0185895257087849   -0.0094412171008936   0
1.07741392380737   0.185607289433524   0.0398656484295763   0.0349751360392289   0
1.08837614519292   0.181314467402632   0.0109622213855469   -0.0042928220308924   0
1.07259185035595   0.170833387377848   -0.0157842948369702   -0.0104810800247833   0
1.06817183546703   0.180799451893555   -0.0044200148889213   0.00996606451570686   0
1.05074140938672   0.155789005427341   -0.017430426080304   -0.0250104464662145   0
1.11035529432205   0.178304704116997   0.0596138849353227   0.0225156986896567   0
1.08655999896094   0.160131505530611   -0.0237952953611063   -0.0181731985863867   0
1.0697156832757   0.157700619815681   -0.0168443156852398   -0.00243088571492958   0
1.09605942697009   0.181298521531479   0.0263437436943879   0.0235979017157975   0
1.07223133360763   0.1590530318463   -0.0238280933624575   -0.0222454896851789   0
1.04642765406931   0.164788313632976   -0.0258036795383212   0.00573528178667618   0
1.05561066109291   0.188878037874974   0.00918300702359476   0.0240897242419979   0
1.0251607696378   0.147965710497399   -0.0304498914551083   -0.040912327377575   0
1.0551834547234   0.171561017652612   0.0300226850855989   0.0235953071552138   0
1.07810683424696   0.155041117219756   0.0229233795235633   -0.0165199004328569   0
1.06237083807539   0.158841804966451   -0.015735996171572   0.0038006877466952   0
1.08891407901496   0.176408440554158   0.0265432409395738   0.0175666355877075   0
1.08044247371899   0.152515980743822   -0.00847160529597568   -0.0238924598103359   0
1.06838737848638   0.159016866440325   -0.0120550952326048   0.00650088569650212   0
1.11537939664179   0.165401903414078   0.0469920181554082   0.00638503697375353   0
1.09137115804478   0.145741696714598   -0.0240082385970104   -0.0196602066994796   0
1.08126202288437   0.160117243816836   -0.0101091351604079   0.0143755471022372   0
1.11833624809983   0.171876438728524   0.0370742252154579   0.0117591949116882   0
1.0986829815966   0.151532574874183   -0.0196532665032256   -0.0203438638543404   0
1.10184409691254   0.168087709786439   0.00316111531593277   0.0165551349122552   0
1.14713279108044   0.172870696479334   0.0452886941679047   0.00478298669289534   0
1.12127470961981   0.155020032597403   -0.0258580814606251   -0.0178506638819306   0
1.15818251175754   0.203486123928635   0.0369078021377234   0.0484660913312321   0
1.14032975225283   0.173046988875132   -0.0178527595047082   -0.0304391350535036   0
1.1175080188191   0.191743171228469   -0.0228217334337255   0.0186961823533372   0
1.14446767492228   0.218719321403597   0.0269596561031713   0.0269761501751281   0
1.13818278853311   0.179459496613442   -0.00628488638916846   -0.0392598247901551   0
1.14254829390709   0.202238728999912   0.00436550537398195   0.0227792323864704   0
1.15458065729034   0.210198505820688   0.0120323633832538   0.00795977682077606   0
1.13536008934831   0.206404010504883   -0.0192205679420341   -0.00379449531580509   0
1.23838853777843   0.222105055030834   0.103028448430122   0.0157010445259511   0
1.13659619410413   0.177604372563009   -0.101792343674298   -0.0445006824678257   0
1.13062609928128   0.196471952757894   -0.00597009482285404   0.018867580194885   0
1.17690124574877   0.189266842834396   0.0462751464674882   -0.00720510992349752   0
1.15820660337869   0.173802785622814   -0.018694642370078   -0.0154640572115817   0
1.1613175195656   0.204524721330332   0.00311091618691184   0.0307219357075176   0
1.16528704872448   0.19186337276497   0.0039695291588755   -0.0126613485653617   0
1.1432108115409   0.18154918212154   -0.0220762371835777   -0.0103141906434306   0
1.18253997041326   0.185392604812732   0.0393291588723637   0.00384342269119273   0
1.17747599787427   0.184358122930616   -0.00506397253899582   -0.0010344818821168   0
1.20209972139253   0.192062179896251   0.024623723518264   0.00770405696563561   0
1.21886690541215   0.193823676496191   0.0167671840196231   0.00176149659993943   0
1.17160262016991   0.173217082573429   -0.0472642852422431   -0.0206065939227621   0
1.21189089738144   0.208971842936435   0.0402882772115329   0.0357547603630062   0
1.20479273354673   0.189856998365875   -0.00709816383471029   -0.0191148445705595   0
1.19700455813011   0.188277726296819   -0.00778817541662757   -0.00157927206905609   0
1.20866913672719   0.210123331559111   0.0116645785970799   0.0218456052622915   0
1.19233157591209   0.191017613322699   -0.0163375608150991   -0.0191057182364122   0
