0.196658646694723   0.163977414720359   0   0   0
0.185350052892462   0.133181869085557   -0.0113085938022614   -0.0307955456348015   0
0.209988729742765   0.0991364258093865   0.0246386768503031   -0.0340454432761707   0
0.188821688054259   0.107361409521019   -0.0211670416885057   0.0082249837116327   0
0.147340690004018   0.122446865171684   -0.0414809980502417   0.0150854556506645   0
0.208121948539913   0.0742604012701924   0.060781258535895   -0.0481864639014913   0
0.173084170459346   0.0816083433819882   -0.0350377780805664   0.00734794211179578   0
0.158839162199408   0.0553311882128256   -0.0142450082599377   -0.0262771551691627   0
0.126141017005255   0.0788983817323429   -0.0326981451941536   0.0235671935195173   0
0.145864788137542   0.0159999481450105   0.0197237711322871   -0.0628984335873324   0
0.115584838621075   0.0937388958414409   -0.0302799495164668   0.0777389476964304   0
0.119821666220471   0.0313767420356623   0.00423682759939596   -0.0623621538057785   0
0.0771296485222771   0.0738919117148995   -0.0426920176981941   0.0425151696792372   0
0.0828666139700422   0.0902462545714227   0.00573696544776517   0.0163543428565232   0
0.050347428872287   0.0758211166013301   -0.0325191850977552   -0.0144251379700925   0
0.0928979795487501   0.0395186896231707   0.0425505506764631   -0.0363024269781594   0
0.1133611993889   0.0313646175637453   0.0204632198401501   -0.00815407205942541   0
0.0790350648144227   0.0325654937378124   -0.0343261345744776   0.00120087617406713   0
0.0674625269079805   0.0579174687456643   -0.0115725379064422   0.0253519750078519   0
0.0975450339924078   0.0433433171922515   0.0300825070844273   -0.0145741515534128   0
0.0440392452715757   0.0394816836627442   -0.0535057887208322   -0.00386163352950733   0
0.0656841263798948   0.0352947566590634   0.0216448811083192   -0.00418692700368078   0
0.084564204162577   0.0366745363044838   0.0188800777826821   0.0013797796454204   0
0.0580053538310043   0.057404942185865   -0.0265588503315727   0.0207304058813812   0
0.0483532193419425   0.0625537924207837   -0.00965213448906178   0.00514885023491876   0
0.0986346210774391   0.0313835555561348   0.0502814017354967   -0.0311702368646489   0
0.0333969696580393   0.0529977348071889   -0.0652376514193998   0.0216141792510541   0
0.0450368151350026   0.0730970991988225   0.0116398454769633   0.0200993643916336   0
0.0822447533653357   0.059152635343681   0.0372079382303331   -0.0139444638551415   0
0.0652813271477656   0.0407964039638606   -0.0169634262175701   -0.0183562313798204   0
0.0388187289255174   0.0648056414592125   -0.0264625982222482   0.0240092374953519   0
0.0879992803882509   0.0218018401637339   0.0491805514627335   -0.0430038012954786   0
0.0424279217954403   0.07844971365484   -0.0455713585928106   0.0566478734911062   0
0.018411216031463   0.0959741820777078   -0.0240167057639773   0.0175244684228677   0
0.0490137412508003   0.078428549623463   0.0306025252193373   -0.0175456324542447   0
0.0712566061524123   0.0710920624152936   0.022242864901612   -0.00733648720816944   0
0.24694768207094   0.10165166113596   0.175691075918528   0.0305595987206662   0
0.299445602780221   0.127105093249454   0.0524979207092812   0.0254534321134946   0
0.202755047765278   0.0263150433335877   -0.0966905550149435   -0.100790049915867   0
0.2680131160769   0.105296532615383   0.0652580683116226   0.0789814892817957   0
0.200529653129531   0.143210938965019   -0.0674834629473693   0.037914406349636   0
0.16636801376133   0.144811167879052   -0.0341616393682012   0.00160022891403266   0
0.179059119657308   0.15748480440506   0.0126911058959779   0.0126736365260079   0
0.196272181664672   0.147013801159109   0.0172130620073644   -0.0104710032459511   0
0.178881871569927   0.139752345391768   -0.0173903100947446   -0.00726145576734094   0
0.144531104282262   0.135088627448797   -0.0343507672876657   -0.00466371794297044   0
0.174885770287694   0.122646636335857   0.0303546660054321   -0.0124419911129403   0
0.144101282550781   0.144036094481219   -0.0307844877369129   0.0213894581453613   0
0.153537398746527   0.129148468544927   0.00943611619574597   -0.0148876259362915   0
0.159869209940282   0.115123807680471   0.00633181119375523   -0.0140246608644563   0
0.13340245426438   0.117197275096309   -0.0264667556759021   0.00207346741583862   0
0.136822234216702   0.116247483069839   0.00341977995232176   -0.000949792026470331   0
0.112390983631695   0.126188057466079   -0.0244312505850065   0.00994057439624019   0
0.112119920573688   0.131891759279921   -0.000271063058007753   0.00570370181384133   0
0.157319044539719   0.102116322791707   0.0451991239660312   -0.029775436488214   0
0.126088481681833   0.131925241479796   -0.0312305628578855   0.0298089186880895   0
0.144715285376079   0.133773157701424   0.0186268036942458   0.00184791622162775   0
0.149638403367251   0.133239612275216   0.00492311799117157   -0.000533545426207371   0
0.116961361385417   0.155643871149814   -0.0326770419818341   0.0224042588745979   0
0.115040681953386   0.159238079438219   -0.00192067943203099   0.00359420828840457   0
0.124225550896456   0.144312193130899   0.00918486894307095   -0.0149258863073195   0
0.132289983602728   0.160876484960512   0.00806443270627137   0.0165642918296131   0
0.129633617621896   0.159946996072136   -0.00265636598083163   -0.000929488888376129   0
0.163350720311592   0.165345303520579   0.0337171026896962   0.00539830744844297   0
0.156324706797934   0.182700484772893   -0.00702601351365856   0.0173551812523134   0
0.167901279151917   0.162263424203515   0.0115765723539832   -0.0204370605693772   0
0.156489115981687   0.149590280257442   -0.0114121631702297   -0.0126731439460736   0
0.135251083013926   0.166029726148098   -0.021238032967761   0.0164394458906564   0
0.159037507919013   0.152740528474019   0.0237864249050863   -0.0132891976740796   0
0.146600337771401   0.180313752554575   -0.0124371701476115   0.0275732240805563   0
0.124561555565311   0.194009212006801   -0.0220387822060904   0.0136954594522264   0
0.15043690635612   0.165810266323658   0.0258753507908092   -0.0281989456831431   0
0.143315564233059   0.177503555125306   -0.00712134212306118   0.0116932888016476   0
0.162452750506878   0.190757988233527   0.0191371862738194   0.0132544331082213   0
0.171811855495743   0.177480616885683   0.00935910498886464   -0.0132773713478444   0
0.126745563658299   0.191819895029165   -0.0450662918374435   0.0143392781434825   0
0.140005274371146   0.201642372562471   0.0132597107128471   0.00982247753330606   0
0.138596977282263   0.185702488118287   -0.0014082970888839   -0.0159398844441844   0
0.176409543097334   0.160356232545301   0.0378125658150711   -0.0253462555729864   0
0.157922592249146   0.202300359940665   -0.0184869508481877   0.0419441273953642   0
0.164634336184041   0.239903525251819   0.00671174393489557   0.037603165311154   0
0.16968515264567   0.213289002071421   0.00505081646162869   -0.0266145231803979   0
0.147623069228898   0.206207505497793   -0.0220620834167722   -0.00708149657362728   0
0.121293259794957   0.213860323861446   -0.0263298094339405   0.00765281836365239   0
0.16244587095402   0.172773711087285   0.0411526111590622   -0.0410866127741612   0
0.15560974378907   0.191036409289591   -0.00683612716494966   0.018262698202306   0
0.13944678463188   0.230777336623145   -0.0161629591571897   0.0397409273335546   0
0.157399256655837   0.209446987915206   0.0179524720239566   -0.0213303487079392   0
0.144262375512364   0.207321253694598   -0.0131368811434725   -0.00212573422060777   0
0.127356004588123   0.249181033441296   -0.0169063709242413   0.0418597797466981   0
0.159684672479797   0.206355371067662   0.0323286678916739   -0.0428256623736344   0
0.151235457213347   0.211119217774839   -0.00844921526645023   0.00476384670717722   0
0.141900601455279   0.243441119785031   -0.00933485575806739   0.0323219020101921   0
0.150164721695776   0.231106495999901   0.00826412024049722   -0.0123346237851299   0
0.141885716364131   0.236373137150164   -0.00827900533164594   0.00526664115026207   0
0.1223849269599   0.268318023401262   -0.0195007894042308   0.0319448862510981   0
0.160738001660777   0.242329360349097   0.0383530747008774   -0.0259886630521646   0
0.146381269070392   0.24554641465558   -0.0143567325903855   0.00321705430648297   0
0.134838795630227   0.278668949258793   -0.0115424734401647   0.0331225346032135   0
0.170901339333429   0.246537828662236   0.0360625437032025   -0.0321311205965575   0
0.155099311299728   0.253532573782857   -0.0158020280337013   0.00699474512062143   0
0.139930632709434   0.276992154891542   -0.0151686785902946   0.0234595811086847   0
0.193674858398193   0.242091332652705   0.0537442256887592   -0.0349008222388374   0
0.182324142562157   0.266817294012476   -0.0113507158360361   0.0247259613597713   0
0.178439258322915   0.29290947562445   -0.00388488423924127   0.0260921816119737   0
0.204486391748424   0.277689856419603   0.0260471334255089   -0.0152196192048461   0
0.200546524304717   0.286817335562636   -0.00393986744370708   0.00912747914303297   0
0.192990509595679   0.320021297371362   -0.00755601470903774   0.033203961808726   0
0.215988157460635   0.331123669605995   0.0229976478649555   0.0111023722346324   0
0.216249655619055   0.305683835411377   0.000261498158420442   -0.0254398341946174   0
0.172547247102468   0.29757014298202   -0.0437024085165877   -0.00811369242935711   0
0.225701284390586   0.297451162828136   0.053154037288118   -0.000118980153884729   0
0.20597478257748   0.356063178649927   -0.019726501813106   0.0586120158217918   0
0.229708022109394   0.347376997825619   0.0237332395319148   -0.00868618082430844   0
0.224882474448942   0.337327658967642   -0.00482554766045198   -0.0100493388579766   0
0.20597474369291   0.355801455402504   -0.0189077307560323   0.0184737964348616   0
0.221651498589024   0.352010759447222   0.0156767548961137   -0.00379069595528186   0
0.226685351924755   0.362867297830088   0.0050338533357312   0.0108565383828663   0
0.191091930678509   0.421678655419589   -0.0355934212462462   0.0588113575895008   0
0.236289628786898   0.374050614428131   0.0451976981083891   -0.0476280409914578   0
0.219394023360802   0.382349740965732   -0.0168956054260962   0.00829912653760095   0
0.232157294610981   0.402700708007585   0.0127632712501797   0.0203509670418524   0
0.256310661295702   0.383439399478184   0.0241533666847205   -0.0192613085294011   0
0.229982778994684   0.39563539675134   -0.0263278823010178   0.0121959972731561   0
0.223799117282911   0.418373521810729   -0.0061836617117734   0.0227381250593891   0
0.255139266787455   0.385588969539081   0.0313401495045441   -0.0327845522716483   0
0.243085346936606   0.408033205999919   -0.012053919850849   0.0224442364608387   0
0.251462535988962   0.394084675770754   0.00837718905235618   -0.0139485302291656   0
0.263206229932443   0.394680160218448   0.0117436939434809   0.000595484447694639   0
0.230575339178158   0.422308791285524   -0.0326308907542851   0.0276286310670754   0
0.243318399520895   0.420529521644391   0.0127430603427375   -0.00177926964113301   0
0.239399969311527   0.402335475245997   -0.00391843020936838   -0.0181940463983933   0
0.232603663747242   0.426564301648711   -0.0067963055642849   0.0242288264027138   0
0.259257906052332   0.414009057478046   0.0266542423050904   -0.0125552441706651   0
0.268328069202907   0.42079868371534   0.00907016315057452   0.00678962623729379   0
0.227813491993868   0.441007047597496   -0.0405145772090392   0.0202083638821562   0
0.242175022947888   0.437008837988149   0.0143615309540202   -0.0039982096093466   0
0.239200391232958   0.444795252809843   -0.00297463171493023   0.00778641482169407   0
0.240159423451531   0.459348506471745   0.000959032218572992   0.0145532536619014   0
0.268080550538378   0.442380113555144   0.0279211270868477   -0.0169683929166004   0
0.248960623033624   0.464328526436856   -0.0191199275047548   0.0219484128817121   0
0.219518086031097   0.489552778309704   -0.0294425370025266   0.0252242518728474   0
0.243513855537647   0.47995132383721   0.02399576950655   -0.00960145447249416   0
0.282982768763612   0.472123089630567   0.0394689132259651   -0.00782823420664258   0
0.266460786388216   0.478857012241977   -0.0165219823753963   0.00673392261140948   0
0.252079578683002   0.473793996105628   -0.0143812077052135   -0.00506301613634841   0
0.256877467011102   0.444384097354049   0.00479788832810002   -0.0294098987515796   0
0.245393891390969   0.4960084589305   -0.0114835756201338   0.0516243615764519   0
0.236365718436579   0.511773574448642   -0.0090281729543899   0.0157651155181417   0
0.268285836586727   0.511810652120381   0.0319201181501484   3.70776717391053e-05   0
0.281004336991531   0.517080441781199   0.0127185004048041   0.0052697896608177   0
0.258080739430595   0.526599715434411   -0.0229235975609365   0.00951927365321181   0
0.271032889455321   0.512571387032482   0.0129521500247258   -0.0140283284019287   0
0.274001164800115   0.518455233767798   0.00296827534479488   0.00588384673531628   0
0.236142400347326   0.540476504358423   -0.0378587644527892   0.0220212705906242   0
0.258432005328462   0.541725584331255   0.0222896049811354   0.00124907997283263   0
0.250645288991515   0.497342197628987   -0.00778671633694678   -0.0443833867022687   0
0.218739489676876   0.515867346640868   -0.0319057993146392   0.0185251490118818   0
0.269055319343922   0.516217832361933   0.0503158296670466   0.00035048572106422   0
0.269613764820808   0.529727532161856   0.000558445476885772   0.0135096997999232   0
0.235235725760456   0.567326150686614   -0.0343780390603522   0.0375986185247577   0
0.260927429253135   0.54675005480136   0.0256917034926795   -0.0205760958852536   0
0.278123974296949   0.498445206825224   0.0171965450438136   -0.0483048479761363   0
0.377054953753428   0.43377697193453   0.0989309794564793   -0.0646682348906937   0
0.372420260077241   0.442774163491887   -0.00463469367618718   0.00899719155735673   0
0.318784055658701   0.523711612319846   -0.0536362044185398   0.0809374488279592   0
0.406923127924673   0.615951981759041   0.0881390722659718   0.0922403694391953   0
0.368711913693347   0.649123227226703   -0.0382112142313265   0.0331712454676619   0
0.322397494128679   0.654412556995967   -0.0463144195646678   0.005289329769264   0
0.308888075322454   0.702782505727234   -0.013509418806225   0.0483699487312671   0
0.408533639684665   0.677727171640809   0.0996455643622114   -0.0250553340864255   0
0.342727718850168   0.729800180148692   -0.0658059208344971   0.0520730085078828   0
0.316094031443177   0.73788016016484   -0.0266336874069915   0.0080799800161484   0
0.341460357387208   0.69167771781684   0.0253663259440315   -0.0462024423479998   0
0.289792384687814   0.714804095246329   -0.0516679726993942   0.0231263774294885   0
0.29984486865674   0.710102234140918   0.0100524839689258   -0.00470186110541104   0
0.293004139132129   0.710876098615532   -0.00684072952461084   0.000773864474614583   0
0.282347776518764   0.710325564820226   -0.0106563626133648   -0.000550533795306674   0
0.305185006983335   0.707120315372858   0.0228372304645706   -0.00320524944736766   0
0.280144529385473   0.748564172526805   -0.0250404775978614   0.0414438571539469   0
0.344344846182443   0.714598255752286   0.0642003167969691   -0.0339659167745185   0
0.318779815625284   0.748014961580642   -0.0255650305571586   0.033416705828356   0
0.316468156075473   0.775060095680924   -0.00231165954981088   0.0270451341002813   0
0.378811780581386   0.738069674036213   0.0623436245059127   -0.0369904216447101   0
0.375529201038015   0.758100354130118   -0.00328257954337063   0.0200306800939043   0
0.395190775394935   0.808295706254833   0.0196615743569199   0.0501953521247157   0
0.355713280574749   0.804142622738872   -0.0394774948201861   -0.00415308351596111   0
0.367875794970286   0.795639742738037   0.0121625143955372   -0.00850288000083521   0
0.343440585171715   0.859906830958447   -0.0244352097985711   0.0642670882204101   0
0.395006923917556   0.830629451322911   0.0515663387458412   -0.0292773796355364   0
0.37300892611459   0.836689048325003   -0.0219979978029657   0.00605959700209269   0
0.333290700257298   0.890485004969776   -0.0397182258572926   0.0537959566447729   0
0.397056238007917   0.848667393539926   0.0637655377506195   -0.0418176114298501   0
0.391306350907112   0.856383485665738   -0.00574988710080526   0.00771609212581204   0
0.380437119485152   0.893946717994563   -0.0108692314219599   0.0375632323288243   0
0.426624440638368   0.856648098483269   0.0461873211532153   -0.037298619511294   0
0.423454680975946   0.880466647959052   -0.00316975966242178   0.0238185494757839   0
0.377508556459175   0.909322716767815   -0.0459461245167709   0.0288560688087626   0
0.408394954487454   0.883129855118855   0.0308863980282796   -0.02619286164896   0
0.420696312250298   0.906433999259185   0.0123013577628432   0.0233041441403297   0
0.406552660151683   0.928664425623163   -0.0141436520986145   0.0222304263639785   0
0.443553090744998   0.887284477408458   0.0370004305933144   -0.0413799482147055   0
0.409720896573558   0.926314870888943   -0.0338321941714398   0.0390303934804856   0
0.454231018565883   0.917862863722708   0.0445101219923258   -0.00845200716623573   0
0.474117787320366   0.903901340195654   0.0198867687544827   -0.0139615235270535   0
0.426776626225301   0.920050699962779   -0.0473411610950655   0.0161493597671249   0
0.485302471843076   0.911445395490728   0.0585258456177757   -0.00860530447205099   0
0.498383850119815   0.93846146678593   0.0130813782767384   0.0270160712952022   0
0.506922437689436   0.988656433834323   0.00853858756962111   0.0501949670483921   0
0.528552455948319   0.986567794989908   0.0216300182588834   -0.00208863884441424   0
0.492926435626616   0.920865490991084   -0.0356260203217037   -0.0657023039988247   0
0.519397389028863   0.996297431035281   0.0264709534022473   0.0754319400441972   0
0.568547997151516   0.978425033429746   0.0491506081226529   -0.0178723976055347   0
0.589026567792014   0.997502171303151   0.0204785706404981   0.0190771378734045   0
0.575414029923506   1.03939157636295   -0.0136125378685075   0.0418894050597957   0
0.591356895389747   1.02727807648222   0.0159428654662405   -0.0121134998807311   0
0.572781666193053   1.02822445183737   -0.0185752291966939   0.000946375355150186   0
0.560906098948835   1.02285161655161   -0.0118755672442182   -0.00537283528575139   0
0.594418044160841   0.999105230786152   0.0335119452120066   -0.023746385765462   0
0.603296629924957   1.04967312964144   0.00887858576411515   0.0505678988552855   0
0.58881913905257   1.06626087957134   -0.0144774908723864   0.0165877499299036   0
0.59740609053976   1.05929662036136   0.00858695148718991   -0.00696425920998078   0
0.586302325219677   0.918603096168443   -0.0111037653200831   -0.140693524192917   0
0.580854966057793   0.798026000166191   -0.00544735916188388   -0.120577096002252   0
0.481588460703753   0.914549378972645   -0.0992665053540404   0.116523378806453   0
0.524893897366887   0.950792160755572   0.0433054366631341   0.0362427817829274   0
0.5079092770055   1.02821752372565   -0.0169846203613866   0.0774253629700742   0
0.558330089107689   1.03735381044367   0.0504208121021887   0.00913628671802291   0
0.580684569220674   1.02355527435485   0.0223544801129852   -0.0137985360888155   0
0.578872780674649   1.05192892739497   -0.00181178854602548   0.02837365304012   0
0.605809276526037   1.01971175136504   0.0269364958513879   -0.0322171760299359   0
0.57919203479675   1.04833954648724   -0.0266172417292865   0.0286277951221976   0
0.573533129325587   1.0781551335848   -0.00565890547116366   0.0298155870975609   0
0.60999199439009   1.06453336046187   0.0364588650645038   -0.0136217731229227   0
0.617691536914664   1.04044291784665   0.00769954252457383   -0.024090442615224   0
0.590557860279617   1.06606614473024   -0.0271336766350468   0.0256232268835916   0
0.619610561349627   1.05248070162498   0.0290527010700098   -0.0135854431052662   0
0.573598269412347   1.08762707301262   -0.0460122919372796   0.0351463713876454   0
0.654828799672098   1.05262856709003   0.08123053025975   -0.0349985059225952   0
0.610630725588092   1.12910424980159   -0.0441980740840053   0.0764756827115598   0
0.674368699719968   1.11055360871831   0.0637379741318754   -0.0185506410832799   0
0.680852636755561   1.11733747563438   0.00648393703559347   0.00678386691607114   0
0.634805911617086   1.15118597429716   -0.0460467251384746   0.0338484986627832   0
0.673654315673106   1.125778891844   0.0388484040560191   -0.0254070824531616   0
0.649403006778533   1.15144505534285   -0.0242513088945721   0.0256661634988524   0
