0.154129661678301   0.139791500229807   0   0   0
0.124310363649001   0.138337072214031   -0.0298192980293001   -0.00145442801577558   0
0.152754749939895   0.139632189143478   0.0284443862908944   0.00129511692944703   0
0.116263514636278   0.113912193449933   -0.0364912353036176   -0.0257199956935448   0
0.111758768180334   0.101862807667593   -0.00450474645594359   -0.0120493857823404   0
0.0943735062689736   0.081384207300695   -0.0173852619113607   -0.0204786003668978   0
0.0963473274702002   0.0527780429865074   0.00197382120122663   -0.0286061643141876   0
0.0855029822567944   0.079514234711654   -0.0108443452134058   0.0267361917251466   0
0.0775095231050585   0.0499540747499891   -0.00799345915173588   -0.0295601599616649   0
0.0862255831236704   0.077118133887086   0.00871606001861189   0.0271640591370969   0
0.0945380654993828   0.0489392453023644   0.00831248237571243   -0.0281788885847216   0
0.0876491596499504   0.0495178602767981   -0.0068889058494324   0.000578614974433657   0
0.11998514484906   0.0512668700296263   0.0323359851991099   0.00174900975282825   0
0.114857366408341   0.018178389785419   -0.00512777844071895   -0.0330884802442074   0
0.0885244182839989   0.053976928362241   -0.0263329481243425   0.0357985385768221   0
0.101057675378271   0.0526069199082687   0.0125332570942721   -0.0013700084539723   0
0.105753549389356   0.0259547680464977   0.00469587401108473   -0.026652151861771   0
0.0763195277160937   0.071589693593509   -0.029434021673262   0.0456349255470112   0
0.0686984772237328   0.0735491040773441   -0.00762105049236088   0.00195941048383516   0
0.0845627912837815   0.0630386703566279   0.0158643140600487   -0.0105104337207162   0
0.0384230200986336   0.0348688036606864   -0.0461397711851479   -0.0281698666959415   0
0.0590092102528071   0.0460821981922749   0.0205861901541736   0.0112133945315884   0
0.0818062777582405   0.0352057565142066   0.0227970675054334   -0.0108764416780682   0
0.0608520121013266   0.0588481845208074   -0.0209542656569139   0.0236424280066008   0
0.0500770272532386   0.0503215934086452   -0.010774984848088   -0.00852659111216227   0
0.0929209826299205   0.0242046125592443   0.042843955376682   -0.0261169808494009   0
0.0925806912937034   0.0461919323898124   -0.000340291336217186   0.0219873198305681   0
0.0876849364647087   0.0320965297168557   -0.00489575482899467   -0.0140954026729567   0
0.0858750499391995   0.0623043982022136   -0.00180988652550923   0.0302078684853579   0
0.0799568076114223   0.0631308098307197   -0.00591824232777716   0.000826411628506114   0
0.0716755629923477   0.0388828912969123   -0.00828124461907463   -0.0242479185338074   0
0.0700359026415738   0.0610351560136451   -0.0016396603507739   0.0221522647167328   0
0.119882058193293   0.108675669754239   0.0498461555517188   0.0476405137405943   0
0.0588766908495204   0.0769329045387603   -0.0610053673437722   -0.0317427652154791   0
0.0799578516260286   0.0764522211301444   0.0210811607765082   -0.000480683408615873   0
0.115787369383582   0.0885581460818258   0.0358295177575532   0.0121059249516814   0
0.0635604465189634   0.0463116861852654   -0.0522269228646184   -0.0422464598965604   0
0.0884741896361306   0.0466817567998731   0.0249137431171673   0.000370070614607754   0
0.0925458965718632   0.0673714037991083   0.0040717069357326   0.0206896469992352   0
0.0483269490508774   0.0572250110056127   -0.0442189475209858   -0.0101463927934955   0
0.0818629237632642   0.0470785414931527   0.0335359747123868   -0.0101464695124601   0
0.0751816959924422   0.0750229966578915   -0.00668122777082196   0.0279444551647388   0
0.066923032292627   0.061514071656573   -0.00825866369981518   -0.0135089250013185   0
0.0833531587824361   0.0589465396887934   0.016430126489809   -0.00256753196777958   0
0.0927766483803979   0.0548746461191551   0.00942348959796187   -0.00407189356963839   0
0.0949190933619786   0.055850827156095   0.00214244498158062   0.000976181036939951   0
0.107104015117548   0.0395279688187583   0.0121849217555697   -0.0163228583373368   0
0.10645184536935   0.0620805306333838   -0.000652169748198234   0.0225525618146255   0
0.0927080945014512   0.0549859201398412   -0.0137437508678988   -0.00709461049354253   0
0.115556678651214   0.0518833364903656   0.0228485841497631   -0.00310258364947568   0
0.118868968783026   0.0538575508136566   0.00331229013181168   0.00197421432329101   0
0.118883509592794   0.07012703770505   1.45408097682737e-05   0.0162694868913935   0
0.121210471427554   0.068694910553381   0.00232696183476026   -0.001432127151669   0
0.109612967417044   0.0860763578458685   -0.0115975040105103   0.0173814472924874   0
0.0687136302165735   0.147987611853602   -0.0408993372004707   0.061911254007734   0
0.0985561349376587   0.148543603517772   0.0298425047210853   0.000555991664169336   0
0.0899705077996673   0.103612522749642   -0.00858562713799141   -0.0449310807681302   0
0.0763110659961581   0.0953085116766073   -0.0136594418035092   -0.00830401107303427   0
0.0928197165396582   0.102069013177413   0.0165086505435001   0.00676050150080564   0
0.0731636163471469   0.113904306940881   -0.0196561001925113   0.0118352937634683   0
0.0657385046508513   0.129849759645561   -0.00742511169629559   0.0159454527046799   0
0.103684743913509   0.0987882786430658   0.037946239262658   -0.0310614810024954   0
0.0885722367414869   0.09980765012995   -0.0151125071720224   0.0010193714868842   0
0.0744466835147141   0.100773921685188   -0.0141255532267728   0.000966271555238513   0
0.0868609582992843   0.102621380332804   0.0124142747845702   0.00184745864761547   0
0.079214584420633   0.133920095011951   -0.00764637387865122   0.0312987146791471   0
0.068863625487045   0.100988144189801   -0.010350958933588   -0.0329319508221502   0
0.0673147137261981   0.100974907507063   -0.00154891176084695   -1.32366827374775e-05   0
0.0815060433254394   0.115063195253782   0.0141913295992413   0.0140882877467188   0
0.0663289351407061   0.107596425775685   -0.0151771081847333   -0.00746676947809713   0
0.0693964307533176   0.10736911802107   0.00306749561261145   -0.000227307754614867   0
0.0844313066177469   0.0870320953317459   0.0150348758644294   -0.0203370226893243   0
0.1347861768812   0.126864604570631   0.0503548702634526   0.0398325092388849   0
0.0811153956909636   0.106334547181267   -0.0536707811902359   -0.0205300573893642   0
0.101348513877937   0.0827242202423208   0.0202331181869734   -0.0236103269389457   0
0.0657602933163319   0.0690071882608073   -0.0355882205616052   -0.0137170319815135   0
0.0789596348406577   0.0578424008923385   0.0131993415243258   -0.0111647873684688   0
0.123450566580028   0.0989209820061148   0.0444909317393706   0.0410785811137764   0
0.0804264492271044   0.0842216122325743   -0.0430241173529239   -0.0146993697735406   0
0.0894779178127593   0.0698978838360225   0.00905146858565486   -0.0143237283965517   0
0.0853899395614173   0.0679662234569797   -0.00408797825134197   -0.00193166037904281   0
0.102896351039832   0.0755359629690553   0.0175064114784151   0.00756973951207562   0
0.119285533574143   0.0671360351698885   0.016389182534311   -0.00839992779916689   0
0.0885877087471642   0.0901269883038649   -0.0306978248269792   0.0229909531339764   0
0.0939323171930194   0.0740688614836559   0.00534460844585512   -0.016058126820209   0
0.10500119521099   0.0789902608045131   0.0110688780179705   0.00492139932085726   0
0.110794326173385   0.0755515878548062   0.00579313096239503   -0.00343867294970693   0
0.0904392325968664   0.0807710603585994   -0.0203550935765185   0.00521947250379316   0
0.0907381947768413   0.0693690452793968   0.000298962179974951   -0.0114020150792026   0
0.125062025703932   0.0721876311331277   0.0343238309270905   0.0028185858537309   0
0.148383007149067   0.0866465768597064   0.0233209814451349   0.0144589457265787   0
0.145883323095034   0.0965553024794911   -0.00249968405403306   0.00990872561978474   0
0.10250856208536   0.076692198222831   -0.0433747610096737   -0.0198631042566601   0
0.114705923957004   0.06528371347237   0.0121973618716441   -0.011408484750461   0
0.106479119000442   0.0727078565824389   -0.00822680495656251   0.00742414311006893   0
0.100487519082336   0.0806517291566027   -0.00599159991810527   0.00794387257416382   0
0.100154979079168   0.066173092800114   -0.000332540003168569   -0.0144786363564887   0
0.126736428350179   0.071554193863288   0.0265814492710111   0.00538110106317399   0
0.0910913629849724   0.0661045798099874   -0.0356450653652064   -0.00544961405330056   0
0.0866495263396748   0.0584142198011323   -0.00444183664529758   -0.00769036000885511   0
0.121420634437932   0.0676819311616838   0.0347711080982575   0.00926771136055145   0
0.116464978056882   0.0778392108683663   -0.00495565638105036   0.0101572797066826   0
0.0792383976598467   0.0744911940311739   -0.0372265803970353   -0.00334801683719242   0
0.104759969410314   0.0754571796932704   0.0255215717504676   0.000965985662096491   0
0.112467111655052   0.0787164114085811   0.00770714224473795   0.0032592317153107   0
0.0839568512543199   0.0831126100719379   -0.0285102604007324   0.00439619866335683   0
0.102967127812181   0.0437930769482129   0.019010276557861   -0.039319533123725   0
0.0800786809422458   0.0805374048538317   -0.0228884468699351   0.0367443279056188   0
0.0741560612088452   0.04666204041498   -0.00592261973340057   -0.0338753644388518   0
0.0692233107117104   0.0478249409405019   -0.00493275049713482   0.00116290052552196   0
0.0933808385038922   0.067355884236457   0.0241575277921818   0.0195309432959551   0
0.0834038795976542   0.0718037313775022   -0.00997695890623802   0.00444784714104521   0
0.0759218203194102   0.0761131591496011   -0.00748205927824405   0.00430942777209882   0
0.0981095145335558   0.0807248591047547   0.0221876942141456   0.00461169995515363   0
0.0671054290229516   0.0705718277120729   -0.0310040855106041   -0.0101530313926818   0
0.0634766396406465   0.0830486349070381   -0.00362878938230511   0.0124768071949651   0
0.0647493441248604   0.0798094076985445   0.0012727044842139   -0.00323922720849353   0
0.0843196577548748   0.0830237274711874   0.0195703136300144   0.00321431977264289   0
0.0925911452281826   0.0787930410940586   0.00827148747330778   -0.00423068637712885   0
0.0897240592859931   0.102904464267227   -0.00286708594218954   0.0241114231731684   0
0.0788066647260934   0.13108698329163   -0.0109173945598996   0.0281825190244027   0
0.101272290925258   0.129529103122426   0.0224656261991641   -0.00155788016920394   0
0.0702134278132752   0.133841692566106   -0.0310588631119824   0.00431258944368013   0
0.107841309864866   0.118253558885452   0.0376278820515906   -0.0155881336806541   0
0.112209581869687   0.138988522140004   0.00436827200482126   0.0207349632545527   0
0.0889091960088494   0.165079968658981   -0.0233003858608377   0.0260914465189761   0
0.0934513232128898   0.12627237500266   0.00454212720404044   -0.0388075936563201   0
0.0869421177357097   0.127538908939635   -0.00650920547718016   0.00126653393697457   0
0.0753808589211479   0.131253652097151   -0.0115612588145618   0.00371474315751619   0
0.0666083894548247   0.12146000830192   -0.00877246946632321   -0.00979364379523105   0
0.0851509571217494   0.118110252802858   0.0185425676669247   -0.00334975549906225   0
0.0846773329684373   0.150656490769897   -0.000473624153312091   0.0325462379670389   0
0.0539149174098412   0.13990383041411   -0.0307624155585961   -0.010752660355787   0
0.0670427833717592   0.127208940339162   0.0131278659619179   -0.0126948900749477   0
0.0803664233335197   0.129362860116689   0.0133236399617605   0.00215391977752674   0
0.0760790825331773   0.138396817359251   -0.00428734080034243   0.00903395724256262   0
0.06480019105049   0.139087465517323   -0.0112788914826873   0.000690648158071488   0
0.0876720378408646   0.163907663895998   0.0228718467903747   0.0248201983786753   0
0.078192752639487   0.161159424333329   -0.00947928520137763   -0.00274823956266923   0
0.0780973272335232   0.144513970399483   -9.54254059638143e-05   -0.0166454539338465   0
0.0795814702023027   0.13761075013451   0.00148414296877956   -0.0069032202649727   0
0.0834827398332134   0.133808214819803   0.0039012696309107   -0.00380253531470701   0
0.0874010966570786   0.12677314874516   0.00391835682386518   -0.00703506607464269   0
0.115418125542092   0.138570951348262   0.0280170288850129   0.0117978026031023   0
0.104267759282628   0.116717990884571   -0.0111503662594638   -0.021852960463691   0
0.102572227612985   0.115609718526326   -0.00169553166964273   -0.00110827235824511   0
0.0734113778925992   0.164451849354644   -0.0291608497203858   0.0488421308283176   0
0.127010749732564   0.317735700955153   0.0535993718399652   0.153283851600509   0
0.058058957941992   0.22087888216659   -0.0689517917905723   -0.0968568187885628   0
0.0640321398738165   0.260535016733284   0.00597318193182445   0.0396561345666935   0
0.0332027526724457   0.231669438338428   -0.0308293872013708   -0.0288655783948563   0
0.0301285980889072   0.204328744105822   -0.00307415458353854   -0.0273406942326055   0
0.0385146471162595   0.201100543914916   0.00838604902735239   -0.00322820019090617   0
0.0516320579258865   0.201473723975789   0.013117410809627   0.000373180060873363   0
0.0284044574343693   0.180577496408121   -0.0232276004915172   -0.0208962275676681   0
0.0487828142027497   0.196109862771133   0.0203783567683804   0.0155323663630116   0
0.0468737728561506   0.192116232638953   -0.00190904134659912   -0.00399363013217988   0
0.0353568069318611   0.166911572013297   -0.0115169659242895   -0.0252046606256559   0
0.0512780734026738   0.178441025440326   0.0159212664708127   0.0115294534270289   0
0.0621540993249037   0.184018105264251   0.01087602592223   0.0055770798239253   0
0.0598761559261281   0.175154010227207   -0.00227794339877568   -0.00886409503704425   0
0.0543446159323994   0.163752797863983   -0.00553153999372865   -0.0114012123632238   0
0.0589755658281462   0.173938647434081   0.00463094989574675   0.0101858495700975   0
0.072202894895288   0.189783575244784   0.0132273290671418   0.0158449278107031   0
0.0830177971321812   0.168817352630335   0.0108149022368933   -0.0209662226144484   0
0.0982417992795327   0.177447521688061   0.0152240021473515   0.00863016905772596   0
0.105150271742017   0.196269468932182   0.00690847246248417   0.0188219472441206   0
0.101179187109059   0.203156410672694   -0.00397108463295777   0.00688694174051258   0
0.112285193626097   0.186805960660715   0.0111060065170374   -0.0163504500119798   0
0.105755773020578   0.194192242230477   -0.00652942060551862   0.00738628156976265   0
0.0987835919533705   0.195422244605169   -0.00697218106720748   0.00123000237469134   0
0.100266224653868   0.178912705704407   0.00148263270049791   -0.0165095389007621   0
0.12975015339806   0.179218996519042   0.0294839287441912   0.000306290814635679   0
0.0750902002403776   0.193487422829896   -0.054659953157682   0.0142684263108538   0
0.074001912055703   0.175948426876407   -0.00108828818467457   -0.0175389959534887   0
0.0923769890514407   0.15893167676081   0.0183750769957377   -0.0170167501155977   0
0.0968852111581535   0.177922462651607   0.00450822210671283   0.0189907858907974   0
0.0984560082429711   0.210172723075454   0.0015707970848176   0.0322502604238472   0
0.110924164428958   0.181315825839673   0.0124681561859864   -0.0288568972357817   0
0.0879610035099646   0.199164467367073   -0.0229631609189929   0.0178486415274006   0
0.0762523532134583   0.204021570672373   -0.0117086502965063   0.00485710330529973   0
0.106747470229416   0.192951349968723   0.0304951170159575   -0.0110702207036503   0
0.0935762734922694   0.207252406596265   -0.0131711967371463   0.0143010566275424   0
0.106127465892859   0.173460442378918   0.0125511924005898   -0.0337919642173469   0
0.116311009650935   0.171899734774374   0.0101835437580762   -0.00156070760454458   0
0.0980313855359298   0.191257853645282   -0.0182796241150057   0.0193581188709081   0
0.0955762204137619   0.170671415722903   -0.00245516512216787   -0.0205864379223786   0
0.107587394261607   0.167753770991303   0.0120111738478448   -0.00291764473160019   0
0.0888034509978075   0.159694224069   -0.0187839432637992   -0.00805954692230279   0
0.116002515174141   0.141919013996857   0.0271990641763339   -0.0177752100721434   0
0.119024724562528   0.12650427754922   0.00302220938838639   -0.015414736447637   0
0.0965071456431595   0.156990809230994   -0.0225175789193683   0.0304865316817748   0
0.109393628902373   0.147218661722113   0.012886483259213   -0.00977214750888131   0
0.124067775189209   0.13186122734337   0.014674146286836   -0.0153574343787428   0
0.129102444878012   0.152178931222665   0.00503466968880294   0.0203177038792943   0
0.113682674414882   0.171203968644458   -0.0154197704631298   0.0190250374217932   0
0.117668404463518   0.172474841504413   0.00398573004863606   0.0012708728599555   0
0.105776147054664   0.171198929387781   -0.0118922574088533   -0.00127591211663211   0
0.103488251540887   0.173570144426511   -0.00228789551377698   0.00237121503873011   0
0.112616183512822   0.148253693975597   0.00912793197193451   -0.0253164504509142   0
0.139640355190412   0.16063000043637   0.0270241716775899   0.0123763064607729   0
0.12536907772214   0.162855205087344   -0.0142712774682718   0.00222520465097353   0
0.145330688978555   0.144181856330331   0.0199616112564153   -0.0186733487570125   0
0.161324064112829   0.156954770097001   0.0159933751342731   0.0127729137666701   0
0.167349716446518   0.156334279114371   0.00602565233368954   -0.00062049098263034   0
0.139241681818197   0.148680051123621   -0.0281080346283211   -0.00765422799075002   0
0.156607877644861   0.134149701683641   0.0173661958266636   -0.0145303494399794   0
0.17524121502355   0.139992653838335   0.0186333373786892   0.00584295215469394   0
0.169721360203747   0.149868616813403   -0.00551985481980283   0.00987596297506718   0
0.167261412579099   0.149303434900415   -0.00245994762464785   -0.000565181912987434   0
0.188119234958842   0.137339929949378   0.0208578223797429   -0.0119635049510373   0
0.203695709785086   0.120015846158955   0.0155764748262441   -0.0173240837904226   0
0.386470911604289   0.147003532511603   0.182775201819203   0.0269876863526481   0
0.214823080933614   0.126184296553692   -0.171647830670675   -0.0208192359579116   0
0.248471672030274   0.124315628722307   0.0336485910966601   -0.00186866783138456   0
0.261881243270189   0.142137563127574   0.0134095712399153   0.0178219344052666   0
0.264593385942449   0.141206632955189   0.00271214267226028   -0.000930930172384242   0
0.215876783908414   0.187964990636037   -0.0487166020340357   0.046758357680848   0
0.178818812405183   0.179460845934239   -0.0370579715032309   -0.00850414470179886   0
0.230104817743349   0.177172469308567   0.0512860053381664   -0.00228837662567188   0
0.247548263437658   0.175087044145798   0.0174434456943084   -0.00208542516276899   0
0.202081456160035   0.206605186505228   -0.0454668072776231   0.0315181423594302   0
0.221369332024334   0.18529863105946   0.0192878758642998   -0.0213065554457676   0
0.198880386956908   0.149688705819912   -0.022488945067426   -0.0356099252395488   0
0.171225488950331   0.148214601428503   -0.0276548980065771   -0.00147410439140849   0
0.201677276972032   0.168883570022138   0.0304517880217005   0.0206689685936353   0
0.199527765373774   0.147955510154311   -0.00214951159825821   -0.0209280598678271   0
0.276402949978282   0.131372437666972   0.0768751846045089   -0.016583072487339   0
0.314368776061968   0.119402449798528   0.0379658260836859   -0.0119699878684442   0
0.290524037818245   0.0902871600892951   -0.0238447382437234   -0.0291152897092329   0
0.301894241907924   0.077397654195783   0.0113702040896789   -0.0128895058935121   0
0.313768812577665   0.0896578262028614   0.0118745706697408   0.0122601720070785   0
0.283293336092282   0.102839136123657   -0.0304754764853831   0.0131813099207953   0
0.325783961365105   0.099396882763558   0.0424906252728232   -0.00344225336009871   0
0.313884975650221   0.0847130175485002   -0.0118989857148835   -0.0146838652150579   0
0.296225441702402   0.0860159913730581   -0.0176595339478197   0.00130297382455789   0
0.30940151923654   0.08748123295456   0.0131760775341389   0.00146524158150195   0
0.352142357170211   0.108893755889502   0.0427408379336706   0.0214125229349422   0
0.328593215488102   0.0960873722301869   -0.0235491416821093   -0.0128063836593153   0
0.307991445876148   0.0959497742613942   -0.020601769611954   -0.000137597968792771   0
0.383636152546303   0.0803984396181605   0.0756447066701549   -0.0155513346432337   0
0.357082016971497   0.0762644653424188   -0.0265541355748057   -0.00413397427574171   0
0.334142279471335   0.0734423360250237   -0.0229397375001615   -0.00282212931739506   0
0.358158660187814   0.0552885760623522   0.0240163807164785   -0.0181537599626716   0
0.357070112766505   0.0750795195273318   -0.00108854742130854   0.0197909434649797   0
