0.0890434721701147   0.0894111706181196   0   0   0
0.0803543955802668   0.0803746682099528   -0.00868907658984794   -0.00903650240816681   0
0.0425885451700337   0.0861355808356222   -0.0377658504102331   0.00576091262566934   0
0.0713033791179633   0.0569165063313798   0.0287148339479296   -0.0292190745042423   0
0.121209559458732   0.0869049798838363   0.0499061803407692   0.0299884735524565   0
0.0713017403510602   0.0735678093435573   -0.0499078191076723   -0.013337170540279   0
0.0938235760292689   0.0645604899019286   0.0225218356782087   -0.00900731944162872   0
0.0851242474126497   0.066161386021474   -0.00869932861661918   0.00160089611954543   0
0.0413606712520252   0.0803497976100127   -0.0437635761606245   0.0141884115885386   0
0.0610453442282866   0.0634838493005111   0.0196846729762614   -0.0168659483095016   0
0.0617405498376067   0.052226321112778   0.000695205609320154   -0.0112575281877331   0
0.0719902536295713   0.0334654123381888   0.0102497037919645   -0.0187609087745892   0
0.0627838891987077   0.0656233143363889   -0.00920636443086362   0.0321579019982001   0
0.0415035697367106   0.0616494327824068   -0.0212803194619971   -0.00397388155398203   0
0.0734543726298169   0.0505483035666552   0.0319508028931063   -0.0111011292157517   0
0.0587241735182378   0.0484241344238738   -0.0147301991115792   -0.00212416914278138   0
0.0629398598419952   0.0430468747340562   0.00421568632375741   -0.00537725968981762   0
0.0411532245329573   0.0514512694113702   -0.0217866353090379   0.00840439467731403   0
0.0661431208423824   0.0235865375866982   0.0249898963094251   -0.0278647318246721   0
0.0601780046374088   0.0388063547469355   -0.00596511620497356   0.0152198171602373   0
0.0569739217734746   0.0351492129627749   -0.00320408286393428   -0.00365714178416059   0
0.0643198851568471   0.0475154261202938   0.00734596338337253   0.012366213157519   0
0.0594580849833729   0.0422157271613187   -0.00486180017347415   -0.00529969895897513   0
0.0997745376692871   0.0402581690539367   0.0403164526859142   -0.00195755810738194   0
0.0726176887636201   0.0503035106613169   -0.027156848905667   0.0100453416073802   0
0.0517605088334726   0.0410037496865299   -0.0208571799301475   -0.00929976097478703   0
0.0755864184717069   0.0415272391942927   0.0238259096382343   0.000523489507762813   0
0.0914448747491624   0.0566783787339802   0.0158584562774555   0.0151511395396875   0
0.101359323826622   0.0670234826019396   0.00991444907745949   0.0103451038679594   0
0.0878697114719287   0.0657644304530382   -0.0134896123546932   -0.00125905214890139   0
0.124889651684077   0.0722040750916629   0.037019940212148   0.00643964463862473   0
0.104721133649421   0.0780821336594518   -0.0201685180346552   0.00587805856778889   0
0.0721292717122529   0.0783648816600427   -0.0325918619371686   0.000282748000590888   0
0.0781901999635504   0.0757412540569042   0.00606092825129756   -0.00262362760313856   0
0.0908365183448815   0.0749973185584325   0.0126463183813311   -0.000743935498471682   0
0.104157565742005   0.075360497848956   0.013321047397123   0.000363179290523513   0
0.116583793041958   0.0821914239986448   0.012426227299953   0.00683092614968879   0
0.0932906429184085   0.0777664528106593   -0.0232931501235491   -0.00442497118798547   0
0.108789052417465   0.0810040985923089   0.0154984094990567   0.0032376457816496   0
0.15479935195281   0.0892235307587774   0.046010299535345   0.0082194321664685   0
0.0753436076376756   0.0867996570779084   -0.0794557443151347   -0.00242387368086898   0
0.0716241749270454   0.08573410352144   -0.00371943271063015   -0.00106555355646838   0
0.105739147918309   0.0775528576420302   0.0341149729912635   -0.00818124587940987   0
0.105548508878809   0.0696633775997979   -0.000190639039499965   -0.00788948004223228   0
0.11035707835898   0.0868622704334281   0.00480856948017087   0.0171988928336302   0
0.136390643267088   0.0978385665724539   0.026033564908108   0.0109762961390258   0
0.129602849809138   0.100930056803325   -0.00678779345794972   0.0030914902308715   0
0.140839417284118   0.0912404862471973   0.0112365674749802   -0.00968957055612814   0
0.127360963310977   0.09795548735575   -0.0134784539731414   0.00671500110855272   0
0.126749298772538   0.10083779032492   -0.000611664538439333   0.00288230296916984   0
0.136393355402564   0.106971144473358   0.00964405663002593   0.00613335414843801   0
0.134261326224084   0.136667959807987   -0.00213202917847913   0.0296968153346293   0
0.110729414629853   0.0884968004631382   -0.0235319115942309   -0.048171159344849   0
0.138574138684099   0.0871512195551502   0.0278447240542459   -0.00134558090798798   0
0.158382458163049   0.0914336186118788   0.0198083194789497   0.00428239905672852   0
0.130962921152057   0.088375787354074   -0.0274195370109917   -0.00305783125780479   0
0.151856325294668   0.0921526472530225   0.0208934041426105   0.00377685989894855   0
0.159398202987549   0.088375787354074   0.00754187769288148   -0.00377685989894855   0
0.152198845447526   0.09534438564736   -0.00719935754002307   0.00696859829328599   0
0.157100928619662   0.0864420194712039   0.00490208317213525   -0.00890236617615603   0
0.164037101823033   0.0809698812230357   0.00693617320337114   -0.00547213824816828   0
0.198565977152079   0.0940045952600191   0.0345288753290464   0.0130347140369834   0
0.133764121169542   0.0779872111138262   -0.0648018559825368   -0.0160173841461929   0
0.142460820156842   0.0782644003109651   0.00869669898729941   0.000277189197138913   0
0.164226227548982   0.0838234804895084   0.0217654073921403   0.00555908017854329   0
0.161305334320505   0.0772556667805346   -0.00292089322847666   -0.0065678137089738   0
0.154771933270118   0.0889574561646746   -0.00653340105038688   0.01170178938414   0
0.163808632095778   0.0827842943179139   0.00903669882565972   -0.00617316184676063   0
0.175825540112493   0.0874244268765887   0.0120169080167151   0.00464013255867472   0
0.185526987844356   0.0891353134344773   0.00970144773186318   0.00171088655788859   0
0.165281769465026   0.0852709998004744   -0.0202452183793305   -0.00386431363400289   0
0.188774982327002   0.0829614351747432   0.0234932128619762   -0.00230956462573112   0
0.154326322496747   0.0730521165394268   -0.034448659830255   -0.00990931863531641   0
0.131082898205067   0.066666927713766   -0.02324342429168   -0.00638518882566085   0
0.221815148498113   0.0700749992887085   0.090732250293046   0.00340807157494252   0
0.146573190780033   0.0569552514663266   -0.07524195771808   -0.0131197478223819   0
0.11454371247   0.0742229754023813   -0.0320294783100333   0.0172677239360547   0
0.109558126121248   0.0759286787826247   -0.00498558634875207   0.00170570338024337   0
0.108806601293717   0.094508616279972   -0.000751524827530353   0.0185799374973474   0
0.130440203238917   0.0754066823895104   0.0216336019451997   -0.0191019338904617   0
0.141334543315355   0.0701479597587307   0.010894340076438   -0.00525872263077971   0
0.142522428770878   0.0633783464961614   0.00118788545552287   -0.00676961326256924   0
0.14147253447507   0.0757297385669097   -0.00104989429580754   0.0123513920707483   0
0.134039875862148   0.0697667378929601   -0.00743265861292264   -0.00596300067394961   0
0.13885206922322   0.0746422946953167   0.00481219336107261   0.00487555680235653   0
0.153963610106057   0.0717779759934236   0.0151115408828368   -0.00286431870189302   0
0.135061161001896   0.0788052364622586   -0.0189024491041614   0.00702726046883501   0
0.137843517064387   0.0761437355437892   0.00278235606249144   -0.00266150091846949   0
0.153883100117622   0.0629171292215006   0.0160395830532346   -0.0132266063222886   0
0.157992946938811   0.063436455437942   0.00410984682118945   0.000519326216441435   0
0.136436450491025   0.075217423534781   -0.0215564964477859   0.011780968096839   0
0.150563431112638   0.0723842104846941   0.0141269806216124   -0.00283321305008691   0
0.153613054106056   0.0768862335449266   0.00304962299341799   0.00450202306023252   0
0.148144617175414   0.080653870659132   -0.00546843693064158   0.00376763711420543   0
0.144770272801187   0.0764487468309324   -0.00337434437422746   -0.00420512382819963   0
0.143042293135037   0.0715484266069143   -0.00172797966614915   -0.00490032022401814   0
0.154440326901137   0.0665492842751896   0.0113980337660993   -0.00499914233172467   0
0.158009085075637   0.0648033828022118   0.00356875817450056   -0.0017459014729778   0
0.164324704173201   0.0852297504726049   0.00631561909756359   0.0204263676703931   0
0.146593026965985   0.085784340240935   -0.017731677207216   0.000554589768330088   0
0.17002453607962   0.0793887874039685   0.023431509113635   -0.00639555283696655   0
0.162620403692649   0.0790199021820611   -0.00740413238697141   -0.000368885221907381   0
0.146529978679177   0.086594340935075   -0.0160904250134718   0.00757443875301389   0
0.154779674279086   0.0853211025091097   0.00824969559990937   -0.0012732384259653   0
0.128197158004848   0.0837736658373173   -0.026582516274238   -0.00154743667179238   0
0.142991542671796   0.082316784854685   0.0147943846669477   -0.00145688098263229   0
0.146337867513265   0.0780713477994488   0.00334632484146952   -0.0042454370552362   0
0.165035669259042   0.0966141925086708   0.018697801745777   0.018542844709222   0
0.15569999496429   0.0878965598504998   -0.00933567429475207   -0.00871763265817095   0
0.15879168250006   0.0902089988523318   0.00309168753577024   0.00231243900183196   0
0.147671976509492   0.071631287599237   -0.0111197059905683   -0.0185777112530948   0
0.109618768181092   0.0698083759463103   -0.0380532083284001   -0.00182291165292661   0
0.115092561619507   0.179341127691817   0.00547379343841488   0.109532751745506   0
0.143858521432204   0.211716092496532   0.0287659598126974   0.0323749648047151   0
0.129748640589526   0.208549000827743   -0.0141098808426784   -0.00316709166878865   0
0.140982743865198   0.196080339176318   0.0112341032756719   -0.0124686616514249   0
0.155122727969179   0.179600374710077   0.0141399841039814   -0.0164799644662414   0
0.141166239446689   0.200163355641086   -0.01395648852249   0.0205629809310095   0
0.237066921996807   0.189525474948547   0.0959006825501174   -0.0106378806925388   0
0.236359361869188   0.219023195027947   -0.000707560127618106   0.0294977200793993   0
0.16825823357414   0.218629708877819   -0.0681011282950481   -0.000393486150127464   0
0.177646316729647   0.20721043024182   0.0093880831555064   -0.0114192786359996   0
0.168916255263281   0.188749341197526   -0.00873006146636554   -0.0184610890442939   0
0.151061515547309   0.202247483454059   -0.0178547397159719   0.0134981422565335   0
0.157972027918774   0.199159792453196   0.00691051237146489   -0.00308769100086356   0
0.222969681330056   0.176204235651417   0.0649976534112821   -0.022955556801779   0
0.186032230415485   0.184530465520602   -0.0369374509145717   0.00832622986918505   0
0.176851165205882   0.179696981145344   -0.00918106520960291   -0.0048334843752581   0
0.219165672108436   0.153451994028263   0.0423145069025543   -0.0262449871170809   0
0.20951751178145   0.163131537908064   -0.00964816032698612   0.00967954387980086   0
0.185746090543004   0.180203192903872   -0.0237714212384455   0.0170716549958081   0
0.206214993458332   0.161490233946979   0.0204689029153278   -0.0187129589568928   0
0.185339601690518   0.169311052921834   -0.0208753917678138   0.00782081897485484   0
0.184177778254283   0.18023572845274   -0.001161823436235   0.0109246755309067   0
0.213649934833882   0.175115608659544   0.0294721565795988   -0.00512011979319665   0
0.171451896840586   0.165417482948448   -0.0421980379932963   -0.00969812571109605   0
0.168117809973578   0.178959271149192   -0.00333408686700781   0.0135417882007442   0
0.188901128521251   0.167627779956814   0.0207833185476725   -0.0113314911923781   0
0.208862443513789   0.164901621532355   0.0199613149925389   -0.002726158424459   0
0.179241014621794   0.175592022508854   -0.029621428891996   0.0106904009764995   0
0.171169787609525   0.188003902675583   -0.0080712270122682   0.0124118801667285   0
0.209627982689263   0.176094317642031   0.0384581950797378   -0.0119095850335518   0
0.208279186902028   0.16521996389326   -0.0013487957872349   -0.0108743537487714   0
0.177879724756955   0.167755584275487   -0.0303994621450734   0.00253562038222732   0
0.198832840974946   0.16487397769843   0.020953116217991   -0.00288160657705661   0
0.213048331021185   0.162888208579082   0.0142154900462392   -0.00198576911934839   0
0.222336727782883   0.179121600155453   0.00928839676169843   0.0162333915763711   0
0.1772838627509   0.205021341114773   -0.0450528650319832   0.0258997409593197   0
0.194238347086614   0.216552944055403   0.016954484335714   0.0115316029406302   0
0.163850610078083   0.237121413190058   -0.0303877370085312   0.0205684691346546   0
0.141373040779705   0.235530345782131   -0.0224775692983785   -0.001591067407927   0
0.131139085937755   0.24589963250125   -0.0102339548419491   0.0103692867191198   0
0.15001007388269   0.248406192054969   0.0188709879449342   0.00250655955371831   0
0.156712838621793   0.234893780284834   0.00670276473910295   -0.0135124117701344   0
0.146478812342263   0.229981796545401   -0.0102340262795292   -0.00491198373943375   0
0.150138540540695   0.221217818919498   0.00365972819843194   -0.00876397762590209   0
0.149286711413116   0.226473991067959   -0.000851829127579529   0.00525617214846058   0
0.174041712399183   0.228218301079252   0.0247550009860674   0.00174431001129269   0
0.176313805967911   0.221624576328416   0.00227209356872735   -0.0065937247508355   0
0.19167874551345   0.213692775220642   0.0153649395455396   -0.00793180110777383   0
0.168644819135899   0.21580386936348   -0.0230339263775514   0.00211109414283772   0
0.186943515109886   0.2113468531999   0.0182986959739868   -0.00445701616358032   0
0.195101729012585   0.220402285857588   0.00815821390269908   0.00905543265768835   0
0.178031515625324   0.219654266071706   -0.0170702133872606   -0.000748019785881709   0
0.154650899828614   0.220080229131901   -0.02338061579671   0.000425963060194462   0
0.160463176607781   0.218073742719063   0.00581227677916726   -0.00200648641283807   0
0.167914579256269   0.221928997128586   0.0074514026484882   0.00385525440952331   0
0.186311800553964   0.213553318130976   0.0183972212976944   -0.00837567899760977   0
0.171406359805959   0.212323248065891   -0.0149054407480045   -0.0012300700650851   0
0.1704081253926   0.194086480907745   -0.000998234413359611   -0.0182367671581462   0
0.17896164549928   0.204478014399965   0.00855352010668031   0.0103915334922204   0
0.214528592681395   0.183962627401797   0.0355669471821152   -0.0205153869981682   0
0.2302021542107   0.168579400853871   0.0156735615293048   -0.0153832265479266   0
0.217737285104151   0.169582692165533   -0.012464869106549   0.0010032913116626   0
0.204266620167232   0.182278587822322   -0.0134706649369188   0.0126958956567889   0
0.224276065568754   0.17447457624038   0.0200094454015215   -0.00780401158194263   0
0.200186447886776   0.172890555236   -0.0240896176819778   -0.00158402100437913   0
0.179149067328245   0.175490999619418   -0.0210373805585312   0.00260044438341742   0
0.207875165449749   0.167862865124191   0.0287260981215039   -0.00762813449522634   0
0.211672305112029   0.166423478221223   0.00379713966228051   -0.0014393869029681   0
0.208723978032772   0.162304560489501   -0.00294832707925768   -0.00411891773172263   0
0.216001442708353   0.159111356083884   0.00727746467558169   -0.00319320440561682   0
0.208553237817973   0.170834115209638   -0.00744820489038023   0.0117227591257545   0
0.218539068465852   0.178347965636176   0.00998583064787911   0.00751385042653727   0
0.192200627300901   0.17420121744698   -0.0263384411649507   -0.00414674818919569   0
0.155007126535073   0.194168392601216   -0.0371935007658288   0.0199671751542362   0
0.189809149778534   0.176986958929895   0.0348020232434615   -0.0171814336713207   0
0.199979058321715   0.184392566555325   0.0101699085431811   0.00740560762542966   0
0.166232741873345   0.192819171703211   -0.0337463164483707   0.00842660514788621   0
