1.85119985263639e-09   0.00410028   0   0   0
0.0613355452149078   0.0600983714080914   0.061335543363708   0.0559980914080914   0
0.070360153470981   0.0311277551846419   0.00902460825607319   -0.0289706162234495   0
0.0596837812686194   0.0521122272581493   -0.0106763722023616   0.0209844720735074   0
0.0384183775339355   0.0385086893411085   -0.0212654037346839   -0.0136035379170409   0
0.0914856294565436   0.0602053800891922   0.0530672519226081   0.0216966907480837   0
0.0612202409098461   0.062338318848211   -0.0302653885466975   0.00213293875901885   0
0.0846580264048838   0.0312592365640142   0.0234377854950376   -0.0310790822841969   0
0.0853797847402416   0.041728126128923   0.000721758335357855   0.0104688895649089   0
0.0902410999609934   0.032308806112769   0.00486131522075174   -0.00941932001615403   0
0.107151743343888   0.0462559502323215   0.0169106433828944   0.0139471441195525   0
0.128889458318514   0.0886435696300922   0.0217377149746264   0.0423876193977707   0
0.123165653390464   0.0870806564281069   -0.00572380492804983   -0.00156291320198525   0
0.08838781170399   0.080775360781367   -0.0347778416864743   -0.00630529564673994   0
0.143130278480446   0.0947732885041983   0.0547424667764559   0.0139979277228313   0
0.15902820492092   0.112052577610078   0.0158979264404737   0.0172792891058795   0
0.125838608583693   0.0936174030782739   -0.0331895963372262   -0.0184351745318039   0
0.126423019144616   0.0880827860471755   0.000584410560922816   -0.00553461703109832   0
0.166276123175398   0.115413085468601   0.0398531040307814   0.027330299421425   0
0.161735046587343   0.132579991017357   -0.00454107658805467   0.0171669055487566   0
0.144925289902798   0.130659765351896   -0.0168097566845451   -0.00192022566546124   0
0.173835353027657   0.145143358090751   0.0289100631248587   0.0144835927388552   0
0.169389657783614   0.151627707751923   -0.00444569524404223   0.00648434966117167   0
0.129440143521475   0.127294339254108   -0.0399495142621395   -0.0243333684978145   0
0.187096541785812   0.133082318512303   0.0576563982643369   0.00578797925819455   0
0.165068299314925   0.132506598013118   -0.0220282424708869   -0.000575720499184945   0
0.144389724092818   0.1314559167066   -0.0206785752221071   -0.00105068130651806   0
0.17513823784922   0.144812769676193   0.0307485137564025   0.0133568529695928   0
0.172227058849793   0.140629673885715   -0.00291117899942733   -0.00418309579047776   0
0.142072628363674   0.118379026265435   -0.0301544304861192   -0.02225064762028   0
0.164596071600054   0.126699858576371   0.0225234432363801   0.00832083231093654   0
0.161192345440261   0.11883250222923   -0.00340372615979251   -0.00786735634714113   0
0.123232178768615   0.112252967671505   -0.0379601666716457   -0.00657953455772498   0
0.143726072189878   0.122505219934377   0.0204938934212625   0.0102522522628714   0
0.164937481040696   0.135015332786391   0.0212114088508182   0.0125101128520147   0
0.121661241371441   0.122108763372301   -0.0432762396692552   -0.0129065694140908   0
0.158899660663514   0.130006234193634   0.0372384192920734   0.00789747082133338   0
0.147713663833514   0.118403970689257   -0.0111859968300003   -0.0116022635043767   0
0.123477422510775   0.112633716357315   -0.0242362413227392   -0.0057702543319427   0
0.132224197256633   0.126718049145376   0.00874677474585782   0.0140843327880617   0
0.144463555252008   0.136881265807889   0.0122393579953755   0.0101632166625129   0
0.104272339299979   0.113402842184356   -0.0401912159520288   -0.0234784236235329   0
0.128815015120426   0.101338002853865   0.0245426758204468   -0.0120648393304909   0
0.140072412353254   0.109889474040112   0.0112573972328278   0.00855147118624699   0
0.145167293997098   0.109003933154084   0.00509488164384447   -0.000885540886028283   0
0.124916129137514   0.101249657798187   -0.0202511648595847   -0.0077542753558968   0
0.122978279910113   0.116546594596635   -0.0019378492274011   0.0152969367984483   0
0.157581263548748   0.141283339915478   0.0346029836386355   0.0247367453188425   0
0.112407657861776   0.12200401403667   -0.0451736056869725   -0.0192793258788079   0
0.136918627647957   0.123112090357162   0.0245109697861818   0.00110807632049181   0
0.168265493526659   0.144744750923177   0.0313468658787012   0.0216326605660149   0
0.153359521665529   0.141889827421921   -0.0149059718611292   -0.00285492350125593   0
0.118084005839064   0.140344997249287   -0.0352755158264658   -0.00154483017263346   0
0.130220479984671   0.140185028406246   0.0121364741456074   -0.000159968843041425   0
0.150796382793885   0.145949638331207   0.0205759028092144   0.00576460992496053   0
0.154173534490003   0.133490185874992   0.00337715169611719   -0.0124594524562142   0
0.127623646888694   0.136303609052814   -0.0265498876013088   0.00281342317782216   0
0.139146912824849   0.145912227822791   0.0115232659361553   0.00960861876997629   0
0.171238000186787   0.166699242403797   0.0320910873619377   0.0207870145810066   0
0.145998851402502   0.148769063539778   -0.0252391487842843   -0.0179301788640194   0
0.128406194093765   0.156049468325985   -0.0175926573087377   0.00728040478620667   0
0.151028244705586   0.166012956153277   0.0226220506118213   0.00996348782729273   0
0.153212040945221   0.168339721633287   0.00218379623963463   0.00232676548000943   0
0.117683640958164   0.14157946928139   -0.035528399987057   -0.026760252351897   0
0.135193537993722   0.157949394781375   0.0175098970355584   0.0163699254999847   0
0.126580715499084   0.162240119042763   -0.00861282249463835   0.00429072426138871   0
0.0914601128279427   0.158667569665134   -0.0351206026711412   -0.00357254937762974   0
0.103998325119335   0.168732453108649   0.0125382122913923   0.0100648834435157   0
0.114930243114832   0.159650701532001   0.0109319179954975   -0.00908175157664842   0
0.0890669575224168   0.123456439864442   -0.0258632855924157   -0.0361942616675591   0
0.0895429577170645   0.126198726486492   0.000476000194647677   0.00274228662205067   0
0.109128786331426   0.161385907156333   0.0195858286143614   0.0351871806698406   0
0.0929067619422289   0.155304183403579   -0.0162220243891969   -0.0060817237527539   0
0.0863673665932226   0.161687563575372   -0.00653939534900637   0.00638338017179313   0
0.101603647429657   0.137768527066462   0.0152362808364342   -0.02391903650891   0
0.144743504379644   0.0912412970219626   0.0431398569499872   -0.0465272300444995   0
0.241818617390533   0.153047929914594   0.0970751130108889   0.0618066328926315   0
0.310816618576131   0.25365972700484   0.0689980011855982   0.100611797090246   0
0.269588588110291   0.283620993520684   -0.0412280304658403   0.0299612665158441   0
0.242064157948136   0.279809064192553   -0.0275244301621551   -0.00381192932813074   0
0.19732508486301   0.226339282569177   -0.0447390730851257   -0.053469781623376   0
0.205723947351418   0.214426926730705   0.00839886248840777   -0.0119123558384728   0
0.17493023057649   0.172873662775334   -0.0307937167749274   -0.0415532639553704   0
0.186103265018376   0.217181510002929   0.0111730344418859   0.0443078472275951   0
0.130306254091697   0.184761043819605   -0.0557970109266789   -0.0324204661833243   0
0.141784234575816   0.195600868168549   0.0114779804841185   0.0108398243489438   0
0.139442001195886   0.196613809439444   -0.00234223337992948   0.00101294127089521   0
0.13328569647224   0.189824153820852   -0.00615630472364678   -0.00678965561859191   0
0.126536391983492   0.181567617117487   -0.00674930448874742   -0.00825653670336468   0
0.138106227705379   0.184444075308073   0.0115698357218868   0.00287645819058532   0
0.116838984450482   0.186785863124602   -0.0212672432548969   0.00234178781652913   0
0.132439712577497   0.187521249925602   0.0156007281270149   0.00073538680099991   0
0.145014073074443   0.199071574857512   0.0125743604969464   0.0115503249319102   0
0.136411761193014   0.194977729546582   -0.00860231188142893   -0.00409384531093016   0
0.161573170409261   0.205149660322221   0.0251614092162463   0.0101719307756388   0
0.122090126613089   0.180389666943564   -0.0394830437961721   -0.0247599933786565   0
0.140097960330916   0.195592473407906   0.0180078337178274   0.015202806464342   0
0.12476743189711   0.186012312680646   -0.0153305284338059   -0.00958016072725992   0
0.0962864783876059   0.179829909013914   -0.0284809535095042   -0.00618240366673248   0
0.130545436709216   0.194327298848624   0.0342589583216104   0.0144973898347104   0
0.105542464032919   0.181786156870401   -0.0250029726762973   -0.0125411419782233   0
0.0968837347847924   0.183960999398351   -0.00865872924812656   0.00217484252794978   0
0.116939704142333   0.198719890957354   0.0200559693575407   0.0147588915590029   0
0.0839686643031197   0.177274059851019   -0.0329710398392135   -0.0214458311063351   0
0.120020900164763   0.175527903926099   0.0360522358616433   -0.00174615592491906   0
0.143680924121326   0.20181442572587   0.0236600239565625   0.0262865217997701   0
0.140122246297724   0.181394367468046   -0.00355867782360161   -0.0204200582578236   0
0.127676700059408   0.175540307879736   -0.012445546238316   -0.00585405958830998   0
0.152000005237401   0.206881567028095   0.0243233051779934   0.0313412591483586   0
0.128825874290455   0.208130935904541   -0.0231741309469467   0.00124936887644603   0
0.118571614174262   0.205033738037183   -0.0102542601161927   -0.00309719786735807   0
0.116165193222497   0.183535588043573   -0.00240642095176508   -0.02149814999361   0
0.107957462532796   0.1773308781886   -0.00820773068970097   -0.0062047098549729   0
0.111720655757384   0.19747055838656   0.00376319322458869   0.0201396801979608   0
0.118311459721871   0.190713364540873   0.00659080396448697   -0.00675719384568726   0
0.108969094160179   0.18462953619952   -0.00934236556169223   -0.00608382834135288   0
0.124053422201543   0.19386791485055   0.0150843280413643   0.00923837865102939   0
0.111255446764012   0.204745938329067   -0.0127979754375311   0.010878023478517   0
0.141198738607993   0.192194887647955   0.0299432918439808   -0.0125510506811118   0
0.156571051964436   0.264801136933454   0.0153723133564424   0.0726062492854994   0
0.188761927623793   0.2550836701506   0.0321908756593572   -0.00971746678285451   0
0.172371036424163   0.229117586144648   -0.0163908911996302   -0.0259660840059522   0
0.192174634390754   0.264571405003451   0.0198035979665915   0.0354538188588033   0
0.175136848129713   0.279525693361093   -0.0170377862610415   0.0149542883576426   0
0.173391994960552   0.281649929176717   -0.00174485316916087   0.0021242358156241   0
0.149542845034492   0.276964660692479   -0.02384914992606   -0.00468526848423856   0
0.130036963584744   0.256407345630444   -0.0195058814497478   -0.0205573150620349   0
0.1569987512622   0.259643701052519   0.0269617876774557   0.00323635542207523   0
0.13539785763744   0.253628048584438   -0.0216008936247598   -0.00601565246808133   0
0.158979998582715   0.268925013098912   0.0235821409452751   0.0152969645144741   0
0.156517391798509   0.257825360039504   -0.0024626067842054   -0.0110996530594078   0
0.143758250970853   0.248815078172526   -0.0127591408276559   -0.00901028186697869   0
0.148584123899835   0.251328477658721   0.00482587292898179   0.00251339948619503   0
0.137204258948657   0.24268409882139   -0.0113798649511787   -0.00864437883733093   0
0.152645951269105   0.260202458245978   0.0154416923204485   0.0175183594245885   0
0.128302663955196   0.25414826013225   -0.0243432873139089   -0.00605419811372776   0
0.114689563723732   0.24041417267395   -0.0136131002314641   -0.0137340874583001   0
0.110556397885287   0.252617072713821   -0.00413316583844456   0.0122029000398708   0
0.107288785524994   0.236647885913333   -0.00326761236029334   -0.0159691868004879   0
0.114889016442874   0.25383865015793   0.00760023091787954   0.0171907642445968   0
0.107645824470489   0.245398358534649   -0.00724319197238435   -0.00844029162328133   0
0.114665216320663   0.222310418187048   0.0070193918501735   -0.0230879403476011   0
0.11678308639512   0.249978435312428   0.00211787007445689   0.0276680171253809   0
0.117734657283614   0.244601340099048   0.000951570888494069   -0.00537709521338078   0
0.120971803938573   0.264319880225646   0.00323714665495901   0.0197185401265986   0
0.101827308147569   0.26046012470146   -0.0191444957910037   -0.00385975552418649   0
0.142683869674781   0.14284139357386   0.0408565615272122   -0.117618731127599   0
0.141805507161922   0.128911962916403   -0.000878362512859082   -0.0139294306574577   0
0.15684512845715   0.20649278187835   0.0150396212952281   0.0775808189619476   0
0.422937461780108   0.340469303580161   0.266092333322957   0.133976521701811   0
0.46218603842256   0.390093877579234   0.0392485766424523   0.0496245739990729   0
0.437247280190295   0.422933410137367   -0.0249387582322653   0.0328395325581332   0
0.422142394669737   0.413341560118653   -0.0151048855205576   -0.00959185001871382   0
0.435071767348331   0.417530457584141   0.0129293726785936   0.00418889746548784   0
0.408106648411429   0.428452053991077   -0.0269651189369013   0.0109215964069353   0
0.375969174882197   0.381299734573078   -0.0321374735292324   -0.0471523194179983   0
0.412475045896066   0.420165361444661   0.0365058710138695   0.0388656268715826   0
0.394098543230166   0.403879789133998   -0.0183765026659005   -0.0162855723106631   0
0.420445746545556   0.423661753551017   0.0263472033153902   0.019781964417019   0
0.392202216871297   0.402500530164772   -0.028243529674259   -0.0211612233862448   0
0.429682070074724   0.420344152739065   0.0374798532034268   0.0178436225742931   0
0.430054959981361   0.413802742203504   0.000372889906637031   -0.00654141053556057   0
0.399679901665451   0.400086183756075   -0.0303750583159103   -0.0137165584474293   0
0.388158548793673   0.365734488644662   -0.0115213528717781   -0.0343516951114131   0
0.401593339718053   0.394017332947324   0.0134347909243808   0.028282844302662   0
0.363807014692598   0.347447700798224   -0.0377863250254558   -0.0465696321490997   0
0.385507281506225   0.383085351688331   0.0217002668136276   0.035637650890107   0
0.337187436732153   0.359710654080363   -0.0483198447740718   -0.0233746976079685   0
0.34296606613082   0.360522754662133   0.00577862939866652   0.000812100581770003   0
0.353452403965259   0.362780639716744   0.0104863378344394   0.00225788505461105   0
0.322800672591585   0.336417379085003   -0.0306517313736739   -0.0263632606317411   0
0.311317101322608   0.334941283816283   -0.0114835712689776   -0.00147609526871961   0
0.351544782762552   0.36695243548892   0.0402276814399443   0.0320111516726368   0
0.29751247988513   0.342157562970629   -0.0540323028774221   -0.0247948725182909   0
0.304784306997182   0.358945368441007   0.00727182711205188   0.0167878054703775   0
0.321568828054913   0.358705443936944   0.0167845210577307   -0.000239924504062738   0
0.290007233797021   0.323031998502223   -0.0315615942578917   -0.0356734454347212   0
0.309438868111723   0.339111441406435   0.0194316343147022   0.0160794429042124   0
0.301330907667899   0.329652402441193   -0.00810796044382395   -0.00945903896524253   0
0.295942143589266   0.327132171172448   -0.00538876407863276   -0.00252023126874423   0
0.309288393658447   0.351291899484247   0.0133462500691804   0.0241597283117982   0
0.290091675609367   0.349457762366928   -0.0191967180490802   -0.001834137117319   0
0.276515496112175   0.349406234298273   -0.0135761794971912   -5.15280686540498e-05   0
0.387729758133445   0.38683280627832   0.11121426202127   0.0374265719800462   0
0.345638393753096   0.383458686175251   -0.0420913643803498   -0.00337412010306831   0
0.348560104744765   0.371440115627674   0.00292171099166944   -0.0120185705475772   0
0.378986442191349   0.397952687735929   0.0304263374465835   0.026512572108255   0
0.36204245626846   0.364263678005713   -0.0169439859228883   -0.033689009730216   0
0.356118242068418   0.356341264370617   -0.0059242142000428   -0.00792241363509621   0
