0.172343539549384   0.145661000660444   0   0   0
0.227168895727606   0.128904354089728   0.0548253561782224   -0.0167566465707159   0
0.288182031076263   0.104273801373176   0.0610131353486564   -0.0246305527165524   0
0.542214473402334   0.0864945992316861   0.254032442326071   -0.0177792021414896   0
0.532594132103651   0.195673978066509   -0.00962034129868239   0.109179378834822   0
0.443865159600402   0.125061088309376   -0.0887289725032497   -0.0706128897571324   0
0.384744970190242   0.105676932765369   -0.0591201894101599   -0.0193841555440069   0
0.304988869360654   0.0889118337690349   -0.0797561008295878   -0.0167650989963345   0
0.314187780445943   0.140312114770128   0.00919891108528914   0.0514002810010933   0
0.38057090623977   0.138397302570354   0.0663831257938272   -0.00191481219977463   0
0.330056009164869   0.140661867571811   -0.0505148970749014   0.00226456500145708   0
0.284895459859507   0.139308628154935   -0.0451605493053618   -0.00135323941687546   0
0.273883525614904   0.135592344901694   -0.0110119342446027   -0.003716283253241   0
0.266070261033751   0.185686081575067   -0.00781326458115333   0.050093736673373   0
0.328413928033267   0.170273251592998   0.0623436669995162   -0.0154128299820689   0
0.363619305758701   0.141067514430937   0.0352053777254343   -0.0292057371620617   0
0.322073092141826   0.189225562615071   -0.0415462136168759   0.048158048184134   0
0.223453770142484   0.0821256617002262   -0.0986193219993418   -0.107099900914844   0
0.192208449670794   0.126641915815707   -0.0312453204716902   0.0445162541154803   0
0.259673153881137   0.0568399972350897   0.0674647042103439   -0.0698019185806169   0
0.0818573964777771   0.0203195973233969   -0.17781575740336   -0.0365203999116927   0
0.175702875739841   0.0788390667905988   0.0938454792620639   0.0585194694672019   0
0.17695897608152   0.0386342815204415   0.00125610034167911   -0.0402047852701573   0
0.189282654620544   0.0918849050321979   0.0123236785390235   0.0532506235117564   0
0.146239281892554   0.0659993068278183   -0.0430433727279892   -0.0258855982043796   0
0.168595936372618   0.0416009683887887   0.0223566544800639   -0.0243983384390295   0
0.179539770268456   0.0409481053022603   0.0109438338958377   -0.000652863086528434   0
0.249873946344242   0.0350676124997839   0.0703341760757855   -0.00588049280247641   0
0.175877565886642   0.0450772399856624   -0.0739963804575999   0.0100096274858785   0
0.223711396493339   0.0423505246747015   0.0478338306066975   -0.00272671531096089   0
0.166461300038568   0.0523832097568963   -0.0572500964547716   0.0100326850821948   0
0.210076358764165   0.0790459705413249   0.0436150587255971   0.0266627607844285   0
0.157943208113106   0.0823128657556794   -0.0521331506510583   0.00326689521435453   0
0.159741711702047   0.106572622620024   0.00179850358894101   0.0242597568643443   0
0.14914878433115   0.0666843494463656   -0.010592927370897   -0.0398882731736581   0
0.17691748585349   0.0907135456886263   0.0277687015223401   0.0240291962422607   0
0.159306115024502   0.0225944070411551   -0.017611370828988   -0.0681191386474712   0
0.26460813787055   0.0634191352981496   0.105302022846048   0.0408247282569944   0
0.198168711166622   0.111383712803982   -0.0664394267039282   0.0479645775058327   0
0.261723442208603   0.119117064588748   0.0635547310419813   0.00773335178476589   0
0.155699137882392   0.138271605495308   -0.106024304326211   0.0191545409065595   0
0.193539214426896   0.105743986245176   0.0378400765445043   -0.0325276192501315   0
0.131910410358105   0.181312130732475   -0.0616288040687911   0.0755681444872986   0
0.206178957401283   0.173282957293584   0.0742685470431781   -0.0080291734388909   0
0.152206224003028   0.151464726254572   -0.0539727333982546   -0.0218182310390116   0
0.224068706666616   0.158563353548069   0.0718624826635878   0.007098627293497   0
0.255950872249813   0.135396729521987   0.0318821655831968   -0.0231666240260826   0
0.25975620401001   0.185228904664607   0.00380533176019726   0.0498321751426202   0
0.278494214090706   0.124644503413227   0.0187380100806959   -0.0605844012513796   0
0.201309379834249   0.11432180470082   -0.0771848342564569   -0.0103226987124069   0
0.225788416546399   0.0975225232036297   0.0244790367121494   -0.0167992814971906   0
0.192524069427202   0.118652675091262   -0.0332643471191968   0.0211301518876319   0
0.218092522074509   0.153918374270943   0.0255684526473068   0.035265699179681   0
0.162092804232791   0.137879842351275   -0.0559997178417173   -0.0160385319196675   0
0.284203896984394   0.148054037913738   0.122111092751603   0.0101741955624626   0
0.201289161158171   0.144424883515186   -0.0829147358262236   -0.00362915439855191   0
0.175831085181233   0.20494083308507   -0.0254580759769377   0.0605159495698841   0
0.204060522082445   0.200862210457748   0.028229436901212   -0.00407862262732231   0
0.315433823447391   0.163141902949771   0.111373301364946   -0.0377203075079766   0
0.188953296224464   0.1445033603329   -0.126480527222927   -0.0186385426168708   0
0.120728197177544   0.221928163573261   -0.0682250990469196   0.0774248032403606   0
0.102709743492329   0.197422043893913   -0.0180184536852154   -0.0245061196793481   0
0.153812989847737   0.14063743423535   0.051103246355408   -0.0567846096585623   0
0.174734369794726   0.152792417532162   0.020921379946989   0.0121549832968115   0
0.203023481690296   0.115189334743196   0.0282891118955703   -0.0376030827889662   0
0.200109136677064   0.135772943763439   -0.00291434501323179   0.0205836090202434   0
0.225791519807543   0.123141222519959   0.0256823831304785   -0.0126317212434804   0
0.170071133379536   0.12546120268056   -0.0557203864280066   0.00231998016060102   0
0.168711155842789   0.0895823896039283   -0.00135997753674674   -0.0358788130766315   0
0.161101492760837   0.146800484408261   -0.00760966308195252   0.0572180948043324   0
0.228567690870976   0.125058585719854   0.0674661981101389   -0.021741898688407   0
0.153800050139264   0.130244152058394   -0.0747676407317123   0.00518556633854006   0
0.211800105600446   0.0933768937557627   0.0580000554611822   -0.036867258302631   0
0.204185836047557   0.070575681581831   -0.00761426955288838   -0.0228012121739317   0
0.271997887252383   0.102112151261603   0.0678120512048254   0.0315364696797721   0
0.290527377267289   0.110278637762771   0.0185294900149066   0.00816648650116812   0
0.283804081642618   0.094283749959895   -0.00672329562467111   -0.0159948878028762   0
0.215228147267057   0.13249402468655   -0.0685759343755614   0.0382102747266545   0
0.268443946337033   0.112129160162344   0.0532157990699763   -0.0203648645242059   0
0.263542441855197   0.138974396478272   -0.00490150448183607   0.0268452363159286   0
0.320223360005169   0.153964447489867   0.0566809181499717   0.0149900510115948   0
0.307001656282584   0.105472463395618   -0.0132217037225846   -0.0484919840942489   0
0.260044472633048   0.109928369640519   -0.0469571836495364   0.00445590624490054   0
0.230584621643248   0.135975637763994   -0.0294598509897996   0.0260472681234757   0
0.23969679667288   0.160295546862078   0.00911217502963169   0.0243199090980832   0
0.270478087878205   0.133986808437435   0.0307812912053249   -0.0263087384246422   0
0.30450086378531   0.159531607150597   0.0340227759071052   0.0255447987131619   0
0.294374828252366   0.210727778243638   -0.0101260355329441   0.051196171093041   0
0.278472899020713   0.209059474002166   -0.0159019292316535   -0.00166830424147188   0
0.239718417778943   0.237719872590619   -0.0387544812417693   0.0286603985884523   0
0.217821727710162   0.186040950314205   -0.0218966900687812   -0.0516789222764137   0
0.250591014342414   0.158472162606718   0.032769286632252   -0.0275687877074872   0
0.267443819860097   0.106794558040906   0.0168528055176829   -0.0516776045658115   0
0.199662413977944   0.179527234973283   -0.0677814058821527   0.0727326769323771   0
0.278576515067656   0.168601185615352   0.0789141010897118   -0.010926049357931   0
0.266238440328515   0.162931003288938   -0.0123380747391415   -0.00567018232641414   0
0.285433576164701   0.139098485287403   0.0191951358361862   -0.0238325180015347   0
0.187836669992842   0.202782841142933   -0.0975969061718583   0.0636843558555295   0
0.224491805380508   0.163563503619389   0.0366551353876658   -0.0392193375235436   0
0.244545524784262   0.183469967598712   0.0200537194037535   0.0199064639793228   0
0.347730350052508   0.199816567108551   0.103184825268247   0.0163465995098392   0
0.251772579152298   0.197066383949181   -0.0959577709002107   -0.0027501831593702   0
0.244926626870171   0.147009003935609   -0.00684595228212662   -0.0500573800135719   0
0.314845503417152   0.111512367763132   0.0699188765469812   -0.0354966361724773   0
0.310639395429556   0.135513588491671   -0.0042061079875963   0.0240012207285392   0
0.339960334822594   0.125856664281793   0.0293209393930378   -0.00965692420987799   0
0.268667700051569   0.165339827719314   -0.0712926347710244   0.039483163437521   0
0.267891856623153   0.164691023391236   -0.00077584342841619   -0.000648804328078623   0
0.170605068635988   0.175765914784131   -0.0972867879871656   0.0110748913928957   0
0.200785740149568   0.129458698832832   0.0301806715135809   -0.0463072159512989   0
0.260119552667692   0.130015725650784   0.0593338125181233   0.000557026817951861   0
0.230116770083125   0.123742866579088   -0.0300027825845662   -0.00627285907169615   0
0.268507937385806   0.120970438972968   0.0383911673026808   -0.00277242760612043   0
0.243588520656065   0.141921119998584   -0.0249194167297416   0.0209506810256164   0
0.173458189633381   0.148359743277953   -0.0701303310226835   0.00643862327936848   0
0.203986925493008   0.148839622075239   0.0305287358596269   0.000479878797286504   0
0.254375889394514   0.150228981482436   0.0503889639015059   0.00138935940719659   0
0.277293190080463   0.1432866855198   0.0229173006859494   -0.00694229596263587   0
0.276658639303475   0.17051680876896   -0.000634550776988874   0.02723012324916   0
0.356159568103062   0.154549426702342   0.079500928799588   -0.015967382066618   0
0.344822804727022   0.114263205501596   -0.0113367633760404   -0.0402862212007456   0
0.299156247954877   0.127561633567856   -0.0456665567721449   0.01329842806626   0
0.21124887639126   0.173657200672042   -0.0879073715636169   0.0460955671041863   0
0.240138353917924   0.178340154416357   0.0288894775266634   0.00468295374431443   0
0.289327473475455   0.135028221944525   0.0491891195575311   -0.0433119324718315   0
0.279944781630092   0.0873128884373035   -0.00938269184536261   -0.0477153335072219   0
0.399982238454172   0.15074269450769   0.12003745682408   0.0634298060703864   0
0.391932284601103   0.0921671641373977   -0.00804995385306895   -0.0585755303702922   0
0.282557791363979   0.0635288369131688   -0.109374493237124   -0.0286383272242289   0
0.235847927508405   0.0674132102198078   -0.0467098638555739   0.00388437330663903   0
0.30503687320388   0.110930275507546   0.0691889456954747   0.0435170652877379   0
0.259006933072939   0.111902189523217   -0.0460299401309408   0.000971914015671371   0
0.348086540815643   0.148598124626457   0.0890796077427034   0.0366959351032397   0
0.293451524991846   0.165623200323815   -0.0546350158237966   0.017025075697358   0
0.283131239997655   0.129611744441814   -0.0103202849941906   -0.0360114558820012   0
0.296784885622297   0.175276436466086   0.0136536456246417   0.0456646920242727   0
0.303166644321238   0.133709680114231   0.00638175869894081   -0.0415667563518552   0
0.370528046009422   0.157069839249199   0.0673614016881836   0.0233601591349679   0
0.343834532391672   0.138789700480689   -0.0266935136177491   -0.0182801387685105   0
0.334802759681891   0.155721228532674   -0.0090317727097815   0.0169315280519853   0
0.303343049793464   0.137394909621024   -0.0314597098884269   -0.0183263189116503   0
0.261996457297594   0.143532395526303   -0.04134659249587   0.00613748590527996   0
0.30888046539995   0.122797835702884   0.0468840081023564   -0.0207345598234195   0
0.308805131016309   0.1649296002063   -7.53343836411013e-05   0.0421317645034161   0
0.319007163212678   0.164522524892672   0.0102020321963684   -0.000407075313627797   0
0.273220332773752   0.198620280161669   -0.0457868304389253   0.0340977552689969   0
0.270508938441967   0.195797362541608   -0.00271139433178519   -0.00282291762006096   0
0.235428779332519   0.180374875316295   -0.0350801591094481   -0.0154224872253132   0
0.217541716564562   0.207327723306605   -0.0178870627679574   0.0269528479903094   0
0.232848210283803   0.191939549478475   0.0153064937192409   -0.0153881738281294   0
0.229395060962524   0.199406998480495   -0.00345314932127888   0.00746744900201951   0
0.260335885801958   0.225082820893221   0.030940824839434   0.0256758224127268   0
0.275659888525933   0.204867725802528   0.0153240027239756   -0.020215095090693   0
0.231409690576544   0.244612143856862   -0.0442501979493899   0.0397444180543332   0
0.199879213857319   0.191777300514816   -0.0315304767192242   -0.0528348433420458   0
0.225413589570372   0.19424332085918   0.0255343757130524   0.00246602034436452   0
0.210660375310593   0.168379896919139   -0.0147532142597785   -0.025863423940041   0
0.254984438170254   0.134064571372492   0.0443240628596606   -0.0343153255466474   0
0.140398402284392   0.348713172352741   -0.114586035885862   0.214648600980249   0
0.155832777359579   0.323589135727945   0.0154343750751865   -0.025124036624796   0
0.222058782657318   0.277319797315464   0.0662260052977394   -0.0462693384124812   0
0.226591660053939   0.294905274891468   0.00453287739662131   0.0175854775760044   0
0.288086432482614   0.293859952499503   0.0614947724286751   -0.00104532239196564   0
0.256005492919586   0.255718995015114   -0.0320809395630289   -0.0381409574843885   0
0.219326028313012   0.241986583663   -0.0366794646065739   -0.0137324113521144   0
0.256166096861002   0.240900953285085   0.0368400685479898   -0.00108563037791526   0
0.266359916323309   0.254951843353142   0.0101938194623072   0.0140508900680573   0
0.206967852308034   0.230937315479201   -0.0593920640152751   -0.0240145278739409   0
0.196412004005967   0.255111592910674   -0.0105558483020666   0.0241742774314726   0
0.193078848696174   0.288243968868132   -0.00333315530979314   0.0331323759574582   0
0.201012802595382   0.280168757423968   0.00793395389920809   -0.00807521144416412   0
0.199150103369017   0.228210640475614   -0.00186269922636537   -0.0519581169483535   0
0.258374029603845   0.270741904281598   0.0592239262348281   0.0425312638059834   0
0.239938557972661   0.249487782491794   -0.0184354716311838   -0.021254121789804   0
0.221675799166012   0.24370918159079   -0.0182627588066492   -0.00577860090100385   0
0.197811362927942   0.213110593942846   -0.0238644362380697   -0.0305985876479439   0
0.177689875788268   0.304951804821885   -0.0201214871396743   0.0918412108790391   0
0.141345398956952   0.325407646441971   -0.0363444768313155   0.0204558416200856   0
0.159115693351882   0.279086382751631   0.0177702943949293   -0.0463212636903393   0
0.180688033841453   0.255238242895246   0.0215723404895713   -0.0238481398563854   0
0.20331950968365   0.240265708438075   0.0226314758421976   -0.014972534457171   0
0.231098107070482   0.232702942812623   0.0277785973868317   -0.00756276562545163   0
0.165964986765793   0.260406889786676   -0.0651331203046886   0.0277039469740527   0
0.174568661953771   0.249195860859154   0.00860367518797758   -0.0112110289275216   0
0.179269844151157   0.271730041190314   0.00470118219738558   0.0225341803311601   0
0.221094595676059   0.236039817528209   0.0418247515249023   -0.0356902236621059   0
0.183262219505413   0.204304279332908   -0.0378323761706465   -0.0317355381953006   0
0.210241930462717   0.195030589397562   0.0269797109573046   -0.00927368993534608   0
0.193904229697446   0.213053625915807   -0.0163377007652709   0.0180230365182447   0
0.216095487622231   0.195612522823651   0.0221912579247852   -0.0174411030921561   0
0.19628316709173   0.183428699921114   -0.0198123205305015   -0.0121838229025368   0
0.207644911291584   0.178536040066915   0.0113617441998545   -0.00489265985419898   0
0.252772605481686   0.225337796025212   0.0451276941901014   0.0468017559582971   0
0.18590089777419   0.230164364133004   -0.0668717077074955   0.00482656810779197   0
0.253536432642982   0.198514147871757   0.0676355348687921   -0.0316502162612464   0
0.199437193661388   0.22617394031475   -0.0540992389815944   0.0276597924429923   0
0.26319317368093   0.22390616026195   0.0637559800195416   -0.00226778005279984   0
0.258746917494992   0.221160040175096   -0.00444625618593802   -0.0027461200868541   0
0.314601599290277   0.214827973887248   0.0558546817952854   -0.0063320662878481   0
0.246904215266346   0.203522876318609   -0.0676973840239312   -0.0113050975686383   0
0.259043864274451   0.244431138774298   0.0121396490081048   0.0409082624556883   0
0.251553997694412   0.246208053303502   -0.00748986658003903   0.00177691452920409   0
0.253232686874858   0.235575296030802   0.00167868918044667   -0.0106327572726999   0
0.322007994006609   0.197232782422193   0.0687753071317503   -0.0383425136086093   0
0.318166304548675   0.247453179336011   -0.00384168945793384   0.0502203969138182   0
0.342147899149418   0.249987275502674   0.0239815946007428   0.00253409616666339   0
0.315889384747082   0.269138881029851   -0.0262585144023355   0.0191516055271762   0
0.258558097188977   0.249974656631927   -0.0573312875581052   -0.0191642243979231   0
0.251746082049751   0.246444617694321   -0.00681201513922575   -0.00353003893760648   0
0.293988639380844   0.262906658930979   0.0422425573310931   0.0164620412366578   0
0.263752411492009   0.363748750524658   -0.0302362278888352   0.100842091593679   0
0.289034251012592   0.345171793862129   0.025281839520583   -0.0185769566625293   0
0.292889945125622   0.334923152632809   0.00385569411303033   -0.0102486412293197   0
0.323207927017903   0.331753543513102   0.0303179818922806   -0.00316960911970671   0
0.275550683065747   0.327413832415874   -0.0476572439521554   -0.00433971109722853   0
0.318820245268145   0.334332266136923   0.0432695622023973   0.00691843372104861   0
0.348680587922528   0.358670707961007   0.0298603426543835   0.0243384418240845   0
0.353552071317663   0.345056438331471   0.00487148339513488   -0.0136142696295364   0
0.347357625091202   0.348081365236635   -0.00619444622646131   0.00302492690516482   0
0.317907311245731   0.339752212640698   -0.029450313845471   -0.00832915259593758   0
0.356886467614002   0.359549405723678   0.038979156368271   0.0197971930829801   0
0.374258479588492   0.375219954737884   0.0173720119744905   0.0156705490142064   0
0.41736135339056   0.411883691238801   0.0431028738020677   0.0366637365009166   0
0.445754163321275   0.510663824241545   0.028392809930715   0.0987801330027444   0
0.360416352416202   0.440949736436309   -0.085337810905073   -0.0697140878052369   0
0.316410846558015   0.412848139926475   -0.0440055058581866   -0.0281015965098338   0
0.394992803536026   0.3501674663843   0.078581956978011   -0.0626806735421745   0
0.387741532165436   0.349260698245952   -0.00725127137059028   -0.000906768138348113   0
0.415125774714471   0.372232594816064   0.0273842425490352   0.0229718965701118   0
0.357246397382815   0.37150994067925   -0.0578793773316565   -0.000722654136813661   0
0.321188975092561   0.350023239031711   -0.0360574222902534   -0.0214867016475397   0
0.305208189230057   0.385800501263606   -0.0159807858625048   0.0357772622318959   0
0.292690850198592   0.391154610043778   -0.0125173390314649   0.00535410878017151   0
0.288194560104801   0.41888768921902   -0.00449629009379021   0.0277330791752418   0
0.312850121611372   0.422398287653371   0.0246555615065701   0.00351059843435136   0
0.29226952639201   0.39577971248821   -0.0205805952193612   -0.0266185751651612   0
0.318201693921315   0.43196320652632   0.0259321675293045   0.0361834940381099   0
0.340959732313084   0.439387411021584   0.0227580383917694   0.00742420449526376   0
0.358459939936822   0.446211937747356   0.0175002076237379   0.00682452672577211   0
0.36319204424106   0.449515376951112   0.00473210430423771   0.00330343920375603   0
0.351870267958235   0.458565802296955   -0.011321776282825   0.00905042534584327   0
0.408850538309845   0.459412622391625   0.0569802703516102   0.000846820094670298   0
0.318110796679852   0.45771422219765   -0.0907397416299932   -0.00169840019397499   0
0.350933163663881   0.44320856381082   0.0328223669840287   -0.0145056583868298   0
0.320699445277615   0.521398806069308   -0.0302337183862655   0.0781902422584877   0
