0.159440849760952   0.0770323975447993   0   0   0
0.173906955617836   0.0766522879273672   0.0144661058568841   -0.000380109617432109   0
0.172451563314357   0.0811613746623509   -0.00145539230347905   0.00450908673498376   0
0.163635013121619   0.0798205054506986   -0.00881655019273761   -0.00134086921165237   0
0.153946945037216   0.0803392716408358   -0.00968806808440328   0.000518766190137201   0
0.146232668349154   0.0765625535719813   -0.00771427668806218   -0.00377671806885452   0
0.0962197224081425   0.0727071296697236   -0.0500129459410113   -0.00385542390225768   0
0.10218799088561   0.0706896195523077   0.00596826847746793   -0.00201751011741591   0
0.0978368421703194   0.0355101631446904   -0.00435114871529098   -0.0351794564076173   0
0.0899178284778386   0.0158938131000714   -0.00791901369248085   -0.019616350044619   0
0.108017007172991   0.01982680285821   0.0180991786951524   0.00393298975813866   0
0.0971354623548558   0.0486001485270621   -0.0108815448181353   0.0287733456688521   0
0.137494436351476   0.0564406044811404   0.0403589739966199   0.00784045595407826   0
0.141560410371297   0.0489456755407587   0.00406597401982128   -0.00749492894038169   0
0.138464040413134   0.054194273399485   -0.00309636995816298   0.00524859785872627   0
0.148906223923259   0.041741154008035   0.0104421835101245   -0.0124531193914499   0
0.140471668530468   0.041741154008035   -0.00843455539279075   0   0
0.13786105577734   0.042013252357887   -0.00261061275312757   0.000272098349851979   0
0.126009768381701   0.021566737461714   -0.0118512873956389   -0.020446514896173   0
0.12479786463718   0.015792466925563   -0.00121190374452086   -0.00577427053615108   0
0.0697637041156789   0.035430944925799   -0.0550341605215014   0.019638478000236   0
0.067372937410061   0.032152980267193   -0.00239076670561793   -0.003277964658606   0
0.0636010027852549   0.0527176939927108   -0.00377193462480613   0.0205647137255179   0
0.0739061523027853   0.0279445517959226   0.0103051495175304   -0.0247731421967882   0
0.0376753092777286   0.0604680532246781   -0.0362308430250568   0.0325235014287555   0
0.0802561731961473   0.0451886493703134   0.0425808639184188   -0.0152794038543647   0
0.14870551185363   0.0212698886609809   0.0684493386574824   -0.0239187607093325   0
0.0998728487808874   0.0235591094123658   -0.0488326630727423   0.00228922075138492   0
0.108655820600187   0.0477281071007954   0.0087829718192995   0.0241689976884296   0
0.208017272977449   0.039295568878469   0.0993614523772618   -0.00843253822232645   0
0.179285993368166   0.0296584294065043   -0.0287312796092828   -0.00963713947196467   0
0.214551620331676   0.0307119445430031   0.0352656269635101   0.00105351513649882   0
0.188451864204742   0.0357285419346004   -0.0260997561269342   0.00501659739159727   0
0.16347401266673   0.0341502081483042   -0.024977851538012   -0.00157833378629624   0
0.147584192783982   0.0404228799009299   -0.0158898198827476   0.00627267175262571   0
0.148430247593146   0.0327728974401868   0.000846054809163527   -0.0076499824607431   0
0.127537868680835   0.0391554949744286   -0.0208923789123103   0.0063825975342418   0
0.150884558714809   0.0324538218693885   0.0233466900339732   -0.00670167310504005   0
0.155115462993424   0.0371596678346968   0.00423090427861511   0.00470584596530829   0
0.138852920107756   0.0372578322113955   -0.0162625428856675   9.81643766986978e-05   0
0.129302721227745   0.0372578322113955   -0.00955019888001088   0   0
0.107171227447822   0.0290975189068158   -0.0221314937799237   -0.00816031330457975   0
0.0838919495806958   0.0299081119854213   -0.0232792778671258   0.000810593078605534   0
0.0886816248605087   0.0287374451391738   0.00478967527981296   -0.00117066684624746   0
0.0819984555428332   0.027090820437321   -0.0066831693176755   -0.00164662470185283   0
0.0693295407114457   0.0400607859277623   -0.0126689148313876   0.0129699654904413   0
0.0830480148850049   0.0329420180778004   0.0137184741735593   -0.00711876784996197   0
0.0698479195206994   0.0551826351775855   -0.0132000953643055   0.0222406170997852   0
0.0998321888864008   0.0186541877268343   0.0299842693657014   -0.0365284474507512   0
0.0923195099987538   0.0269731994085333   -0.00751267888764699   0.00831901168169897   0
0.0623994540660413   0.0467191712120945   -0.0299200559327124   0.0197459718035612   0
0.0904633408452838   0.0505792923857679   0.0280638867792425   0.0038601211736734   0
0.0403455843851592   0.0925385196260184   -0.0501177564601247   0.0419592272402505   0
0.133238835053486   0.0832040804643168   0.0928932506683266   -0.00933443916170168   0
0.11703459196823   0.0396340509086253   -0.0162042430852562   -0.0435700295556915   0
0.186602267050564   0.0279472049135508   0.0695676750823344   -0.0116868459950744   0
0.199795663897243   0.0348860599556255   0.0131933968466788   0.00693885504207471   0
0.213470748656975   0.0252829952676201   0.0136750847597327   -0.00960306468800545   0
0.202577341315286   0.0311554393573578   -0.0108934073416892   0.00587244408973772   0
0.195673526973732   0.0439434215503584   -0.00690381434155382   0.0127879821930005   0
0.190682630438459   0.0452423298392391   -0.00499089653527329   0.0012989082888807   0
0.148408039397905   0.0487269561863349   -0.0422745910405546   0.00348462634709584   0
0.164123954899612   0.0445129506756742   0.0157159155017078   -0.00421400551066074   0
0.16732458234611   0.056094811037497   0.00320062744649716   0.0115818603618229   0
0.186012630318858   0.0567441415672358   0.0186880479727481   0.000649330529738784   0
0.177991261683769   0.0375251955440608   -0.00802136863508845   -0.019218946023175   0
0.169467526268988   0.0332107195386143   -0.0085237354147816   -0.00431447600544645   0
0.175474606798135   0.0438780829032559   0.00600708052914717   0.0106673633646416   0
0.162195244960079   0.0409702251534575   -0.0132793618380559   -0.00290785774979844   0
0.15385215228228   0.038820313390479   -0.00834309267779848   -0.00214991176297852   0
0.17023305894614   0.0466612838976276   0.0163809066638596   0.00784097050714863   0
0.17416668957803   0.0867376136468632   0.00393363063189034   0.0400763297492356   0
0.197686513013913   0.0747011722501729   0.0235198234358826   -0.0120364413966903   0
0.23746413836967   0.0971363996605547   0.0397776253557575   0.0224352274103818   0
0.218161681429347   0.0953896374530012   -0.0193024569403232   -0.00174676220755349   0
0.221599860405597   0.0878575778940838   0.00343817897624957   -0.00753205955891738   0
0.190477141928369   0.0703588539251635   -0.0311227184772279   -0.0174987239689203   0
0.198276363769966   0.0872913809889756   0.0077992218415974   0.0169325270638121   0
0.16668233823117   0.07666524238281   -0.0315940255387968   -0.0106261386061657   0
0.145161206906563   0.0627698731288745   -0.0215211313246065   -0.0138953692539355   0
0.167791401458865   0.061274675617542   0.022630194552302   -0.00149519751133247   0
0.164209083049172   0.0769619492085699   -0.00358231840969256   0.0156872735910279   0
0.148332172011132   0.0698744340760267   -0.0158769110380406   -0.00708751513254326   0
0.142589718113825   0.0747710478535141   -0.0057424538973071   0.00489661377748744   0
0.130768053503178   0.0784674497139419   -0.0118216646106468   0.00369640186042777   0
0.177121182401456   0.0772193651552511   0.0463531288982785   -0.00124808455869084   0
0.19872533634947   0.0793713058561625   0.0216041539480136   0.00215194070091149   0
0.163818963711287   0.071841156482096   -0.0349063726381829   -0.00753014937406657   0
0.155345584425693   0.0704408149537788   -0.00847337928559447   -0.00140034152831722   0
0.156204847779734   0.0808784764946305   0.000859263354041795   0.0104376615408518   0
0.152526294745955   0.0785194841136421   -0.00367855303377923   -0.00235899238098837   0
0.155772573398432   0.0832878036082265   0.00324627865247717   0.00476831949458432   0
0.206725089120721   0.146852934486887   0.0509525157222886   0.0635651308786608   0
0.28084940863655   0.0790890894488015   0.0741243195158293   -0.0677638450380857   0
0.282819119600514   0.111513961690241   0.00196971096396398   0.0324248722414393   0
0.118407275523804   0.167612369137021   -0.16441184407671   0.0560984074467802   0
0.0664350773621887   0.181178224356088   -0.0519721981616151   0.0135658552190671   0
0.0837863014933229   0.20096481506436   0.0173512241311342   0.0197865907082721   0
0.148413146967444   0.212378383147716   0.0646268454741207   0.0114135680833557   0
0.171962755716609   0.229943887098141   0.023549608749165   0.0175655039504248   0
0.192595026382563   0.224929017822712   0.0206322706659541   -0.00501486927542846   0
0.177194299482066   0.222045821241501   -0.0154007269004969   -0.00288319658121153   0
0.159929439715301   0.221775722531818   -0.017264859766765   -0.000270098709682559   0
0.123103350575726   0.232140460558387   -0.0368260891395751   0.0103647380265688   0
0.112488195219721   0.233183691114988   -0.0106151553560049   0.00104323055660072   0
0.109500282014523   0.22317761911594   -0.00298791320519803   -0.0100060719990474   0
0.12069492390689   0.209654399312917   0.0111946418923675   -0.0135232198030234   0
0.120740715674084   0.215464134911149   4.57917671938673e-05   0.0058097355982325   0
0.143150762319521   0.189847990142752   0.022410046645437   -0.0256161447683973   0
0.147106233159951   0.19772723082065   0.00395547084043044   0.00787924067789761   0
0.144563716858865   0.215442353892224   -0.00254251630108679   0.0177151230715748   0
0.149742256836205   0.199573137891532   0.00517853997734041   -0.0158692160006924   0
0.243101723795698   0.233411741517158   0.0933594669594932   0.0338386036256257   0
0.257319953666637   0.109647343572485   0.0142182298709382   -0.123764397944673   0
0.221543133671527   0.120442303300626   -0.0357768199951097   0.0107949597281414   0
0.212427429135317   0.114545663182637   -0.00911570453621013   -0.00589664011798863   0
0.194682056995502   0.139250053248644   -0.0177453721398144   0.0247043900660063   0
0.200585648212927   0.146041118396517   0.00590359121742445   0.00679106514787375   0
0.250505423878127   0.1246708369696   0.0499197756652001   -0.0213702814269173   0
0.214801298995141   0.121179775144834   -0.0357041248829857   -0.00349106182476629   0
0.208478837146603   0.111195717084349   -0.00632246184853766   -0.00998405806048527   0
0.230821419723149   0.119837178839707   0.0223425825765453   0.00864146175535875   0
0.223495015628   0.118593641861215   -0.00732640409514868   -0.00124353697849279   0
0.250571968013184   0.127739449580897   0.0270769523851837   0.00914580771968279   0
0.232449325851055   0.140077295419359   -0.0181226421621286   0.0123378458384621   0
0.23136906976061   0.120848790320808   -0.00108025609044518   -0.0192285050985519   0
0.234046905950495   0.130019158952094   0.00267783618988535   0.00917036863128691   0
0.24357155587835   0.130987652319799   0.00952464992785435   0.000968493367704409   0
0.226570976254683   0.119654513880265   -0.0170005796236669   -0.011333138439534   0
0.228210684534467   0.124573122855624   0.00163970827978424   0.00491860897535958   0
0.240708562070401   0.127567261835678   0.0124978775359338   0.00299413898005384   0
0.243452641655415   0.147986142156969   0.00274407958501435   0.0204188803212902   0
0.254581367489846   0.141205338770361   0.0111287258344308   -0.00678080338660725   0
0.253015236744746   0.136774265975009   -0.00156613074509976   -0.00443107279535229   0
0.252806702826488   0.13281324304546   -0.000208533918258702   -0.00396102292954872   0
0.23998747252513   0.135966804742932   -0.0128192303013576   0.00315356169747136   0
0.276531482189641   0.130799396795255   0.0365440096645115   -0.00516740794767687   0
0.253272380272702   0.118568777221577   -0.0232591019169398   -0.0122306195736775   0
0.251449908166617   0.133233285219957   -0.00182247210608488   0.01466450799838   0
0.254369202100018   0.134798390086835   0.00291929393340162   0.00156510486687753   0
0.254685216111968   0.142021564771877   0.000316014011949917   0.0072231746850423   0
0.241725658686061   0.139388340540054   -0.0129595574259074   -0.00263322423182338   0
0.239358503007518   0.142596565826294   -0.00236715567854287   0.00320822528623987   0
0.254118620429515   0.121898856059346   0.0147601174219971   -0.0206977097669473   0
0.220715103447861   0.142892184144011   -0.0334035169816541   0.020993328084665   0
0.219944613857671   0.155341740395382   -0.000770489590190049   0.0124495562513702   0
0.209142598200367   0.161373715933574   -0.0108020156573044   0.00603197553819299   0
0.297022874301644   0.0902826736163839   0.087880276101277   -0.0710910423171906   0
0.172332892793454   0.103011229473271   -0.12468998150819   0.0127285558568876   0
0.209749101696026   0.120236755705085   0.0374162089025727   0.0172255262318132   0
0.200339297014465   0.110150134622796   -0.00940980468156141   -0.010086621082289   0
0.221744517593581   0.146881269965009   0.0214052205791162   0.0367311353422128   0
0.232101925308191   0.138349053579786   0.0103574077146095   -0.00853221638522253   0
0.225243119295596   0.137859042107555   -0.00685880601259481   -0.000490011472231433   0
0.21506308452242   0.129386247827242   -0.0101800347731757   -0.00847279428031253   0
0.224679079615437   0.110014693828665   0.00961599509301719   -0.0193715539985766   0
0.200104585315404   0.125954513627301   -0.0245744943000328   0.0159398197986357   0
0.21865156986347   0.136722484609601   0.0185469845480657   0.0107679709822995   0
0.203254825243683   0.148296680344074   -0.0153967446197875   0.0115741957344735   0
0.196590323445713   0.136315392826792   -0.00666450179796985   -0.0119812875172826   0
0.20386672989875   0.143513828951481   0.00727640645303743   0.00719843612468959   0
0.29052587339244   0.141719001729655   0.0866591434936896   -0.00179482722182603   0
0.243338563249889   0.148655234323627   -0.0471873101425513   0.00693623259397202   0
0.229306920968143   0.159323150981739   -0.0140316422817459   0.0106679166581118   0
0.215227955027338   0.181711702754838   -0.0140789659408042   0.0223885517730987   0
0.209718614979715   0.174436182428195   -0.00550934004762327   -0.00727552032664278   0
0.200004492991174   0.173458416517194   -0.00971412198854157   -0.000977765911000517   0
0.221866879742809   0.162561781280541   0.0218623867516353   -0.0108966352366532   0
0.228714807698772   0.180119442748701   0.00684792795596351   0.0175576614681596   0
0.215471106824674   0.182937846106649   -0.0132437008740985   0.0028184033579482   0
0.217956031247612   0.175255925507413   0.00248492442293813   -0.00768192059923567   0
0.227466224231453   0.172469799070018   0.00951019298384093   -0.00278612643739498   0
0.20534218781585   0.185127804654143   -0.0221240364156024   0.0126580055841246   0
0.211022220107526   0.190109823829543   0.00568003229167574   0.00498201917540039   0
0.213975014649925   0.204014634052903   0.00295279454239877   0.0139048102233599   0
0.216754684231512   0.206929378202087   0.00277966958158685   0.00291474414918413   0
0.23171740729874   0.215620676902889   0.0149627230672279   0.00869129870080154   0
0.230164566463324   0.209222518265243   -0.00155284083541546   -0.00639815863764573   0
0.221021492823865   0.200795880049392   -0.00914307363945879   -0.00842663821585071   0
0.195633762393816   0.20065425058247   -0.0253877304300496   -0.000141629466922866   0
0.218569974219356   0.208278861300277   0.0229362118255403   0.00762461071780735   0
0.226839381459415   0.214471171137924   0.00826940724005887   0.00619230983764663   0
0.213353163063124   0.213227573348342   -0.0134862183962909   -0.00124359778958172   0
0.206492470713486   0.271973648200193   -0.00686069234963776   0.0587460748518514   0
0.240775627818432   0.242871812692416   0.0342831571049455   -0.0291018355077773   0
0.235413306057687   0.257480193403784   -0.00536232176074528   0.014608380711368   0
0.229621386595957   0.277293872886821   -0.00579191946172938   0.0198136794830371   0
0.312198320575576   0.242940002890266   0.0825769339796187   -0.034353869996555   0
0.478779583606068   0.265262130126503   0.166581263030492   0.0223221272362373   0
