1.18205109750171   0.411454746863795   0   0   0
0.938435546438667   0.276079971619185   -0.243615551063044   -0.13537477524461   0
0.951613694446418   0.259471795803494   0.0131781480077506   -0.0166081758156911   0
0.979939900566376   0.282691001173543   0.0283262061199587   0.023219205370049   0
1.06282303402329   0.198773665530805   0.0828831334569173   -0.0839173356427375   0
0.999128219462347   0.148417647720798   -0.0636948145609468   -0.0503560178100071   0
0.798049836029687   0.157919272538878   -0.20107838343266   0.00950162481807959   0
0.77563695487612   0.211664492864539   -0.0224128811535668   0.0537452203256611   0
0.78027559035997   0.200532713672134   0.00463863548385024   -0.0111317791924047   0
0.791382786214896   0.212351595851425   0.0111071958549256   0.0118188821792905   0
0.856163136261188   0.274363565797574   0.0647803500462918   0.0620119699461496   0
0.971342182349536   0.354301222253611   0.115179046088349   0.0799376564560363   0
0.774724963558681   0.365783918891407   -0.196617218790855   0.0114826966377966   0
0.792743656626712   0.366266460074019   0.0180186930680306   0.000482541182611984   0
0.952205782721886   0.384976898132281   0.159462126095174   0.0187104380582614   0
0.777068289398203   0.379865844306754   -0.175137493323683   -0.00511105382552651   0
0.877511555205172   0.358998681308358   0.100443265806969   -0.0208671629983962   0
0.73273654372496   0.457388120069815   -0.144775011480212   0.0983894387614574   1
0.388446265567388   0.0965481278185781   -0.344290278157571   -0.360839992251237   1
0.209141076641319   0.0515364673176432   -0.17930518892607   -0.045011660500935   1
0.0621994527187338   0.136615097973687   -0.146941623922585   0.0850786306560435   0
0.0635567218361835   0.154298105744408   0.00135726911744969   0.0176830077707213   0
0.14472498137312   0.206234058519737   0.0811682595369368   0.0519359527753295   0
0.184434727400807   0.195171036009803   0.0397097460276868   -0.011063022509934   0
0.273596126342242   0.203808356905452   0.0891613989414349   0.00863732089564831   0
0.290788276128612   0.221985003041309   0.0171921497863702   0.0181766461358573   0
0.353047475680269   0.298185212949938   0.0622591995516567   0.0762002099086292   0
0.338041174169139   0.330929047379117   -0.01500630151113   0.032743834429179   0
0.302382437098536   0.333674594640497   -0.0356587370706029   0.00274554726137971   0
0.383074819986553   0.383347077745641   0.0806923828880171   0.049672483105144   0
0.448061042179322   0.365700712444398   0.0649862221927687   -0.0176463653012432   0
0.316087845657327   0.335606168361161   -0.131973196521995   -0.0300945440832365   0
0.959241204232804   2.77628169581165   0.643153358575477   2.44067552745049   1
0.541206676171867   1.40370148079857   -0.418034528060937   -1.37258021501308   1
0.425342922787014   1.21397518684413   -0.115863753384853   -0.189726293954433   1
0.407391990163037   1.30151066278844   -0.0179509326239773   0.0875354759443046   1
0.330717842580348   1.07958513580333   -0.0766741475826887   -0.221925526985106   1
0.328471923045182   0.481247529197034   -0.00224591953516623   -0.598337606606299   1
0.386337329598112   0.32304344457025   0.0578654065529297   -0.158204084626783   1
0.184082000566324   0.601125462586223   -0.202255329031788   0.278082018015972   1
0.236743819494491   0.580474759549672   0.052661818928167   -0.0206507030365501   0
0.368427099702234   0.7803731099873   0.131683280207743   0.199898350437627   0
0.409039062370576   0.864369473014129   0.0406119626683419   0.0839963630268291   0
0.363993859688594   1.02740433577937   -0.0450452026819819   0.163034862765242   0
0.482037164307899   1.12994216109979   0.118043304619304   0.102537825320423   0
0.476543834479054   1.09712345751911   -0.00549332982884454   -0.0328187035806826   0
0.424322333449466   0.9701134609255   -0.0522215010295877   -0.127009996593611   0
0.487875949381603   0.91067428849452   0.0635536159321363   -0.0594391724309804   0
0.546328735383743   0.641675273215549   0.0584527860021406   -0.268999015278971   0
0.386207104238128   0.534482226480919   -0.160121631145616   -0.107193046734631   0
0.319986580803008   0.528072340952686   -0.0662205234351196   -0.0064098855282323   0
0.347410135951731   0.513577422317193   0.0274235551487227   -0.0144949186354931   0
0.353372856039679   0.58625434964464   0.00596272008794868   0.072676927327447   0
0.322780860059886   0.458389787641863   -0.0305919959797929   -0.127864562002777   0
0.329817459762048   0.326006150243462   0.00703659970216131   -0.132383637398402   0
0.32107263375456   0.414393464473868   -0.00874482600748749   0.0883873142304064   0
0.482302211633007   0.492984099091069   0.161229577878447   0.0785906346172006   0
0.363879855493486   0.540963011048909   -0.118422356139522   0.0479789119578406   0
0.346479196097688   0.526603252618534   -0.0174006593957978   -0.0143597584303748   0
0.332851239056564   0.395164196095876   -0.0136279570411236   -0.131439056522658   0
0.517508058528561   0.394851519787211   0.184656819471996   -0.000312676308665438   0
0.393013566307831   0.273848713331435   -0.124494492220729   -0.121002806455776   0
0.367510232350067   0.280289051747022   -0.0255033339577644   0.00644033841558733   0
0.389038661393697   0.278412097567724   0.0215284290436307   -0.00187695417929817   0
0.435352179525956   0.343051138279823   0.0463135181322583   0.0646390407120991   0
0.324002682970126   0.754447346598323   -0.11134949655583   0.4113962083185   1
0.254941918786142   0.921987662181686   -0.0690607641839837   0.167540315583363   1
0.396067106185303   0.80865610519987   0.141125187399161   -0.113331556981816   1
0.480190033613777   1.4048075346178   0.0841229274284738   0.596151429417934   1
0.49325578587382   0.80933132467156   0.0130657522600435   -0.595476209946244   1
0.472132038346266   0.762775095554518   -0.0211237475275542   -0.0465562291170423   0
0.483828801053637   0.612290809297202   0.0116967627073711   -0.150484286257316   0
0.467310919192993   0.584044656241978   -0.0165178818606442   -0.0282461530552242   0
0.442799625253556   0.556754390657067   -0.0245112939394366   -0.0272902655849103   0
0.421363052662428   0.190543077762359   -0.0214365725911285   -0.366211312894708   0
0.345407056787264   0.141930728558521   -0.0759559958751642   -0.0486123492038385   0
0.389939234449433   0.165940104751993   0.0445321776621695   0.0240093761934725   0
0.458662592680066   0.10684640328268   0.0687233582306327   -0.0590937014693137   1
1.85206630858077   2.65077833604585   1.3934037159007   2.54393193276317   1
0.999950903302302   0.507293724850062   -0.852115405278468   -2.14348461119579   1
0.844194204574962   0.639724661548037   -0.15575669872734   0.132430936697975   1
1.00584988204468   0.708724836917333   0.161655677469714   0.0690001753692963   1
0.980529615096635   0.720721475777224   -0.0253202669480409   0.0119966388598913   0
0.930369929061016   1.03594504610826   -0.0501596860356192   0.315223570331038   1
1.081059648525   2.55726706245005   0.150689719463986   1.52132201634179   1
0.751198736922953   0.291154611312443   -0.329860911602049   -2.26611245113761   1
0.736046613482061   0.15577936994632   -0.0151521234408925   -0.135375241366123   1
0.791460861860118   0.157663452590669   0.055414248378057   0.00188408264434836   0
0.751986974456613   0.178620360234353   -0.039473887403505   0.0209569076436843   0
0.777079829395925   0.550980062368413   0.0250928549393125   0.37235970213406   0
0.708182403156023   0.6886009735008   -0.068897426239902   0.137620911132388   0
0.815699261968527   0.690457065945865   0.107516858812504   0.00185609244506468   0
0.724467545761196   0.692256251525582   -0.0912317162073315   0.00179918557971726   0
0.765677099859098   0.751950507602277   0.0412095540979028   0.0596942560766951   0
0.787063441142714   0.774908308798209   0.0213863412836152   0.0229578011959314   0
0.716818490727604   0.702419378594619   -0.0702449504151097   -0.0724889302035902   0
0.63813249371741   0.570888592517183   -0.0786859970101943   -0.131530786077436   0
0.73962664798532   0.512580839158374   0.10149415426791   -0.0583077533588091   0
0.691691012488235   0.516520423125604   -0.0479356354970845   0.00393958396722982   0
0.692006606810224   0.468929018212501   0.000315594321988799   -0.0475914049131027   0
0.790454105165505   0.406068744097905   0.0984474983552812   -0.0628602741145957   0
0.727048865802705   0.252046718561956   -0.0634052393628002   -0.154022025535949   0
0.778109529516893   0.447210139950194   0.0510606637141876   0.195163421388238   0
0.801704119100058   0.565563307017766   0.0235945895831652   0.118353167067572   0
0.756724246446485   0.576250071858479   -0.0449798726535732   0.0106867648407127   0
0.834503739890961   0.604704806509715   0.0777794934444759   0.0284547346512363   0
0.738419953093089   0.593819004393544   -0.0960837867978713   -0.0108858021161714   0
0.751706439532747   0.523871666345702   0.0132864864396581   -0.069947338047842   0
0.805175714966615   0.633409698160156   0.0534692754338677   0.109538031814454   0
0.694921304627366   0.603500569892233   -0.110254410339249   -0.029909128267923   0
0.80847319504174   0.616261177486461   0.113551890414375   0.0127606075942285   0
0.713454863848443   0.530626727013453   -0.0950183311932977   -0.085634450473008   0
0.800599408961186   0.50444541509871   0.0871445451127431   -0.0261813119147434   0
0.712813609853936   0.412805928120879   -0.0877857991072493   -0.0916394869778315   0
0.700873036124233   0.508932500899422   -0.0119405737297039   0.0961265727785433   0
0.666652896866128   0.449189482592257   -0.0342201392581049   -0.0597430183071644   0
0.635176273247041   0.470959872947462   -0.0314766236190864   0.0217703903552049   0
0.583371400404579   0.407826413601682   -0.051804872842462   -0.0631334593457806   0
0.642775607472001   0.442956030944946   0.0594042070674219   0.0351296173432643   0
0.592810581007964   0.398979402682332   -0.0499650264640369   -0.0439766282626146   0
0.667761404270268   0.413479199774305   0.0749508232623036   0.014499797091974   0
0.6731175967994   0.30142308942457   0.00535619252913244   -0.112056110349735   0
0.741319375128561   0.370025031094077   0.0682017783291607   0.0686019416695065   0
0.818342642346713   0.323458287971942   0.0770232672181518   -0.0465667431221344   0
0.821079295293701   0.330316152336758   0.00273665294698788   0.00685786436481511   0
0.753334861006711   0.308397777949096   -0.0677444342869901   -0.0219183743876615   0
0.811409916531096   0.368332133927044   0.0580750555243853   0.0599343559779481   1
1.43600413483261   1.3883861101874   0.624594218301517   1.02005397626036   1
0.866946349914117   0.765188416147619   -0.569057784918496   -0.623197694039784   1
0.8218713338544   0.59573638341258   -0.0450750160597171   -0.16945203273504   0
0.919187696979376   0.677922325296101   0.0973163631249768   0.0821859418835215   0
0.95360000104289   0.645186325635083   0.0344123040635138   -0.0327359996610175   0
0.919794051736039   0.570967382592473   -0.0338059493068509   -0.0742189430426101   0
0.895372185841731   0.597876415656992   -0.0244218658943081   0.0269090330645188   0
1.03519253417582   0.651548424178127   0.139820348334091   0.0536720085211344   0
0.874988174768237   0.619258459264716   -0.160204359407585   -0.0322899649134105   0
0.929737813995021   0.673546520941133   0.0547496392267843   0.0542880616764171   0
0.933137433255231   0.651894670943246   0.00339961926020971   -0.0216518499978874   0
0.868275845350249   0.705561602109447   -0.0648615879049813   0.0536669311662017   0
0.970546528470408   0.684766123548079   0.102270683120158   -0.0207954785613689   0
0.891882450704469   0.619843732866801   -0.0786640777659385   -0.0649223906812777   0
0.90790750360252   0.612092644644992   0.016025052898051   -0.00775108822180925   0
0.962257767537103   0.585360341910564   0.0543502639345832   -0.0267323027344275   0
0.906109166004296   0.568150812250852   -0.0561486015328078   -0.0172095296597123   0
0.751233780111118   0.628818448040537   -0.154875385893177   0.0606676357896857   0
0.741850139611101   0.582748308956939   -0.0093836405000175   -0.046070139083598   0
0.801573502464877   0.586459019597525   0.0597233628537761   0.00371071064058548   0
0.817205681436742   0.566211084083277   0.015632178971865   -0.0202479355142478   0
0.84368915439935   0.58779114955803   0.0264834729626079   0.0215800654747527   0
0.800615268633199   0.609619446072064   -0.0430738857661506   0.0218282965140342   0
0.809446276673752   0.721468397041972   0.00883100804055259   0.111848950969908   0
0.712314416789026   0.512003614161563   -0.0971318598847262   -0.209464782880409   0
0.707560085834412   0.517831404536515   -0.00475433095461408   0.00582779037495229   0
0.702915530135706   0.493150190328971   -0.00464455569870614   -0.0246812142075445   0
0.725689631725327   0.504886345423156   0.022774101589621   0.011736155094185   0
0.703248561193274   0.477902403551251   -0.0224410705320526   -0.0269839418719048   0
0.81160709369066   0.529331496561937   0.108358532497386   0.0514290930106863   0
0.861443307954325   2.20272915860212   0.0498362142636647   1.67339766204018   1
0.551452462286605   0.951625478393417   -0.309990845667719   -1.2511036802087   1
0.621484681287487   0.539074867250134   0.070032219000882   -0.412550611143283   1
0.799925518291078   0.607492586742423   0.178440837003591   0.0684177194922883   0
0.797524124991564   0.59983824166791   -0.00240139329951394   -0.00765434507451268   0
0.829515092546145   0.5312099944537   0.0319909675545812   -0.06862824721421   0
0.934808608859054   1.45476440432979   0.105293516312909   0.923554409876087   1
0.952764393527067   1.17930281936882   0.0179557846680131   -0.275461584960966   1
0.669442548031569   0.863084534070244   -0.283321845495498   -0.316218285298577   1
0.778967577295102   0.87955761156291   0.109525029263532   0.0164730774926658   0
0.821325183902211   0.793502343374965   0.0423576066071091   -0.0860552681879452   0
0.849265573409166   0.606867516560707   0.0279403895069558   -0.186634826814257   0
0.819255437021934   0.471447933294219   -0.0300101363872326   -0.135419583266488   0
0.849605271300149   0.302586618500075   0.0303498342782152   -0.168861314794143   0
1.02768809656724   0.401201089542252   0.178082825267092   0.0986144710421767   0
1.01633640529157   0.397668827257996   -0.0113516912756668   -0.00353226228425568   0
1.00352597747492   0.431753364495866   -0.0128104278166516   0.0340845372378696   0
0.993916631677426   0.686607943659123   -0.00960934579749706   0.254854579163258   0
0.995738024494897   0.854180531516383   0.00182139281747096   0.167572587857259   0
0.905774506284699   0.625003383194293   -0.0899635182101982   -0.229177148322089   0
0.978072068673986   0.597529963623936   0.0722975623892873   -0.0274734195703571   0
0.917785911465741   0.595154447346645   -0.0602861572082455   -0.0023755162772916   0
0.947036786306535   0.62551800027514   0.0292508748407947   0.0303635529284954   0
0.913307693835988   0.544606786922354   -0.0337290924705476   -0.0809112133527862   0
1.19990947854036   0.923525074990643   0.286601784704373   0.378918288068289   1
1.32242446914181   1.17984512412181   0.12251499060145   0.256320049131163   0
0.910088939229018   0.609715801569789   -0.412335529912792   -0.570129322552017   1
0.93927049857376   0.625800359973322   0.0291815593447419   0.0160845584035336   0
1.03935448489435   0.718130575940058   0.10008398632059   0.0923302159667359   0
1.05298659712695   0.643463382944595   0.0136321122326026   -0.0746671929954633   0
0.916624436162925   0.629518448701735   -0.136362160964028   -0.0139449342428599   0
0.860100456925236   0.706109712405409   -0.0565239792376886   0.0765912637036744   0
0.933125793740849   0.404300875457873   0.0730253368156131   -0.301808836947536   0
0.952176096244119   0.245987877158225   0.0190503025032699   -0.158312998299648   0
1.06131048487667   0.351728908727659   0.109134388632555   0.105741031569434   0
1.0175803043888   0.351559360905452   -0.0437301804878751   -0.000169547822206961   0
0.999094151037809   0.400499472022124   -0.0184861533509897   0.0489401111166717   0
0.988721098337726   0.4048861134279   -0.0103730527000825   0.00438664140577566   0
0.958953349931711   0.471206030162115   -0.0297677484060158   0.0663199167342154   0
0.913717875153622   0.392900503349324   -0.0452354747780884   -0.0783055268127905   0
0.953016473053373   0.44924949748525   0.0392985978997507   0.056348994135926   0
0.954214411367933   0.769924001913988   0.00119793831455983   0.320674504428737   0
1.01787491965418   0.998277135880112   0.0636605082862457   0.228353133966124   0
0.914390774156214   0.776751205524589   -0.103484145497965   -0.221525930355523   0
1.06069806129258   0.824492037003266   0.146307287136367   0.0477408314786764   0
1.01028764372034   0.782284344442837   -0.0504104175722397   -0.0422076925604281   0
1.03355968075709   0.678777840891276   0.023272037036745   -0.103506503551561   0
0.944371210491404   0.636054501089812   -0.0891884702656821   -0.0427233398014639   0
0.89153221707687   0.59643075736855   -0.0528389934145338   -0.039623743721262   0
0.904624903030333   0.495015656084383   0.0130926859534629   -0.101415101284167   0
1.00278133740955   0.509808325637577   0.0981564343792186   0.0147926695531937   0
0.961895318996828   0.477914415261917   -0.0408860184127238   -0.0318939103756603   0
0.927950782715786   0.449940441332517   -0.033944536281042   -0.0279739739294002   0
0.826701362963676   0.83584608796955   -0.10124941975211   0.385905646637033   1
0.809230259274207   1.09664518916204   -0.0174711036894692   0.260799101192492   1
0.796871661023913   0.178532744290116   -0.012358598250294   -0.918112444871926   1
0.800433803815038   0.287915061387456   0.00356214279112466   0.10938231709734   1
0.908614614910243   0.163807545780269   0.108180811095206   -0.124107515607187   0
0.856030854633108   0.155368743099712   -0.0525837602771351   -0.00843880268055749   0
0.833244794722751   0.107221405582141   -0.022786059910357   -0.0481473375175707   0
0.882518288747604   0.176140580822535   0.0492734940248529   0.0689191752403939   0
0.840872181480039   0.148010145267985   -0.041646107267565   -0.0281304355545501   0
0.790282697209676   0.146085383124356   -0.0505894842703636   -0.00192476214362852   0
0.845477972743229   0.18162926997183   0.0551952755335531   0.0355438868474739   0
0.836275879695809   0.133001555324966   -0.00920209304741937   -0.0486277146468642   1
2.4915587304258   2.58479541904679   1.65528285072999   2.45179386372182   1
1.40614146963668   0.622135153471495   -1.08541726078912   -1.96266026557529   1
1.17295378518218   0.319360409624643   -0.233187684454496   -0.302774743846851   1
1.22075010712334   0.30571077709055   0.0477963219411548   -0.0136496325340932   1
1.39945748348914   0.320552120345896   0.178707376365804   0.0148413432553461   0
1.34848500273329   0.574881414918981   -0.050972480755848   0.254329294573085   0
1.36048565133935   0.613672835320865   0.0120006486060549   0.0387914204018839   0
1.3037409450327   0.315295903523595   -0.0567447063066473   -0.298376931797271   0
1.19291727065019   0.115713241594739   -0.110823674382515   -0.199582661928856   1
0.868586538370495   1.48122151406272   -0.324330732279691   1.36550827246798   1
1.06753784241639   1.14821605290046   0.198951304045894   -0.333005461162257   1
1.02312053842312   1.07692319472948   -0.0444173039932716   -0.0712928581709835   0
0.95205042828679   0.772131730156843   -0.0710701101363278   -0.304791464572634   0
0.98830657849085   0.374041919434121   0.0362561502040599   -0.398089810722722   1
1.09851632911334   1.00961803702044   0.110209750622487   0.635576117586315   1
0.877310507224902   0.278801010222068   -0.221205821888435   -0.730817026798369   1
0.890260904669839   0.0756017733406433   0.0129503974449373   -0.203199236881425   0
0.976817990476733   0.0928059611384958   0.0865570858068939   0.0172041877978526   0
0.991684118897526   0.161720503552456   0.0148661284207932   0.0689145424139604   0
0.962530592016662   0.15097230414143   -0.0291535268808643   -0.010748199411026   0
1.00633330488679   0.14077051999571   0.0438027128701238   -0.0102017841457205   0
1.04293673755207   0.300454422637865   0.0366034326652869   0.159683902642155   0
0.988712182992685   1.0554758692474   -0.0542245545593877   0.75502144660954   0
