0.130160735929926   0.175658242182085   0   0   0
0.142631795962506   0.154224028259218   0.0124710600325799   -0.0214342139228672   0
0.189915929616238   0.139168971413351   0.0472841336537322   -0.0150550568458672   0
0.220375618329342   0.130147647733257   0.0304596887131041   -0.00902132368009342   0
0.180792633417543   0.152601747939498   -0.0395829849117997   0.0224541002062406   0
0.147069062032536   0.13044339192394   -0.0337235713850065   -0.0221583560155581   0
0.186564143412634   0.15997450780815   0.0394950813800981   0.0295311158842109   0
0.12246286155435   0.152391089607669   -0.064101281858284   -0.00758341820048181   0
0.194556906621949   0.129037084689829   0.0720940450675981   -0.0233540049178401   0
0.0663372389848266   0.15280419054558   -0.128219667637122   0.0237671058557516   0
0.075856270024383   0.127509240498493   0.00951903103955634   -0.0252949500470873   0
0.166861740385135   0.10770693095327   0.0910054703607518   -0.0198023095452228   0
0.123642470142828   0.111933288558654   -0.0432192702423072   0.00422635760538427   0
0.108317024510167   0.0922348690572063   -0.0153254456326606   -0.0196984195014481   0
0.202104171268111   0.0882056490665422   0.0937871467579442   -0.00402921999066411   0
0.150582013484679   0.109883761033979   -0.0515221577834323   0.0216781119674363   0
0.115815374377066   0.0403099576716901   -0.0347666391076127   -0.0695738033622884   0
0.201454964200389   0.0669805931287003   0.0856395898233228   0.0266706354570102   0
0.074168552530166   0.0781824806970526   -0.127286411670223   0.0112018875683522   0
0.180466482750122   0.0585868469003496   0.106297930219956   -0.019595633796703   0
0.0702106420632941   0.0701785189244225   -0.110255840686828   0.0115916720240729   0
0.134807464883069   0.0269593274544934   0.0645968228197754   -0.0432191914699291   0
0.151882324457456   0.0499313905858329   0.0170748595743868   0.0229720631313395   0
0.127512928492212   0.021588030006001   -0.0243693959652441   -0.0283433605798319   0
0.223472057550782   0.0242398504109968   0.0959591290585698   0.00265182040499575   0
0.101381666630868   0.0766503546257941   -0.122090390919914   0.0524105042147974   0
0.183754178138757   0.0348355614107553   0.0823725115078891   -0.0418147932150389   0
0.139880445878436   0.0362575050571947   -0.0438737322603211   0.00142194364643946   0
0.224072302650573   0.0440440932525861   0.0841918567721373   0.00778658819539138   0
0.149105753062617   0.0182610118298309   -0.0749665495879565   -0.0257830814227552   0
0.157221423884819   0.0518973911474845   0.0081156708222026   0.0336363793176536   0
0.175516404789552   0.0477652835821949   0.0182949809047332   -0.00413210756528956   0
0.181556945977894   0.0417856645036309   0.00604054118834182   -0.00597961907856401   0
0.211990449558677   0.0583879341472279   0.0304335035807828   0.016602269643597   0
0.240878368365945   0.0705884940327565   0.0288879188072682   0.0122005598855286   0
0.194258093010665   0.119098875689592   -0.0466202753552807   0.048510381656836   0
0.274163902316917   0.0493798028661874   0.0799058093062524   -0.0697190728234051   0
0.206712935715209   0.107616240083632   -0.067450966601708   0.0582364372174451   0
0.287778690500183   0.0792247905423706   0.0810657547849739   -0.0283914495412618   0
0.304952011598809   0.121657268907873   0.017173321098626   0.0424324783655023   0
0.290176753509925   0.176147050382351   -0.0147752580888834   0.0544897814744781   0
0.377588111550523   0.154509149434435   0.0874113580405974   -0.0216379009479162   0
0.338143357874497   0.220828135738384   -0.0394447536760259   0.0663189863039489   0
0.381539638539694   0.19457610718226   0.0433962806651967   -0.0262520285561232   0
0.364034043587445   0.215738274046934   -0.0175055949522488   0.0211621668646736   0
0.360027114116756   0.259108763233705   -0.00400692947068826   0.0433704891867706   0
0.444546399096877   0.228965180971365   0.0845192849801207   -0.0301435822623395   0
0.358307911882223   0.289838673115321   -0.0862384872146544   0.060873492143956   0
0.449292279040048   0.262724632783243   0.0909843671578248   -0.027114040332078   0
0.398448752426156   0.306694330085347   -0.0508435266138918   0.0439696973021042   0
0.467613460145236   0.292854654859283   0.06916470771908   -0.013839675226064   0
0.409887088202849   0.327153956400882   -0.0577263719423869   0.0342993015415983   0
0.482994563552221   0.289081740140656   0.0731074753493717   -0.0380722162602253   0
0.435850533788465   0.344636035229197   -0.0471440297637554   0.0555542950885402   0
0.531183018708241   0.309693513267957   0.0953324849197764   -0.03494252196124   0
0.463250131152879   0.361432831882011   -0.0679328875553621   0.0517393186140543   0
0.550585176063613   0.340868294120324   0.0873350449107339   -0.0205645377616865   0
0.519314518054511   0.380525505309762   -0.0312706580091023   0.039657211189438   0
0.559566717328685   0.362213071984226   0.0402521992741738   -0.0183124333255366   0
0.549621047959906   0.405186759515288   -0.00994566936877839   0.0429736875310625   0
0.559047508633211   0.368228007995725   0.00942646067330466   -0.0369587515195629   0
0.548945254509737   0.392763515266502   -0.010102254123474   0.024535507270777   0
0.55500734199577   0.45404807753282   0.00606208748603343   0.0612845622663179   0
0.659038364195295   0.447195854802177   0.104031022199524   -0.00685222273064295   0
0.601951178485772   0.501625490828566   -0.0570871857095226   0.054429636026389   0
0.66872874474259   0.473270396028264   0.0667775662568177   -0.0283550948003021   0
0.583884014966063   0.504018798749858   -0.0848447297765266   0.0307484027215942   0
0.687923058600306   0.451514283098553   0.104039043634243   -0.0525045156513056   0
0.553746800381691   0.468013892803408   -0.134176258218615   0.0164996097048553   0
0.647723755119418   0.464575181508332   0.0939769547377275   -0.00343871129507567   0
0.560613736852577   0.515408502385487   -0.0871100182668416   0.0508333208771542   0
0.650830096865534   0.474970042969817   0.0902163600129571   -0.0404384594156693   0
0.584029778450765   0.494331243828721   -0.0668003184147683   0.0193612008589034   0
0.611075023862864   0.501946285647429   0.027045245412099   0.00761504181870803   0
0.622459231278812   0.53359417000001   0.011384207415948   0.0316478843525817   0
0.636037659745081   0.530594036426391   0.0135784284662691   -0.00300013357361961   0
0.634617414216952   0.527741350279898   -0.0014202455281298   -0.0028526861464927   0
0.552617706363088   0.55607647091767   -0.0819997078538637   0.0283351206377717   0
0.65904279352558   0.5529149681782   0.106425087162492   -0.00316150273946958   0
0.571927626954678   0.611120237931947   -0.0871151665709016   0.0582052697537473   0
0.692069539027691   0.577597423306233   0.120141912073012   -0.0335228146257142   0
0.634673299134287   0.600736766987006   -0.0573962398934036   0.0231393436807725   0
0.671028918927523   0.609479047199532   0.0363556197932359   0.00874228021252677   0
0.681050230457343   0.631774246569136   0.0100213115298202   0.0222951993696039   0
0.696496365022998   0.618034471669057   0.0154461345656555   -0.0137397749000797   0
0.605941037878571   0.650890585318493   -0.0905553271444273   0.032856113649436   0
0.692961828981222   0.628861248757029   0.0870207911026505   -0.0220293365614636   0
0.617766840662308   0.688769318388421   -0.0751949883189132   0.0599080696313918   0
0.709131693133229   0.650013058918242   0.0913648524709205   -0.0387562594701788   0
0.667789614280755   0.730225233448557   -0.0413420788524737   0.0802121745303152   0
0.764908387281118   0.702042683048011   0.0971187730003622   -0.0281825504005462   0
0.639256162249853   0.758799962937038   -0.125652225031265   0.0567572798890268   0
0.7996048260641   0.748144478315686   0.160348663814248   -0.0106554846213519   0
0.689954419494571   0.809727536668508   -0.10965040656953   0.0615830583528222   0
0.760789194727423   0.782744097070205   0.0708347752328519   -0.0269834395983036   0
0.753307525210415   0.829062513590652   -0.00748166951700757   0.0463184165204474   0
0.766385853911722   0.86081788294389   0.0130783287013074   0.0317553693532375   0
0.829297336596471   0.870952756159024   0.0629114826847482   0.0101348732151343   0
0.770404648208492   0.930539449288019   -0.0588926883879788   0.0595866931289953   0
0.867007144171834   0.881188816724883   0.0966024959633425   -0.049350632563136   0
0.752583007780776   0.96741098035336   -0.114424136391058   0.0862221636284773   0
0.84148227463744   0.968768706648935   0.0888992668566637   0.0013577262955744   0
0.739114837744609   1.02456401989737   -0.102367436892831   0.0557953132484311   0
0.918110690278683   0.968621472039646   0.178995852534074   -0.0559425478577201   0
0.844886650513547   1.02600359093974   -0.0732240397651365   0.0573821189000984   0
0.883852207559612   1.00382234216332   0.0389655570460655   -0.0221812487764259   0
0.836078155416256   1.09245891484314   -0.0477740521433558   0.0886365726798213   0
1.00098734479013   0.910530392436189   0.164909189373876   -0.181928522406951   0
0.914103086720004   0.953409866961476   -0.0868842580701283   0.0428794745252875   0
0.768755563055644   1.0106526106305   -0.145347523664361   0.0572427436690263   0
0.956326121700124   0.973115917706108   0.18757055864448   -0.0375366929243949   0
0.856173274835182   1.05956122138246   -0.100152846864942   0.0864453036763567   0
0.96154120735567   1.04544766397618   0.105367932520488   -0.0141135574062852   0
0.891213819566326   1.13648716922993   -0.0703273877893443   0.0910395052537465   0
1.0502151315521   1.03705328572138   0.159001311985776   -0.0994338835085504   0
0.89706260194662   1.10840321281844   -0.153152529605482   0.0713499270970692   0
0.992634597062786   1.10637000965952   0.0955719951161662   -0.00203320315892741   0
0.924727437182438   1.17191644769476   -0.0679071598803483   0.0655464380352409   0
1.05330216705796   1.14201939501273   0.128574729875525   -0.0298970526820244   0
0.933852520101541   1.18771986736025   -0.119449646956421   0.0457004723475165   0
1.00509526476946   1.17379350847125   0.0712427446679231   -0.0139263588889986   0
0.957236937401081   1.19744347229295   -0.0478583273683838   0.0236499638216996   0
1.00406363018984   1.23552198452253   0.0468266927887596   0.0380785122295826   0
0.935149822762641   1.2327258650942   -0.0689138074271988   -0.00279611942833125   0
0.985234996322197   1.2614190189054   0.0500851735595556   0.028693153811193   0
0.993181958026322   1.25022315007302   0.00794696170412545   -0.0111958688323772   0
0.908101279325715   1.33463201873569   -0.0850806787006076   0.0844088686626707   0
1.05208553293352   1.30655510850069   0.143984253607801   -0.0280769102349987   0
0.932663914105183   1.34852374974683   -0.119421618828333   0.0419686412461397   0
0.968964082683151   1.34090554648249   0.036300168577968   -0.00761820326434193   0
0.899217299583365   1.36858089907256   -0.0697467830997854   0.0276753525900699   0
0.993670625785024   1.35482013219514   0.0944533262016581   -0.0137607668774204   0
0.938477144783505   1.37222624147997   -0.0551934810015184   0.0174061092848343   0
0.985179088932058   1.39498547574921   0.0467019441485528   0.0227592342692384   0
1.01764773841246   1.35974788372707   0.0324686494804046   -0.0352375920221384   0
0.921826955922856   1.41543996496893   -0.095820782489606   0.0556920812418598   0
1.04451849140453   1.39478469342745   0.122691535481676   -0.0206552715414836   0
0.932147060634211   1.46847115195345   -0.112371430770321   0.0736864585260046   0
1.06322137534805   1.36755369028724   0.131074314713839   -0.100917461666212   0
0.920872766590477   1.4841605133509   -0.142348608757573   0.116606823063657   0
1.08026422326762   1.38514391103542   0.159391456677145   -0.0990166023154775   0
0.933889786086667   1.46017883795864   -0.146374437180956   0.075034926923222   0
1.05458351350474   1.41288028843892   0.120693727418072   -0.0472985495197205   0
0.990276852402902   1.41926356011005   -0.0643066611018366   0.00638327167112718   0
0.997941738833485   1.43231075401927   0.00766488643058283   0.0130471939092212   0
0.978771857418265   1.43153954748969   -0.0191698814152206   -0.000771206529575297   0
1.03388261559908   1.4218234994842   0.0551107581808179   -0.00971604800549364   0
1.0383527211916   1.40526263753635   0.00447010559251715   -0.0165608619478497   0
1.12503562904692   1.40241589337296   0.0866829078553206   -0.00284674416339037   0
1.17751034745347   1.37717905888572   0.0524747184065533   -0.0252368344872402   0
1.19006353671432   1.48757151008349   0.0125531892608481   0.110392451197765   0
1.23732201757384   1.43947899119344   0.0472584808595191   -0.0480925188900441   0
1.10732031399997   1.47748078419548   -0.130001703573867   0.0380017930020382   0
1.20123113093234   1.41894454445458   0.0939108169323712   -0.0585362397409019   0
1.09738211797714   1.48189273703037   -0.103849012955202   0.0629481925757915   0
1.22206784422674   1.41989814217957   0.124685726249601   -0.0619945948507974   0
1.12735952917818   1.46831785035132   -0.0947083150485668   0.0484197081717481   0
1.18079550356783   1.45315332537117   0.0534359743896515   -0.015164524980146   0
1.09927433641926   1.44891202345867   -0.0815211671485703   -0.00424130191250316   0
1.08318491233953   1.48628272835696   -0.0160894240797258   0.0373707048982892   0
1.17824946666655   1.48521584229068   0.0950645543270137   -0.00106688606627769   0
1.08019704283676   1.56611205060334   -0.0980524238297815   0.0808962083126576   0
1.23394009178323   1.40618629865079   0.153743048946464   -0.15992575195255   0
1.16356867319998   1.50520472025011   -0.0703714185832438   0.0990184215993191   0
1.19781111314097   1.49297510857484   0.0342424399409866   -0.0122296116752674   0
