0.137731036749057   0.148165825917188   0   0   0
0.13460816397433   0.12452107498496   -0.00312287277472709   -0.0236447509322283   0
0.162294537197683   0.115751174635509   0.0276863732233531   -0.00876990034945133   0
0.088011543462889   0.104514115118198   -0.0742829937347936   -0.0112370595173103   0
0.12857245313616   0.122797475394499   0.0405609096732707   0.0182833602763004   0
0.0659712563750305   0.111696063204484   -0.0626011967611293   -0.011101412190015   0
0.0925409946060663   0.0854673598857628   0.0265697382310359   -0.0262287033187208   0
0.0273932649142376   0.104140871521632   -0.0651477296918287   0.0186735116358689   0
0.0507545437820458   0.101779102030771   0.0233612788678082   -0.00236176949086114   0
0.0996028432087157   0.0842220650025704   0.0488482994266699   -0.0175570370282002   0
0.0703297036716351   0.078592604040727   -0.0292731395370806   -0.00562946096184337   0
0.109331316268076   0.0576217709336714   0.0390016125964407   -0.0209708331070556   0
0.0787456025142992   0.039125914452093   -0.0305857137537766   -0.0184958564815784   0
0.119926217245438   0.0439414901558311   0.0411806147311389   0.00481557570373808   0
0.0843392441021379   0.0358410980111519   -0.0355869731433001   -0.00810039214467913   0
0.110852570156267   0.0411397267345081   0.0265133260541287   0.00529862872335615   0
0.0607180045288875   0.0347051108714855   -0.0501345656273791   -0.00643461586302261   0
0.0963949214476053   0.0437143836526266   0.0356769169187178   0.00900927278114108   0
0.0402034648801618   0.0471381793349351   -0.0561914565674436   0.00342379568230851   0
0.111273698812882   0.0571275304133427   0.0710702339327204   0.00998935107840766   0
0.0598485920446755   0.0395837460069155   -0.0514251067682066   -0.0175437844064272   0
0.105575107373187   0.0397304452435723   0.0457265153285116   0.000146699236656826   0
0.0506361538185909   0.0391321246823182   -0.0549389535545963   -0.000598320561254112   0
0.108480611067093   0.0206699569214597   0.0578444572485025   -0.0184621677608585   0
0.0701995649017855   0.0615915657074895   -0.0382810461653079   0.0409216087860298   0
0.116758479274355   0.0208914088327379   0.0465589143725695   -0.0407001568747516   0
0.097660131360141   0.0411950354097812   -0.019098347914214   0.0203036265770433   0
0.116177424144194   0.034250261937502   0.0185172927840532   -0.00694477347227915   0
0.0641738003121212   0.0574700455155988   -0.0520036238320731   0.0232197835780968   0
0.110611937866625   0.0495556892992117   0.0464381375545034   -0.00791435621638716   0
0.110234828151087   0.100660214013358   -0.000377109715537879   0.0511045247141462   0
0.113450507161537   0.0836928753611979   0.00321567901045056   -0.01696733865216   0
0.115443036797768   0.110549311174923   0.00199252963623116   0.0268564358137253   0
0.14403588963123   0.107656288778095   0.0285928528334621   -0.00289302239682858   0
0.143440416013998   0.127404350054266   -0.00059547361723214   0.0197480612761716   0
0.162354362655212   0.142715311328892   0.0189139466412134   0.0153109612746256   0
0.149462927199925   0.140694640697336   -0.012891435455287   -0.00202067063155567   0
0.175579196585752   0.150315356884285   0.0261162693858271   0.00962071618694904   0
0.185517079292474   0.138406681363302   0.00993788270672188   -0.0119086755209835   0
0.222485109236174   0.175458446862327   0.0369680299437005   0.0370517654990253   0
0.20340894765258   0.165344293264358   -0.0190761615835943   -0.010114153597969   0
0.247452545540615   0.178876616699256   0.0440435978880348   0.0135323234348979   0
0.247192777043545   0.16014913942791   -0.00025976849706924   -0.0187274772713464   0
0.279275419323721   0.224191314857423   0.0320826422801752   0.0640421754295131   0
0.316665787499581   0.19938489962758   0.0373903681758606   -0.024806415229843   0
0.338375292019822   0.237818951284901   0.021709504520241   0.0384340516573211   0
0.349375674060745   0.216225265750212   0.0110003820409229   -0.0215936855346883   0
0.359442421169135   0.275296825861197   0.0100667471083901   0.0590715601109841   0
0.369642743283417   0.254668757450242   0.0102003221142816   -0.0206280684109549   0
0.383675796617062   0.300119244205532   0.0140330533336449   0.0454504867552908   0
0.421395168196801   0.301038619032094   0.0377193715797391   0.000919374826561181   0
0.457057626317804   0.346750942553874   0.0356624581210034   0.0457123235217803   0
0.490138683706239   0.371958261225638   0.0330810573884351   0.0252073186717642   0
0.509159721729253   0.380514279643025   0.0190210380230134   0.00855601841738662   0
0.524086391663882   0.391523479655116   0.0149266699346294   0.0110092000120913   0
0.548939359675547   0.389962249579687   0.0248529680116651   -0.00156123007542919   0
0.562069218521595   0.420109751047569   0.013129858846048   0.0301475014678817   0
0.554136252313057   0.405131093062789   -0.00793296620853834   -0.0149786579847798   0
0.58547669499583   0.452611644815674   0.0313404426827729   0.0474805517528854   0
0.587373822237798   0.443444472976606   0.00189712724196789   -0.00916717183906801   0
0.594969603653699   0.473285863386495   0.00759578141590167   0.0298413904098888   0
0.631098284311319   0.458471390499178   0.0361286806576192   -0.0148144728873167   0
0.632291707603413   0.511936359469368   0.00119342329209449   0.0534649689701898   0
0.636891853340078   0.490470576572387   0.00460014573666534   -0.0214657828969807   0
0.633920177766065   0.545849130761422   -0.00297167557401301   0.0553785541890348   0
0.654424720602576   0.543984324133288   0.0205045428365107   -0.00186480662813415   0
0.662257041032325   0.590258459369495   0.00783232042974835   0.0462741352362073   0
0.698483870278734   0.60406848535162   0.03622682924641   0.0138100259821246   0
0.740739847559351   0.654031768697248   0.0422559772806161   0.0499632833456278   0
0.752662926066011   0.659184791645901   0.0119230785066606   0.0051530229486535   0
0.734644461888906   0.655393987996724   -0.0180184641771055   -0.00379080364917705   0
0.76900056309967   0.666134318451241   0.0343561012107646   0.0107403304545175   0
0.772081309991305   0.667996668815234   0.00308074689163484   0.00186235036399285   0
0.810316483720503   0.690600149830928   0.0382351737291978   0.0226034810156935   0
0.819147232745182   0.639999767774372   0.00883074902467917   -0.0506003820565559   0
0.805422967596678   0.662665483225134   -0.0137242651485038   0.0226657154507618   0
0.862932401504457   0.741327252667134   0.057509433907779   0.0786617694419999   0
0.85740078359479   0.738453574431054   -0.00553161790966739   -0.00287367823607976   0
0.848303471877865   0.73356554407701   -0.00909731171692474   -0.00488803035404362   0
0.896603215248914   0.779836572248314   0.0482997433710484   0.0462710281713038   0
0.855235521880148   0.688357245018348   -0.0413676933687652   -0.0914793272299661   0
0.973252196994366   0.79610473445835   0.118016675114218   0.107747489440002   0
0.930759899573939   0.832379986548361   -0.0424922974204265   0.0362752520900111   0
0.955327267697745   0.832984505718594   0.0245673681238059   0.000604519170232631   0
0.939090923906498   0.838839186552465   -0.0162363437912474   0.00585468083387075   0
0.941507907275324   0.827092070320016   0.00241698336882601   -0.0117471162324487   0
0.93170382923794   0.85170113132542   -0.00980407803738426   0.0246090610054039   0
0.96290327370481   0.862035349227774   0.0311994444668701   0.010334217902354   0
0.982979864495041   0.886553850380365   0.0200765907902317   0.0245185011525909   0
1.0119830034714   0.896409127088742   0.0290031389763609   0.00985527670837694   0
0.989040843704773   0.922413031370573   -0.0229421597666291   0.0260039042818315   0
1.00366872937539   0.917289320808871   0.0146278856706119   -0.00512371056170213   0
1.00421097334674   0.95341537820944   0.000542243971351386   0.0361260574005693   0
1.02449336780381   0.950334024870992   0.0202823944570771   -0.00308135333844795   0
1.02838400033353   0.954634942412674   0.00389063252971944   0.00430091754168183   0
1.08160767813519   0.957975698674685   0.0532236778016582   0.00334075626201036   0
1.10862852290747   0.980736947982995   0.0270208447722791   0.0227612493083104   0
1.08377907498254   1.01141167290191   -0.024849447924935   0.03067472491892   0
1.0920290580901   1.0210089884171   0.00824998310756886   0.0095973155151805   0
1.09157851918403   1.01671215560723   -0.000450538906073827   -0.00429683280986559   0
1.10360053204712   1.04434656066329   0.0120220128630912   0.0276344050560635   0
1.13507417494585   1.04386626899055   0.0314736428987274   -0.000480291672743993   0
1.11892861674237   1.04419421666901   -0.0161455582034762   0.000327947678457008   0
1.11093627189614   1.05555995225331   -0.00799234484623468   0.0113657355842989   0
1.1012557836965   1.04837237183407   -0.00968048819963485   -0.00718758041923229   0
1.14624916999384   1.07238137075809   0.0449933862973335   0.0240089989240171   0
1.14199747508653   1.05386359556171   -0.00425169490731125   -0.0185177751963828   0
1.1605950646553   1.07163864351469   0.0185975895687789   0.0177750479529803   0
1.18263330189243   1.05163315702589   0.0220382372371291   -0.0200054864887931   0
1.20466601223823   1.09869811985641   0.0220327103457967   0.0470649628305109   0
1.19218218342584   1.07659517892625   -0.0124838288123916   -0.0221029409301527   0
1.17443604777357   1.11157422155754   -0.0177461356522701   0.0349790426312868   0
1.17642305826306   1.14756397732327   0.0019870104894868   0.0359897557657294   0
1.20668008008129   1.2435751734846   0.0302570218182394   0.0960111961613299   0
1.2147201936265   1.19929193820156   0.00804011354520484   -0.0442832352830407   0
1.19844982317325   1.20256668656306   -0.0162703704532474   0.00327474836149921   0
1.21554093556737   1.19002059157857   0.0170911123941191   -0.0125460949844916   0
1.21254193500101   1.20945912743972   -0.00299900056635871   0.0194385358611546   0
1.24422131808051   1.19290932214324   0.0316793830794968   -0.0165498052964781   0
1.21772571322774   1.19260485156704   -0.0264956048527727   -0.000304470576198757   0
1.26772790023451   1.19396869874968   0.0500021870067735   0.00136384718263471   0
1.26728520198651   1.21601810885735   -0.000442698247995921   0.0220494101076694   0
1.29123484415888   1.21811197131309   0.0239496421723631   0.00209386245573739   0
1.28446121486365   1.22699077568864   -0.00677362929522873   0.00887880437555078   0
1.30133571281242   1.25218295737883   0.0168744979487681   0.025192181690197   0
1.29898608442316   1.22086079568885   -0.00234962838926145   -0.0313221616899875   0
1.29122645496297   1.27631423389775   -0.00775962946018072   0.0554534382089045   0
1.31458342071548   1.25571167540562   0.023356965752501   -0.0206025584921254   0
1.28404392759049   1.25654250710034   -0.0305394931249898   0.000830831694712542   0
1.27075070393606   1.22525470793831   -0.0132932236544225   -0.0312877991620242   0
1.17414045092272   1.2273545310163   -0.0966102530133466   0.00209982307799073   0
1.1626154426486   1.19843400857338   -0.0115250082741165   -0.0289205224429279   0
1.10069736331746   1.23293945380957   -0.0619180793311438   0.0345054452361979   0
1.12723939720762   1.23612761146706   0.0265420338901645   0.00318815765748304   0
1.10345736713386   1.21455248813256   -0.0237820300737561   -0.0215751233344934   0
1.15235627589474   1.21393212751331   0.048898908760878   -0.000620360619249416   0
1.1715006453609   1.21307703858164   0.0191443694661551   -0.000855088931674519   0
1.16239062623242   1.21790449165195   -0.00911001912847675   0.00482745307031296   0
1.12995898296221   1.19017408773685   -0.0324316432702072   -0.0277304039150992   0
1.1015256447859   1.22307285419849   -0.0284333381763102   0.0328987664616407   0
1.11145322951395   1.18568441315807   0.00992758472805133   -0.0373884410404224   0
1.14762042724457   1.24327027419624   0.0361671977306113   0.0575858610381714   0
1.17725262627229   1.21873126776209   0.0296321990277222   -0.0245390064341491   0
1.20028430992869   1.23983520639882   0.0230316836564053   0.0211039386367247   0
1.21775660089281   1.2063825289306   0.0174722909641121   -0.033452677468214   0
1.25104909200079   1.25212291940768   0.0332924911079839   0.045740390477071   0
1.39317685052042   1.25426341858967   0.142127758519632   0.00214049918199621   0
1.22735685075735   1.19758701105556   -0.165819999763072   -0.0566764075341073   0
0.988661407668976   1.1124882317418   -0.238695443088374   -0.085098779313763   0
1.11723818250486   1.26459621396762   0.128576774835883   0.152107982225823   0
1.13914730751602   1.27002731224569   0.021909125011162   0.00543109827806099   0
1.17545531542675   1.28389033951395   0.0363080079107292   0.013863027268266   0
1.18859592123858   1.25681672974464   0.0131406058118348   -0.0270736097693161   0
1.25075422363075   1.28803773075559   0.062158302392165   0.0312210010109508   0
1.25644433164108   1.27438651508128   0.00569010801032999   -0.01365121567431   0
1.2780222430357   1.3059512434222   0.0215779113946195   0.0315647283409275   0
1.31923364744536   1.30041551127938   0.0412114044096648   -0.00553573214282799   0
1.31912930678308   1.3180718077199   -0.000104340662287372   0.0176562964405222   0
1.3034836583314   1.2814020238996   -0.0156456484516807   -0.0366697838202945   0
1.28949660260739   1.27571076862822   -0.0139870557240065   -0.00569125527138503   0
1.33562419355933   1.29285420297341   0.0461275909519365   0.0171434343451871   0
1.33871910279341   1.29434838900941   0.00309490923408684   0.00149418603600249   0
1.38355382393241   1.30861729437372   0.0448347211389992   0.0142689053643137   0
1.36007970213844   1.32980707858321   -0.0234741217939676   0.0211897842094837   0
1.37471124987941   1.33587607962902   0.014631547740962   0.00606900104581443   0
1.37942759275759   1.33251226321749   0.00471634287818379   -0.00336381641152905   0
1.38461902890326   1.35173220974052   0.00519143614566731   0.0192199465230332   0
1.3694238863566   1.32097442323839   -0.0151951425466625   -0.0307577865021327   0
1.39174144545781   1.33775960645028   0.0223175591012168   0.0167851832118857   0
1.37025780418796   1.30853712572179   -0.0214836412698554   -0.0292224807284844   0
1.42370678810089   1.36786394502524   0.053448983912936   0.0593268193034429   0
1.43482502993083   1.3365509125731   0.0111182418299354   -0.0313130324521305   0
1.4414953976771   1.37663711174187   0.0066703677462685   0.040086199168766   0
1.43808711577289   1.36046258230427   -0.00340828190420295   -0.0161745294376019   0
1.46637690835099   1.41328614047191   0.0282897925780938   0.0528235581676455   0
1.48671769931618   1.38313902215215   0.0203407909651943   -0.0301471183197668   0
1.46516223618752   1.40129423866831   -0.0215554631286663   0.0181552165161629   0
1.48590537164148   1.38622194956291   0.0207431354539631   -0.0150722891053989   0
1.4731897236697   1.41069382533029   -0.0127156479717807   0.0244718757673759   0
1.497370318463   1.39268918630468   0.0241805947933069   -0.0180046390256046   0
1.46625482144033   1.40433817027809   -0.0311154970226792   0.011648983973402   0
1.48487723554239   1.41366910821628   0.0186224141020614   0.00933093793819051   0
1.40282271234536   1.34753137884327   -0.0820545231970242   -0.0661377293730034   0
