0.503187139758599   0.164723213454032   0   0   0
0.479754458841145   0.127830028521168   -0.023432680917454   -0.0368931849328642   0
0.396328868320947   0.0617947695091915   -0.0834255905201982   -0.066035259011976   0
0.271478347752141   0.103898279370919   -0.124850520568806   0.0421035098617279   0
0.261587458335128   0.0973962275136465   -0.00989088941701288   -0.00650205185727278   0
0.168374449780185   0.0980073789487939   -0.0932130085549432   0.000611151435147395   0
0.0794083812076036   0.0909709971103016   -0.0889660685725812   -0.00703638183849235   0
0.113098348239869   0.067938595857675   0.0336899670322656   -0.0230324012526265   0
0.0918603579858581   0.110185069663782   -0.0212379902540112   0.042246473806107   0
0.0187932296907924   0.121030699218473   -0.0730671282950657   0.010845629554691   0
0.0865485662016442   0.107341397939297   0.0677553365108518   -0.0136893012791761   0
0.074745579109837   0.107212700060359   -0.0118029870918072   -0.000128697878937961   0
0.0747513411501091   0.072353638314704   5.76204027213922e-06   -0.034859061745655   0
0.196751903957461   0.0498855901804569   0.122000562807352   -0.0224680481342471   0
0.126131331204457   0.0883968204490552   -0.0706205727530045   0.0385112302685982   0
0.0474154142992435   0.0449415840810602   -0.0787159169052134   -0.043455236367995   0
0.0781092895214775   0.0338665964044603   0.0306938752222341   -0.0110749876765999   0
0.0949120464217794   0.0311127836658234   0.0168027569003018   -0.00275381273863689   0
0.0786927561579209   0.0685007920979386   -0.0162192902638584   0.0373880084321152   0
0.101451491526295   0.028395959423572   0.0227587353683745   -0.0401048326743665   0
0.0426790514147163   0.0350058724607029   -0.0587724401115791   0.00660991303713089   0
0.0898001338648223   0.0363965681751384   0.0471210824501059   0.0013906957144355   0
0.0739821513281413   0.0243610329115598   -0.015817982536681   -0.0120355352635786   0
0.0649500048613547   0.0419799305626212   -0.0090321464667866   0.0176188976510614   0
0.124831945165691   0.0118287067441638   0.059881940304336   -0.0301512238184575   0
0.101841463625922   0.0901850799623752   -0.0229904815397686   0.0783563732182114   0
0.0829266586948371   0.0272450033250594   -0.018914804931085   -0.0629400766373157   0
0.0730385883113851   0.02935932496738   -0.00988807038345198   0.0021143216423206   0
0.0734076332680737   0.0361786064962776   0.000369044956688602   0.00681928152889756   0
0.077059545657433   0.0309363976470274   0.00365191238935929   -0.00524220884925024   0
0.0780726219450199   0.0563772280669687   0.00101307628758689   0.0254408304199413   0
0.0815760112674063   0.0308718198271498   0.00350338932238643   -0.0255054082398189   0
0.0620793581753227   0.0239591538874498   -0.0194966530920836   -0.00691266593970003   0
0.112347700141881   0.0596273023413981   0.0502683419665583   0.0356681484539483   0
0.0870061798436755   0.0311609551550494   -0.0253415202982055   -0.0284663471863487   0
0.0660711207969783   0.0402917733188178   -0.0209350590466972   0.00913081816376842   0
0.100500410455828   0.0535110309356398   0.0344292896588502   0.013219257616822   0
0.0777621518430399   0.0344202436614908   -0.0227382586127886   -0.019090787274149   0
0.0915953571346277   0.0443744735205287   0.0138332052915878   0.00995422985903784   0
0.0879292286249572   0.0551100663841008   -0.00366612850967052   0.0107355928635722   0
0.073607559703199   0.0347330938916507   -0.0143216689217582   -0.0203769724924501   0
0.0892789985215588   0.0685485479911865   0.0156714388183598   0.0338154540995358   0
0.0598193573841913   0.0622528378690883   -0.0294596411373675   -0.00629571012209816   0
0.119083666592065   0.0618263028711284   0.0592643092078733   -0.00042653499795995   0
0.241924201991146   0.188806872650362   0.122840535399082   0.126980569779234   0
0.162181523602814   0.0623216514519232   -0.0797426783883325   -0.126485221198439   0
0.177731098904103   0.0824969423459591   0.0155495753012892   0.0201752908940359   0
0.132080278485851   0.0928658097479778   -0.0456508204182517   0.0103688674020187   0
0.140843104050145   0.0967066245246876   0.00876282556429395   0.00384081477670981   0
0.102267765655166   0.0792030613518347   -0.0385753383949789   -0.0175035631728528   0
0.100145082518264   0.0793028177687432   -0.00212268313690175   9.97564169085002e-05   0
0.126748085789411   0.103989467363887   0.0266030032711469   0.0246866495951441   0
0.101094075154976   0.0982366887868402   -0.0256540106344351   -0.00575277857704715   0
0.122341199591838   0.115840586291097   0.0212471244368619   0.0176038975042564   0
0.134462356486007   0.0945462717230828   0.0121211568941686   -0.0212943145680139   0
0.115404769324409   0.0947502831959356   -0.0190575871615981   0.000204011472852844   0
0.0701857985935902   0.0952877148890664   -0.0452189707308186   0.000537431693130752   0
0.156409573541008   0.125665310877048   0.0862237749474179   0.0303775959879811   0
0.0608785515475689   0.101290272242082   -0.0955310219934391   -0.0243750386349659   0
0.130753920632079   0.111094081280294   0.0698753690845101   0.00980380903821212   0
0.0731600410870688   0.0909628987138163   -0.0575938795450101   -0.0201311825664774   0
0.125901877155982   0.102941146948159   0.0527418360689132   0.0119782482343429   0
0.247270062270001   0.0717652606109321   0.121368185114019   -0.0311758863372271   0
0.149924155925888   0.034993752247023   -0.0973459063441126   -0.0367715083639091   0
0.1285148393323   0.0590597153287459   -0.021409316593588   0.0240659630817229   0
0.148835908805133   0.0830120482049142   0.0203210694728334   0.0239523328761683   0
0.141019656415267   0.100848537249097   -0.0078162523898663   0.0178364890441828   0
0.147938089402223   0.103752215617041   0.00691843298695544   0.0029036783679442   0
0.181714170179461   0.13146625108158   0.0337760807772381   0.0277140354645387   0
0.121292140869926   0.115153594711639   -0.0604220293095346   -0.0163126563699405   0
0.18768860943395   0.161892033486132   0.0663964685640243   0.046738438774493   0
0.200387137818025   0.21960692123324   0.0126985283840742   0.0577148877471077   0
0.22444822708832   0.333009073068678   0.0240610892702952   0.113402151835438   0
0.212198575136834   0.359304910020448   -0.012249651951486   0.0262958369517705   0
0.227986759225092   0.355204732217003   0.015788184088258   -0.00410017780344574   0
0.238109702466531   0.359972556891664   0.0101229432414393   0.00476782467466175   0
0.247160286452375   0.365278050315321   0.00905058398584371   0.0053054934236571   0
0.226763226145621   0.378184366988014   -0.020397060306754   0.0129063166726929   0
0.142797366337233   0.342812376959555   -0.0839658598083876   -0.0353719900284593   0
0.220291286493338   0.302723661600601   0.0774939201561049   -0.0400887153589543   0
0.128103541990564   0.288458361950304   -0.0921877445027746   -0.0142652996502968   0
0.197358697323934   0.350034629003935   0.0692551553333699   0.0615762670536312   0
0.116796031990496   0.315285443257776   -0.0805626653334378   -0.0347491857461588   0
0.222060448502227   0.341316780492189   0.105264416511731   0.0260313372344127   0
0.116767940965018   0.301599371359346   -0.105292507537208   -0.0397174091328433   0
0.153102927719133   0.308449405825044   0.0363349867541145   0.00685003446569793   0
0.136152576833676   0.322367609709726   -0.016950350885457   0.0139182038846828   0
0.140924151598794   0.339851311104022   0.00477157476511864   0.0174837013942953   0
0.200246703214535   0.344010200543299   0.0593225516157404   0.00415888943927706   0
0.120462250140573   0.305499576705308   -0.0797844530739618   -0.0385106238379905   0
0.140684739863604   0.296651157347941   0.0202224897230312   -0.0088484193573668   0
0.0898955309359147   0.28253184232202   -0.0507892089276895   -0.014119315025921   0
0.0995748845385221   0.282506938782647   0.00967935360260733   -2.49035393729558e-05   0
0.12059397570733   0.294501280424302   0.0210190911688075   0.0119943416416542   0
0.0766065557002141   0.270833423891533   -0.0439874200071155   -0.023667856532769   0
0.148778793069745   0.284805735629157   0.0721722373695309   0.0139723117376239   0
0.0827575192613336   0.25758627965602   -0.0660212738084114   -0.0272194559731364   0
0.116087279905121   0.274057287148528   0.0333297606437878   0.0164710074925076   0
0.0888797483589873   0.298519981566025   -0.0272075315461341   0.0244626944174974   0
0.147259710050645   0.29837844948314   0.0583799616916576   -0.000141532082885532   0
0.0972943047606076   0.297964952273837   -0.0499654052900372   -0.000413497209302616   0
0.109489615029828   0.283769786524914   0.0121953102692206   -0.0141951657489235   0
0.191140573965864   0.27505701388878   0.081650958936036   -0.00871277263613357   0
0.0964685054824112   0.263332873969108   -0.0946720684834531   -0.0117241399196722   0
0.129398405711701   0.331582385695098   0.0329299002292899   0.0682495117259899   0
0.145719072709272   0.310329274134032   0.0163206669975706   -0.021253111561066   0
0.0756369949233336   0.304641748680007   -0.070082077785938   -0.00568752545402479   0
0.177163632654786   0.322907109317107   0.101526637731452   0.0182653606370999   0
0.0658651367779374   0.280395046554161   -0.111298495876849   -0.0425120627629461   0
0.154298153748903   0.230077784939716   0.0884330169709652   -0.0503172616144446   0
0.113038933680613   0.259443664875018   -0.0412592200682897   0.0293658799353017   0
0.0586666252907903   0.30639880506558   -0.0543723083898226   0.0469551401905616   0
0.0990206102334762   0.321811571699628   0.0403539849426858   0.0154127666340481   0
0.14288162385013   0.306695051155431   0.0438610136166537   -0.0151165205441964   0
0.0739380155531645   0.248066627530912   -0.0689436082969653   -0.0586284236245188   0
0.0980406696609116   0.234823960441651   0.0241026541077471   -0.0132426670892615   0
0.084058356892221   0.227656895516896   -0.0139823127686906   -0.00716706492475461   0
0.149291826927967   0.271866767285292   0.0652334700357458   0.0442098717683956   0
0.101382114346121   0.268067849907729   -0.0479097125818456   -0.00379891737756322   0
0.133705582645453   0.259386012431916   0.0323234682993316   -0.0086818374758128   0
0.123445971849105   0.256141391130295   -0.0102596107963479   -0.00324462130162123   0
0.070518319138292   0.236199237592715   -0.0529276527108129   -0.0199421535375791   0
0.106411657819855   0.257235551415624   0.0358933386815634   0.0210363138229083   0
0.0770660945568802   0.244731164772552   -0.0293455632629752   -0.0125043866430717   0
0.0909800544673391   0.227602622916213   0.0139139599104589   -0.0171285418563387   0
0.106050687427522   0.252577208892613   0.015070632960183   0.0249745859763994   0
0.0703490309344315   0.287610736049739   -0.0357016564930906   0.035033527157126   0
0.156453325944992   0.301468648792163   0.0861042950105608   0.0138579127424243   0
0.149611307498631   0.330281683289673   -0.00684201844636098   0.0288130344975102   0
0.166875054339377   0.324195506996477   0.0172637468407456   -0.00608617629319574   0
0.132069510824755   0.325497138592573   -0.0348055435146222   0.00130163159609525   0
0.153182050535955   0.311150749714785   0.0211125397112007   -0.0143463888777882   0
0.207783946310128   0.34887771803326   0.0546018957741722   0.0377269683184757   0
0.12830111743695   0.283374159386243   -0.0794828288731778   -0.065503558647017   0
0.154048401859967   0.30318338091763   0.0257472844230175   0.0198092215313871   0
0.128343552340474   0.281249149460243   -0.0257048495194929   -0.0219342314573877   0
0.127452529783148   0.25280188670942   -0.000891022557326926   -0.0284472627508227   0
0.0584082024997346   0.287376421284176   -0.0690443272834129   0.0345745345747555   0
0.100109968134797   0.272882129575981   0.0417017656350621   -0.0144942917081946   0
0.136094938032243   0.251389674316548   0.0359849698974462   -0.0214924552594332   0
0.187835219103234   0.265868679024984   0.0517402810709914   0.0144790047084362   0
0.406315153131421   0.286864212951899   0.218479934028187   0.0209955339269151   0
0.115137501613723   0.191553440276134   -0.291177651517698   -0.0953107726757649   0
0.0956028935671975   0.227168440448624   -0.0195346080465252   0.0356150001724898   0
0.142131463711664   0.222847829954164   0.0465285701444663   -0.00432061049445992   0
0.11120425129234   0.205147109260343   -0.0309272124193234   -0.0177007206938213   0
0.150148952486256   0.217859217227296   0.0389447011939157   0.0127121079669529   0
0.143124595787726   0.236709099120756   -0.00702435669852994   0.0188498818934605   0
0.153123814215196   0.264176887446276   0.00999921842747029   0.02746778832552   0
0.180409901434289   0.258082078671835   0.0272860872190929   -0.00609480877444163   0
0.111624518418939   0.22509215834647   -0.0687853830153506   -0.0329899203253642   0
0.16520269001684   0.248055466249169   0.0535781715979009   0.0229633079026984   0
0.0961352649159506   0.238075993746897   -0.069067425100889   -0.00997947250227188   0
0.168039276637517   0.261400954923758   0.0719040117215665   0.023324961176861   0
0.137143052491914   0.237663464118436   -0.0308962241456026   -0.0237374908053221   0
0.151591218317058   0.223984771711963   0.0144481658251437   -0.0136786924064732   0
0.147422247796084   0.253102482447091   -0.0041689705209742   0.0291177107351283   0
0.182478206931239   0.232705954194687   0.0350559591351548   -0.0203965282524035   0
0.207015368030226   0.230534010022762   0.0245371610989874   -0.00217194417192529   0
0.19193608912177   0.242658659292642   -0.0150792789084563   0.0121246492698798   0
0.228585136317412   0.246374159594254   0.0366490471956424   0.00371550030161213   0
0.199474202676336   0.259137121095092   -0.0291109336410761   0.0127629615008381   0
0.211795724113774   0.247075344681111   0.0123215214374375   -0.0120617764139808   0
0.222577621484781   0.228589805628991   0.0107818973710073   -0.0184855390521201   0
0.248019929408013   0.231719545613334   0.0254423079232315   0.00312973998434277   0
0.373649870219555   0.124529046680574   0.125629940811542   -0.10719049893276   0
0.367392528003088   0.128883663994492   -0.00625734221646634   0.0043546173139179   0
0.266514644932882   0.153125635264805   -0.100877883070207   0.0242419712703131   0
0.215180950486422   0.176430418151385   -0.0513336944464597   0.0233047828865801   0
0.207438196264164   0.158320808612016   -0.00774275422225759   -0.0181096095393692   0
0.228865932901157   0.167293748924078   0.0214277366369926   0.00897294031206247   0
0.216626093849588   0.17071795872286   -0.0122398390515692   0.00342420979878144   0
0.254912901137875   0.165318863808255   0.0382868072882873   -0.00539909491460416   0
0.201067348981515   0.17238608368717   -0.05384555215636   0.00706721987891465   0
0.263624514044785   0.151337471872468   0.0625571650632696   -0.0210486118147022   0
0.231402398366914   0.169799321997321   -0.0322221156778707   0.0184618501248534   0
0.285182797444394   0.150239071689924   0.0537803990774795   -0.0195602503073977   0
0.235682898149696   0.197773208354292   -0.0494998992946975   0.047534136664368   0
0.171201095880517   0.227860839934158   -0.064481802269179   0.0300876315798665   0
0.200720459620438   0.241362000085043   0.0295193637399213   0.0135011601508854   0
0.148623276434783   0.243016850927564   -0.0520971831856551   0.00165485084252082   0
0.198682565404617   0.225544279913058   0.0500592889698339   -0.0174725710145059   0
0.24826910341299   0.229770527075385   0.049586538008373   0.0042262471623262   0
0.220006689141603   0.223443021129549   -0.028262414271387   -0.00632750594583573   0
0.217387868546154   0.245382340078193   -0.00261882059544896   0.0219393189486443   0
0.24874412329036   0.223769970320528   0.0313562547442062   -0.021612369757665   0
0.247412964823915   0.218968079591524   -0.00133115846644496   -0.00480189072900405   0
0.31730974577526   0.197251995074828   0.0698967809513444   -0.0217160845166959   0
0.319986786146241   0.182659400555405   0.00267704037098099   -0.0145925945194227   0
0.172936755744347   0.232350032766132   -0.147050030401894   0.0496906322107264   0
0.13543525722167   0.239723294298948   -0.0375014985226769   0.00737326153281617   0
0.132973703341901   0.224740111342351   -0.0024615538797689   -0.0149831829565966   0
0.196680397619793   0.206920566125633   0.0637066942778919   -0.0178195452167182   0
0.115453012185432   0.21024782799428   -0.0812273854343609   0.00332726186864724   0
0.16927713655497   0.180423242345713   0.0538241243695378   -0.029824585648567   0
0.138383865841181   0.191965737569   -0.0308932707137891   0.0115424952232862   0
0.183738954541627   0.215080264808861   0.0453550887004457   0.023114527239862   0
0.152327040752323   0.23833798841194   -0.0314119137893034   0.0232577236030784   0
0.145628580111083   0.230305421128661   -0.00669846064124083   -0.00803256728327864   0
0.201231741743816   0.215974207721663   0.0556031616327338   -0.0143312134069983   0
0.159559631786144   0.22687491138125   -0.0416721099576719   0.010900703659587   0
0.229319763579461   0.21115621262705   0.0697601317933168   -0.0157186987541998   0
0.20306319969283   0.192218275742709   -0.0262565638866316   -0.0189379368843414   0
0.153056079620674   0.240311985445483   -0.0500071200721559   0.0480937097027742   0
0.103733322185496   0.241994335934749   -0.0493227574351773   0.00168235048926571   0
0.159693710254631   0.232370087249844   0.0559603880691344   -0.00962424868490491   0
0.171913103800408   0.215106123265355   0.0122193935457776   -0.017263963984489   0
0.181687288215109   0.234257846729837   0.00977418441470035   0.0191517234644827   0
0.207707010964965   0.227528727918586   0.026019722749856   -0.00672911881125129   0
0.224563041775021   0.213798575030915   0.0168560308100566   -0.0137301528876707   0
0.268291453558961   0.192391439852453   0.0437284117839394   -0.0214071351784626   0
0.157708784800093   0.176317568491267   -0.110582668758868   -0.0160738713611863   0
0.193382267273941   0.161375186791093   0.0356734824738479   -0.0149423817001741   0
0.16527646875584   0.17956267599204   -0.0281057985181016   0.018187489200948   0
0.207257265903997   0.165740306615266   0.0419807971481572   -0.0138223693767741   0
0.182486884896532   0.178368440787664   -0.024770381007465   0.0126281341723979   0
0.203046575457455   0.169255348239494   0.0205596905609234   -0.00911309254816992   0
0.211736547576889   0.16801689707702   0.00868997211943348   -0.00123845116247415   0
0.156651022367618   0.165373109586595   -0.0550855252092705   -0.00264378749042507   0
0.201834467529706   0.179120831701459   0.045183445162088   0.0137477221148642   0
0.192537468326453   0.186674601857624   -0.00929699920325286   0.0075537701561649   0
0.219619534229563   0.171460824882595   0.0270820659031093   -0.0152137769750289   0
0.207478817365171   0.196678175056798   -0.0121407168643915   0.0252173501742028   0
0.195934840791524   0.200117697566332   -0.0115439765736467   0.00343952250953419   0
0.240631869854016   0.199693559567003   0.0446970290624915   -0.000424137999329666   0
0.200373535263517   0.20686897539143   -0.0402583345904985   0.00717541582442729   0
0.247175563555542   0.223520127535531   0.0468020282920251   0.0166511521441011   0
0.205045486399969   0.231349117466439   -0.0421300771555732   0.00782898993090766   0
0.253569100566295   0.210957703533789   0.0485236141663261   -0.0203914139326496   0
0.25050860336723   0.19207606377878   -0.0030604971990657   -0.0188816397550089   0
0.252957925374952   0.19578269257585   0.00244932200772274   0.00370662879707037   0
0.345211048895542   0.135582393836688   0.0922531235205891   -0.060200298739162   0
0.207838901655705   0.137966582748233   -0.137372147239836   0.00238418891154443   0
0.21601238111312   0.142405931896551   0.00817347945741498   0.00443934914831767   0
0.209985938764504   0.143194029183482   -0.00602644234861652   0.000788097286931799   0
0.238338539061563   0.173402781812497   0.0283526002970587   0.0302087526290148   0
0.399399203647641   0.228115273124138   0.161060664586079   0.0547124913116407   0
0.19836076295248   0.218672483841703   -0.201038440695161   -0.00944278928243447   0
0.345456404580954   0.151433627387587   0.147095641628474   -0.0672388564541165   0
0.327320713276276   0.15365407559637   -0.0181356913046785   0.00222044820878317   0
0.248747121393676   0.153361203706976   -0.0785735918826002   -0.000292871889394364   0
0.288416844694706   0.132199939722509   0.0396697233010302   -0.0211612639844667   0
