0.196787930921335   0.105297247139099   0   0   0
0.161477056868801   0.123703684005813   -0.0353108740525342   0.0184064368667139   0
0.125812187407141   0.110545421337792   -0.0356648694616598   -0.0131582626680207   0
0.105129462904221   0.123139873307593   -0.0206827245029201   0.0125944519698006   0
0.121184013056385   0.125661127441023   0.0160545501521635   0.00252125413342975   0
0.0800643895128096   0.101007171628999   -0.041119623543575   -0.0246539558120238   0
0.108617727568507   0.092330163970097   0.0285533380556974   -0.0086770076589017   0
0.0798831959973435   0.043405571443825   -0.0287345315711635   -0.048924592526272   0
0.118390681014892   0.0605242059133453   0.0385074850175489   0.0171186344695203   0
0.107899710062539   0.0158693340837762   -0.0104909709523533   -0.0446548718295692   0
0.125997306639666   0.052614148945412   0.0180975965771268   0.0367448148616359   0
0.112262143889292   0.0269292148312014   -0.0137351627503744   -0.0256849341142106   0
0.0693163914983318   0.0449404442825446   -0.0429457523909598   0.0180112294513432   0
0.0904141389549223   0.0394714638685342   0.0210977474565906   -0.00546898041401045   0
0.0849489072097458   0.02586108687744   -0.00546523174517652   -0.0136103769910942   0
0.105478078414711   0.0418480472787877   0.0205291712049656   0.0159869604013477   0
0.0785419686038617   0.0282774719790331   -0.0269361098108496   -0.0135705752997547   0
0.0857076211694736   0.0297491781955821   0.00716565256561187   0.00147170621654908   0
0.098361947945026   0.0200269555696192   0.0126543267755524   -0.00972222262596298   0
0.0626024941380134   0.0384398483513203   -0.0357594538070126   0.0184128927817011   0
0.0647873027136491   0.0391638474643708   0.00218480857563567   0.000723999113050482   0
0.0793286457086594   0.0327881384801348   0.0145413429950103   -0.00637570898423591   0
0.0999117203798434   0.0209982658498863   0.020583074671184   -0.0117898726302486   0
0.0674628524274181   0.0383530970356372   -0.0324488679524252   0.0173548311857509   0
0.107872826089428   0.0470861563441422   0.0404099736620099   0.008733059308505   0
0.085599405532576   0.0200719500050444   -0.0222734205568521   -0.0270142063390978   0
0.0874015492460517   0.0341825259855822   0.0018021437134757   0.0141105759805378   0
0.105727101598213   0.0497425548348192   0.0183255523521615   0.0155600288492371   0
0.0513511371961995   0.0578542596268296   -0.0543759644020137   0.0081117047920103   0
0.0687238093613123   0.0498781199075807   0.0173726721651129   -0.00797613971924883   0
0.0617540656251878   0.0644629627219763   -0.00696974373612453   0.0145848428143955   0
0.0806713587527197   0.0384746065311918   0.0189172931275319   -0.0259883561907845   0
0.0686449290197754   0.0253729609880523   -0.0120264297329443   -0.0131016455431395   0
0.0748661415550341   0.0504699289556167   0.0062212125352587   0.0250969679675644   0
0.105831000299959   0.0157184612843727   0.0309648587449253   -0.034751467671244   0
0.116446875400115   0.0550146504915054   0.010615875100156   0.0392961892071327   0
0.0717971203380748   0.0680402888059898   -0.0446497550620406   0.0130256383144844   0
0.0836460850912342   0.0560388039449275   0.0118489647531594   -0.0120014848610623   0
0.0851848726414497   0.068806155208673   0.00153878755021543   0.0127673512637455   0
0.0919716002309409   0.0348317295539513   0.00678672758949118   -0.0339744256547217   0
0.105991339724604   0.0539244442873777   0.0140197394936631   0.0190927147334264   0
0.132206346388212   0.02577940698425   0.0262150066636085   -0.0281450373031276   0
0.0701911837446442   0.0748532350173491   -0.0620151626435682   0.0490738280330991   0
0.105775350889609   0.0709514628718288   0.0355841671449653   -0.00390177214552032   0
0.0573629292412931   0.0662293056536908   -0.0484124216483163   -0.00472215721813801   0
0.107900253111381   0.0665796237217138   0.0505373238700875   0.000350318068023048   0
0.112233039927688   0.0386054320629559   0.00433278681630735   -0.027974191658758   0
0.102064084024597   0.051588815971439   -0.0101689559030909   0.0129833839084831   0
0.122433374394607   0.0841027073044768   0.0203692903700099   0.0325138913330378   0
0.0902239954701076   0.0613885968202768   -0.0322093789244993   -0.0227141104842   0
0.140910131862297   0.0784393585518935   0.0506861363921896   0.0170507617316167   0
0.11721946123733   0.0633191778038455   -0.0236906706249669   -0.015120180748048   0
0.0805364023140468   0.0584062778578853   -0.0366830589232836   -0.0049128999459602   0
0.150480944333327   0.0432250483950972   0.0699445420192807   -0.015181229462788   0
0.151984921565003   0.0676127975728153   0.00150397723167517   0.0243877491777181   0
0.032457843589185   0.0888856260352224   -0.119527077975818   0.0212728284624071   0
0.0749685761978977   0.0708002462241128   0.0425107326087127   -0.0180853798111096   0
0.14895614856571   0.0948109484405488   0.0739875723678127   0.024010702216436   0
0.121378315855241   0.0859705875158039   -0.0275778327104698   -0.00884036092474486   0
0.157614184698071   0.103557130246161   0.0362358688428302   0.0175865427303572   0
0.153831928584608   0.090211245478151   -0.00378225611346264   -0.0133458847680101   0
0.202701848224861   0.097123321645016   0.0488699196402523   0.00691207616686493   0
0.214304774536656   0.110916272604242   0.0116029263117953   0.0137929509592261   0
0.182897267697935   0.101098018339135   -0.0314075068387211   -0.00981825426510738   0
0.219231215157628   0.133987679068562   0.0363339474596928   0.0328896607294275   0
0.208128692115359   0.134643600131514   -0.0111025230422684   0.000655921062951759   0
0.159128954423669   0.112978193869625   -0.0489997376916906   -0.0216654062618892   0
0.251523710830848   0.122785618791657   0.0923947564071793   0.00980742492203183   0
0.24886586174793   0.11462955089437   -0.0026578490829175   -0.00815606789728637   0
0.261493120639779   0.135286148939202   0.0126272588918486   0.0206565980448321   0
0.223578430219196   0.12557581806154   -0.0379146904205828   -0.00971033087766218   0
0.229849805832526   0.131363874188549   0.00627137561332999   0.00578805612700922   0
0.264545912910217   0.147042259455828   0.0346961070776905   0.0156783852672786   0
0.250253897186837   0.146579994518607   -0.0142920157233797   -0.000462264937220402   0
0.273436633218978   0.156261908778099   0.0231827360321412   0.00968191425949172   0
0.283119204827807   0.151766329708355   0.00968257160882924   -0.0044955790697446   0
0.287427554035907   0.166986074099713   0.00430834920809986   0.0152197443913589   0
0.315815129297901   0.190338790869524   0.0283875752619938   0.0233527167698108   0
0.337817948614946   0.195457613166243   0.0220028193170444   0.00511882229671878   0
0.305079032586502   0.169357897493304   -0.0327389160284433   -0.026099715672939   0
0.331093518746547   0.172125091437376   0.0260144861600446   0.00276719394407177   0
0.291129841239609   0.171228619965253   -0.0399636775069378   -0.000896471472122989   0
0.272455216501813   0.180067892464301   -0.0186746247377957   0.00883927249904795   0
0.284010557798068   0.176388701670388   0.0115553412962551   -0.00367919079391324   0
0.239212795529942   0.159110577326093   -0.0447977622681262   -0.017278124344295   0
0.266646278491   0.17364893632943   0.0274334829610578   0.0145383590033376   0
0.286867907543843   0.17448037716469   0.020221629052843   0.000831440835259906   0
0.226317753495699   0.167551541366303   -0.0605501540481441   -0.00692883579838663   0
0.308361220182219   0.180188217754831   0.0820434666865203   0.0126366763885278   0
0.288544079934697   0.174627915732838   -0.019817140247522   -0.00556030202199378   0
0.27827415096232   0.185388449649274   -0.0102699289723775   0.0107605339164365   0
0.316858743086395   0.191849056803278   0.038584592124075   0.00646060715400401   0
0.128557732696248   0.139815824068511   -0.188301010390147   -0.0520332327347674   0
0.24469735206475   0.186210598701511   0.116139619368501   0.0463947746329999   0
0.31368294728654   0.182478475433148   0.06898559522179   -0.00373212326836228   0
0.292356771352675   0.193359728488522   -0.0213261759338651   0.0108812530553739   0
0.362565489519314   0.238675141937831   0.0702087181666398   0.0453154134493085   0
0.352217176434796   0.211453485518459   -0.0103483130845186   -0.027221656419372   0
0.430161352282152   0.235987285310726   0.0779441758473567   0.0245337997922676   0
0.373872707480233   0.227985378739131   -0.0562886448019193   -0.00800190657159522   0
0.435490057906997   0.256144471345206   0.0616173504267643   0.0281590926060749   0
0.426288612530584   0.243387591446462   -0.00920144537641382   -0.0127568798987435   0
0.506427463345078   0.291519090952467   0.0801388508144941   0.0481314995060042   0
0.485713048632606   0.268296483323776   -0.020714414712472   -0.0232226076286906   0
0.436707453202164   0.281076272251968   -0.049005595430442   0.012779788928192   0
0.461394385897802   0.264171917023635   0.0246869326956385   -0.0169043552283327   0
0.402161347138347   0.254465546771808   -0.0592330387594553   -0.00970637025182775   0
0.494579629647896   0.280295538944192   0.0924182825095491   0.0258299921723842   0
0.485274729793712   0.2572463365865   -0.00930489985418431   -0.0230492023576916   0
0.4982159967936   0.287610104995244   0.0129412669998877   0.0303637684087433   0
0.539717937990799   0.267441216464427   0.0415019411971995   -0.0201688885308166   0
0.526630628370065   0.284200724159233   -0.0130873096207336   0.0167595076948062   0
0.560047219216738   0.28244252022828   0.033416590846672   -0.00175820393095277   0
0.477094000157642   0.279022785168299   -0.0829532190590956   -0.00341973505998089   0
0.501375480186945   0.308011505112366   0.0242814800293034   0.0289887199440665   0
0.49824672146815   0.278307624319138   -0.00312875871879553   -0.0297038807932278   0
0.506137941466355   0.28496715606008   0.00789121999820569   0.00665953174094192   0
0.551698445083526   0.294999916416175   0.0455605036171701   0.0100327603560946   0
0.506195622530865   0.308977854044218   -0.0455028225526606   0.0139779376280433   0
0.534146215865815   0.290631388906326   0.0279505933349502   -0.0183464651378921   0
0.489513387238654   0.263511087908545   -0.0446328286271616   -0.0271203009977808   0
0.560368131437906   0.281145234428702   0.0708547441992521   0.0176341465201573   0
0.469348084461256   0.251742148652394   -0.0910200469766501   -0.0294030857763083   0
0.455228194391263   0.259102235705643   -0.0141198900699921   0.00736008705324886   0
0.496180841332724   0.241170894551393   0.0409526469414607   -0.0179313411542504   0
0.434451624180196   0.233819931434861   -0.0617292171525285   -0.00735096311653147   0
0.478714968489695   0.252429535890272   0.0442633443094996   0.0186096044554109   0
0.462865025982402   0.238547557250672   -0.015849942507293   -0.0138819786396003   0
0.452573093650308   0.229696173175295   -0.0102919323320948   -0.008851384075377   0
0.507866083592486   0.239689775680833   0.0552929899421785   0.00999360250553841   0
0.405276015197001   0.215975934003714   -0.102590068395485   -0.0237138416771189   0
0.399744969750387   0.20552968548838   -0.00553104544661398   -0.010446248515334   0
0.437619386593978   0.198023152177037   0.0378744168435912   -0.00750653331134288   0
0.375922822105229   0.184124654679326   -0.061696564488749   -0.0138984974977109   0
0.381884597879896   0.187222815254558   0.00596177577466672   0.00309816057523191   0
0.439644590573898   0.188205500133531   0.0577599926940013   0.00098268487897249   0
0.403982481607804   0.170659778299788   -0.0356621089660932   -0.0175457218337431   0
0.450533541345192   0.211658300703546   0.0465510597373879   0.0409985224037577   0
0.526175020679897   0.200077256132387   0.0756414793347047   -0.011581044571158   0
0.407572388626475   0.177577040296919   -0.118602632053422   -0.0225002158354681   0
0.452782944401498   0.200407081599952   0.0452105557750234   0.0228300413030331   0
0.366341956151626   0.154903586834553   -0.0864409882498718   -0.045503494765399   0
0.369743798379702   0.150290709094749   0.00340184222807621   -0.00461287773980432   0
0.420968727739116   0.161207958908548   0.0512249293594137   0.0109172498137986   0
0.356751090862299   0.156710765329037   -0.0642176368768175   -0.00449719357951067   0
0.411391906085232   0.182969077377039   0.054640815222933   0.0262583120480023   0
0.365550750956745   0.155199994658505   -0.0458411551284869   -0.0277690827185343   0
0.359791962677691   0.195671893595765   -0.00575878827905385   0.0404718989372603   0
0.473315950372148   0.262853450678054   0.113523987694457   0.0671815570822883   0
0.492536831601496   0.266952456207093   0.0192208812293472   0.00409900552903952   0
0.590018325762082   0.323510284668432   0.0974814941605861   0.0565578284613389   0
0.569880147074067   0.300673184351798   -0.0201381786880149   -0.0228371003166346   0
0.51566338564999   0.286590371527464   -0.0542167614240771   -0.0140828128243333   0
0.545249259587035   0.297165416077056   0.0295858739370454   0.0105750445495921   0
0.656627011395358   0.296212010872702   0.111377751808323   -0.00095340520435383   0
0.640328555219186   0.322621621306214   -0.0162984561761723   0.0264096104335113   0
0.657185152589443   0.330937107758109   0.0168565973702575   0.00831548645189567   0
0.604283291306561   0.306399844672774   -0.0529018612828824   -0.0245372630853354   0
0.609042105990218   0.311557816879548   0.00475881468365702   0.00515797220677405   0
0.678980617079965   0.326852428911351   0.0699385110897469   0.0152946120318033   0
0.598082980014722   0.316345684084278   -0.0808976370652432   -0.0105067448270731   0
0.652163984615833   0.336117303184841   0.054081004601111   0.0197716191005623   0
0.565732295073385   0.209866345147334   -0.0864316895424473   -0.126250958037506   0
0.386681534943377   0.280271605315273   -0.179050760130008   0.0704052601679385   0
0.467277692909142   0.309226691930855   0.0805961579657641   0.0289550866155825   0
