0.481255230583772   0.0900946573640191   0   0   0
0.243008829195813   0.101962228458986   -0.238246401387959   0.0118675710949671   0
0.400025444824626   0.0642459897068494   0.157016615628813   -0.0377162387521368   0
0.0810768956354398   0.19947325110882   -0.318948549189186   0.135227261401971   0
0.421486249624599   0.0593075597776416   0.340409353989159   -0.140165691331179   1
0.220434883585629   0.0835294357304807   -0.20105136603897   0.0242218759528391   1
0.311791403074636   0.0775269980475932   0.0913565194890063   -0.00600243768288743   1
0.347105146711569   0.0779083706141651   0.0353137436369335   0.000381372566571822   1
0.233558534482836   0.0850422045502261   -0.113546612228733   0.00713383393606105   1
0.307612255649803   0.0812990259838778   0.0740537211669676   -0.00374317856634833   1
0.111301129324369   0.125961214173143   -0.196311126325434   0.0446621881892656   1
0.288145129161834   0.119277159606658   0.176843999837465   -0.00668405456648566   1
0.132605777793654   0.0829654859850318   -0.15553935136818   -0.0363116736216259   0
0.424631355425433   0.12259272786178   0.292025577631778   0.0396272418767484   1
0.154686081164693   0.0642939752405698   -0.26994527426074   -0.0582987526212104   1
0.432904534113703   0.130189276844149   0.27821845294901   0.0658953016035793   1
0.197433775412516   0.0847817117071394   -0.235470758701187   -0.0454075651370097   1
0.352233514803404   0.136276812646484   0.154799739390888   0.051495100939345   1
0.196128443257932   0.115434888024375   -0.156105071545472   -0.0208419246221093   1
0.33888080939286   0.124287083364912   0.142752366134928   0.00885219534053672   1
0.129203637383357   0.0884330607439039   -0.209677172009503   -0.0358540226210078   1
0.250493763365957   0.121869276192218   0.1212901259826   0.0334362154483136   1
0.20998626190113   0.106606447012247   -0.0405075014648268   -0.0152628291799707   0
0.357339750351122   0.126206057822366   0.147353488449992   0.0195996108101196   0
0.299854821274203   0.109572873010214   -0.0574849290769191   -0.0166331848121523   0
0.310652195858487   0.148609045907146   0.010797374584284   0.0390361728969315   0
0.364683616670397   0.151172246920276   0.0540314208119094   0.00256320101313073   0
0.0965597642612077   0.148241510586104   -0.268123852409189   -0.00293073633417229   0
0.363221556494228   0.131018191512744   0.266661792233021   -0.01722331907336   0
0.201024746130843   0.090475543606546   -0.162196810363385   -0.040542647906198   0
0.525777542898981   0.154809776642473   0.324752796768138   0.0643342330359274   1
0.283993537245568   0.0841816394593411   -0.241784005653413   -0.0706281371831323   0
0.298279560043678   0.128916114305414   0.0142860227981094   0.0447344748460727   0
0.434642780344934   0.177407696226221   0.136363220301257   0.0484915819208069   0
0.240148066699276   0.143072258688267   -0.194494713645658   -0.0343354375379533   0
0.400408743606593   0.140350595304803   0.160260676907316   -0.00272166338346472   0
0.23917081671638   0.119941213180041   -0.161237926890213   -0.0204093821247619   1
0.377009002310464   0.19344010414044   0.137838185594085   0.0734988909603987   1
0.279136154302752   0.170383403001811   -0.0978728480077118   -0.0230567011386286   0
0.387454473781961   0.168575406064193   0.108318319479208   -0.00180799693761841   0
0.462639736301898   0.176569261284099   0.0751852625199376   0.0079938552199067   0
0.313202717263429   0.163506784493479   -0.149437019038469   -0.0130624767906205   0
0.451465793622926   0.205543593405415   0.138263076359497   0.0420368089119365   0
0.254952326226532   0.182086888651805   -0.196513467396394   -0.0234567047536098   1
0.463393039590639   0.260343276040471   0.208440713364107   0.0782563873886658   0
0.199239268090705   0.157967075166829   -0.264153771499934   -0.102376200873643   1
0.251179533413553   0.161677196327683   0.0519402653228472   0.00371012116085384   0
0.356858460507011   0.198019337065991   0.105678927093458   0.0363421407383084   0
0.280807944099468   0.176380033588655   -0.0760505164075424   -0.0216393034773361   1
0.461804874185018   0.327977938192941   0.18099693008555   0.151597904604286   0
0.310018974894778   0.260841803176873   -0.15178589929024   -0.067136135016068   0
0.347410294325154   0.305565684772216   0.0373913194303758   0.0447238815953429   0
0.310705048466916   0.271296558784944   -0.0367052458582373   -0.0342691259872719   0
0.0995591293277518   0.272512043529919   -0.211145919139165   0.00121548474497524   1
0.341257135210753   0.289129792812372   0.241698005883001   0.0166177492824526   1
0.145167591157875   0.264089394768822   -0.196089544052878   -0.0250403980435501   0
0.298824428643727   0.273735864621212   0.153656837485852   0.00964646985239048   0
0.220592770656565   0.272180162331373   -0.0782316579871619   -0.00155570228983914   0
0.212038253943693   0.289094689309757   -0.00855451671287238   0.0169145269783842   0
0.31481312379067   0.353956238392266   0.102774869846977   0.0648615490825087   0
0.0737856532684369   0.30456144809183   -0.241027470522233   -0.0493947903004359   0
0.342901149122367   0.323122227031018   0.26911549585393   0.0185607789391884   0
0.0805995494455149   0.24497731584312   -0.262301599676852   -0.0781449111878979   0
0.461168325675398   0.322025466937787   0.380568776229883   0.0770481510946669   0
0.117281647589254   0.232398134276337   -0.343886678086144   -0.08962733266145   0
0.420291864140016   0.270022908832811   0.303010216550762   0.0376247745564736   0
0.167703064106478   0.216903290036412   -0.252588800033538   -0.0531196187963986   1
0.424743387571143   0.336758979700215   0.257040323464664   0.119855689663803   1
0.230413932428792   0.277405838552192   -0.194329455142351   -0.059353141148023   0
0.364306656200913   0.319547663982284   0.133892723772121   0.0421418254300922   0
0.196974565229245   0.240131109957587   -0.167332090971668   -0.0794165540246979   0
0.24095637036528   0.262669589834415   0.0439818051360353   0.0225384798768288   0
0.397263097064779   0.280877400492804   0.156306726699499   0.0182078106583886   0
0.412782665472159   0.314655420174482   0.0155195684073796   0.0337780196816783   0
0.525262044316977   0.310482912358671   0.112479378844818   -0.0041725078158108   0
0.441401823350202   0.328959289836102   -0.0838602209667755   0.0184763774774304   0
0.458120281169149   0.296604500575994   0.0167184578189473   -0.0323547892601075   1
0.23707999929161   0.25553924283681   -0.221040281877539   -0.0410652577391847   0
0.532533145023181   0.320159636597171   0.295453145731571   0.0646203937603611   1
0.267286671812659   0.241831441321166   -0.265246473210522   -0.0783281952760049   0
0.647723197803846   0.379927243330187   0.380436525991187   0.138095802009021   1
0.292896233763461   0.234780377497056   -0.354826964040385   -0.145146865833131   1
0.674974532441195   0.382801629908246   0.382078298677734   0.148021252411191   1
0.368505766463932   0.247167055936688   -0.306468765977263   -0.135634573971558   0
0.614666952612014   0.32818056191786   0.246161186148082   0.081013505981172   1
0.378001869870111   0.265665236695587   -0.236665082741904   -0.0625153252222728   0
0.515285787007404   0.367431500464335   0.137283917137294   0.101766263768747   0
0.335996473150136   0.303289242818835   -0.179289313857268   -0.0641422576454994   0
0.507842482336295   0.384953571874223   0.171846009186159   0.0816643290553874   0
0.319170681019388   0.244733777530243   -0.188671801316907   -0.14021979434398   0
0.431730073227474   0.299500202844209   0.112559392208086   0.0547664253139661   0
0.47538997455589   0.282357983535923   0.0436599013284165   -0.0171422193082863   0
0.393087421530033   0.321387704019775   -0.0823025530258571   0.0390297204838521   1
0.519887269195784   0.384853163924986   0.126799847665751   0.0634654599052115   1
0.182673136662099   0.315924942011643   -0.337214132533685   -0.0689282219133435   1
0.448856814934518   0.34442826459215   0.266183678272419   0.0285033225805069   1
0.352365485034587   0.312794408114136   -0.0964913298999305   -0.0316338564780141   0
0.458359236535155   0.378627196779897   0.105993751500567   0.0658327886657609   0
0.537853847546013   0.386397482489224   0.0794946110108585   0.00777028570932725   0
0.372603609151669   0.366311321164761   -0.165250238394344   -0.0200861613244631   0
0.547708437776277   0.401347546180988   0.175104828624608   0.0350362250162268   0
0.349296622340225   0.327115552645162   -0.198411815436052   -0.0742319935358252   0
0.174991515003385   0.305409586337855   -0.17430510733684   -0.0217059663073069   0
0.541141091773079   0.376891115940334   0.366149576769694   0.0714815296024781   1
0.366070493781853   0.337667645278327   -0.175070597991226   -0.0392234706620067   0
0.688512343676343   0.581674580917036   0.322441849894489   0.24400693563871   0
0.265236754333275   0.361593359758655   -0.423275589343068   -0.220081221158381   1
0.535643213047143   0.424464227449923   0.270406458713868   0.0628708676912675   0
0.265052639129461   0.438343968730554   -0.270590573917682   0.0138797412806306   0
0.550167136107905   0.510832455493051   0.285114496978445   0.0724884867624976   0
0.38038248717416   0.451882884667377   -0.169784648933745   -0.0589495708256741   0
0.259699031231096   0.414937277146923   -0.120683455943064   -0.0369456075204539   1
0.631386967906972   0.476342947580512   0.371687936675876   0.0614056704335885   1
0.255371316251023   0.406141712164304   -0.376015651655949   -0.0702012354162074   0
0.455873528648604   0.423738359255806   0.200502212397581   0.0175966470915017   0
0.1877349664868   0.346315909788173   -0.268138562161804   -0.0774224494676328   0
0.632209662016993   0.485569959170728   0.444474695530192   0.139254049382555   1
0.36682917215265   0.414621378652934   -0.265380489864343   -0.0709485805177936   0
0.465772438612548   0.420104577174616   0.0989432664598985   0.00548319852168117   0
0.290154484360676   0.385490763650665   -0.175617954251872   -0.034613813523951   0
0.570321762191274   0.468074034896457   0.280167277830598   0.0825832712457929   0
0.306329473287639   0.36164201686509   -0.263992288903635   -0.106432018031367   0
0.625427707050151   0.538049092268772   0.319098233762512   0.176407075403682   1
0.331052062379937   0.427191175048198   -0.294375644670214   -0.110857917220575   0
0.539846560589618   0.521504466705703   0.208794498209681   0.0943132916575054   0
0.403444280930056   0.427858795029166   -0.136402279659562   -0.0936456716765371   0
0.456825321633926   0.488697703715385   0.05338104070387   0.0608389086862187   0
0.404079504807733   0.463651079342872   -0.0527458168261933   -0.025046624372513   1
0.362448988829232   0.440852910922748   -0.041630515978501   -0.0227981684201242   0
0.62703305392206   0.573096192753165   0.264584065092828   0.132243281830417   1
0.296518709449792   0.475671679493755   -0.330514344472268   -0.0974245132594093   1
0.509511972986721   0.526847322809759   0.212993263536929   0.051175643316003   1
0.350267531211901   0.441897816146233   -0.159244441774819   -0.0849495066635256   0
0.62416518053771   0.529226298035635   0.273897649325808   0.0873284818894017   0
0.564741732612864   0.48865431689187   -0.0594234479248456   -0.0405719811437647   0
0.572785988522485   0.556905823460134   0.00804425590962043   0.0682515065682641   0
0.497689109561481   0.48926029601002   -0.075096878961004   -0.067645527450114   0
0.647867613849855   0.62208993056101   0.150178504288374   0.13282963455099   0
0.449216627967677   0.509083932248085   -0.198650985882178   -0.113005998312925   0
0.502089287008446   0.569674524615111   0.0528726590407697   0.0605905923670261   0
0.583557620752055   0.603246008866499   0.0814683337436083   0.033571484251388   0
0.479323710503859   0.552077354580552   -0.104233910248196   -0.0511686542859472   0
0.462923244187201   0.496356180867945   -0.0164004663166581   -0.0557211737126062   0
0.690146197522218   0.592205256616665   0.227222953335018   0.0958490757487195   0
0.487140684263981   0.525741227814654   -0.203005513258237   -0.0664640288020107   0
0.509676085986358   0.570083837509326   0.0225354017223768   0.0443426096946723   0
0.636501977487659   0.609692658013242   0.126825891501301   0.039608820503916   0
0.399813278788833   0.53024063440009   -0.236688698698826   -0.0794520236131524   0
0.608384685346666   0.610622621275481   0.208571406557834   0.0803819868753913   0
0.457884468233032   0.555113279605064   -0.150500217113635   -0.0555093416704174   0
0.606302019455362   0.593358521632866   0.14841755122233   0.0382452420278018   0
0.489335998793452   0.556603891715915   -0.11696602066191   -0.0367546299169503   0
0.703374028692274   0.653332612069457   0.214038029898822   0.0967287203535419   0
0.465971904147022   0.549192680993859   -0.237402124545252   -0.104139931075598   1
0.709218959841522   0.680943699403446   0.243247055694499   0.131751018409587   1
0.440080503787614   0.49656340870049   -0.269138456053908   -0.184380290702956   1
0.701204980974044   0.612123986813333   0.261124477186431   0.115560578112843   1
0.584599685699191   0.534395493776379   -0.116605295274853   -0.0777284930369543   0
0.68427562170477   0.63362342794439   0.0996759360055792   0.0992279341680113   0
0.66246282727184   0.636844283540726   -0.0218127944329302   0.00322085559633511   0
0.378957916222221   0.512169247926445   -0.283504911049619   -0.124675035614281   0
0.773079790680005   0.659887708490998   0.394121874457783   0.147718460564553   0
0.498151876475859   0.527945095947012   -0.274927914204145   -0.131942612543985   0
0.819960333965589   0.70237108258847   0.321808457489729   0.174425986641458   1
0.594893841502575   0.569918875843966   -0.225066492463014   -0.132452206744504   0
0.651111526649506   0.633849962758735   0.0562176851469312   0.0639310869147691   0
0.519700562140595   0.538408562246646   -0.131410964508911   -0.0954414005120895   0
0.814812583021298   0.731237080748269   0.295112020880704   0.192828518501623   1
0.504496358532468   0.578774709222423   -0.310316224488831   -0.152462371525846   1
0.437556182386514   0.566714651696292   -0.0669401761459539   -0.0120600575261305   0
0.688363245339443   0.616070341889017   0.250807062952929   0.0493556901927245   1
0.708361080260971   0.582438091976306   0.0199978349215283   -0.0336322499127106   0
0.779097201855815   0.711217388675221   0.0707361215948435   0.128779296698915   0
0.700228704478083   0.59206492625767   -0.0788684973777314   -0.119152462417551   0
0.68315313141784   0.610025794209966   -0.0170755730602437   0.0179608679522963   0
0.777051019212188   0.713512684694533   0.0938978877943482   0.103486890484567   0
0.76117708094833   0.740174255573983   -0.0158739382638582   0.0266615708794502   0
0.852180454223529   0.743087705842655   0.0910033732751994   0.00291345026867185   0
0.792733237897705   0.750905102081814   -0.0594472163258237   0.00781739623915934   0
0.815964455966907   0.7051764880576   0.0232312180692014   -0.0457286140242147   0
0.780849563670704   0.695480510030655   -0.0351148922962027   -0.00969597802694455   0
0.896191024330345   0.718275019228185   0.115341460659641   0.0227945091975303   0
0.802104726340719   0.704352393103055   -0.0940862979896256   -0.0139226261251308   0
0.947815126478434   0.744115265415917   0.145710400137715   0.0397628723128621   0
0.827586288733785   0.72377705969518   -0.120228837744649   -0.0203382057207369   0
0.824512947787965   0.793273218545162   -0.0030733409458199   0.0694961588499819   0
0.556220188943524   0.657560727702012   -0.268292758844441   -0.13571249084315   1
0.957884936966982   0.824078016042171   0.401664748023458   0.166517288340158   1
0.704622958949004   0.691138124766859   -0.253261978017978   -0.132939891275312   0
0.858062039620434   0.777514533899689   0.15343908067143   0.08637640913283   0
0.848311341072586   0.729416812037192   -0.00975069854784816   -0.0480977218624967   0
0.613163696460171   0.665503451660846   -0.235147644612416   -0.063913360376346   0
0.970646479829572   0.800823387448506   0.357482783369402   0.13531993578766   1
0.680906747538351   0.670226365582741   -0.289739732291221   -0.130597021865765   0
1.02456805886677   0.806461693743106   0.343661311328418   0.136235328160365   1
0.758520015685018   0.710116141610828   -0.266048043181752   -0.0963455521322781   1
0.829469232240238   0.790745555111915   0.0709492165552201   0.0806294135010863   0
0.830401809406973   0.729885291885821   0.000932577166734783   -0.0608602632260937   0
0.695963697615623   0.667924148719935   -0.13443811179135   -0.0619611431658857   0
0.921355062117645   0.753565045421429   0.225391364502022   0.0856408967014936   0
0.669657418180976   0.66685547123271   -0.25169764393667   -0.0867095741887184   0
1.04330565761154   0.829873015534606   0.373648239430566   0.163017544301896   0
0.662291817769448   0.698270429600524   -0.381013839842093   -0.131602585934082   0
0.96513575425626   0.791153055104542   0.302843936486812   0.0928826255040178   0
0.810845863337293   0.76688241216695   -0.154289890918967   -0.0242706429375915   0
1.01319221594126   0.761642384055995   0.202346352603963   -0.00524002811095481   0
0.906482997027563   0.744146494494196   -0.106709218913693   -0.0174958895617996   0
1.04693780419575   0.782436636448761   0.140454807168183   0.0382901419545649   0
0.733629034489843   0.67860068155175   -0.313308769705902   -0.10383595489701   1
0.997718609153808   0.78203647951758   0.264089574663965   0.103435797965829   1
0.687025010180576   0.644486823620352   -0.310693598973233   -0.137549655897228   1
0.998068293714233   0.798511389067338   0.311043283533657   0.154024565446987   1
0.753337211312338   0.664580550604101   -0.244731082401895   -0.133930838463238   0
1.08481943242827   0.87220914170599   0.331482221115935   0.207628591101889   1
0.703545489664208   0.726887889245996   -0.381273942764065   -0.145321252459994   1
1.04915570533423   0.811816794997184   0.345610215670024   0.0849289057511876   1
0.843649858954993   0.709951771790345   -0.205505846379239   -0.101865023206839   1
0.942943644296668   0.82208847320179   0.0992937853416743   0.112136701411445   0
0.972862105511565   0.825749027182897   0.0299184612148979   0.00366055398110676   1
0.874601016961934   0.834569210322607   -0.098261088549631   0.00882018313971034   0
1.07260760490967   0.859395261503256   0.198006587947731   0.0248260511806492   0
0.832731342402302   0.766863483424038   -0.239876262507364   -0.0925317780792181   1
1.18969411404258   0.879325963627965   0.356962771640278   0.112462480203927   1
0.814297857843584   0.779864996817398   -0.375396256198996   -0.0994609668105676   1
1.10110457306482   0.928692177296789   0.286806715221232   0.148827180479391   0
0.884990108599011   0.838572736440912   -0.216114464465804   -0.0901194408558764   0
1.12916114272145   0.91070929021903   0.244171034122438   0.072136553778118   0
0.794486664282252   0.77502717101241   -0.334674478439198   -0.13568211920662   1
0.971589086952144   0.823039026235239   0.177102422669892   0.0480118552228284   0
0.807286957004044   0.736963007170306   -0.164302129948099   -0.086076019064933   0
1.12836755987671   0.822101956639199   0.321080602872665   0.0851389494688938   0
0.873360479459369   0.79751852037821   -0.25500708041734   -0.0245834362609891   0
0.900277947666305   0.78644132506262   0.0269174682069355   -0.01107719531559   0
0.767729513386382   0.745454393332349   -0.132548434279923   -0.0409869317302716   0
0.997771479586308   0.826279024664187   0.230041966199926   0.0808246313318381   0
0.65358794059371   0.70530546606311   -0.344183538992598   -0.120973558601077   1
0.938745037663241   0.823530226615575   0.285157097069531   0.118224760552465   1
0.672351117561036   0.721384578547566   -0.266393920102206   -0.102145648068009   0
0.922437775872069   0.837408547855376   0.250086658311034   0.11602396930781   0
0.70400586624117   0.776995444793758   -0.218431909630899   -0.0604131030616181   0
0.874489778394516   0.82354214267228   0.170483912153346   0.0465466978785218   0
0.883523799241661   0.814808060832887   0.00903402084714522   -0.00873408183939273   0
0.745441980671923   0.806755201086116   -0.138081818569738   -0.00805285974677084   0
0.948729803391276   0.857730995576848   0.203287822719353   0.0509757944907311   0
0.680691974472149   0.748167126699643   -0.268037828919128   -0.109563868877204   0
