0.646111542394779   0.19930820147874   0   0   0
0.438847358274708   0.160110806249572   -0.207264184120071   -0.0391973952291675   0
0.275547483083477   0.0892642060588677   -0.163299875191231   -0.0708466001907046   0
0.161744442506381   0.068063740286826   -0.113803040577096   -0.0212004657720418   0
0.0969036809649664   0.0561574338330421   -0.0648407615414146   -0.0119063064537839   0
0.107813380104929   0.0432037767548741   0.010909699139963   -0.012953657078168   0
0.113224022176745   0.0277674590190568   0.00541064207181535   -0.0154363177358173   0
0.132643254786551   0.0284768890735961   0.0194192326098066   0.000709430054539256   0
0.138361548260707   0.0292903725735949   0.00571829347415573   0.00081348349999881   0
0.09838220044876   0.0397051237116827   -0.0399793478119471   0.0104147511380878   0
0.123054802577429   0.037601280874792   0.0246726021286689   -0.00210384283689065   0
0.0795227221092186   0.0455207010836004   -0.0435320804682103   0.0079194202088084   0
0.0907904861810421   0.03902468437406   0.0112677640718235   -0.00649601670954045   0
0.0947588391025344   0.0482247849344608   0.00396835292149228   0.00920010056040085   0
0.0774434258134679   0.0520395197363023   -0.0173154132890665   0.00381473480184152   0
0.0815597146278112   0.0286521158658992   0.00411628881434332   -0.0233874038704032   0
0.0613259739364162   0.0439728150451984   -0.020233740691395   0.0153206991792992   0
0.0703674168742181   0.0525717399332807   0.00904144293780193   0.00859892488808232   0
0.0745437241884922   0.0543905616298913   0.00417630731427408   0.00181882169661057   0
0.0872262490687866   0.0330988919247307   0.0126825248802944   -0.0212916697051606   0
0.0329680696593173   0.0463848944304609   -0.0542581794094693   0.0132860025057302   0
0.0582478902927823   0.0307339205538848   0.0252798206334649   -0.0156509738765761   0
0.0902313841423642   0.0338636519526837   0.031983493849582   0.00312973139879896   0
0.0478565816140267   0.0491472873873982   -0.0423748025283375   0.0152836354347144   0
0.0879278060166407   0.0539961579640857   0.040071224402614   0.00484887057668757   0
0.0929507775500023   0.0456383727949781   0.00502297153336152   -0.0083577851691076   0
0.0831824188967837   0.0593322985101285   -0.00976835865321854   0.0136939257151504   0
0.116128969968566   0.0497414373753162   0.0329465510717818   -0.00959086113481237   0
0.114612936484718   0.0670881161214116   -0.00151603348384756   0.0173466787460954   0
0.121465641998509   0.0661947031349563   0.00685270551379119   -0.000893412986455205   0
0.285759929332386   0.0859592669420377   0.164294287333876   0.0197645638070814   0
0.112367893493724   0.065677547565911   -0.173392035838662   -0.0202817193761267   0
0.0770378069582072   0.0605372316316372   -0.0353300865355168   -0.00514031593427375   0
0.0880917554542172   0.0692507141388628   0.01105394849601   0.0087134825072256   0
0.115056528405302   0.067617150264356   0.026964772951085   -0.00163356387450683   0
0.043102803891428   0.0622197470247389   -0.0719537245138742   -0.00539740323961715   0
0.110191962695003   0.0660398245823874   0.0670891588035749   0.00382007755764854   0
0.038923024200172   0.0832182488915442   -0.0712689384948308   0.0171784243091568   0
0.114888201296937   0.0619875722653743   0.0759651770967654   -0.0212306766261699   0
0.0602895693678799   0.0943814776032618   -0.0545986319290575   0.0323939053378875   0
0.106252455466533   0.0799247955939989   0.0459628860986532   -0.0144566820092629   0
0.130236517657614   0.0629465486571543   0.0239840621910813   -0.0169782469368445   0
0.116440977715899   0.105464432630982   -0.0137955399417157   0.0425178839738279   0
0.115485505329717   0.103106240589307   -0.000955472386182044   -0.00235819204167557   0
0.151590421944528   0.0792440296836298   0.0361049166148113   -0.0238622109056769   0
0.15174158202444   0.0965662461199694   0.000151160079912616   0.0173222164363396   0
0.135211866602196   0.078854500558653   -0.0165297154222447   -0.0177117455613164   0
0.145042765251656   0.0732784286145145   0.00983089864945985   -0.00557607194413842   0
0.126128252103325   0.0787832549551299   -0.0189145131483303   0.00550482634061537   0
0.141552609186302   0.0801138651846233   0.0154243570829768   0.00133061022949338   0
0.101436871631868   0.0842387226465656   -0.0401157375544345   0.0041248574619423   0
0.133811595201014   0.081573639198089   0.0323747235691462   -0.0026650834484766   0
0.168051755522785   0.064238408949261   0.0342401603217715   -0.017335230248828   0
0.278424068924743   0.0792865529178971   0.110372313401958   0.0150481439686361   0
0.198475678586093   0.0849666382194359   -0.0799483903386502   0.00568008530153874   0
0.279396820629745   0.0966403475964491   0.0809211420436524   0.0116737093770132   0
0.242973353303402   0.103815102145187   -0.0364234673263428   0.00717475454873798   0
0.332817107662887   0.112439154804821   0.089843754359485   0.00862405265963392   0
0.271708669680524   0.102788399467851   -0.0611084379823636   -0.00965075533697006   0
0.255579652093511   0.123025439598331   -0.016129017587013   0.0202370401304797   0
0.28534688877794   0.111458296872115   0.0297672366844291   -0.0115671427262157   0
0.193264013004724   0.107997485665929   -0.0920828757732162   -0.00346081120618563   0
0.21235687464005   0.124639549265321   0.0190928616353265   0.0166420635993922   0
0.199778707658474   0.13441736994093   -0.0125781669815762   0.00977782067560878   0
0.121184044092694   0.165632374841462   -0.07859466356578   0.0312150049005315   0
0.2090886662183   0.155246272601188   0.0879046221256059   -0.0103861022402734   0
0.235425595040216   0.136666428869565   0.0263369288219166   -0.0185798437316229   0
0.268282731163438   0.127445258175657   0.0328571361232216   -0.00922117069390796   0
0.237072639997301   0.135205809156569   -0.0312100911661368   0.0077605509809113   0
0.264044847018627   0.127899142207063   0.0269722070213255   -0.00730666694950588   0
0.118710679902309   0.287587272790544   -0.145334167116318   0.159688130583481   0
0.319599738703351   0.167257528977024   0.200889058801042   -0.12032974381352   0
0.255815929905978   0.221431789212841   -0.0637838087973731   0.054174260235817   0
0.331954937122496   0.214081297674505   0.0761390072165181   -0.00735049153833597   0
0.269275962109506   0.22806064387351   -0.0626789750129898   0.0139793461990051   0
0.241285521142484   0.235204054921466   -0.027990440967022   0.00714341104795591   0
0.3236141672737   0.203816200369966   0.0823286461312158   -0.0313878545515003   0
0.225359417616859   0.254573350568161   -0.0982547496568403   0.0507571501981957   0
0.210968267761197   0.257292316347088   -0.0143911498556625   0.00271896577892655   0
0.270309925393057   0.240595090571794   0.0593416576318602   -0.0166972257752935   0
0.191332060800066   0.275729629039028   -0.0789778645929913   0.0351345384672336   0
0.205809427309368   0.263547379120434   0.0144773665093023   -0.0121822499185936   0
0.204204179291439   0.247141014108343   -0.00160524801792936   -0.0164063650120918   0
0.347878225988937   0.186858072345698   0.143674046697499   -0.0602829417626449   0
0.24925361337441   0.19296286779974   -0.0986246126145268   0.00610479545404247   0
0.358543156964751   0.103717602865907   0.109289543590341   -0.0892452649338332   0
0.278674733448531   0.179678903746378   -0.0798684235162196   0.0759613008804705   0
0.195110625563653   0.196792681965692   -0.0835641078848783   0.0171137782193145   0
0.324123601019734   0.0864231350149513   0.129012975456081   -0.110369546950741   0
0.412751106924609   0.0916635608603771   0.0886275059048746   0.00524042584542578   0
0.439280758056724   0.0866334661753759   0.0265296511321149   -0.00503009468500117   0
0.480307736698681   0.0826230234524403   0.0410269786419576   -0.00401044272293558   0
0.408715366264458   0.123152452932331   -0.0715923704342236   0.0405294294798907   0
0.494939298491047   0.0906797702037919   0.0862239322265894   -0.0324726827285391   0
0.4315354789423   0.109688817462173   -0.0634038195487476   0.0190090472583816   0
0.449116252153449   0.105403206408783   0.0175807732111489   -0.00428561105339048   0
0.409682680853621   0.115359182991646   -0.0394335712998275   0.00995597658286276   0
0.333175809781022   0.141782575878526   -0.0765068710725987   0.0264233928868804   0
0.398893620565797   0.140890385807549   0.0657178107847745   -0.0008921900709771   0
0.420134483717345   0.139088823704495   0.0212408631515481   -0.00180156210305429   0
0.395770518003565   0.185142398281701   -0.0243639657137802   0.0460535745772063   0
0.419633838074636   0.172403306491639   0.0238633200710714   -0.012739091790062   0
0.3468416944337   0.197051220491019   -0.0727921436409364   0.0246479139993795   0
0.322261242861766   0.211425481561471   -0.0245804515719341   0.0143742610704527   0
0.423008381924046   0.187180795847891   0.100747139062281   -0.0242446857135798   0
0.375294541531861   0.171123437141147   -0.0477138403921851   -0.0160573587067447   0
0.406847005293587   0.181077486840579   0.0315524637617256   0.00995404969943212   0
0.396734949629964   0.192779628029649   -0.0101120556636231   0.0117021411890706   0
0.423673797661597   0.253617506401865   0.0269388480316333   0.0608378783722155   0
0.373217862188685   0.222834199360175   -0.0504559354729124   -0.0307833070416904   0
0.223801083672175   0.279658727186369   -0.14941677851651   0.0568245278261945   0
0.320220633881641   0.253348187876389   0.0964195502094658   -0.0263105393099802   0
0.300609360874225   0.284164379439524   -0.0196112730074162   0.0308161915631356   0
0.300958632503478   0.304676345216526   0.000349271629253189   0.0205119657770021   0
0.356113949139542   0.290166884007721   0.0551553166360635   -0.0145094612088059   0
0.438295556868391   0.265517860283372   0.0821816077288494   -0.0246490237243491   0
0.458230702229357   0.233980455835787   0.0199351453609665   -0.0315374044475849   0
0.502231019969147   0.221452311180556   0.0440003177397897   -0.0125281446552302   0
0.505450605204742   0.243639438922232   0.00321958523559474   0.0221871277416755   0
0.452935009552408   0.238259279058282   -0.0525155956523338   -0.0053801598639496   0
0.495609738859609   0.230375137527772   0.0426747293072011   -0.00788414153051012   0
0.41719473278704   0.261153362232085   -0.0784150060725688   0.0307782247043125   0
0.482170593738617   0.266415946685578   0.0649758609515762   0.00526258445349276   0
0.402213749633649   0.281979887053248   -0.0799568441049671   0.0155639403676704   0
0.421094729626103   0.277113376797517   0.0188809799924531   -0.00486651025573132   0
0.483825580034561   0.284377397071326   0.0627308504084587   0.00726402027380912   0
0.379704400608368   0.318977630571679   -0.104121179426193   0.0346002335003531   0
0.40049603261176   0.31087849849401   0.0207916320033921   -0.00809913207766921   0
0.364317012834276   0.323019393931467   -0.0361790197774842   0.0121408954374577   0
0.293023000637987   0.34092353305388   -0.0712940121962884   0.0179041391224126   0
0.402108204124823   0.26752258681252   0.109085203486835   -0.0734009462413596   0
0.344016715828766   0.25111154731563   -0.0580914882960565   -0.01641103949689   0
0.607560374244437   0.102502818902714   0.263543658415671   -0.148608728412917   0
0.525856452142607   0.150437387956219   -0.0817039221018298   0.0479345690535056   0
0.477731079397447   0.185361636864335   -0.0481253727451599   0.0349242489081159   0
0.532545369392843   0.151066295174412   0.0548142899953962   -0.0342953416899233   0
0.411393317804483   0.293340012454617   -0.121152051588361   0.142273717280206   0
0.622900704253487   0.251510969881877   0.211507386449004   -0.0418290425727402   0
0.641964118101479   0.305538037351375   0.0190634138479924   0.0540270674694975   0
0.616506098462043   0.282463006299183   -0.0254580196394364   -0.0230750310521913   0
0.685464553919632   0.280626551142836   0.0689584554575891   -0.00183645515634778   0
0.568740325047389   0.334297438743303   -0.116724228872243   0.0536708876004675   0
0.697766898597044   0.30280752760203   0.129026573549654   -0.0314899111412733   0
0.599136989509152   0.349290322615904   -0.0986299090878915   0.0464827950138745   0
0.697070383921133   0.295039597645066   0.097933394411981   -0.0542507249708382   0
0.648648934572933   0.343643714547222   -0.0484214493482003   0.0486041169021558   0
0.569003327075609   0.384461272379033   -0.0796456074973243   0.0408175578318113   0
0.539538838651401   0.402012069091688   -0.0294644884242077   0.0175507967126546   0
0.416786690546024   0.420520525196785   -0.122752148105376   0.0185084561050974   0
0.441037773204382   0.428223632212633   0.0242510826583577   0.00770310701584731   0
0.465865033733035   0.425082320225092   0.0248272605286525   -0.00314131198754064   0
0.488515396688784   0.49365360096793   0.0226503629557493   0.0685712807428379   0
0.505845811958963   0.480029494591084   0.0173304152701789   -0.0136241063768457   0
0.364973531638155   0.50372413163463   -0.140872280320808   0.0236946370435463   0
0.424155407276873   0.505371442307003   0.0591818756387176   0.00164731067237234   0
0.392320334566028   0.553982207435683   -0.0318350727108452   0.0486107651286806   0
0.34497840966804   0.584631346413962   -0.0473419248979878   0.0306491389782791   0
0.461238889806844   0.580660940254253   0.116260480138804   -0.00397040615970989   0
0.367426505705903   0.578097521916034   -0.0938123841009409   -0.00256341833821805   0
0.488980391452674   0.530963830860643   0.121553885746771   -0.0471336910553911   0
0.397779380995609   0.572801111810382   -0.0912010104570645   0.0418372809497389   0
0.452484179597475   0.577920177928977   0.0547047986018658   0.00511906611859425   0
0.441679078089839   0.556293204954671   -0.0108051015076361   -0.0216269729743052   0
0.574869147901757   0.452784376814242   0.133190069811918   -0.10350882814043   0
0.647668537516599   0.417242289075317   0.0727993896148419   -0.0355420877389252   0
