0.0767861722942354   0.0703424118393732   0   0   0
0.0810880660001828   0.0744036642085758   0.00430189370594744   0.00406125236920253   0
0.0877217495063226   0.0724548940852169   0.00663368350613976   -0.00194877012335887   0
0.0768130709755182   0.0595333351837439   -0.0109086785308043   -0.012921558901473   0
0.0825879492323789   0.0715390249937053   0.00577487825686071   0.0120056898099615   0
0.0680777903149772   0.0725931794473145   -0.0145101589174018   0.00105415445360914   0
0.0591112020140007   0.070836643897509   -0.00896658830097647   -0.00175653554980547   0
0.0563263792575912   0.0691220743656649   -0.0027848227564095   -0.00171456953184417   0
0.060768421295357   0.0636125783324336   0.00444204203776582   -0.00550949603323125   0
0.0519320755004073   0.0588101130665679   -0.00883634579494975   -0.0048024652658657   0
0.0549279707839276   0.0608734724705475   0.0029958952835203   0.00206335940397957   0
0.0670596569249351   0.0557103744127833   0.0121316861410076   -0.00516309805776417   0
0.0645125277402769   0.0615507612101589   -0.00254712918465821   0.0058403867973756   0
0.0642588513321706   0.0610417092331956   -0.000253676408106349   -0.000509051976963257   0
0.0544291997397435   0.0711843727513631   -0.00982965159242703   0.0101426635181674   0
0.0545536438563915   0.0482804140509897   0.000124444116647929   -0.0229039587003734   0
0.0498195032121718   0.0494848347047103   -0.00473414064421964   0.00120442065372063   0
0.0579039438467709   0.0462167352480949   0.00808444063459909   -0.00326809945661537   0
0.0563554814737662   0.0427843634443122   -0.00154846237300478   -0.0034323718037827   0
0.0486211639964532   0.0297963771369944   -0.00773431747731291   -0.0129879863073179   0
0.038917326359348   0.0320918622761675   -0.00970383763710528   0.00229548513917311   0
0.0542589770711723   0.0182632834217755   0.0153416507118243   -0.013828578854392   0
0.0502007934927328   0.0115472413922385   -0.00405818357843953   -0.00671604202953705   0
0.0335078977050426   0.0488919417409774   -0.0166928957876901   0.0373447003487389   0
0.0415801339301595   0.0480040680079824   0.00807223622511687   -0.000887873732994954   0
0.0373570676912683   0.0416339238225873   -0.0042230662388912   -0.00637014418539514   0
0.0510196393708344   0.037655536474269   0.0136625716795662   -0.00397838734831832   0
0.0576360725568632   0.0577110670269793   0.00661643318602877   0.0200555305527104   0
0.0517707784721265   0.0520717119815068   -0.00586529408473668   -0.00563935504547251   0
0.0505229078001257   0.0444803257583058   -0.00124787067200084   -0.00759138622320105   0
0.0593349231796924   0.0513273457435946   0.00881201537956672   0.00684701998528885   0
0.0531578258630844   0.0498735712258005   -0.00617709731660805   -0.00145377451779408   0
0.0524276990246568   0.0434942511675106   -0.000730126838427547   -0.00637932005828989   0
0.0363095459554663   0.0567599355255536   -0.0161181530691906   0.0132656843580429   0
0.0525376796818246   0.0545140798915519   0.0162281337263583   -0.0022458556340017   0
0.0512882783721583   0.0542100056341024   -0.00124940130966626   -0.000304074257449473   0
0.0640722671462467   0.0489122388054871   0.0127839887740884   -0.00529776682861529   0
0.0592939584365895   0.061020166758453   -0.0047783087096572   0.0121079279529659   0
0.0648867366438627   0.0533879116132753   0.00559277820727327   -0.00763225514517769   0
0.072669647952154   0.0648509960402261   0.00778291130829126   0.0114630844269507   0
0.0765420498616283   0.0648538252399919   0.00387240190947434   2.82919976589413e-06   0
0.0692251698816984   0.0625829556790425   -0.00731687997992997   -0.00227086956094943   0
0.0653782468328725   0.0821893822345229   -0.00384692304882589   0.0196064265554803   0
0.0747844289609809   0.087212143695732   0.00940618212810843   0.00502276146120913   0
0.0884632641337635   0.093680773622673   0.0136788351727826   0.006468629926941   0
0.0760118637312624   0.095473211813956   -0.0124514004025011   0.001792438191283   0
0.077221682332231   0.102737864220428   0.00120981860096865   0.00726465240647153   0
0.0812954708468436   0.098477641470412   0.0040737885146126   -0.00426022275001556   0
0.0846786019530908   0.0987428999604529   0.00338313110624723   0.000265258490040915   0
0.0665975975027628   0.101368994659573   -0.018081004450328   0.00262609469911994   0
0.0827203950552704   0.0990615209350074   0.0161227975525076   -0.00230747372456538   0
0.0930295016961824   0.10151774161931   0.010309106640912   0.00245622068430265   0
0.0919053316976224   0.0955940994484623   -0.00112416999855998   -0.00592364217084777   0
0.0893496392455504   0.0954860536084035   -0.00255569245207199   -0.00010804584005876   0
0.101297819406836   0.100567448931535   0.0119481801612858   0.00508139532313154   0
0.0597671989634783   0.104133678249543   -0.0415306204433579   0.00356622931800826   0
0.0842886260294946   0.10070723064764   0.0245214270660164   -0.00342644760190357   0
0.0944360114198498   0.101862140170735   0.0101473853903552   0.00115490952309541   0
0.100388603180341   0.115663649471658   0.00595259176049134   0.0138015093009225   0
0.0999685313606737   0.128775477646542   -0.000420071819667425   0.0131118281748842   0
0.103950684178268   0.116611078284666   0.00398215281759422   -0.0121643993618759   0
0.094756100219722   0.130835185220653   -0.00919458395854593   0.0142241069359867   0
0.104753623692978   0.130348962899557   0.0099975234732558   -0.000486222321096075   0
0.104564942774813   0.136938241848187   -0.000188680918164402   0.00658927894863018   0
0.112774351527375   0.140380608366184   0.00820940875256182   0.00344236651799745   0
0.106083582671213   0.142986418967511   -0.00669076885616261   0.00260581060132639   0
0.105481238613604   0.145202006599332   -0.000602344057608922   0.00221558763182153   0
0.0967470073276171   0.158784152241974   -0.00873423128598656   0.0135821456426422   0
0.109004844323957   0.164403233602391   0.0122578369963394   0.00561908136041711   0
0.108612949264119   0.159320796694821   -0.000391895059837943   -0.00508243690757046   0
0.108647345118093   0.164838080040695   3.43958539743838e-05   0.00551728334587376   0
0.114628562457792   0.153082095755872   0.00598121733969936   -0.0117559842848227   0
0.102600515444417   0.151230634089302   -0.0120280470133756   -0.0018514616665696   0
0.114276163605452   0.171189021761685   0.0116756481610351   0.019958387672382   0
0.128552883834047   0.183555100362943   0.0142767202285952   0.0123660786012583   0
0.133062369410025   0.150717876974573   0.00450948557597808   -0.0328372233883699   0
0.11766172873662   0.151584652110537   -0.0154006406734049   0.000866775135963976   0
0.129850274005718   0.166575798685771   0.0121885452690976   0.0149911465752341   0
0.136243206208823   0.182381196759624   0.00639293220310569   0.0158053980738525   0
0.107963782531227   0.194121169668998   -0.0282794236775969   0.0117399729093747   0
0.0864562164127022   0.195853129281159   -0.0215075661185244   0.00173195961216105   0
0.116246481219906   0.191518980415708   0.029790264807204   -0.00433414886545086   0
0.118742283145516   0.1993447623772   0.00249580192561027   0.007825781961492   0
0.123806540537606   0.200620667179356   0.00506425739209004   0.00127590480215578   0
0.112794116177529   0.206457285171709   -0.0110124243600771   0.0058366179923531   0
0.106798751576833   0.215485392127802   -0.00599536460069681   0.00902810695609249   0
0.119941189895132   0.227190111544214   0.0131424383182989   0.0117047194164124   0
0.124048659713759   0.221704639199933   0.00410746981862758   -0.00548547234428112   0
0.120561555590993   0.233968883075768   -0.00348710412276651   0.0122642438758351   0
0.130226950487102   0.230700034842807   0.00966539489610896   -0.00326884823296089   0
0.109601049547986   0.235552122493563   -0.0206259009391159   0.00485208765075568   0
0.119143695757518   0.239095541013362   0.00954264620953231   0.00354341851979947   0
0.121759842831083   0.242146912005212   0.00261614707356493   0.00305137099184977   0
0.131733593885349   0.244745886548625   0.0099737510542659   0.00259897454341296   0
0.116096708265523   0.243358203544636   -0.0156368856198256   -0.0013876830039892   0
0.121135919805316   0.238109139739999   0.00503921153979302   -0.00524906380463672   0
0.130849716670729   0.245234337162952   0.00971379686541257   0.00712519742295287   0
0.127415050764578   0.26032912437588   -0.00343466590615074   0.0150947872129281   0
0.126818906960792   0.265162662751211   -0.000596143803786114   0.00483353837533085   0
0.13875749950781   0.278246971723076   0.0119385925470185   0.0130843089718654   0
0.131335926105921   0.2816141832765   -0.0074215734018892   0.00336721155342334   0
0.130192768729335   0.282054796615764   -0.00114315737658663   0.000440613339264206   0
0.139864183076762   0.294319320096201   0.00967141434742741   0.012264523480437   0
0.153963048567798   0.299762039448944   0.0140988654910356   0.0054427193527426   0
0.145462613052461   0.313970394273983   -0.00850043551533661   0.014208354825039   0
0.146311627715435   0.316137543554321   0.000849014662973852   0.00216714928033818   0
0.14795699321982   0.336787908067615   0.00164536550438563   0.0206503645132938   0
0.162774530391981   0.350571326587504   0.0148175371721607   0.0137834185198896   0
0.169191252315242   0.351813865677662   0.0064167219232612   0.00124253909015787   0
0.181737765107228   0.358821727472097   0.0125465127919857   0.00700786179443519   0
0.169015584374134   0.36406540931013   -0.0127221807330941   0.00524368183803287   0
0.141750808380376   0.317212511938215   -0.0272647759937582   -0.0468528973719146   0
0.171478363150719   0.343054636716314   0.0297275547703437   0.0258421247780989   0
0.192692761239259   0.348964963298123   0.0212143980885394   0.00591032658180812   0
0.189292941852833   0.36628504157985   -0.00339981938642583   0.0173200782817275   0
0.175641364621834   0.37535542753088   -0.0136515772309991   0.00907038595103027   0
0.175361590179035   0.383442179062571   -0.000279774442798419   0.00808675153169031   0
0.157674326954454   0.373264633605449   -0.0176872632245816   -0.0101775454571218   0
0.186107120372677   0.357089659027327   0.0284327934182229   -0.0161749745781221   0
0.173087156245084   0.365387119776409   -0.0130199641275931   0.00829746074908239   0
0.179348133093963   0.373247689445457   0.00626097684887972   0.00786056966904813   0
0.18244918433605   0.380203293721911   0.00310105124208679   0.00695560427645409   0
0.183744273388969   0.37998602354108   0.00129508905291836   -0.000217270180831008   0
0.196706934235578   0.373822936674173   0.0129626608466095   -0.0061630868669077   0
0.202153542543805   0.387799281333463   0.0054466083082271   0.0139763446592899   0
0.197301611195271   0.359266036851398   -0.00485193134853379   -0.0285332444820646   0
0.205620122208406   0.380627895607209   0.00831851101313513   0.0213618587558113   0
0.191893862724189   0.371541692930689   -0.0137262594842172   -0.00908620267651999   0
0.197586434286998   0.390648809138787   0.00569257156280825   0.0191071162080979   0
0.186636486892274   0.397874959409976   -0.0109499473947234   0.00722615027118884   0
0.190103250420002   0.396598891968006   0.00346676352772796   -0.00127606744197001   0
0.185950754212937   0.396924735420533   -0.00415249620706537   0.000325843452526897   0
0.192636821699825   0.422605534393898   0.00668606748688791   0.0256807989733657   0
0.207756864023406   0.428856778292485   0.0151200423235814   0.00625124389858683   0
0.210487354358878   0.421683495753425   0.00273049033547232   -0.00717328253905991   0
0.204124037479666   0.431831989149901   -0.00636331687921254   0.0101484933964753   0
0.211042058733538   0.423986254778115   0.006918021253872   -0.00784573437178593   0
0.210495128203386   0.418519832351359   -0.000546930530151563   -0.00546642242675538   0
0.212725947807878   0.431199151307785   0.00223081960449173   0.0126793189564253   0
0.2012008666746   0.44733005916483   -0.0115250811332784   0.0161309078570449   0
0.205776632649482   0.445309241602294   0.00457576597488277   -0.00202081756253591   0
0.218256751572179   0.464065703070869   0.012480118922697   0.0187564614685753   0
0.223367220776483   0.492023267051884   0.00511046920430344   0.0279575639810155   0
0.224875973835557   0.506662044813562   0.00150875305907403   0.0146387777616777   0
0.218029137366752   0.498930664669503   -0.0068468364688048   -0.00773138014405866   0
0.231452806827677   0.503789940364692   0.0134236694609251   0.00485927569518857   0
0.224099568149606   0.506683123487116   -0.00735323867807086   0.00289318312242381   0
0.218160668991205   0.499062178090817   -0.00593889915840146   -0.00762094539629926   0
0.241742307201284   0.502089915418882   0.0235816382100793   0.00302773732806533   0
0.21325096246791   0.501600736165987   -0.028491344733374   -0.000489179252895044   0
0.237921596896457   0.52974724593589   0.0246706344285466   0.028146509769903   0
0.21410422628477   0.553794994084219   -0.0238173706116867   0.024047748148329   0
0.21349520725836   0.559190964031519   -0.000609019026410251   0.00539596994730052   0
0.22416261841208   0.57330573634118   0.0106674111537207   0.0141147723096606   0
0.22401410135679   0.577091411271117   -0.00014851705529087   0.00378567492993742   0
0.252072299935475   0.578447329037104   0.0280581985786852   0.00135591776598687   0
0.239056177167544   0.593154529070016   -0.0130161227679312   0.0147072000329118   0
0.246062986481104   0.618601951547764   0.00700680931356043   0.0254474224777482   0
0.248825639143638   0.619450194605063   0.00276265266253406   0.000848243057298359   0
0.242578925244734   0.606699821932766   -0.0062467138989046   -0.0127503726722966   0
0.24935414353006   0.598260195385062   0.00677521828532698   -0.00843962654770414   0
0.247456558586048   0.623588010815234   -0.0018975849440129   0.0253278154301718   0
0.26337627462245   0.627108610953615   0.015919716036402   0.00352060013838129   0
0.265015204522382   0.622859326057379   0.00163892989993247   -0.00424928489623599   0
0.267204485740341   0.62901448670902   0.00218928121795875   0.00615516065164146   0
0.274281611561913   0.637231013696171   0.00707712582157194   0.00821652698715081   0
0.271885315324605   0.637303653854464   -0.00239629623730753   7.26401582924474e-05   0
0.275130370591834   0.654039133215666   0.0032450552672289   0.0167354793612025   0
0.273899445735566   0.652627325827114   -0.00123092485626858   -0.00141180738855218   0
0.275540471794054   0.651948431792155   0.00164102605848865   -0.000678894034959132   0
0.283971728697136   0.6461997210967   0.00843125690308216   -0.00574871069545524   0
0.28574176568057   0.671440861765949   0.00177003698343398   0.0252411406692491   0
0.287997853345889   0.689859811081933   0.00225608766531832   0.0184189493159841   0
0.280708731650959   0.674414213166693   -0.0072891216949299   -0.0154455979152395   0
0.287056311773492   0.683024989078181   0.00634758012253284   0.00861077591148807   0
0.297519042822472   0.700114236747297   0.0104627310489805   0.0170892476691153   0
0.285707739735906   0.704591351012238   -0.0118113030865664   0.0044771142649408   0
0.29088750462342   0.711882603679322   0.00517976488751398   0.00729125266708397   0
0.295218167428497   0.729769113049634   0.00433066280507721   0.0178865093703129   0
0.296210383757896   0.734969795946235   0.000992216329399109   0.00520068289660025   0
0.305623630568711   0.724983368614412   0.00941324681081512   -0.00998642733182287   0
0.299229077178338   0.729727468114809   -0.0063945533903727   0.00474409950039745   0
0.298089051172632   0.70237889885339   -0.00114002600570645   -0.0273485692614197   0
0.259473003023436   0.644308015528481   -0.038616048149196   -0.0580708833249081   0
0.260772213092979   0.638671822309392   0.00129921006954292   -0.00563619321908926   0
0.279458945263092   0.640717370241552   0.0186867321701134   0.00204554793215972   0
0.272986283984452   0.618642977447413   -0.00647266127864005   -0.0220743927941391   0
0.270384508099558   0.62122510918366   -0.00260177588489413   0.002582131736247   0
0.271567329235753   0.58824371610591   0.00118282113619517   -0.0329813930777503   0
