0.14129580559086   0.118869240983538   0   0   0
0.155194155061909   0.12545681171998   0.0138983494710498   0.00658757073644166   0
0.11573415168336   0.1146580039209   -0.0394600033785498   -0.0107988077990805   0
0.134146158919367   0.12282403188962   0.0184120072360071   0.00816602796872096   0
0.117382456585343   0.0919788306611777   -0.0167637023340235   -0.0308452012284428   0
0.105941996980726   0.0871161890756391   -0.0114404596046175   -0.00486264158553859   0
0.102752800814479   0.0701594361011227   -0.00318919616624673   -0.0169567529745163   0
0.0576032410214911   0.0811649547806965   -0.0451495597929879   0.0110055186795737   0
0.053561006964582   0.0768895978748777   -0.00404223405690916   -0.00427535690581873   0
0.0558795712147114   0.100117466526551   0.00231856425012938   0.023227868651673   0
0.0189951466189788   0.0662394675750228   -0.0368844245957326   -0.0338779989515279   0
0.0734304622677128   0.0236797480075274   0.0544353156487341   -0.0425597195674954   0
0.113900745634318   0.0249552973266199   0.0404702833666051   0.00127554931909241   0
0.0855778808890475   0.0388991300681969   -0.0283228647452704   0.013943832741577   0
0.114383289673269   0.0339054156966203   0.0288054087842212   -0.00499371437157661   0
0.0806341052399665   0.0538637157106247   -0.0337491844333022   0.0199583000140044   0
0.106228685753143   0.0468748580442198   0.0255945805131764   -0.00698885766640493   0
0.126647353474757   0.0316274524996877   0.0204186677216138   -0.0152474055445321   0
0.0535733296931412   0.058330737342781   -0.0730740237816156   0.0267032848430933   0
0.0936830088309742   0.0239965378445517   0.0401096791378331   -0.0343341994982293   0
0.053371244738061   0.0255751763554037   -0.0403117640929133   0.00157863851085203   0
0.0935903857240155   0.0175236536451449   0.0402191409859545   -0.0080515227102588   0
0.0699023586789917   0.0534701623485706   -0.0236880270450238   0.0359465087034257   0
0.0768310363649352   0.0222819662673652   0.00692867768594357   -0.0311881960812054   0
0.180989173808053   0.0826327111313257   0.104158137443118   0.0603507448639605   0
0.252867692517005   0.102387224890057   0.0718785187089516   0.0197545137587309   0
0.256479170354672   0.120681512427837   0.00361147783766752   0.0182942875377806   0
0.139890792793557   0.0974363529175585   -0.116588377561115   -0.0232451595102787   0
0.116921796296713   0.089348944960648   -0.0229689964968446   -0.00808740795691049   0
0.124962143888565   0.0902009998539373   0.00804034759185213   0.00085205489328935   0
0.0918486525572368   0.0186600922073017   -0.0331134913313281   -0.0715409076466357   0
0.130020994846734   0.0351979739934875   0.0381723422894971   0.0165378817861859   0
0.0838523262778678   0.0443767767510612   -0.0461686685688661   0.00917880275757366   0
0.122379558904259   0.0231880156946563   0.0385272326263908   -0.0211887610564049   0
0.120300364220105   0.0424748388098766   -0.00207919468415328   0.0192868231152203   0
0.112027287381468   0.0413738554124764   -0.00827307683863743   -0.00110098339740024   0
0.144368555459872   0.0385655807831287   0.0323412680784036   -0.00280827462934768   0
0.15296138764551   0.0584597170392784   0.00859283218563853   0.0198941362561497   0
0.182977277556778   0.0450341805958954   0.0300158899112674   -0.013425536443383   0
0.172976862848214   0.0566620953395654   -0.010000414708563   0.01162791474367   0
0.180924236004577   0.0530552162215519   0.00794737315636285   -0.0036068791180135   0
0.138867979667741   0.0663146915567169   -0.0420562563368368   0.013259475335165   0
0.12824711368409   0.118803474726426   -0.0106208659836502   0.0524887831697089   0
0.239354627054106   0.194173720699043   0.111107513370015   0.0753702459726173   0
0.394846597060175   0.236803788012544   0.155491970006069   0.0426300673135012   0
0.189818444908391   0.182308513488098   -0.205028152151783   -0.0544952745244463   0
0.232923049823863   0.179913023760622   0.0431046049154722   -0.00239548972747636   0
0.179990928359077   0.178442165104944   -0.0529321214647862   -0.00147085865567789   0
0.204724639272029   0.187069551975468   0.0247337109129519   0.00862738687052472   0
0.258875111925983   0.234026179777867   0.0541504726539534   0.0469566278023985   0
0.235947486956314   0.190851623788881   -0.0229276249696685   -0.0431745559889861   0
0.281778434386736   0.21309436982905   0.0458309474304218   0.0222427460401693   0
0.235506967512428   0.230088647323162   -0.0462714668743083   0.016994277494112   0
0.233964720474605   0.213852291191426   -0.00154224703782266   -0.0162363561317361   0
0.238723702989795   0.214637942327096   0.00475898251519039   0.00078565113567039   0
0.229039703933619   0.202512586525727   -0.00968399905617595   -0.0121253558013696   0
0.263651032363539   0.2259682036847   0.0346113284299199   0.023455617158973   0
0.219722718222877   0.217718566130251   -0.0439283141406618   -0.00824963755444882   0
0.251340653896261   0.221576900814531   0.0316179356733834   0.00385833468427993   0
0.204738514638941   0.216108635628178   -0.0466021392573195   -0.00546826518635321   0
0.239636361335253   0.188148533666888   0.0348978466963117   -0.02796010196129   0
0.273318997884962   0.234749515873963   0.0336826365497091   0.0466009822070752   0
0.256593171656788   0.24612935311222   -0.016725826228174   0.0113798372382573   0
0.292143022694365   0.216613504579793   0.0355498510375764   -0.0295158485324273   0
0.251600991860624   0.203785493257377   -0.0405420308337401   -0.0128280113224158   0
0.219984934402881   0.201372003556229   -0.0316160574577431   -0.00241348970114791   0
0.239103386614264   0.183182079206619   0.0191184522113823   -0.0181899243496103   0
0.227723910745973   0.198576480081882   -0.0113794758682903   0.0153944008752629   0
0.221176427905417   0.174755769398   -0.00654748284055653   -0.0238207106838816   0
0.259547591821327   0.197237041502154   0.03837116391591   0.022481272104154   0
0.205307147469347   0.17401755708351   -0.0542404443519802   -0.0232194844186447   0
0.234901981614971   0.180258829730862   0.0295948341456241   0.00624127264735275   0
0.228760348901662   0.188865293312727   -0.00614163271330892   0.00860646358186495   0
0.228308350992687   0.179468467623347   -0.000451997908974627   -0.00939682568937983   0
0.254670949099029   0.197922036629256   0.0263625981063415   0.0184535690059085   0
0.239983910821121   0.194918576078327   -0.0146870382779071   -0.00300346055092904   0
0.267605384052713   0.201848447265492   0.0276214732315915   0.0069298711871649   0
0.234840952968791   0.215722657354553   -0.0327644310839218   0.0138742100890615   0
0.21627793684285   0.199840050571857   -0.0185630161259407   -0.015882606782696   0
0.236882213829996   0.202828824573185   0.0206042769871456   0.00298877400132799   0
0.231594608632757   0.211137412372275   -0.00528760519723886   0.00830858779908941   0
0.221754528875962   0.193633392940945   -0.00984007975679493   -0.0175040194313295   0
0.25055583611331   0.214392134136849   0.028801307237348   0.0207587411959034   0
0.137649857656192   0.190060805257817   -0.112905978457118   -0.0243313288790312   0
0.107640321090751   0.221272988807203   -0.0300095365654412   0.0312121835493854   0
0.404188492065026   0.249079491693771   0.296548170974275   0.027806502886568   0
0.284713043478447   0.228587022701209   -0.11947544858658   -0.0204924689925621   0
0.269011845353713   0.23546853978066   -0.0157011981247339   0.00688151707945098   0
0.232291230938665   0.225214904469178   -0.0367206144150484   -0.0102536353114818   0
0.260821031914606   0.229549697813545   0.0285298009759416   0.00433479334436754   0
0.188342236309225   0.2238834813135   -0.072478795605381   -0.00566621650004498   0
0.283233197568717   0.247531923897076   0.0948909612594921   0.023648442583576   0
0.226942629600523   0.221819893437046   -0.0562905679681946   -0.0257120304600303   0
0.306074153206376   0.235949087821404   0.0791315236058531   0.0141291943843577   0
0.24678857370705   0.218844385190139   -0.0592855794993259   -0.0171047026312646   0
0.281880962047262   0.206437411886394   0.0350923883402122   -0.0124069733037456   0
0.300335195637291   0.212105454035817   0.0184542335900291   0.00566804214942329   0
0.310286882829826   0.242461639323234   0.00995168719253448   0.0303561852874172   0
0.285251252890938   0.283198340150613   -0.0250356299388875   0.0407367008273794   0
0.261038036348135   0.228948066894378   -0.0242132165428037   -0.0542502732562356   0
0.281152414029633   0.231050694189181   0.0201143776814982   0.00210262729480332   0
0.362848879487384   0.286658714312578   0.0816964654577512   0.0556080201233966   0
0.404018776948399   0.339750269512953   0.0411698974610149   0.0530915552003756   0
0.237345231251125   0.309206861416273   -0.166673545697274   -0.0305434080966798   0
0.42797327295205   0.34599059716053   0.190628041700925   0.0367837357442564   0
0.301897618778287   0.316329300269612   -0.126075654173763   -0.0296612968909176   0
0.400544437257591   0.316531082536633   0.0986468184793034   0.000201782267020334   0
0.343568161291177   0.303531500015752   -0.0569762759664139   -0.0129995825208805   0
0.345950024353229   0.288257144712083   0.00238186306205262   -0.0152743553036694   0
0.419100943080542   0.336270800737757   0.073150918727313   0.0480136560256748   0
0.340306194463163   0.305230011002342   -0.0787947486173795   -0.0310407897354151   0
0.406323726510033   0.326660294007643   0.0660175320468701   0.0214302830053011   0
0.338413791246752   0.306536255192844   -0.0679099352632813   -0.0201240388147992   0
0.367202739669791   0.296765084194641   0.0287889484230389   -0.00977117099820296   0
0.15941073047888   0.338715442981667   -0.207792009190911   0.0419503587870259   0
0.368836404744027   0.414007410280978   0.209425674265148   0.0752919672993113   0
0.596300831252615   0.359334548191515   0.227464426508588   -0.0546728620894638   0
0.484114562873293   0.335770812827772   -0.112186268379322   -0.0235637353637431   0
0.44329463864871   0.33290894136776   -0.0408199242245839   -0.00286187146001188   0
0.389862901774457   0.322527641376011   -0.0534317368742524   -0.0103812999917492   0
0.397773061316374   0.300098601981732   0.00791015954191704   -0.0224290393942786   0
0.360314517076137   0.353700463379029   -0.0374585442402369   0.0536018613972972   0
0.371771774349385   0.402165682428589   0.0114572572732477   0.0484652190495595   0
0.35718581479873   0.389228842014788   -0.0145859595506547   -0.0129368404138011   0
0.426253434792917   0.382812173734395   0.0690676199941872   -0.00641666828039278   0
0.402379612665702   0.34186453601589   -0.0238738221272159   -0.0409476377185045   0
0.439590529755817   0.330282448280256   0.0372109170901156   -0.0115820877356343   0
0.451955812955205   0.31450258049088   0.0123652831993876   -0.015779867789376   0
0.318691265511388   0.300997266667822   -0.133264547443817   -0.013505313823058   0
0.542202026016134   0.358368182928427   0.223510760504746   0.0573709162606049   0
0.446980753795955   0.329955317330502   -0.0952212722201787   -0.0284128655979247   0
0.492373636383996   0.344859828484128   0.0453928825880416   0.0149045111536261   0
0.391718591088041   0.317378672896605   -0.100655045295955   -0.0274811555875237   0
0.417041969600183   0.300813266175214   0.0253233785121419   -0.016565406721391   0
0.431413818672977   0.31711383539299   0.0143718490727936   0.0163005692177765   0
0.352386164759628   0.287596940521909   -0.0790276539133482   -0.0295168948710811   0
0.358047163996589   0.317964888285641   0.00566099923696012   0.0303679477637316   0
0.522953601599607   0.32294248037615   0.164906437603018   0.00497759209050924   0
0.427927356725414   0.316240685549428   -0.0950262448741923   -0.00670179482672151   0
0.454460704840364   0.370192100791228   0.0265333481149492   0.0539514152417992   0
0.416564753921884   0.342888516597775   -0.0378959509184792   -0.0273035841934529   0
0.484584272078655   0.344843340947016   0.0680195181567708   0.00195482434924132   0
0.427817831007545   0.31535899145894   -0.0567664410711105   -0.0294843494880758   0
0.467662033940109   0.316710455258822   0.0398442029325648   0.00135146379988121   0
0.420072634284834   0.296966602621827   -0.0475893996552753   -0.0197438526369947   0
0.459862321924726   0.312351703457417   0.0397896876398915   0.0153851008355899   0
0.444584961785709   0.302247516084086   -0.015277360139017   -0.0101041873733306   0
0.436272816376405   0.307211983582591   -0.00831214540930403   0.00496446749850449   0
0.420393251795268   0.322096861917731   -0.0158795645811361   0.0148848783351405   0
0.358935178854066   0.290294146178062   -0.061458072941203   -0.0318027157396693   0
0.37317163891487   0.283631154837581   0.0142364600608043   -0.00666299134048071   0
0.368016663532088   0.297822828066033   -0.00515497538278192   0.014191673228452   0
0.278211734697227   0.23277061104551   -0.0898049288348613   -0.0650522170205234   0
0.3110608284066   0.230347070664031   0.032849093709373   -0.00242354038147899   0
0.287096663362708   0.204576128926373   -0.0239641650438917   -0.0257709417376578   0
0.334318738638743   0.228156689668526   0.0472220752760349   0.0235805607421528   0
0.285942266132518   0.215025289959693   -0.0483764725062244   -0.013131399708833   0
0.376058616478868   0.250202773218544   0.0901163503463492   0.0351774832588508   0
0.201739796834165   0.233261918058864   -0.174318819644703   -0.0169408551596801   0
0.379193281081614   0.269696502788319   0.17745348424745   0.0364345847294558   0
0.387168241550104   0.26938297969109   0.00797496046849033   -0.000313523097229818   0
0.332513176865218   0.266854672764971   -0.0546550646848861   -0.00252830692611811   0
0.390572631602625   0.252185239269669   0.0580594547374069   -0.0146694334953029   0
0.360781385744886   0.277298116981075   -0.0297912458577396   0.0251128777114065   0
0.388137936540607   0.25832901356313   0.0273565507957209   -0.0189691034179447   0
0.472277649705128   0.288047126480238   0.0841397131645218   0.0297181129171081   0
0.392311458498219   0.283120219710197   -0.0799661912069092   -0.00492690677004182   0
0.446545951683587   0.318539863369563   0.0542344931853673   0.0354196436593666   0
0.431069577303943   0.255121960894197   -0.0154763743796437   -0.0634179024753665   0
0.479560315186734   0.28632502739806   0.0484907378827915   0.0312030665038637   0
0.409214286555345   0.305017611903395   -0.0703460286313893   0.0186925845053346   0
0.404512713314427   0.298810217588857   -0.0047015732409178   -0.00620739431453798   0
0.441843998884222   0.328334691440761   0.0373312855697943   0.0295244738519045   0
0.294888145745128   0.279725570292564   -0.146955853139093   -0.0486091211481978   0
0.451142701350692   0.305602515831022   0.156254555605564   0.0258769455384583   0
0.371468614973055   0.30367027693454   -0.079674086377637   -0.00193223889648231   0
0.401228625311056   0.295343741789546   0.029760010338001   -0.00832653514499365   0
0.424204392214414   0.312448681429847   0.0229757669033572   0.017104939640301   0
0.369922832667842   0.305056854823818   -0.0542815595465718   -0.00739182660602894   0
0.435441336347389   0.30500020472698   0.0655185036795473   -5.66500968375849e-05   0
0.193231649651396   0.26205853354642   -0.242209686695993   -0.0429416711805607   0
0.301933561239704   0.344818707023705   0.108701911588307   0.0827601734772857   0
0.516914180180385   0.253667895755947   0.214980618940682   -0.0911508112677584   0
0.463053947654007   0.440946987569368   -0.0538602325263783   0.187279091813421   0
0.407728429894213   0.362700310732566   -0.0553255177597943   -0.0782466768368015   0
0.367161880475084   0.36264395742036   -0.0405665494191286   -5.63533122059368e-05   0
0.273633746146195   0.327618142294883   -0.0935281343288897   -0.0350258151254775   0
0.333682066373007   0.36943289555784   0.0600483202268127   0.0418147532629574   0
0.462188605747697   0.338133695142173   0.12850653937469   -0.0312992004156671   0
0.408116195941793   0.286433459532053   -0.0540724098059038   -0.0517002356101204   0
0.59770668959114   0.32283791376982   0.189590493649347   0.0364044542377679   0
0.585084494094656   0.295856012563967   -0.0126221954964841   -0.0269819012058538   0
0.648758834540232   0.284250311411439   0.0636743404455755   -0.0116057011525278   0
0.592490529047511   0.260167906246139   -0.0562683054927204   -0.0240824051652995   0
0.668097561882993   0.284019777109799   0.0756070328354818   0.0238518708636597   0
0.648363683321329   0.303421048278625   -0.0197338785616646   0.0194012711688263   0
0.626347358622993   0.263100699386186   -0.0220163246983357   -0.0403203488924399   0
0.647173166023592   0.263880078453736   0.0208258074005992   0.000779379067550656   0
0.634686469883359   0.261138026827768   -0.0124866961402331   -0.00274205162596841   0
0.689484437896172   0.267715927537007   0.0547979680128128   0.00657790070923919   0
0.693219586952071   0.275406631358524   0.00373514905589933   0.0076907038215171   0
0.672834514162286   0.249993404002486   -0.0203850727897846   -0.0254132273560385   0
0.69022570376508   0.23281339613841   0.0173911896027936   -0.0171800078640761   0
0.734856536734212   0.246224428748449   0.0446308329691317   0.0134110326100394   0
0.738097083995053   0.239149861518881   0.003240547260841   -0.00707456722956784   0
0.810701447410821   0.262704934048639   0.072604363415768   0.0235550725297584   0
0.545779553307927   0.23989036278371   -0.264921894102894   -0.0228145712649294   0
0.54142309178405   0.252003054776128   -0.00435646152387648   0.0121126919924177   0
0.559140897832559   0.275274843535511   0.0177178060485086   0.0232717887593832   0
0.543934166268309   0.266204041778107   -0.0152067315642502   -0.0090708017574041   0
0.583346370758403   0.234309603772978   0.0394122044900943   -0.0318944380051286   0
0.653797047639931   0.165153155120482   0.070450676881528   -0.0691564486524961   0
0.844080461444879   0.193883806849618   0.190283413804948   0.028730651729136   0
0.843402768758492   0.196682795100385   -0.000677692686387399   0.00279898825076683   0
0.881351693820917   0.217389415023478   0.0379489250624256   0.0207066199230932   0
0.858005456284516   0.215426827909734   -0.0233462375364016   -0.00196258711374442   0
0.827254964575426   0.184821507931463   -0.0307504917090893   -0.0306053199782702   0
0.846918935549914   0.206199118766909   0.0196639709744879   0.0213776108354459   0
0.838764149530343   0.172443779887997   -0.0081547860195712   -0.0337553388789123   0
0.85297595261414   0.199115761476214   0.0142118030837972   0.0266719815882168   0
0.920947620848222   0.192465412084152   0.0679716682340813   -0.00665034939206177   0
0.914822299721099   0.214844495933687   -0.00612532112712272   0.0223790838495348   0
0.892277102788842   0.210709272371317   -0.0225451969322569   -0.00413522356236953   0
0.560444022194902   0.244088137447828   -0.33183308059394   0.0333788650765111   0
0.673974964770829   0.195756320652106   0.113530942575927   -0.0483318167957228   0
0.830325959850859   0.209471957016327   0.15635099508003   0.0137156363642215   0
0.829011190456733   0.208497146876426   -0.00131476939412578   -0.000974810139901056   0
0.817374711875771   0.242831553085591   -0.011636478580962   0.0343344062091645   0
0.83440466213178   0.234580549426546   0.0170299502560088   -0.00825100365904502   0
0.772810112073102   0.202506587106574   -0.0615945500586783   -0.0320739623199714   0
0.5519849874281   0.256898956238148   -0.220825124645001   0.0543923691315741   0
0.570769692585372   0.268115060717409   0.0187847051572715   0.011216104479261   0
0.548855678118574   0.222636733800265   -0.0219140144667974   -0.0454783269171443   0
0.600580755217656   0.17999314880642   0.0517250770990817   -0.042643584993845   0
0.78822661079654   0.145566584502196   0.187645855578884   -0.0344265643042241   0
0.766040265562986   0.153996846911463   -0.0221863452335541   0.008430262409267   0
0.794337433478324   0.1448218428092   0.0282971679153378   -0.00917500410226327   0
0.999019817987111   0.185201181158119   0.204682384508787   0.0403793383489197   0
1.02283434616804   0.203044537781123   0.0238145281809284   0.0178433566230041   0
1.0163797339051   0.189384415447813   -0.00645461226294008   -0.0136601223333098   0
1.06929480671422   0.1956136452352   0.0529150728091206   0.00622922978738608   0
1.04948356908529   0.206563552824548   -0.019811237628929   0.0109499075893489   0
1.06846632378985   0.196520300191863   0.0189827547045611   -0.0100432526326853   0
1.10203582067417   0.190637155817668   0.0335694968843221   -0.00588314437419468   0
1.09691608745109   0.189755836093386   -0.00511973322308701   -0.000881319724282376   0
