0.20734368304641   0.18676102604331   0   0   0
0.226899796504977   0.192780053596871   0.0195561134585674   0.0060190275535609   0
0.209590468578511   0.184677968203194   -0.0173093279264657   -0.00810208539367693   0
0.254625964436072   0.177081394672231   0.0450354958575609   -0.00759657353096302   0
0.242210473273246   0.200503742824947   -0.012415491162826   0.0234223481527158   0
0.209468425955226   0.219591188767924   -0.0327420473180204   0.0190874459429769   0
0.0777833868603888   0.252856644582459   -0.131685039094837   0.033265455814535   0
0.202473997282268   0.118239539783653   0.12469061042188   -0.134617104798806   0
0.141359761089215   0.0433978822749224   -0.0611142361930531   -0.0748416575087303   0
0.135673285693831   0.0821933275004834   -0.00568647539538381   0.038795445225561   0
0.139237349516859   0.0672758627700232   0.00356406382302774   -0.0149174647304602   0
0.11423150211868   0.065023993509744   -0.0250058473981791   -0.00225186926027929   0
0.143743583034548   0.0723778575108534   0.029512080915868   0.00735386400110946   0
0.152465352914982   0.077510856555993   0.00872176988043397   0.00513299904513959   0
0.0874101459225987   0.091043229035456   -0.0650552069923833   0.013532372479463   0
0.105602971381491   0.105338821766064   0.0181928254588923   0.0142955927306075   0
0.0674273531194871   0.0975513956317515   -0.0381756182620039   -0.00778742613431206   0
0.0562768542039523   0.0885036255701002   -0.0111504989155348   -0.00904777006165124   0
0.0750776779126126   0.061513826265609   0.0188008237086604   -0.0269897993044912   0
0.07525996696425   0.0484963845790075   0.000182289051637363   -0.0130174416866015   0
0.0671755354721494   0.0405643735731997   -0.0080844314921006   -0.00793201100580786   0
0.0882157559239278   0.0306252998490219   0.0210402204517784   -0.00993907372417779   0
0.103931051424923   0.0269042626110158   0.0157152955009952   -0.00372103723800614   0
0.111592588257733   0.0228973864250355   0.00766153683281029   -0.00400687618598025   0
0.13150263704584   0.0293525312982117   0.019910048788107   0.00645514487317624   0
0.0986445704844418   0.027889605992013   -0.0328580665613985   -0.00146292530619879   0
0.0722103534486572   0.0272616797214515   -0.0264342170357846   -0.000627926270561453   0
0.0450844503341185   0.0678541741592586   -0.0271259031145387   0.0405924944378071   0
0.0820789586992915   0.0663779773838289   0.036994508365173   -0.00147619677542973   0
0.0899612797102834   0.0673039010789308   0.00788232101099187   0.000925923695101902   0
0.0825322877272889   0.0543482774933576   -0.0074289919829945   -0.0129556235855732   0
0.0790106455417243   0.078362372383103   -0.00352164218556457   0.0240140948897454   0
0.0576384972096159   0.134479237367484   -0.0213721483321084   0.0561168649843806   0
0.0987804140151781   0.129879857239681   0.0411419168055622   -0.00459938012780228   0
0.0729048829425026   0.122942534944136   -0.0258755310726756   -0.00693732229554575   0
0.0518309454464223   0.133756862814782   -0.0210739374960803   0.0108143278706468   0
0.1481126648681   0.0541802946188234   0.0962817194216774   -0.079576568195959   0
0.0878837878405909   0.133663101045361   -0.0602288770275087   0.0794828064265381   0
0.113451735142747   0.148188738905964   0.025567947302156   0.0145256378606027   0
0.0925170980403622   0.242398168188726   -0.0209346371023847   0.0942094292827622   0
0.0955954764974787   0.21083898729007   0.00307837845711645   -0.0315591808986558   0
0.13902787903413   0.208222290692093   0.0434324025366517   -0.00261669659797747   0
0.145627082670944   0.225619196753761   0.00659920363681368   0.0173969060616684   0
0.0952821633135499   0.237270613013522   -0.0503449193573942   0.0116514162597605   0
0.120128622343928   0.241386577799393   0.0248464590303778   0.00411596478587126   0
0.0979638841959627   0.254783206212993   -0.022164738147965   0.0133966284135998   0
0.0817235227251224   0.254521765988496   -0.0162403614708403   -0.000261440224497367   0
0.0697810558233852   0.27151569159857   -0.0119424669017372   0.0169939256100748   0
0.0853598661815376   0.300044652015329   0.0155788103581524   0.0285289604167588   0
0.0978883195775165   0.30314122892515   0.012528453395979   0.0030965769098204   0
0.0921826489114953   0.302293082529604   -0.00570567066602125   -0.000848146395545646   0
0.0866288895561758   0.303453663944761   -0.00555375935531949   0.00116058141515701   0
0.105231858841417   0.313348711691145   0.0186029692852417   0.0098950477463835   0
0.129605499081964   0.308301628630551   0.0243736402405463   -0.00504708306059387   0
0.10414717638091   0.317036457656687   -0.0254583227010536   0.00873482902613587   0
0.123682516204646   0.310593399103088   0.0195353398237354   -0.00644305855359867   0
0.1279613458904   0.332733423210308   0.00427882968575483   0.0221400241072202   0
0.125034298912458   0.358273239461867   -0.00292704697794191   0.0255398162515585   0
0.100099280699741   0.370587044942885   -0.0249350182127171   0.0123138054810185   0
0.112564008308651   0.359080708798872   0.0124647276089094   -0.0115063361440135   0
0.0854611778445634   0.363761036564185   -0.0271028304640873   0.00468032776531296   0
0.0879807209792009   0.363629205114908   0.00251954313463745   -0.000131831449276365   0
0.0881524005736679   0.356507832988632   0.000171679594466984   -0.00712137212627667   0
0.102454657397748   0.36268158638846   0.0143022568240805   0.00617375339982851   0
0.111756805145055   0.368501188030989   0.00930214774730664   0.00581960164252854   0
0.128073512241616   0.383386455885572   0.0163167070965611   0.0148852678545839   0
0.118323452996346   0.381510914712476   -0.00975005924526968   -0.00187554117309668   0
0.111687279757133   0.39122528720994   -0.00663617323921387   0.00971437249746421   0
0.119245494595939   0.397627660339733   0.00755821483880635   0.00640237312979292   0
0.126069361648231   0.392036014696035   0.00682386705229221   -0.00559164564369757   0
0.107485983194584   0.400933042078412   -0.0185833784536467   0.00889702738237708   0
0.128837773857763   0.406764872064317   0.0213517906631786   0.00583182998590437   0
0.139847992562511   0.387717307733676   0.0110102187047474   -0.0190475643306409   0
0.0983910368888656   0.395577199156498   -0.041456955673645   0.00785989142282251   0
0.12236402936018   0.377134569164973   0.0239729924713141   -0.0184426299915251   0
0.15754131183969   0.361669724958421   0.0351772824795101   -0.0154648442065521   0
0.167600263096959   0.365267799427009   0.0100589512572697   0.00359807446858829   0
0.145109969115898   0.382865050738508   -0.0224902939810613   0.0175972513114981   0
0.166993297757779   0.389270445288684   0.0218833286418814   0.00640539455017591   0
0.170944461734029   0.38587270983415   0.00395116397624951   -0.0033977354545337   0
0.176368111959227   0.403821225399619   0.00542365022519817   0.0179485155654693   0
0.188877441147269   0.401742575757474   0.0125093291880417   -0.00207864964214488   0
0.171276508894828   0.400536347022964   -0.0176009322524411   -0.00120622873451059   0
0.188350736536919   0.385309451274557   0.0170742276420916   -0.015226895748407   0
0.1776083218105   0.387940427000719   -0.0107424147264195   0.002630975726162   0
0.178425877857554   0.400896016049673   0.000817556047054468   0.0129555890489547   0
0.194051378452154   0.392154074706613   0.0156255005945995   -0.00874194134306017   0
0.164988735059609   0.391856860364534   -0.0290626433925444   -0.000297214342079077   0
0.151253774286219   0.401672589310622   -0.0137349607733907   0.00981572894608834   0
0.174789477284139   0.413055129187981   0.0235357029979201   0.0113825398773589   0
0.212606696685011   0.393984836618429   0.0378172194008724   -0.0190702925695527   0
0.215260293465702   0.407245215978346   0.00265359678069038   0.0132603793599176   0
0.106942285929327   0.448659895984352   -0.108318007536374   0.0414146800060061   0
0.111205966321641   0.450351204274109   0.0042636803923139   0.00169130828975617   0
0.179596819366642   0.443437493399859   0.0683908530450012   -0.00691371087424963   0
0.18543082216418   0.420074740801563   0.00583400279753715   -0.0233627525982964   0
0.16415753791669   0.435774836395472   -0.0212732842474893   0.0157000955939089   0
0.200875109297888   0.440659271438262   0.0367175713811976   0.00488443504279062   0
0.194007286401551   0.451165665558118   -0.00686782289633642   0.0105063941198563   0
0.19768510110112   0.441617659743414   0.00367781469956849   -0.00954800581470422   0
0.19370886185162   0.448943168552825   -0.00397623924949994   0.00732550880941046   0
0.165982116832568   0.448465099911353   -0.0277267450190525   -0.00047806864147143   0
0.201568593601037   0.432244044323632   0.0355864767684695   -0.0162210555877212   0
0.155086823816983   0.463618928883949   -0.0464817697840537   0.0313748845603168   0
0.1118418812171   0.4448784042584   -0.0432449425998828   -0.0187405246255493   0
0.139363901458914   0.435012651753084   0.027522020241814   -0.00986575250531546   0
0.147100365466065   0.448653753370291   0.00773646400715094   0.013641101617207   0
0.142749158891603   0.447279194670957   -0.00435120657446275   -0.00137455869933401   0
0.146351530776154   0.445347307522174   0.00360237188455156   -0.0019318871487829   0
0.148074846116312   0.447550460080481   0.00172331534015835   0.00220315255830655   0
0.159286494687403   0.450181481103455   0.0112116485710903   0.00263102102297375   0
0.155786889429791   0.437375586006467   -0.00349960525761159   -0.012805895096988   0
0.134573073186685   0.436672415407133   -0.0212138162431061   -0.00070317059933328   0
0.156344246156262   0.450089515355835   0.0217711729695774   0.0134170999487013   0
0.143257574917803   0.444706955011387   -0.0130866712384593   -0.00538256034444734   0
0.116124832096154   0.451918386696094   -0.027132742821649   0.00721143168470628   0
0.0951183888339494   0.44992411611015   -0.0210064432622047   -0.00199427058594326   0
0.0938726152228055   0.461665426850441   -0.00124577361114392   0.0117413107402909   0
0.123110222503576   0.47630330717674   0.0292376072807705   0.0146378803262988   0
0.100761543266508   0.478508299955445   -0.0223486792370679   0.00220499277870478   0
0.106709252934359   0.452739411636816   0.00594770966785033   -0.0257688883186291   0
0.109810032384325   0.465190087614999   0.00310077944996599   0.0124506759781829   0
0.129398706803903   0.468000111859495   0.0195886744195787   0.00281002424449667   0
0.10506943449596   0.487024019820635   -0.0243292723079429   0.0190239079611396   0
0.0300459974395925   0.505666059350932   -0.0750234370563678   0.0186420395302968   0
0.0194726239511988   0.500823613975519   -0.0105733734883937   -0.00484244537541223   0
0.0887675840044151   0.497936258562027   0.0692949600532164   -0.00288735541349211   0
0.0737215117306889   0.500853531564369   -0.0150460722737263   0.00291727300234129   0
0.0567395987554865   0.492192561108201   -0.0169819129752024   -0.0086609704561677   0
0.0660733297242541   0.480428269644127   0.00933373096876765   -0.0117642914640739   0
0.0589209004831053   0.493479631227065   -0.00715242924114878   0.013051361582938   0
0.0409191260474072   0.506373103584205   -0.0180017744356981   0.0128934723571399   0
0.0501327512140517   0.523561631799686   0.00921362516664445   0.0171885282154812   0
0.0414815480636921   0.517192541339538   -0.00865120315035955   -0.00636909046014777   0
0.0402457479080541   0.531600970289511   -0.00123580015563803   0.0144084289499732   0
0.0603181214234744   0.563557787827034   0.0200723735154203   0.0319568175375222   0
0.0514365441571457   0.541354412044919   -0.0088815772663287   -0.0222033757821147   0
0.0460041882533536   0.511103639566624   -0.00543235590379208   -0.0302507724782946   0
0.0304723437854409   0.514511679840458   -0.0155318444679127   0.00340804027383368   0
0.068392069537703   0.515338989522431   0.037919725752262   0.000827309681972643   0
0.0666538141721837   0.531669092822077   -0.00173825536551925   0.0163301032996459   0
0.0495752990293846   0.50593415403489   -0.0170785151427991   -0.0257349387871865   0
0.0210382380497417   0.522127752112929   -0.0285370609796429   0.0161935980780386   0
0.0507821036752122   0.511618075497729   0.0297438656254705   -0.0105096766151996   0
0.0324282802212822   0.500284261175084   -0.01835382345393   -0.0113338143226448   0
0.0265143782137089   0.503084816539418   -0.00591390200757328   0.00280055536433377   0
0.0217418170800051   0.500944603118199   -0.00477256113370381   -0.00214021342121906   0
0.032359618689657   0.522237621602705   0.010617801609652   0.0212930184845059   0
0.0420548363769258   0.486971252932604   0.00969521768726875   -0.0352663686701011   0
0.0416185242878697   0.498241675862728   -0.000436312089056076   0.0112704229301245   0
0.0415682185845687   0.507429875324167   -5.03057033010221e-05   0.00918819946143895   0
0.0492366398302006   0.508700433471901   0.00766842124563195   0.00127055814773358   0
0.0127337222037431   0.489689304254749   -0.0365029176264575   -0.019011129217152   0
0.0616390117644662   0.502412294773426   0.0489052895607231   0.0127229905186772   0
0.0608462767229845   0.5111810228982   -0.000792735041481724   0.00876872812477392   0
0.0685987233185137   0.514630364280276   0.00775244659552927   0.00344934138207642   0
0.0437996973547763   0.503608701685644   -0.0247990259637374   -0.0110216625946324   0
0.0594773044457007   0.508437070139954   0.0156776070909243   0.00482836845430956   0
0.099169424807617   0.511247765153061   0.0396921203619163   0.00281069501310793   0
0.0478365614262365   0.517936958206547   -0.0513328633813805   0.00668919305348514   0
0.0531854323487174   0.531661732593432   0.00534887092248092   0.0137247743868855   0
0.0789960578861376   0.531392011211591   0.0258106255374202   -0.000269721381840671   0
0.0597643025947764   0.531609892380917   -0.0192317552913612   0.000217881169325529   0
0.0575604541582153   0.525131082554394   -0.00220384843656117   -0.00647880982652271   0
0.0436633180202971   0.52413041560045   -0.0138971361379182   -0.00100066695394463   0
0.0369011680944438   0.542344153765393   -0.00676214992585324   0.0182137381649432   0
0.0587325674437956   0.534687845883465   0.0218313993493518   -0.00765630788192784   0
0.0423607951259995   0.518519419095129   -0.0163717723177962   -0.0161684267883361   0
0.0614087086437258   0.521227584124728   0.0190479135177263   0.0027081650295987   0
0.0643790521335162   0.535289996875992   0.00297034348979046   0.0140624127512649   0
0.0777561660403212   0.524222933487271   0.013377113906805   -0.0110670633887212   0
0.0882741515015602   0.548569776539184   0.010517985461239   0.0243468430519126   0
0.0895573004841593   0.526831522350599   0.00128314898259908   -0.0217382541885844   0
0.0825300848866642   0.536207522511807   -0.00702721559749507   0.00937600016120754   0
0.0656138561568363   0.532194079589627   -0.0169162287298279   -0.0040134429221802   0
0.0651010521811284   0.548316555488023   -0.000512803975707882   0.016122475898396   0
0.0607332459854568   0.532184451218043   -0.00436780619567162   -0.0161321042699794   0
0.0462346401470975   0.549635360615108   -0.0144986058383593   0.0174509093970647   0
0.0638416271342578   0.543194403655358   0.0176069869871603   -0.00644095695975022   0
0.0416811950831547   0.530125253927079   -0.0221604320511031   -0.0130691497282789   0
0.052045458232011   0.53414141929783   0.0103642631488563   0.00401616537075078   0
0.0522257725556032   0.534174905276352   0.000180314323592258   3.3485978522596e-05   0
0.108905762003027   0.552871259728926   0.0566799894474239   0.018696354452574   0
0.0464005341382144   0.544346134352261   -0.0625052278648128   -0.00852512537666517   0
0.0688392822127018   0.519427746127168   0.0224387480744874   -0.024918388225093   0
0.0412986580429001   0.521927645219383   -0.0275406241698016   0.0024998990922146   0
0.0572199286739996   0.529684112838492   0.0159212706310995   0.00775646761910886   0
0.0852775519321468   0.533638181016407   0.0280576232581472   0.00395406817791566   0
0.040181762569137   0.530717414528909   -0.0450957893630098   -0.00292076648749828   0
