0.1504637008974   0.0607196724449539   0   0   0
0.199791664819757   0.153263026635944   0.049327963922357   0.0925433541909898   0
0.174815305361087   0.133335513294321   -0.0249763594586699   -0.0199275133416229   0
0.189811194247889   0.104639153192209   0.0149958888868026   -0.0286963601021122   0
0.183441941208792   0.115761935947335   -0.00636925303909713   0.0111227827551269   0
0.187033301203636   0.0897111824159062   0.00359135999484367   -0.0260507535314293   0
0.115539809720027   0.0724915451532453   -0.0714934914836091   -0.0172196372626609   0
0.157889259232698   0.0665753720622348   0.0423494495126708   -0.00591617309101045   0
0.104822525064463   0.074535589745906   -0.0530667341682345   0.00796021768367113   0
0.172656843094648   0.0870024755158043   0.0678343180301852   0.0124668857698983   0
0.0914061643910847   0.069945590949869   -0.0812506787035637   -0.0170568845659353   0
0.133873715829957   0.0760803178125591   0.042467551438872   0.00613472686269008   0
0.122010375108472   0.0798354622373817   -0.0118633407214849   0.00375514442482257   0
0.0986202927959048   0.0731008951064383   -0.023390082312567   -0.00673456713094336   0
0.126251018725876   0.046408529922149   0.0276307259299716   -0.0266923651842893   0
0.103137652412007   0.044748357432296   -0.0231133663138693   -0.00166017248985297   0
0.128055050684344   0.0524511524811896   0.0249173982723372   0.00770279504889354   0
0.053273549278887   0.0487360479474382   -0.0747815014054574   -0.00371510453375134   0
0.0850478676031328   0.038870052709927   0.0317743183242458   -0.00986599523751129   0
0.129311238690417   0.0364712501678034   0.0442633710872842   -0.00239880254212355   0
0.0496649712696987   0.0324308486249589   -0.0796462674207183   -0.00404040154284448   0
0.117590234737499   0.0325022236390205   0.0679252634678002   7.13750140615282e-05   0
0.0650306009540893   0.0369497956540104   -0.0525596337834097   0.00444757201498992   0
0.0815988332961936   0.0426653484635072   0.0165682323421043   0.00571555280949687   0
0.138724537384163   0.0500603554695402   0.0571257040879692   0.00739500700603297   0
0.0827963717684537   0.0205875070551233   -0.0559281656157092   -0.029472848414417   0
0.0738767650399637   0.0412097840314178   -0.00891960672849003   0.0206222769762946   0
0.0883814992492207   0.0573778596610443   0.014504734209257   0.0161680756296265   0
0.062498378697531   0.0286566721181124   -0.0258831205516897   -0.028721187542932   0
0.148009713521377   0.0589924604907841   0.0855113348238457   0.0303357883726717   0
0.0729650476694835   0.0502050131912641   -0.0750446658518932   -0.00878744729952005   0
0.0900067674836848   0.0509760153008118   0.0170417198142013   0.000771002109547739   0
0.177389827831114   0.085058019075658   0.0873830603474287   0.0340820037748462   0
0.0836943031815189   0.0234435174908225   -0.0936955246495946   -0.0616145015848355   0
0.121520531090018   0.0808347536472711   0.037826227908499   0.0573912361564486   0
0.0490133490883545   0.0807252724103951   -0.0725071820016634   -0.000109481236875916   0
0.108291587025678   0.0691576719590459   0.0592782379373235   -0.0115676004513493   0
0.144171703006778   0.106504489341412   0.0358801159810996   0.0373468173823664   0
0.0892916862341618   0.0861148716700693   -0.0548800167726158   -0.020389617671343   0
0.104322546251517   0.0982801837138342   0.0150308600173557   0.0121653120437649   0
0.100091363673296   0.0939606618740657   -0.00423118257822146   -0.0043195218397685   0
0.114984242297784   0.090268949708413   0.0148928786244884   -0.00369171216565267   0
0.124376387132968   0.111814171702294   0.00939214483518386   0.0215452219938806   0
0.231250942494987   0.118730941235731   0.106874555362019   0.00691676953343692   0
0.159887629020134   0.259612504273677   -0.0713633134748535   0.140881563037946   1
0.0535420464992701   0.219444585664582   -0.106345582520864   -0.0401679186090952   0
0.0611039157996441   0.222993478174811   0.00756186930037405   0.00354889251022936   0
0.0724996490990818   0.190592236054489   0.0113957332994377   -0.0324012421203224   0
0.122632398447596   0.197450813922101   0.0501327493485144   0.00685857786761179   0
0.0727477607911261   0.158583348698721   -0.0498846376564702   -0.0388674652233801   0
0.223813484151425   0.23511226444603   0.151065723360299   0.0765289157473095   0
0.14914582362913   0.261423819886071   -0.0746676605222945   0.0263115554400411   0
0.101589521369529   0.242579433427697   -0.0475563022596011   -0.0188443864583742   0
0.0965098152789135   0.193913128801275   -0.00507970609061557   -0.0486663046264217   0
0.129876251693256   0.179144561085454   0.0333664364143426   -0.0147685677158212   0
0.080719982550729   0.165151105828117   -0.049156269142527   -0.0139934552573368   0
0.104853077819728   0.168697166102457   0.0241330952689993   0.00354606027433985   0
0.103387966892139   0.177090246584192   -0.00146511092758947   0.00839308048173507   0
0.105334191591619   0.156399802189773   0.00194622469948062   -0.0206904443944196   0
0.137344284252713   0.188239585202608   0.0320100926610934   0.0318397830128356   0
0.105147241075714   0.159671874037822   -0.0321970431769985   -0.0285677111647865   0
0.157804786571796   0.167367926843825   0.0526575454960813   0.00769605280600338   0
0.113548672602281   0.158321510004958   -0.0442561139695147   -0.00904641683886714   0
0.159336323406372   0.186451553549441   0.0457876508040911   0.0281300435444829   0
0.119622801186772   0.169902745099218   -0.0397135222196   -0.0165488084502224   0
0.146070612624785   0.176850361467683   0.0264478114380129   0.00694761636846414   0
0.158860468840111   0.200160243189051   0.0127898562153264   0.0233098817213683   0
0.124714670416756   0.175115413987461   -0.0341457984233557   -0.0250448292015895   0
0.172151429239638   0.189100109474453   0.047436758822882   0.0139846954869913   0
0.134187056604913   0.169842020634618   -0.0379643726347252   -0.0192580888398347   0
0.162810730337776   0.164546555997079   0.0286236737328634   -0.00529546463753852   0
0.156940733928639   0.181429403851746   -0.00586999640913652   0.0168828478546667   0
0.132752678934664   0.171619608499437   -0.0241880549939754   -0.00980979535230922   0
0.191617479288425   0.200096822279241   0.058864800353761   0.0284772137798036   0
0.173960598563008   0.194516698227941   -0.0176568807254171   -0.00558012405129923   0
0.181391320088393   0.184039258935424   0.00743072152538546   -0.0104774392925175   0
0.162340214125398   0.186222072486722   -0.0190511059629956   0.00218281355129829   0
0.163377541543414   0.179856751012438   0.00103732741801638   -0.00636532147428448   0
0.204789590409083   0.18615133223469   0.0414120488656689   0.00629458122225249   0
0.226435162191388   0.210313389689649   0.0216455717823045   0.0241620574549585   0
0.159432540391509   0.194461486339841   -0.0670026217998791   -0.015851903349808   0
0.216469973199518   0.203256997388159   0.0570374328080094   0.00879551104831824   0
0.170720439084516   0.201891764890869   -0.0457495341150018   -0.00136523249728965   0
0.21660029611995   0.206602915779279   0.0458798570354338   0.0047111508884102   0
0.184549972998562   0.201228837948864   -0.0320503231213878   -0.00537407783041582   0
0.402917878428856   0.188211413979732   0.218367905430293   -0.0130174239691317   0
0.210021260283239   0.234913942340855   -0.192896618145617   0.046702528361123   0
0.166861230321606   0.231406228501222   -0.0431600299616331   -0.00350771383963244   0
0.190950509492617   0.239982700968867   0.0240892791710111   0.00857647246764426   0
0.231103830294956   0.25180043847162   0.0401533208023394   0.0118177375027531   0
0.228515756609933   0.252931302816595   -0.0025880736850237   0.00113086434497506   0
0.297142988497121   0.246815075667168   0.068627231887188   -0.00611622714942656   0
0.477043134908532   0.250702022154788   0.179900146411411   0.00388694648762   0
0.226897940101976   0.262317979519132   -0.250145194806556   0.0116159573643441   0
0.259956922205065   0.295545425815559   0.0330589821030883   0.0332274462964264   0
0.256313427576961   0.306380087927969   -0.00364349462810359   0.0108346621124101   0
0.299527944914995   0.320413250256992   0.0432145173380336   0.0140331623290234   0
0.240788113147742   0.312970804785766   -0.0587398317672522   -0.00744244547122641   0
0.44069464240248   0.431332603419333   0.199906529254738   0.118361798633568   0
0.303548518127317   0.404099524604088   -0.137146124275163   -0.0272330788152454   0
0.0625673758170694   0.344680698818849   -0.240981142310247   -0.0594188257852392   0
0.205367300459299   0.352707129728051   0.14279992464223   0.00802643090920185   0
0.17403423654109   0.33014862203332   -0.0313330639182093   -0.0225585076947307   0
0.244469073579379   0.342239512531064   0.0704348370382896   0.0120908904977435   0
0.209972361336177   0.333903845154563   -0.0344967122432026   -0.00833566737650043   0
0.259574331244443   0.342524263275246   0.0496019699082665   0.00862041812068276   0
0.212081095165057   0.337231519046637   -0.0474932360793862   -0.00529274422860859   0
0.290704466041649   0.347448065450795   0.0786233708765914   0.0102165464041578   0
0.264164800743343   0.335300845480592   -0.0265396652983057   -0.0121472199702028   0
0.326861492370408   0.347305137544422   0.0626966916270648   0.0120042920638299   0
0.548120916638154   0.493222052999711   0.221259424267746   0.145916915455289   0
0.428801927563298   0.462664148240924   -0.119318989074856   -0.0305579047587869   0
0.402566086332493   0.425150272073887   -0.0262358412308054   -0.0375138761670375   0
0.389939829390436   0.420034295432528   -0.0126262569420567   -0.00511597664135904   0
0.382031452250989   0.404936331780071   -0.00790837713944664   -0.0150979636524564   0
0.303520142172492   0.382088819387914   -0.078511310078497   -0.0228475123921573   0
0.375453855514895   0.407373280664368   0.0719337133424031   0.0252844612764541   0
0.331733199195091   0.400046365855884   -0.0437206563198043   -0.00732691480848385   0
0.27929379338367   0.3647773927017   -0.0524394058114214   -0.0352689731541846   0
0.31364770078974   0.423974513518502   0.0343539074060698   0.0591971208168019   0
0.137500788786247   0.375902773877102   -0.176146912003493   -0.0480717396413991   0
0.300333897961386   0.402583172338959   0.162833109175139   0.0266803984618566   0
0.272098950442169   0.379655005578749   -0.0282349475192165   -0.02292816676021   0
0.311360596649367   0.382538046972128   0.0392616462071982   0.00288304139337892   0
0.378285071109395   0.413516240490322   0.0669244744600277   0.0309781935181943   0
0.33996960079716   0.395748544180203   -0.0383154703122355   -0.0177676963101193   0
0.346104732133208   0.411061989074641   0.00613513133604893   0.0153134448944378   0
0.392077273260782   0.40925456480869   0.0459725411275736   -0.00180742426595099   0
0.376848019987156   0.409330498861861   -0.015229253273626   7.59340531713004e-05   0
0.425089666157624   0.433762894536577   0.0482416461704677   0.0244323956747164   0
0.447780970621307   0.427006435936568   0.0226913044636834   -0.00675645860000984   0
0.353214422311561   0.419522048087463   -0.0945665483097459   -0.00748438784910416   0
0.374007535222603   0.427989949062767   0.0207931129110413   0.0084679009753037   0
0.311855083865086   0.518885879678037   -0.0621524513575164   0.0908959306152696   0
0.399426480316979   0.497517339397835   0.0875713964518927   -0.0213685402802022   0
0.399721726237454   0.521577360192378   0.000295245920474863   0.0240600207945438   0
0.464076546072685   0.559062459036108   0.0643548198352309   0.0374850988437297   0
0.461274030884948   0.54471153962648   -0.00280251518773722   -0.0143509194096284   0
0.507934077930456   0.53790609225705   0.0466600470455084   -0.00680544736942956   0
0.471368230757823   0.513705103008526   -0.0365658471726333   -0.0242009892485244   0
0.426965881702145   0.483956173522459   -0.0444023490556777   -0.0297489294860671   0
0.459027590900471   0.526276832853917   0.0320617091983258   0.0423206593314588   0
0.388751485245317   0.492434654282677   -0.0702761056551537   -0.03384217857124   0
0.422883348773453   0.512576032092801   0.034131863528136   0.0201413778101235   0
0.30335040859745   0.462427589592144   -0.119532940176003   -0.0501484425006573   0
0.319037006104574   0.458641157120411   0.0156865975071238   -0.00378643247173216   0
0.364909876861808   0.473465428196716   0.0458728707572342   0.0148242710763049   0
0.375399668809337   0.467728389559849   0.010489791947529   -0.00573703863686714   0
0.382740624885627   0.463619274483115   0.0073409560762896   -0.00410911507673417   0
0.391599957746742   0.46258466771122   0.00885933286111518   -0.00103460677189487   0
0.392881047044318   0.444635113676934   0.00128108929757659   -0.0179495540342862   0
0.429330441376208   0.449923067227609   0.03644939433189   0.00528795355067552   0
0.254368793386689   0.460875552966308   -0.17496164798952   0.0109524857386983   0
0.572057433968723   0.575480346926591   0.317688640582034   0.114604793960284   1
0.583198356309412   0.431403769893994   0.011140922340689   -0.144076577032598   1
0.431454082317636   0.537468119826655   -0.151744273991776   0.106064349932662   1
0.698364879000226   0.690942236605203   0.26691079668259   0.153474116778547   1
0.69348494694464   0.694109431250757   -0.0048799320555859   0.00316719464555459   0
0.725064456360012   0.712618011853125   0.0315795094153722   0.0185085806023672   0
0.715812473173563   0.778818407159525   -0.00925198318644949   0.0662003953064008   0
0.659289756142631   0.642629571005918   -0.0565227170309316   -0.136188836153607   0
0.704898591493585   0.71488646927764   0.0456088353509539   0.0722568982717221   0
0.587671693183881   0.63191721819179   -0.117226898309704   -0.0829692510858502   0
0.51971090969211   0.5943495952596   -0.0679607834917717   -0.0375676229321902   0
0.534925302335766   0.647878921795963   0.015214392643656   0.0535293265363638   0
0.583349425526128   0.671301782058003   0.0484241231903629   0.0234228602620392   0
0.746825589683944   0.778045599303151   0.163476164157815   0.106743817245149   0
0.794601768061117   0.833642924281284   0.0477761783771736   0.0555973249781321   0
0.762054795716561   0.818650815205879   -0.0325469723445562   -0.0149921090754046   0
0.783842756445945   0.816762083041322   0.0217879607293839   -0.00188873216455665   0
0.756117276536557   0.80175254609075   -0.0277254799093882   -0.0150095369505723   0
0.716452492521486   0.782363822792983   -0.0396647840150708   -0.0193887232977672   0
0.737894275175624   0.809482151327316   0.0214417826541382   0.0271183285343335   0
0.689771369719967   0.770193436528285   -0.0481229054556569   -0.0392887147990308   0
0.732784220749471   0.788588615956539   0.043012851029504   0.0183951794282537   0
0.683368241842134   0.779721352183907   -0.0494159789073371   -0.00886726377263236   0
0.446966688160415   0.579910652119359   -0.236401553681719   -0.199810700064548   0
0.616422310722446   0.715099305306613   0.169455622562031   0.135188653187254   0
0.67104389690179   0.718547353942139   0.0546215861793437   0.0034480486355265   0
0.736031398093106   0.756501872381688   0.064987501191316   0.037954518439549   0
0.664899669968506   0.682565801004746   -0.0711317281246   -0.0739360713769426   0
0.707018950901148   0.68201936910472   0.0421192809326423   -0.00054643190002579   0
0.645115668360714   0.654646203301638   -0.0619032825404345   -0.0273731658030815   0
0.652072137035466   0.678101369262001   0.00695646867475286   0.0234551659603622   0
0.637545942150691   0.711784293333486   -0.0145261948847751   0.0336829240714853   0
0.734655465684172   0.778113346870654   0.0971095235334808   0.0663290535371677   0
0.696966247137352   0.735160103079594   -0.0376892185468203   -0.0429532437910591   0
0.68068374716234   0.689665047332036   -0.0162824999750113   -0.0454950557475581   0
0.701160688746753   0.724303227879733   0.0204769415844124   0.0346381805476963   0
0.644536311052566   0.714717007426891   -0.0566243776941868   -0.00958622045284208   0
0.651464718055744   0.74798274061672   0.00692840700317798   0.0332657331898298   0
0.718687940635303   0.769419351891412   0.0672232225795586   0.0214366112746913   0
0.65594676281184   0.708823369557078   -0.0627411778234622   -0.0605959823343336   0
0.743604129762846   0.743088741116598   0.087657366951006   0.0342653715595196   0
0.705818498908863   0.738572799116309   -0.0377856308539838   -0.00451594200028838   0
0.704517867661822   0.747587171023721   -0.00130063124704105   0.00901437190741161   0
0.678255317793152   0.766047577021819   -0.0262625498686693   0.0184604059980983   0
0.688152114635972   0.765489121230341   0.00989679684281974   -0.000558455791478174   0
0.782092615455363   0.816273123843974   0.0939405008193906   0.050784002613633   0
0.737971333818523   0.750796632974603   -0.0441212816368396   -0.0654764908693715   0
0.791041098365041   0.797948521490735   0.0530697645465176   0.0471518885161324   0
0.736247232082052   0.773106247763689   -0.0547938662829883   -0.0248422737270464   0
0.795981175819856   0.829705515172401   0.0597339437378034   0.0565992674087127   0
0.699528771130859   0.766833423295112   -0.0964524046889965   -0.0628720918772896   0
0.809927194790056   0.835605257862527   0.110398423659197   0.0687718345674151   0
0.683832583659077   0.717196869152745   -0.126094611130979   -0.118408388709782   0
0.744000673645421   0.773431532557666   0.0601680899863438   0.0562346634049207   0
0.759344646911065   0.834522545581754   0.0153439732656444   0.0610910130240876   0
0.869099171341159   0.887710845384352   0.109754524430094   0.053188299802598   0
0.832416833920102   0.831981985236009   -0.0366823374210574   -0.0557288601483429   0
0.822192037777063   0.794655358824346   -0.0102247961430385   -0.0373266264116627   0
0.857898396137474   0.813109240501084   0.0357063583604104   0.0184538816767384   0
0.671874383240952   0.64347656979936   -0.186024012896522   -0.169632670701725   0
0.26937580843588   0.517585419239182   -0.402498574805072   -0.125891150560177   1
0.460600488448113   0.680227790460115   0.191224680012232   0.162642371220933   1
0.541155227944081   0.866493394606387   0.0805547394959681   0.186265604146272   0
0.634133620282161   0.933211166696209   0.0929783923380801   0.0667177720898222   0
0.659809567612876   0.93626859977586   0.0256759473307148   0.00305743307965112   0
0.633799110981547   0.912190588587851   -0.0260104566313283   -0.0240780111880093   0
0.673013003175542   0.956801518672499   0.0392138921939943   0.044610930084648   0
0.642270057586055   0.94436572838043   -0.030742945589487   -0.0124357902920689   0
0.625827869061858   0.914465321491745   -0.0164421885241971   -0.0299004068886853   0
0.671047722939412   0.915512989040024   0.0452198538775543   0.00104766754827967   0
0.591759502214312   0.848429295890942   -0.0792882207251002   -0.0670836931490822   0
0.648586986880873   0.752179200325627   0.0568274846665615   -0.0962500955653149   0
0.500119131659378   0.736687118513179   -0.148467855221496   -0.0154920818124487   0
0.627197105902036   0.839588676012397   0.127077974242658   0.102901557499219   0
0.594266715140466   0.811202262729832   -0.0329303907615699   -0.028386413282565   0
0.583786240251207   0.781003436075188   -0.0104804748892593   -0.0301988266546444   0
0.500319884377713   0.749515241326852   -0.0834663558734937   -0.0314881947483355   0
0.594711088049536   0.760388575765707   0.0943912036718224   0.0108733344388543   0
0.580198680036494   0.765239870797713   -0.0145124080130415   0.00485129503200599   0
0.554171368285127   0.758627608888248   -0.026027311751367   -0.00661226190946518   0
0.572879608983423   0.782230432626633   0.0187082406982961   0.0236028237383858   0
0.564382272538888   0.76898403506396   -0.00849733644453499   -0.0132463975626732   0
0.578268296100521   0.777594756425383   0.0138860235616329   0.00861072136142238   0
0.490455324841152   0.765244656761646   -0.0878129712593692   -0.0123500996637362   0
0.596113756839213   0.829729930730476   0.105658431998061   0.0644852739688293   0
0.61449166899958   0.865345337142346   0.0183779121603678   0.0356154064118701   0
0.550047983204884   0.808908578930431   -0.0644436857946968   -0.0564367582119144   0
0.604267856419353   0.82622415656119   0.0542198732144695   0.0173155776307589   0
0.497727424621147   0.761494229657061   -0.106540431798206   -0.0647299269041295   0
0.58258516293342   0.810568096217708   0.0848577383122731   0.0490738665606476   0
0.655485474173921   0.829632345719476   0.0729003112405006   0.0190642495017678   0
0.559777583515212   0.784283740527623   -0.0957078906587091   -0.0453486051918531   0
