0.0930870347795008   0.266341819560058   0   0   0
0.0482128838419773   0.215022631943994   -0.0448741509375235   -0.0513191876160635   0
0.0772736386772358   0.208513683753033   0.0290607548352585   -0.00650894819096112   0
0.0413613483906171   0.190376217681752   -0.0359122902866188   -0.0181374660712809   0
0.0903239766879758   0.208515001768752   0.0489626282973588   0.0181387840869992   0
0.0775322768571903   0.220226239107628   -0.0127916998307856   0.011711237338876   0
0.0870477894507379   0.196993433068656   0.00951551259354766   -0.0232328060389718   0
0.064116941814547   0.176184970334816   -0.022930847636191   -0.0208084627338399   0
0.0787045649848215   0.197008116277706   0.0145876231702746   0.0208231459428896   0
0.061855685883752   0.171050024283994   -0.0168488791010695   -0.0259580919937117   0
0.226836361180918   0.0924086422845423   0.164980675297166   -0.0786413819994516   0
0.138850255866167   0.121439331790714   -0.0879861053147514   0.0290306895061712   0
0.152953818570116   0.14098303002422   0.0141035627039492   0.0195436982335061   0
0.118410352675811   0.120583884790838   -0.0345434658943049   -0.020399145233382   0
0.123026976473211   0.123222536449192   0.00461662379739972   0.00263865165835458   0
0.120979787417801   0.127943219305685   -0.00204718905540965   0.00472068285649238   0
0.126571513316109   0.104996150707014   0.00559172589830785   -0.0229470685986705   0
0.14940730194475   0.0990591863407933   0.0228357886286405   -0.00593696436622076   0
0.119562678553629   0.072895721028543   -0.0298446233911207   -0.0261634653122503   0
0.112589090130438   0.0610208896927315   -0.00697358842319044   -0.0118748313358115   0
0.0718290796250377   0.0267283602943577   -0.0407600105054008   -0.0342925293983737   0
0.0528259726453759   0.0608791450799993   -0.0190031069796618   0.0341507847856415   0
0.0974253445578203   0.042201654041933   0.0445993719124444   -0.0186774910380663   0
0.0876247843610471   0.0221277259115058   -0.00980056019677319   -0.0200739281304272   0
0.103542018992218   0.0323049332824822   0.0159172346311713   0.0101772073709764   0
0.115145630608243   0.0150829546993659   0.0116036116160249   -0.0172219785831162   0
0.138584419026816   0.0124129422242724   0.0234387884185723   -0.00267001247509352   0
0.142973682459011   0.0193925993810783   0.00438926343219503   0.00697965715680593   0
0.148901585465122   0.0393874475386512   0.00592790300611096   0.0199948481575729   0
0.183535731633267   0.0648245933127428   0.0346341461681453   0.0254371457740916   0
0.171083645085969   0.0474952513448976   -0.0124520865472978   -0.0173293419678452   0
0.192800593162171   0.0547798993655063   0.0217169480762018   0.00728464802060869   0
0.180885665884127   0.0625060681191234   -0.0119149272780436   0.00772616875361713   0
0.193736557006667   0.0649515048360891   0.01285089112254   0.00244543671696561   0
0.190565726891423   0.0740658797325901   -0.00317083011524422   0.00911437489650105   0
0.209048069247817   0.0874900310255546   0.0184823423563938   0.0134241512929645   0
0.231209984640845   0.104455776455795   0.0221619153930287   0.0169657454302405   0
0.19328065285447   0.0967293368882084   -0.0379293317863758   -0.0077264395675866   0
0.212629892269643   0.0945638870891129   0.0193492394151734   -0.0021654497990955   0
0.187791203408574   0.0777675727599108   -0.024838688861069   -0.0167963143292021   0
0.20536799549141   0.0899910104642263   0.0175767920828365   0.0122234377043155   0
0.202660099476973   0.0891937004683066   -0.00270789601443797   -0.000797309995919745   0
0.281131092265672   0.0905833726831393   0.0784709927886999   0.00138967221483266   0
0.211034727565868   0.0903050693067947   -0.0700963646998047   -0.000278303376344519   0
0.247982566866161   0.101873781335545   0.0369478393002932   0.0115687120287506   0
0.232146979891986   0.114684165276903   -0.0158355869741753   0.0128103839413577   0
0.248949385167849   0.108629470759328   0.0168024052758632   -0.00605469451757544   0
0.246053584712082   0.111017776418115   -0.00289580045576715   0.00238830565878712   0
0.267885140098476   0.117174341666211   0.0218315553863941   0.00615656524809655   0
0.24916188359093   0.104546326059743   -0.0187232565075461   -0.0126280156064687   0
0.278697370720447   0.125296029019089   0.0295354871295168   0.0207497029593469   0
0.262650029571538   0.12250814949183   -0.0160473411489081   -0.00278787952725973   0
0.285145553821311   0.146792074949953   0.0224955242497724   0.0242839254581229   0
0.385698647767506   0.151502801417804   0.100553093946195   0.0047107264678512   0
0.354052393789552   0.19220953431123   -0.0316462539779536   0.0407067328934264   0
0.3717871889353   0.214773743765526   0.0177347951457479   0.0225642094542962   0
0.38141009418673   0.203905477649302   0.00962290525142956   -0.0108682661162245   0
0.38176240175417   0.213673120019365   0.00035230756744048   0.00976764237006306   0
0.337406758856517   0.194045377636675   -0.0443556428976529   -0.0196277423826896   0
0.375567640429364   0.20670320363745   0.0381608815728466   0.0126578260007748   0
0.350726560672285   0.199223010827916   -0.0248410797570789   -0.00748019280953405   0
0.313023800878991   0.196607330339792   -0.0377027597932943   -0.00261568048812441   0
0.32026472040512   0.175433244350799   0.00724091952612987   -0.0211740859889931   0
0.313069270538806   0.164496632419939   -0.00719544986631465   -0.0109366119308593   0
0.332171260068417   0.174492454614727   0.0191019895296113   0.00999582219478751   0
0.320337494227813   0.174817940874135   -0.0118337658406042   0.000325486259408009   0
0.363988501507149   0.178724608729576   0.0436510072793363   0.00390666785544108   0
0.357558517699928   0.178711300857563   -0.00642998380722087   -1.33078720126467e-05   0
0.346957327980113   0.171007497816477   -0.010601189719815   -0.00770380304108592   0
0.35488921223641   0.164278076284269   0.00793188425629704   -0.00672942153220868   0
0.319935553270545   0.159531384268747   -0.0349536589658651   -0.00474669201552202   0
0.369837708482626   0.166825328718581   0.0499021552120809   0.00729394444983406   0
0.349139065580536   0.143764048920627   -0.02069864290209   -0.0230612797979535   0
0.378418628629432   0.170013909833872   0.0292795630488958   0.0262498609132449   0
0.371424095977602   0.175410836256173   -0.00699453265183009   0.00539692642230105   0
0.359765190019907   0.166302158372313   -0.0116589059576947   -0.0091086778838598   0
0.394647104969389   0.189314429375583   0.0348819149494818   0.0230122710032693   0
0.389342517210463   0.200147304250519   -0.00530458775892573   0.0108328748749367   0
0.388659172282734   0.199798258321087   -0.000683344927729201   -0.000349045929431996   0
0.379491956310341   0.181153317341389   -0.00916721597239284   -0.0186449409796984   0
0.386773626568888   0.163921682154474   0.00728167025854715   -0.0172316351869147   0
0.435126999784086   0.158264228477956   0.0483533732151976   -0.00565745367651879   0
0.407000456888011   0.135222618328823   -0.0281265428960747   -0.0230416101491326   0
0.38329355225207   0.153716011206616   -0.0237069046359418   0.0184933928777932   0
0.440877420276668   0.177806749223026   0.0575838680245987   0.0240907380164098   0
0.440143535758291   0.186335613585065   -0.000733884518377359   0.00852886436203873   0
0.425034693675763   0.178932736559196   -0.0151088420825276   -0.00740287702586895   0
0.412507533697265   0.182919225890801   -0.0125271599784987   0.00398648933160572   0
0.429552877143897   0.182936514016619   0.0170453434466324   1.72881258172775e-05   0
0.42093892453729   0.202949664568761   -0.00861395260660752   0.0200131505521421   0
0.428438079991263   0.195214595560687   0.00749915545397345   -0.007735069008074   0
0.450474124161155   0.199210929094415   0.0220360441698923   0.00399633353372816   0
0.44815907983976   0.206015170503297   -0.00231504432139584   0.006804241408882   0
0.396071113524794   0.188716749708982   -0.0520879663149659   -0.0172984207943151   0
0.426758588716619   0.205211549335679   0.0306874751918249   0.0164947996266976   0
0.414632341073161   0.197019487623687   -0.0121262476434577   -0.00819206171199285   0
0.465825694343507   0.213459418579973   0.0511933532703457   0.0164399309562861   0
0.476512668704201   0.208226354084924   0.0106869743606949   -0.00523306449504909   0
0.450428460330162   0.20861591209994   -0.0260842083740397   0.000389558015016639   0
0.478100876683906   0.208168123576239   0.0276724163537448   -0.000447788523700809   0
0.461138397887673   0.203266443769625   -0.0169624787962334   -0.00490167980661474   0
0.457599562269819   0.198049160208508   -0.00353883561785401   -0.00521728356111681   0
0.508349025525672   0.19969908736412   0.0507494632558526   0.0016499271556123   0
0.694549207392104   0.178610696135839   0.186200181866432   -0.0210883912282815   0
0.553080181361979   0.205065958826057   -0.141469026030125   0.0264552626902181   0
0.541632270438948   0.22712851492382   -0.011447910923031   0.0220625560977634   0
0.572961256093857   0.240232862628019   0.0313289856549083   0.0131043477041986   0
0.54874279154716   0.272257293217739   -0.0242184645466965   0.0320244305897205   0
0.555200931880882   0.297333449177355   0.00645814033372205   0.0250761559596154   0
0.52598677466694   0.3196862713341   -0.0292141572139424   0.0223528221567457   0
0.538147352011157   0.290108545821133   0.0121605773442172   -0.0295777255129672   0
0.51153688233534   0.297727433528555   -0.0266104696758165   0.0076188877074217   0
0.515679331555474   0.278983047303506   0.00414244922013307   -0.0187443862250493   0
0.516380963279714   0.300304503763264   0.000701631724240093   0.0213214564597581   0
0.555654491343938   0.298758207942058   0.0392735280642239   -0.00154629582120558   0
0.54618495729445   0.294725379710079   -0.00946953404948769   -0.00403282823197942   0
0.553446446139326   0.281162494567199   0.00726148884487621   -0.01356288514288   0
0.561553757079819   0.306844896914141   0.00810731094049266   0.0256824023469426   0
0.508252366702802   0.283759607408718   -0.0533013903770162   -0.0230852895054228   0
0.544753580487361   0.266760407636703   0.0365012137845587   -0.0169991997720153   0
0.563930190193113   0.28921415222072   0.0191766097057513   0.0224537445840172   0
0.526126010537052   0.265908005494381   -0.0378041796560603   -0.0233061467263388   0
0.544231395973128   0.290980699325574   0.0181053854360761   0.0250726938311923   0
0.522013867565759   0.291861412449042   -0.0222175284073695   0.000880713123468546   0
0.549045759329918   0.281404445740468   0.027031891764159   -0.0104569667085743   0
0.555571571805141   0.280659948496842   0.0065258124752231   -0.000744497243626019   0
0.553599217349996   0.26873968783611   -0.00197235445514465   -0.0119202606607317   0
0.55706893001751   0.259963270253703   0.00346971266751372   -0.00877641758240694   0
0.59215772230986   0.270436631846538   0.0350887922923503   0.0104733615928348   0
0.568515703663861   0.270373558464026   -0.023642018645999   -6.30733825123242e-05   0
0.596931276741901   0.248699284763748   0.0284155730780402   -0.0216742737002775   0
0.613441342081295   0.280563879005299   0.0165100653393931   0.0318645942415505   0
0.502738737433988   0.252126804257798   -0.110702604647307   -0.0284370747475008   0
0.533424649856463   0.243307492943086   0.0306859124224752   -0.00881931131471173   0
0.564603713203323   0.260428980925703   0.03117906334686   0.0171214879826163   0
0.591260081390288   0.294996905392667   0.026656368186965   0.0345679244669642   0
0.58042283009631   0.265525820265186   -0.0108372512939778   -0.0294710851274805   0
0.572006011806633   0.264786657044874   -0.00841681828967711   -0.000739163220311811   0
0.531140147981654   0.268133100877158   -0.040865863824979   0.00334644383228316   0
0.565431947199281   0.28853541629495   0.0342917992176266   0.0204023154177922   0
0.545432104003028   0.288622883242996   -0.0199998431962524   8.74669480459556e-05   0
0.549761279849671   0.275592373161432   0.00432917584664327   -0.0130305100815639   0
0.5564534958219   0.257525095710107   0.0066922159722288   -0.0180672774513246   0
0.550728119352662   0.264293866374628   -0.00572537646923788   0.00676877066452108   0
0.591375467467369   0.252357804835713   0.0406473481147067   -0.0119360615389151   0
0.57143681028288   0.280806250921788   -0.0199386571844888   0.0284484460860744   0
0.554288359750028   0.24013722652319   -0.0171484505328525   -0.0406690243985974   0
0.588948327659159   0.258878571730068   0.0346599679091311   0.0187413452068778   0
0.550116701814748   0.262841078868011   -0.0388316258444104   0.00396250713794299   0
0.58137838103053   0.206173430553624   0.0312616792157815   -0.0566676483143871   0
0.618482327979531   0.206957743859103   0.0371039469490009   0.000784313305478845   0
0.596383091418259   0.224067741012623   -0.0220992365612714   0.0171099971535205   0
0.604016594136204   0.218739738690184   0.00763350271794483   -0.00532800232243921   0
0.550062548175315   0.207623511044029   -0.0539540459608896   -0.0111162276461551   0
0.588859228708781   0.206922076127706   0.038796680533466   -0.000701434916323296   0
0.559129127745533   0.214502014015603   -0.029730100963248   0.00757993788789749   0
0.510042864476096   0.164041221334761   -0.0490862632694362   -0.0504607926808423   0
0.565492759611518   0.146998106648521   0.0554498951354214   -0.0170431146862397   0
0.608760753743513   0.177082842167931   0.0432679941319952   0.0300847355194102   0
0.592310643426167   0.155282639645422   -0.0164501103173459   -0.0218002025225093   0
0.642786579114343   0.178567926220668   0.0504759356881763   0.0232852865752461   0
0.618559792903855   0.194881512424216   -0.0242267862104888   0.0163135862035482   0
0.733051331608183   0.192252250263267   0.114491538704328   -0.002629262160949   0
0.847206590694725   0.21376471511338   0.114155259086543   0.0215124648501124   0
0.744406038244512   0.26442883409046   -0.102800552450213   0.0506641189770802   0
