0.314732644106073   0.186287472307748   0   0   0
0.321231732483203   0.212566064185285   0.00649908837712981   0.0262785918775365   0
0.288422878645037   0.187384914700624   -0.0328088538381655   -0.0251811494846609   0
0.254879184267762   0.169785344491397   -0.033543694377275   -0.0175995702092263   0
0.21463005575874   0.144159141278042   -0.0402491285090221   -0.0256262032133553   0
0.18223265436713   0.150414403787503   -0.03239740139161   0.00625526250946093   0
0.189694428291819   0.13896380702003   0.00746177392468844   -0.0114505967674735   0
0.190780349892628   0.130953399984498   0.00108592160080925   -0.00801040703553121   0
0.170407277668678   0.141057956908154   -0.0203730722239499   0.0101045569236553   0
0.16056063952549   0.129996588141968   -0.00984663814318856   -0.0110613687661854   0
0.233723575567892   0.157579095017558   0.0731629360424021   0.0275825068755896   0
0.198171586934782   0.0680991647194736   -0.0355519886331094   -0.0894799302980842   0
0.144458341849718   0.0843612058438297   -0.0537132450850643   0.016262041124356   0
0.129113783892242   0.0765215202142835   -0.0153445579574763   -0.00783968562954615   0
0.119122642313584   0.0616397494421822   -0.00999114157865803   -0.0148817707721013   0
0.136122028930882   0.0820795226631619   0.0169993866172988   0.0204397732209797   0
0.102887253271229   0.0610599917217076   -0.0332347756596531   -0.0210195309414543   0
0.0904140095102523   0.0595003452823093   -0.0124732437609771   -0.00155964643939832   0
0.0813401990254511   0.0666968731535632   -0.0090738104848012   0.00719652787125393   0
0.086224829218387   0.0149325540571607   0.00488463019293583   -0.0517643190964026   0
0.0594008107967391   0.0440051221339346   -0.0268240184216478   0.0290725680767739   0
0.0771451733988589   0.055181481245976   0.0177443626021197   0.0111763591120414   0
0.0827204197492977   0.0438727462953096   0.00557524635043882   -0.0113087349506664   0
0.0796163873743339   0.0502567268975828   -0.00310403237496375   0.00638398060227324   0
0.0776165122466863   0.0275086941767962   -0.00199987512764767   -0.0227480327207866   0
0.0725974293374772   0.049466898841776   -0.00501908290920904   0.0219582046649798   0
0.0853261695699508   0.0421052369178111   0.0127287402324736   -0.00736166192396494   0
0.0883407208279964   0.0494643666338962   0.0030145512580456   0.00735912971608509   0
0.0632268380235798   0.0664164987033531   -0.0251138828044166   0.0169521320694569   0
0.0584329242036542   0.07300311792987   -0.00479391381992562   0.0065866192265169   0
0.101478234518245   0.0642798727355617   0.0430453103145911   -0.00872324519430831   0
0.0489389324573892   0.0726141588808271   -0.0525393020608562   0.00833428614526543   0
0.0500545421126794   0.0722036392475734   0.00111560965529027   -0.00041051963325367   0
0.0562252759937201   0.0763655741700572   0.00617073388104068   0.00416193492248373   0
0.0707518290021141   0.0689007016072988   0.014526553008394   -0.00746487256275837   0
0.0451896382296871   0.0840529744620171   -0.025562190772427   0.0151522728547183   0
0.0616045856033461   0.0829133106970166   0.016414947373659   -0.00113966376500055   0
0.0679299152699313   0.0972341242261939   0.00632532966658513   0.0143208135291773   0
0.0657444443786697   0.106470822111666   -0.0021854708912615   0.0092366978854725   0
0.069283849931658   0.104381614591786   0.00353940555298821   -0.00208920751988062   0
0.0441174708435546   0.124861700014706   -0.0251663790881034   0.0204800854229205   0
0.0677774504167787   0.131427597346647   0.0236599795732241   0.00656589733194121   0
0.0366149129372173   0.146464709665921   -0.0311625374795615   0.0150371123192734   0
0.0656302471177551   0.138067050733303   0.0290153341805378   -0.00839765893261774   0
0.0821809151068543   0.129380801454466   0.0165506679890992   -0.00868624927883696   0
0.0889477608575511   0.148640321968872   0.00676684575069678   0.0192595205144061   0
0.0644575661388957   0.145440291487959   -0.0244901947186554   -0.00320003048091316   0
0.0612689265679349   0.14038197668864   -0.00318863957096079   -0.00505831479931859   0
0.0747317131633689   0.141095478433232   0.0134627865954339   0.000713501744591033   0
0.0476522190922784   0.137517277110951   -0.0270794940710905   -0.00357820132228084   0
0.0619974859854011   0.148096031755615   0.0143452668931227   0.0105787546446639   0
0.0167567835129687   0.153066912960476   -0.0452407024724324   0.00497088120486167   0
0.0601768826070324   0.142747743157817   0.0434200990940637   -0.0103191698026596   0
0.264780921482282   0.147080129253955   0.20460403887525   0.00433238609613795   0
0.0944856534960202   0.114895068475052   -0.170295267986262   -0.0321850607789023   0
0.217596515014261   0.103430600063146   0.123110861518241   -0.0114644684119061   0
0.146127656751904   0.116109441828001   -0.0714688582623569   0.012678841764855   0
0.125203357769835   0.128057030043258   -0.020924298982069   0.0119475882152572   0
0.068637366139852   0.150097620930713   -0.0565659916299834   0.0220405908874545   0
0.0784234653196452   0.142619303439261   0.00978609917979323   -0.00747831749145197   0
0.0543823756332592   0.155510001756318   -0.0240410896863861   0.0128906983170569   0
0.0504559705880097   0.144306655653369   -0.00392640504524946   -0.0112033461029489   0
0.0788069994435714   0.118653119618533   0.0283510288555617   -0.0256535360348356   0
0.0483839873145031   0.126389199931808   -0.0304230121290683   0.00773608031327444   0
0.0504883695050652   0.129297578236031   0.00210438219056209   0.00290837830422291   0
0.197921606129498   0.123278408060779   0.147433236624432   -0.00601917017525154   0
0.105022149123602   0.111954674095412   -0.0928994570058961   -0.0113237339653669   0
0.205144989396207   0.130622636838911   0.100122840272606   0.0186679627434985   0
0.108673923411987   0.129668389468097   -0.0964710659842204   -0.000954247370814204   0
0.0802984728080578   0.140166049020439   -0.0283754506039291   0.0104976595523419   0
0.0584503396932815   0.142006213291884   -0.0218481331147763   0.0018401642714452   0
0.0655084929427964   0.143403191095945   0.00705815324951485   0.00139697780406076   0
0.065757408889113   0.138302882582938   0.000248915946316666   -0.00510030851300636   0
0.103684206402906   0.144632639072237   0.0379267975137934   0.00632975648929887   0
0.0309293253030857   0.147112615690328   -0.0727548810998207   0.00247997661809043   0
0.116306978655316   0.150206667964508   0.0853776533522301   0.00309405227418064   0
0.0742634933521553   0.158440873620098   -0.0420434853031606   0.00823420565559027   0
0.0763662508587589   0.174672494532625   0.00210275750660364   0.0162316209125268   0
0.0991815191115971   0.164136465902073   0.0228152682528381   -0.0105360286305519   0
0.0691951760941469   0.161754757842049   -0.0299863430174502   -0.00238170806002411   0
0.0767220078067565   0.144927571351874   0.00752683171260957   -0.0168271864901753   0
0.0633266267886582   0.157041388116668   -0.0133953810180983   0.0121138167647942   0
0.0578546602131583   0.145753252016113   -0.0054719665754999   -0.0112881361005553   0
0.0825462142397821   0.157787965724925   0.0246915540266238   0.0120347137088118   0
0.0305333606962941   0.151928691684751   -0.0520128535434879   -0.00585927404017408   0
0.0980945762621201   0.150863649245469   0.067561215565826   -0.00106504243928124   0
0.100917682230321   0.157063865086595   0.00282310596820065   0.00620021584112532   0
0.0487732221385875   0.147110347517569   -0.0521444600917333   -0.00995351756902538   0
0.0951106187137377   0.148573036484114   0.0463373965751503   0.00146268896654517   0
0.0526123895687128   0.15221800796798   -0.0424982291450249   0.00364497148386553   0
0.136470571803484   0.158485349246397   0.0838581822347716   0.00626734127841727   0
0.0700635907661747   0.158054682914648   -0.0664069810373098   -0.000430666331749013   0
0.0738640581415616   0.167546407123788   0.00380046737538696   0.00949172420913943   0
0.115522882110342   0.170688516218586   0.0416588239687805   0.00314210909479834   0
0.0667709109505779   0.155872146947915   -0.0487519711597642   -0.0148163692706707   0
0.0813549582008374   0.178130316380487   0.0145840472502595   0.022258169432572   0
0.0695659450632276   0.156306075678459   -0.0117890131376098   -0.0218242407020288   0
0.103389487720029   0.204011090908068   0.0338235426568013   0.0477050152296095   0
0.0897811850352288   0.208628883449775   -0.0136083026848   0.00461779254170744   0
0.101104032459937   0.208442860376651   0.0113228474247082   -0.000186023073124514   0
0.108522717258185   0.195333669492544   0.00741868479824812   -0.0131091908841067   0
0.0496082640261681   0.185508118525551   -0.0589144532320171   -0.00982555096699292   0
0.0615960270756158   0.184222893045354   0.0119877630494478   -0.00128522548019713   0
0.0601676775188307   0.196204957968702   -0.00142834955678518   0.0119820649233475   0
0.0617596243264287   0.186688894129378   0.00159194680759802   -0.00951606383932399   0
0.0927484579121939   0.187326130438335   0.0309888335857652   0.000637236308957012   0
0.0633439288167043   0.187639623297559   -0.0294045290954896   0.000313492859224662   0
0.133257373012265   0.194880493690518   0.069913444195561   0.00724087039295854   0
0.23863067552425   0.157173042394553   0.105373302511985   -0.0377074512959648   0
0.237350565862902   0.238339621511558   -0.00128010966134778   0.0811665791170044   0
0.174950440211049   0.230644587838627   -0.062400125651853   -0.00769503367293076   0
0.15461182290281   0.258917081418091   -0.0203386173082391   0.0282724935794645   0
0.0985523631458424   0.248243297736762   -0.056059459756968   -0.0106737836813297   0
0.115813317935417   0.296307742411504   0.0172609547895747   0.0480644446747429   0
0.100114252622741   0.281374294951156   -0.0156990653126761   -0.0149334474603487   0
0.0919295770633696   0.292614963230356   -0.0081846755593714   0.0112406682792002   0
0.0932914416671218   0.289457819465553   0.00136186460375227   -0.00315714376480319   0
0.134501543935005   0.310955313446723   0.0412101022678829   0.0214974939811707   0
0.0927314623162495   0.294376476199275   -0.0417700816187552   -0.0165788372474481   0
0.127872243756219   0.312556025291867   0.0351407814399699   0.0181795490925914   0
0.0945729721340616   0.286307686142024   -0.0332992716221578   -0.0262483391498422   0
0.138637250751773   0.294778310201497   0.0440642786177114   0.00847062405947258   0
0.0717733582657242   0.300620118167847   -0.0668638924860489   0.00584180796634953   0
0.0663254576741842   0.276600172511696   -0.00544790059153998   -0.0240199456561506   0
0.100986186331696   0.292614004790441   0.0346607286575117   0.0160138322787446   0
0.0756323126714528   0.28388640143066   -0.0253538736602431   -0.00872760335978029   0
0.0979454355429593   0.282939239521492   0.0223131228715065   -0.000947161909168659   0
0.0944471798163397   0.302503408193197   -0.00349825572661965   0.0195641686717054   0
0.0602390718780593   0.288231434172697   -0.0342081079382803   -0.0142719740204996   0
0.0792581343240866   0.308956415635766   0.0190190624460273   0.0207249814630683   0
0.0690187995551937   0.300759498901115   -0.010239334768893   -0.00819691673465045   0
0.0751341656252999   0.323366098744519   0.00611536607010625   0.0226065998434036   0
0.0663150629259454   0.318849923921506   -0.0088191026993545   -0.0045161748230132   0
0.0666335835542176   0.288291903578214   0.000318520628272201   -0.0305580203432921   0
0.0970439460298787   0.287327377345512   0.030410362475661   -0.00096452623270199   0
0.0626399551655331   0.283344781960512   -0.0344039908643455   -0.00398259538499973   0
0.123693227426929   0.309055312643627   0.061053272261396   0.0257105306831151   0
0.0888268672581669   0.311291153126378   -0.0348663601687622   0.00223584048275083   0
0.0712859019717083   0.33944171880641   -0.0175409652864586   0.0281505656800323   0
0.0437753186315086   0.308606363016465   -0.0275105833401997   -0.0308353557899455   0
0.0653886712015547   0.313788339102571   0.0216133525700461   0.00518197608610615   0
0.0376511049329436   0.333335031006719   -0.0277375662686111   0.0195466919041477   0
0.0409970947006004   0.338845986241906   0.00334598976765685   0.00551095523518752   0
0.0523400279673215   0.338308875719733   0.0113429332667211   -0.000537110522172646   0
0.0611181246693491   0.32436080686521   0.00877809670202758   -0.0139480688545235   0
0.0498962040928526   0.327065396328471   -0.0112219205764965   0.00270458946326141   0
0.0671380112896085   0.336770605868817   0.0172418071967559   0.00970520954034559   0
0.0490029780872936   0.328701029742835   -0.0181350332023149   -0.00806957612598203   0
0.0769943435126244   0.306725533191321   0.0279913654253308   -0.021975496551514   0
0.0666134798400444   0.282755303360963   -0.01038086367258   -0.0239702298303582   0
0.0698853864740183   0.283500808242234   0.00327190663397392   0.000745504881271508   0
0.0837453551906612   0.28397385982252   0.0138599687166429   0.000473051580285433   0
0.0703726742132371   0.313755165926396   -0.0133726809774241   0.029781306103876   0
0.0592910873051857   0.321521132107207   -0.0110815869080513   0.00776596618081132   0
0.0552608357123958   0.314238472411479   -0.00403025159278992   -0.00728265969572767   0
0.0618925906523422   0.325216921668446   0.00663175493994641   0.0109784492569666   0
0.0723487986309379   0.314637872842733   0.0104562079785957   -0.0105790488257125   0
0.0880701850936513   0.305220701947378   0.0157213864627134   -0.00941717089535554   0
0.0794349797492264   0.320675190874661   -0.00863520534442495   0.0154544889272829   0
0.0959054855707952   0.283325124784672   0.0164705058215688   -0.0373500660899886   0
0.121243832752145   0.298772293992013   0.0253383471813494   0.0154471692073412   0
0.10772298364908   0.282586857432365   -0.0135208491030644   -0.0161854365596479   0
0.155963819552645   0.272697754415947   0.0482408359035648   -0.0098891030164186   0
0.142835167039353   0.310957744050538   -0.0131286525132915   0.0382599896345914   0
0.190033039269228   0.299930677884074   0.0471978722298747   -0.0110270661664644   0
