0.209482276560572   0.476006624054542   0   0   0
0.372798271095522   0.452553727379217   0.163315994534949   -0.0234528966753255   0
0.0977853183017267   0.37710614381686   -0.275012952793795   -0.0754475835623566   1
0.413809705239365   0.349601530164733   0.316024386937638   -0.0275046136521276   1
0.199335180052161   0.363327560378101   -0.214474525187203   0.0137260302133681   1
0.147189251483558   0.489511371752611   -0.0521459285686037   0.12618381137451   1
0.317975403575119   0.453336505043534   0.170786152091562   -0.0361748667090771   1
0.207188577111022   0.389677926423009   -0.110786826464097   -0.063658578620525   0
0.175541642858554   0.396343083282627   -0.0316469342524686   0.00666515685961827   0
0.51665146173974   0.327061974580568   0.341109818881186   -0.0692811087020589   1
0.165943984179632   0.29265437426446   -0.350707477560108   -0.0344076003161081   0
0.4762025117775   0.316621161768954   0.310258527597868   0.0239667875044947   0
0.521013326602468   0.295522922371265   0.0448108148249681   -0.0210982393976899   0
0.475999858630158   0.210453361515895   -0.0450134679723105   -0.0850695608553696   0
0.462577878160219   0.213255831171214   -0.013421980469939   0.00280246965531875   0
0.450131290824799   0.182341532797529   -0.0124465873354193   -0.0309142983736843   0
0.452651784014611   0.187181590843918   0.00252049318981162   0.00484005804638879   1
0.46770345715823   0.192719652248058   0.0150516731436188   0.00553806140414004   0
0.231306519646421   0.108703240536161   -0.236396937511809   -0.0840164117118971   0
0.554595948009188   0.157801377721679   0.323289428362767   0.0490981371855178   1
0.179279557360146   0.0537878908765951   -0.375316390649042   -0.104013486845084   0
0.439603516387927   0.112380539630022   0.260323959027781   0.0585926487534271   1
0.193008035611888   0.0553907874717448   -0.246595480776039   -0.0569897521582774   1
0.473357323324368   0.0903987007520711   0.280349287712479   0.0350079132803263   0
0.156617740384351   0.149230976427181   -0.316739582940017   0.0588322756751104   1
0.317056666578721   0.0498799499480643   0.16043892619437   -0.0993510264791172   1
0.434168846948627   0.0354373860363462   0.117112180369906   -0.0144425639117181   1
0.263777906799338   0.0458133932226701   -0.170390940149289   0.0103760071863239   0
0.465740513668717   0.0298506591020935   0.201962606869379   -0.0159627341205766   0
0.0829520753472148   0.238651997122693   -0.382788438321502   0.2088013380206   1
0.369078580501497   0.0608019464502782   0.286126505154282   -0.177850050672415   1
0.115020493879352   0.254537872244687   -0.254058086622145   0.193735925794409   1
0.330563864812172   0.091371321673228   0.21554337093282   -0.163166550571459   1
0.304456552152669   0.137949689386285   -0.026107312659503   0.046578367713057   1
0.282001889688066   0.143503523176271   -0.0224546624646034   0.00555383378998592   1
0.398490203701183   0.116431135893325   0.116488314013117   -0.0270723872829455   1
0.0966565196144575   0.27865111217645   -0.301833684086725   0.162219976283125   1
0.507117586878191   0.113138149839135   0.410461067263734   -0.165512962337315   1
0.11693441247614   0.316533515214144   -0.390183174402052   0.203395365375009   1
0.441441183052103   0.124786278875734   0.324506770575963   -0.191747236338409   0
0.161466302630766   0.236491686462807   -0.279974880421337   0.111705407587073   0
0.43162284265897   0.132242165298072   0.270156540028204   -0.104249521164735   1
0.2048079540472   0.251303230840871   -0.22681488861177   0.119061065542799   1
0.363892492951545   0.175955170129276   0.159084538904345   -0.0753480607115947   0
0.359899375864199   0.175684954870651   -0.00399311708734568   -0.000270215258625583   1
0.174268072888295   0.334740882052462   -0.185631302975904   0.159055927181811   0
0.382114880019399   0.186016732632444   0.207846807131105   -0.148724149420018   0
0.279233968331505   0.221235600609537   -0.102880911687894   0.0352188679770933   0
0.155030093215027   0.366654461338601   -0.124203875116478   0.145418860729065   1
0.392628221125278   0.203405055941808   0.237598127910251   -0.163249405396794   1
0.186448949752177   0.401440301888911   -0.2061792713731   0.198035245947103   1
0.390155332447219   0.280904129005258   0.203706382695042   -0.120536172883653   1
0.141263973022617   0.36597405153684   -0.248891359424602   0.0850699225315827   1
0.208321735058923   0.371477389826272   0.0670577620363055   0.00550333828943145   0
0.197011497532606   0.368189573838604   -0.0113102375263168   -0.00328781598766836   0
0.208906727099464   0.429517053497242   0.0118952295668582   0.0613274796586382   0
0.302545582666084   0.322986966805164   0.0936388555666194   -0.106530086692078   0
0.160871302837796   0.396319746310993   -0.141674279828287   0.0733327795058294   1
0.44846458114549   0.246057999726264   0.287593278307694   -0.150261746584729   1
0.162532988241834   0.420611116612855   -0.285931592903657   0.174553116886591   1
0.41847460464536   0.277956806160706   0.255941616403526   -0.142654310452149   1
0.195312875896957   0.382911812783309   -0.223161728748403   0.104955006622604   1
0.237991420776065   0.418451165361324   0.0426785448791083   0.0355393525780147   1
0.40645902355048   0.309258787056245   0.168467602774415   -0.109192378305079   1
0.126767844296923   0.445930596663035   -0.279691179253557   0.136671809606789   1
0.491851990607947   0.365786181599391   0.365084146311024   -0.0801444150636438   1
0.137957876316711   0.432464380513008   -0.353894114291236   0.0666781989136174   0
0.336629205616506   0.364800500635214   0.198671329299795   -0.0676638798777947   1
0.150956222567074   0.453561730284743   -0.185672983049432   0.0887612296495294   1
0.228053449982674   0.422465763047137   0.0770972274156   -0.0310959672376055   0
0.35564915894658   0.360752293448704   0.127595708963906   -0.0617134695984332   0
0.182545969881343   0.428644803727107   -0.173103189065238   0.0678925102784028   0
0.350195541590423   0.319165566718905   0.167649571709081   -0.109479237008202   1
0.182931510463452   0.495119179256623   -0.167264031126972   0.175953612537718   1
0.351687814136345   0.400383853410699   0.168756303672893   -0.0947353258459245   1
0.152695804119581   0.491646817356474   -0.198992010016764   0.091262963945775   1
0.347564511780187   0.475460901793723   0.194868707660606   -0.0161859155627515   1
0.191010586809239   0.473899378445995   -0.156553924970948   -0.00156152334772786   0
0.173759785551577   0.567493653022657   -0.0172508012576625   0.0935942745766625   0
0.280981205179919   0.502761978639246   0.107221419628343   -0.0647316743834109   0
0.178711115012749   0.54352544543057   -0.10227009016717   0.0407634667913241   0
0.251999559364873   0.48202064185961   0.0732884443521237   -0.0615048035709608   0
0.195642507257461   0.56917286042143   -0.0563570521074119   0.0871522185618203   1
0.407686368961485   0.440105679722283   0.212043861704024   -0.129067180699147   1
0.243156919845272   0.552748103885398   -0.164529449116213   0.112642424163115   1
0.368588122801047   0.426646739160306   0.125431202955775   -0.126101364725091   1
0.190365780956163   0.531742673215017   -0.178222341844884   0.105095934054711   1
0.391000841761242   0.41604190174633   0.200635060805079   -0.115700771468688   1
0.191609176218807   0.55097771364185   -0.199391665542435   0.13493581189552   1
0.405203396419625   0.436854285101165   0.213594220200818   -0.114123428540684   1
0.190340087767265   0.542839647653891   -0.214863308652361   0.105985362552726   1
0.342976574089893   0.458731559152245   0.152636486322629   -0.0841080885016453   1
0.153500630466067   0.530754779779231   -0.189475943623826   0.0720232206269857   1
0.260452946026725   0.50030158758218   0.106952315560658   -0.0304531921970506   0
0.21206362888803   0.519799326830316   -0.048389317138695   0.0194977392481358   0
0.183647556424527   0.539895071733619   -0.0284160724635023   0.0200957449033031   0
0.297963828175653   0.506915413755342   0.114316271751125   -0.0329796579782771   0
0.178435769684034   0.552794518070006   -0.119528058491619   0.0458791043146636   1
0.432448610453312   0.475613546510978   0.254012840769278   -0.0771809715590281   1
0.179567030548595   0.555475706908277   -0.252881579904717   0.0798621603972992   1
0.322218976469419   0.482366828537421   0.142651945920824   -0.0731088783708556   1
0.217942881027163   0.606485815351439   -0.104276095442256   0.124118986814018   1
0.335865105319085   0.482490033294212   0.117922224291922   -0.123995782057227   1
0.191674533960566   0.585951589463669   -0.144190571358519   0.103461556169457   1
0.23213344495839   0.580272254000224   0.0404589109978247   -0.00567933546344557   0
0.170006834119652   0.568009906845822   -0.0621266108387382   -0.0122623471544011   0
0.245185906875599   0.608386620356661   0.0751790727559471   0.0403767135108386   0
0.313444412195911   0.534869639763045   0.0682585053203116   -0.0735169805936156   0
0.273325150974   0.641716040491626   -0.0401192612219106   0.10684640072858   1
0.31915581476998   0.48850066219428   0.0458306637959801   -0.153215378297346   1
0.300413821428459   0.644840289815432   -0.0187419933415214   0.156339627621152   1
0.396709752090871   0.518832734706957   0.0962959306624117   -0.126007555108475   1
0.258654671556982   0.618913929534027   -0.138055080533889   0.100081194827069   1
0.3157293972154   0.531345666267261   0.0570747256584188   -0.0875682632667651   1
0.203195638256337   0.644580412074591   -0.112533758959064   0.11323474580733   1
0.228858981750007   0.661756361230098   0.0256633434936703   0.0171759491555069   0
0.195089035678568   0.643884658226145   -0.0337699460714389   -0.0178717030039528   0
0.257862529656792   0.680359732737946   0.062773493978224   0.0364750745118011   1
0.278554640950389   0.598512096242841   0.0206921112935967   -0.0818476364951053   1
0.338020263741747   0.676703038655066   0.0594656227913579   0.0781909424122249   0
0.296256923637238   0.551739198551725   -0.0417633401045092   -0.124963840103341   1
0.223577579985651   0.604801699902538   -0.0726793436515869   0.0530625013508129   0
0.19577845536376   0.605042023050879   -0.027799124621891   0.000240323148340327   0
0.168202352380607   0.648985698260948   -0.0275761029831522   0.0439436752100691   0
0.195299355762199   0.628854524487381   0.0270970033815917   -0.0201311737735668   0
0.233753736861767   0.590355512441021   0.0384543810995675   -0.0384990120463604   0
0.243875842552742   0.647803322940883   0.0101221056909758   0.0574478104998625   1
0.212014220969561   0.595670379075962   -0.031861621583181   -0.0521329438649213   0
0.223049995472945   0.640415073883532   0.0110357745033839   0.0447446948075703   0
0.223841793460828   0.602077849116084   0.000791797987882759   -0.0383372247674479   0
0.258711765497609   0.657788080084498   0.0348699720367813   0.0557102309684141   0
0.282032513204701   0.619183634414097   0.0233207477070919   -0.0386044456704014   0
0.25434997269891   0.608047468032102   -0.0276825405057916   -0.0111361663819947   0
0.451013696985535   0.669076197025421   0.196663724286625   0.061028728993319   0
0.244248498147031   0.595284686915009   -0.206765198838504   -0.0737915101104124   0
0.462345138738638   0.656934748848202   0.218096640591607   0.0616500619331933   0
0.303823740581427   0.673717587611456   -0.158521398157211   0.016782838763254   0
0.433651615919842   0.668146410763577   0.129827875338415   -0.00557117684787944   1
0.248650178992998   0.562029085148847   -0.185001436926844   -0.10611732561473   1
0.552470164401083   0.673146534138927   0.303819985408085   0.11111744899008   1
0.288255548314339   0.536447289858239   -0.264214616086745   -0.136699244280688   1
0.491739498649122   0.65884817128702   0.203483950334784   0.12240088142878   1
0.323104587898547   0.578146758469033   -0.168634910750575   -0.0807014128179869   0
0.400066082673613   0.622413908974567   0.0769614947750656   0.0442671505055339   0
0.377095867669005   0.621989659008291   -0.0229702150046074   -0.000424249966275769   0
0.314221064262038   0.615034175414871   -0.0628748034069669   -0.00695548359342013   0
0.461925160311711   0.643153684093856   0.147704096049673   0.0281195086789856   0
0.292643756969135   0.631509997693029   -0.169281403342576   -0.0116436864008269   0
0.393854988332203   0.63221236087212   0.101211231363069   0.000702363179090892   0
0.312452999311897   0.592777528168874   -0.0814019890203068   -0.0394348327032464   0
0.359622835622044   0.634037721695247   0.0471698363101479   0.0412601935263736   0
0.576843972561395   0.690335565814372   0.217221136939351   0.0562978441191251   0
0.308379469008169   0.593573503735847   -0.268464503553227   -0.0967620620785251   0
0.506110216683916   0.673438101523258   0.197730747675747   0.0798645977874107   1
0.279726018058743   0.600198098958377   -0.226384198625173   -0.0732400025648808   1
0.496729635238285   0.737571099659551   0.217003617179543   0.137373000701174   1
0.405948320150041   0.712802576943469   -0.0907813150882445   -0.0247685227160824   0
0.264336493802672   0.680412915544304   -0.141611826347369   -0.0323896613991652   0
0.558873462132837   0.785595326762131   0.294536968330166   0.105182411217828   0
0.317112098618138   0.659911863578198   -0.241761363514699   -0.125683463183933   1
0.51467794642243   0.755456300163186   0.197565847804292   0.0955444365849882   1
0.49031787900198   0.769864540511836   -0.0243600674204505   0.0144082403486496   0
0.327052101092471   0.65589504055527   -0.163265777909509   -0.113969499956565   0
0.689959994652799   0.78080292990373   0.362907893560327   0.12490788934846   1
0.349274431155503   0.67656440280804   -0.340685563497296   -0.10423852709569   0
0.640889642216825   0.792134505523841   0.291615211061322   0.115570102715801   1
0.344999298715229   0.650911711871318   -0.295890343501596   -0.141222793652523   1
0.628761950553912   0.763737864892137   0.283762651838682   0.112826153020819   1
0.446196772136465   0.665457660436034   -0.182565178417447   -0.098280204456103   0
0.659577946012569   0.787689183797931   0.213381173876105   0.122231523361897   1
0.511126933542931   0.675321969993573   -0.148451012469638   -0.112367213804358   0
0.77029288575319   0.830834519225399   0.259165952210259   0.155512549231826   0
0.519409739460091   0.702755247505844   -0.250883146293098   -0.128079271719555   0
0.610666372281756   0.739774818874805   0.0912566328216644   0.0370195713689606   0
0.495079754765836   0.644745490284538   -0.11558661751592   -0.0950293285902661   0
0.370660798678738   0.638673705632618   -0.124418956087098   -0.00607178465192038   0
0.489962569979136   0.697533048323519   0.119301771300398   0.0588593426909007   0
0.573830577380545   0.765826694131904   0.0838680074014091   0.0682936458083848   0
0.402206118394151   0.741029610288955   -0.171624458986394   -0.0247970838429489   0
0.622794541919436   0.811218328538162   0.220588423525285   0.0701887182492077   0
0.375508436258095   0.71798213567139   -0.247286105661341   -0.0932361928667725   1
0.598287317021616   0.795830064417806   0.222778880763521   0.0778479287464167   0
0.47093234355903   0.711724211760777   -0.127354973462586   -0.0841058526570291   0
0.589510194106506   0.815686892749448   0.118577850547476   0.103962680988671   0
0.432811701239696   0.803553735187635   -0.156698492866809   -0.0121331575618132   0
0.501961792348832   0.851817963038171   0.0691500911091355   0.0482642278505363   0
0.531902126659445   0.824281411634552   0.029940334310613   -0.0275365514036192   0
0.507385269356098   0.799511579280907   -0.0245168573033469   -0.0247698323536452   0
0.669757257571167   0.829313645857977   0.162371988215069   0.0298020665770701   0
0.440353624957897   0.744836847624364   -0.22940363261327   -0.0844767982336131   0
0.743959638901708   0.852367938012247   0.303606013943811   0.107531090387883   0
0.387464615061814   0.696405846718348   -0.356495023839894   -0.155962091293899   0
0.608571451430652   0.798015002400644   0.221106836368837   0.101609155682296   0
0.420059850395453   0.700487529345455   -0.188511601035199   -0.0975274730551888   0
0.688004764992046   0.829142733219679   0.267944914596593   0.128655203874224   1
0.486831063048569   0.771288319894707   -0.201173701943477   -0.0578544133249721   1
0.420054211388542   0.744843895858387   -0.0667768516600272   -0.0264444240363196   1
0.66027244002064   0.846645660389428   0.240218228632098   0.10180176453104   0
0.398018594536499   0.734628052545981   -0.262253845484141   -0.112017607843447   0
0.615578440799619   0.743983088301239   0.21755984626312   0.00935503575525898   0
0.366286762451225   0.719378146129176   -0.249291678348394   -0.0246049421720637   0
0.585846348187168   0.812817363590985   0.219559585735943   0.0934392174618094   0
0.344483359778089   0.803497530062943   -0.241362988409079   -0.00931983352804211   0
0.530371993450719   0.849313237696199   0.185888633672631   0.0458157076332558   0
0.331187646954351   0.764018215490475   -0.199184346496368   -0.0852950222057239   0
0.440660946526703   0.787202578747205   0.109473299572352   0.0231843632567303   0
0.29100249369502   0.672160732935583   -0.149658452831683   -0.115041845811622   0
0.497239980581369   0.765589598816167   0.206237486886349   0.0934288658805842   1
0.324783624012973   0.648267427512944   -0.172456356568396   -0.117322171303223   1
0.529020064692834   0.763321242923482   0.204236440679861   0.115053815410539   1
0.359977575036626   0.673015909357461   -0.169042489656207   -0.0903053335660214   1
0.512309779609017   0.767360751609046   0.152332204572391   0.094344842251585   0
0.458347620699061   0.723259020662376   -0.0539621589099566   -0.0441017309466696   0
0.479975720054921   0.773291070187837   0.0216280993558604   0.0500320495254606   0
0.395061164831473   0.689700137628122   -0.0849145552234485   -0.0835909325597154   0
0.708106280923014   0.815394252327976   0.313045116091541   0.125694114699855   0
0.451497456560942   0.687844517283884   -0.256608824362072   -0.127549735044092   0
0.638679691581594   0.769679162353055   0.187182235020652   0.0818346450691702   0
0.488243154132242   0.6759144751716   -0.150436537449352   -0.0937646871814541   0
0.504716127360718   0.767511260208279   0.0164729732284759   0.0915967850366782   0
0.442270615131731   0.725495538651514   -0.0624455122289863   -0.0420157215567649   0
0.649880600963138   0.824728545979524   0.207609985831407   0.0992330073280103   0
0.402977439276692   0.667609868665263   -0.246903161686446   -0.157118677314261   0
0.559250284892945   0.753702459892165   0.156272845616253   0.0860925912269013   0
0.518767532572153   0.724371393834855   -0.0404827523207917   -0.02933106605731   0
0.623688161099952   0.809349565655193   0.104920628527799   0.0849781718203386   0
0.684518279956788   0.782847281703303   0.060830118856836   -0.0265022839518907   1
0.482310982703069   0.705349500465018   -0.202207297253719   -0.0774977812382848   0
0.727574128138853   0.81878404269273   0.245263145435784   0.113434542227712   1
0.458997291981118   0.691878533381764   -0.268576836157734   -0.126905509310966   0
0.727336547937226   0.835042588411663   0.268339255956107   0.143164055029899   1
0.565874386619504   0.715340113528698   -0.161462161317722   -0.119702474882965   0
0.764908285499053   0.836405258247609   0.199033898879549   0.121065144718912   0
0.665796137023188   0.736918813134459   -0.099112148475865   -0.0994864451131502   0
0.618035456867161   0.740518479702735   -0.0477606801560275   0.00359966656827604   0
0.777541914096057   0.833762878775794   0.159506457228896   0.0932443990730594   0
0.744901466826989   0.765116997188175   -0.0326404472690678   -0.0686458815876193   0
0.754879365329064   0.854429679904964   0.00997789850207453   0.0893126827167893   0
0.811311379554114   0.839516258796249   0.0564320142250506   -0.0149134211087157   0
0.620131132825147   0.792858601506757   -0.191180246728967   -0.0466576572894919   0
0.859119051071905   0.884724799176134   0.238987918246758   0.0918661976693768   0
0.661050671006391   0.767495749009889   -0.198068380065513   -0.117229050166245   0
0.724250692614263   0.824208550848176   0.063200021607872   0.056712801838287   0
0.841280618036907   0.838624468195539   0.117029925422643   0.0144159173473629   0
0.558446366659825   0.737133411407494   -0.282834251377081   -0.101491056788045   0
