0.256665855186018   0.0880417385376675   0   0   0
0.266380082397934   0.0653447504061237   0.00971422721191573   -0.0226969881315438   0
0.28133305777681   0.108677157219142   0.0149529753788764   0.0433324068130179   0
0.222734943942705   0.0900430969539587   -0.058598113834105   -0.018634060265183   0
0.254943138860806   0.109574792572391   0.0322081949181004   0.0195316956184323   0
0.192114994401921   0.109209923476807   -0.0628281444588849   -0.000364869095584114   0
0.182985853294428   0.115131628357502   -0.00912914110749244   0.00592170488069535   0
0.190294988453112   0.131981779585138   0.00730913515868373   0.016850151227636   0
0.265661276987464   0.177637061139955   0.0753662885343519   0.0456552815548165   0
0.278499385878479   0.108353641264207   0.0128381088910153   -0.0692834198757476   0
0.152886389198908   0.0863032149602493   -0.125612996679571   -0.0220504263039579   0
0.15108314441234   0.0887524163502183   -0.00180324478656804   0.002449201389969   0
0.139341634660068   0.10124818004589   -0.0117415097522716   0.0124957636956719   0
0.117818713666378   0.0563781348131525   -0.0215229209936904   -0.0448700452327377   0
0.149081688645387   0.0785710612598876   0.0312629749790085   0.022192926446735   0
0.0979155482219754   0.0503095488663435   -0.0511661404234112   -0.0282615123935441   0
0.0971902941999354   0.0448397578009739   -0.000725254022040031   -0.00546979106536955   0
0.112665352867596   0.0588586045976924   0.015475058667661   0.0140188467967185   0
0.0613292393666349   0.0488764749488187   -0.0513361135009615   -0.00998212964887375   0
0.0637833495696173   0.0536852342544716   0.0024541102029824   0.0048087593056529   0
0.051489369819119   0.043704560429571   -0.0122939797504983   -0.00998067382490057   0
0.17519052982136   0.0534368306045793   0.123701160002241   0.00973227017500826   0
0.1140279867686   0.0413595130479676   -0.06116254305276   -0.0120773175566117   0
0.0950490770439145   0.0395801287639707   -0.0189789097246854   -0.00177938428399688   0
0.0846350240920389   0.0460935771545505   -0.0104140529518757   0.00651344839057981   0
0.0905378026053758   0.0386692600011301   0.00590277851333698   -0.0074243171534204   0
0.0904764705537638   0.0480941993499476   -6.13320516119897e-05   0.0094249393488175   0
0.0729238706630854   0.0646964883673952   -0.0175525998906785   0.0166022890174476   0
0.0607332263014242   0.0599846612664021   -0.0121906443616612   -0.00471182710099308   0
0.0413922525144501   0.0609303724484965   -0.0193409737869741   0.00094571118209439   0
0.0873610537849676   0.0665948601568329   0.0459688012705175   0.00566448770833639   0
0.0470381927426001   0.0574259941028225   -0.0403228610423675   -0.00916886605401042   0
0.0287560322802451   0.0616628252700523   -0.018282160462355   0.00423683116722984   0
0.073376157673525   0.0685565507392255   0.0446201253932798   0.0068937254691732   0
0.0433766951643345   0.0673930664646223   -0.0299994625091905   -0.00116348427460318   0
0.0791734036649303   0.0731596516423841   0.0357967085005958   0.00576658517776182   0
0.0853451125466479   0.0609139097799714   0.0061717088817176   -0.0122457418624127   0
0.0707743827421335   0.0908268045233344   -0.0145707298045144   0.029912894743363   0
0.0676242686215533   0.0837429735095429   -0.00315011412058014   -0.00708383101379155   0
0.0670213502831001   0.0810100148959567   -0.000602918338453245   -0.00273295861358618   0
0.0599257854027171   0.0783861137023803   -0.00709556488038299   -0.00262390119357635   0
0.0488793222666804   0.0993245534146014   -0.0110464631360367   0.020938439712221   0
0.108506200799079   0.0724087538993843   0.0596268785323984   -0.0269157995152171   0
0.0670052368730982   0.0865352826806917   -0.0415009639259806   0.0141265287813074   0
0.0870058953658889   0.0882529163481865   0.0200006584927906   0.00171763366749479   0
0.098655473597211   0.0931561752623261   0.0116495782313222   0.00490325891413962   0
0.159828506033968   0.0503390707480286   0.0611730324367565   -0.0428171045142976   0
0.12775814303245   0.0707144408524421   -0.0320703630015174   0.0203753701044135   0
0.138804213924578   0.0586364261830494   0.0110460708921278   -0.0120780146693927   0
0.145789166259843   0.0598376109673506   0.00698495233526455   0.00120118478430123   0
0.153741266015894   0.0517120853244433   0.00795209975605188   -0.00812552564290737   0
0.180239154049084   0.0710339025065673   0.0264978880331901   0.019321817182124   0
0.200394643028924   0.0596750325156384   0.0201554889798398   -0.0113588699909288   0
0.194247431015805   0.0687764170812585   -0.00614721201311913   0.00910138456562008   0
0.193593436699207   0.0704505366231514   -0.000653994316597878   0.00167411954189292   0
0.181202514510699   0.0703611828571337   -0.0123909221885086   -8.93537660177496e-05   0
0.211303433271327   0.0579565768428062   0.0301009187606279   -0.0124046060143275   0
0.200331929068575   0.0582790769048807   -0.0109715042027521   0.000322500062074516   0
0.208227873453292   0.0512524314430789   0.00789594438471694   -0.00702664546180183   0
0.234559355607936   0.0722643158016112   0.0263314821546441   0.0210118843585324   0
0.18785062735538   0.0766512158248322   -0.0467087282525552   0.00438690002322091   0
0.218567091702662   0.0668354929186955   0.0307164643472819   -0.00981572290613662   0
0.203468341248092   0.0689020629178292   -0.0150987504545704   0.00206656999913371   0
0.229294414472398   0.0652559327033039   0.0258260732243064   -0.00364613021452537   0
0.205447568701238   0.0807093730495102   -0.0238468457711601   0.0154534403462063   0
0.239691886258171   0.0692168376381102   0.0342443175569328   -0.0114925354114   0
0.231042790761626   0.0768561932942622   -0.00864909549654524   0.00763935565615205   0
0.26682206304144   0.0731388682944329   0.0357792722798139   -0.00371732499982935   0
0.249956767668736   0.0780673842742441   -0.0168652953727036   0.00492851597981123   0
0.255310355948618   0.0699506039788971   0.00535358827988186   -0.00811678029534699   0
0.257970362107743   0.0786318336129999   0.00266000615912493   0.00868122963410276   0
0.29128107894968   0.0754462936873807   0.0333107168419376   -0.00318553992561918   0
0.283346046278821   0.0937827109707461   -0.0079350326708591   0.0183364172833654   0
0.305088525382388   0.0699965016662619   0.0217424791035666   -0.0237862093044842   0
0.245860277178096   0.0933759579790216   -0.0592282482042924   0.0233794563127597   0
0.319005837474818   0.0598938244129234   0.0731455602967224   -0.0334821335660981   0
0.321004107869105   0.0974251550540208   0.00199827039428702   0.0375313306410974   0
0.289317779701507   0.119940353937207   -0.0316863281675976   0.0225151988831862   0
0.324370224787295   0.125327585183897   0.0350524450857871   0.00538723124668969   0
0.349653140978656   0.116347188987038   0.0252829161913616   -0.00898039619685848   0
0.386010051570169   0.104216996401868   0.0363569105915133   -0.0121301925851706   0
0.382779625367404   0.11076872132642   -0.0032304262027657   0.0065517249245519   0
0.411135830796227   0.102930727810018   0.0283562054288236   -0.00783799351640165   0
0.398240350692506   0.0989994438326423   -0.0128954801037217   -0.0039312839773756   0
0.431248673007955   0.103409601233203   0.0330083223154497   0.0044101574005604   0
0.389924503960715   0.129596052111446   -0.04132416904724   0.0261864508782428   0
0.444741439192808   0.111097861446384   0.0548169352320925   -0.0184981906650612   0
0.459678804399072   0.14668667092565   0.0149373652062637   0.0355888094792659   0
0.475862140980978   0.116960811225384   0.0161833365819062   -0.0297258597002658   0
0.441394862555388   0.130870384558387   -0.0344672784255898   0.0139095733330022   0
0.497009051086688   0.144659856067604   0.0556141885312998   0.0137894715092177   0
0.469758138831985   0.146645299688568   -0.0272509122547034   0.00198544362096395   0
0.480110055065763   0.16178589575887   0.0103519162337785   0.0151405960703019   0
0.444976477310217   0.180644591910469   -0.035133577755546   0.0188586961515992   0
0.46226603189804   0.160228587856537   0.0172895545878233   -0.0204160040539323   0
0.444905929367816   0.19728696693459   -0.0173601025302244   0.037058379078053   0
0.45848276371554   0.183421618664486   0.0135768343477244   -0.0138653482701043   0
0.440998996307259   0.210712375769673   -0.0174837674082811   0.0272907571051876   0
0.469157387326908   0.203458425981206   0.0281583910196484   -0.007253949788467   0
0.450511066334946   0.227446088411078   -0.0186463209919617   0.0239876624298719   0
0.461282833905848   0.199309892733025   0.010771767570902   -0.028136195678053   0
0.441222466973137   0.196119405264369   -0.020060366932711   -0.00319048746865569   0
0.39856540411487   0.212929315221038   -0.0426570628582665   0.0168099099566681   0
0.427112870508499   0.248610750983339   0.0285474663936288   0.0356814357623018   0
0.457337647590279   0.256379604525204   0.0302247770817796   0.00776885354186457   0
0.441204370213499   0.257110304922809   -0.0161332773767801   0.000730700397605366   0
0.447458403280126   0.228916514608492   0.00625403306662747   -0.0281937903143172   0
0.433725692271336   0.249204817628994   -0.0137327110087898   0.0202883030205016   0
0.444784778566623   0.239587489427662   0.0110590862952868   -0.00961732820133179   0
0.426999154360533   0.253895944267036   -0.0177856242060905   0.0143084548393744   0
0.420231340555045   0.272950737852547   -0.00676781380548791   0.019054793585511   0
0.403895050450299   0.265241221353318   -0.0163362901047452   -0.00770951649922902   0
0.448439637502083   0.30377889870307   0.0445445870517839   0.0385376773497516   0
0.430754547074085   0.302285694594121   -0.0176850904279985   -0.00149320410894921   0
0.437169367138653   0.283858565543652   0.00641482006456767   -0.0184271290504683   0
0.453001300294922   0.288547389695783   0.0158319331562694   0.00468882415213051   0
0.503328172559971   0.285212045592836   0.0503268722650491   -0.00333534410294689   0
0.488613511836886   0.303156284760847   -0.0147146607230853   0.0179442391680114   0
0.516998118631983   0.291404434180831   0.0283846067950974   -0.0117518505800168   0
0.498368867710213   0.310820212068408   -0.0186292509217699   0.0194157778875772   0
0.543276767956085   0.305576069117413   0.044907900245872   -0.00524414295099473   0
0.506083252040423   0.306482910841698   -0.0371935159156624   0.000906841724284624   0
0.539867277901532   0.310892926602552   0.0337840258611093   0.0044100157608547   0
0.525814812211723   0.333541886145129   -0.0140524656898086   0.0226489595425763   0
0.570848777696589   0.331620931369689   0.0450339654848658   -0.00192095477543963   0
0.544343886776459   0.338787268706337   -0.0265048909201303   0.00716633733664823   0
0.562614445247365   0.334939308800117   0.0182705584709058   -0.0038479599062205   0
0.541480803798251   0.321143136887977   -0.0211336414491137   -0.0137961719121397   0
0.504643649599712   0.350775083247442   -0.0368371541985391   0.0296319463594651   0
0.543992586967874   0.363318525487278   0.039348937368162   0.0125434422398359   0
0.524426444247322   0.371576740408358   -0.0195661427205516   0.00825821492107948   0
0.572235234338117   0.365047407993811   0.0478087900907949   -0.00652933241454656   0
0.556065729922722   0.370268094517   -0.016169504415395   0.0052206865231888   0
0.57286277719625   0.36185578230284   0.0167970472735274   -0.00841231221416033   0
0.545148053934241   0.377020722031628   -0.0277147232620089   0.0151649397287884   0
0.574054851681274   0.396533936510168   0.0289067977470335   0.0195132144785402   0
0.573356147121918   0.391652777429511   -0.000698704559356833   -0.00488115908065717   0
0.615031565991535   0.391891173395434   0.0416754188696176   0.0002383959659229   0
0.603784617347453   0.413168235320069   -0.0112469486440824   0.0212770619246353   0
0.657892703058029   0.420796260026453   0.0541080857105765   0.00762802470638357   0
0.622850354545937   0.428897078704787   -0.0350423485120918   0.00810081867833401   0
0.669924707568694   0.42644108206791   0.0470743530227565   -0.00245599663687662   0
0.59986282793953   0.410706810058282   -0.070061879629164   -0.0157342720096278   0
0.64576116267007   0.424855308996192   0.0458983347305396   0.0141484989379099   0
0.641252370892498   0.449724252650722   -0.00450879177757135   0.0248689436545293   0
0.698634028379666   0.471510917836745   0.0573816574871678   0.0217866651860238   0
0.591516479843766   0.494329028805967   -0.1071175485359   0.0228181109692212   0
0.586829617289968   0.462501045716385   -0.00468686255379791   -0.0318279830895811   0
0.634821260879186   0.46793775381855   0.0479916435892186   0.00543670810216473   0
0.699497885694939   0.489101600354415   0.0646766248157526   0.0211638465358649   0
0.681472403265899   0.492045604834806   -0.01802548242904   0.00294400448039089   0
0.711394406099521   0.51392215148819   0.0299220028336219   0.0218765466533838   0
0.706128389451238   0.493460660712939   -0.00526601664828241   -0.0204614907752511   0
0.783566247173779   0.511448761948106   0.0774378577225405   0.0179881012351669   0
0.762853308746839   0.526568063601231   -0.0207129384269401   0.0151193016531252   0
0.807790891497917   0.52344857369373   0.0449375827510785   -0.00311948990750099   0
0.794194448475309   0.524880471306801   -0.0135964430226085   0.00143189761307161   0
0.829717318364514   0.528980116721319   0.0355228698892049   0.00409964541451724   0
0.832700250763142   0.541047241574384   0.00298293239862846   0.0120671248530654   0
0.862150619495805   0.546223050830428   0.0294503687326626   0.00517580925604355   0
0.896130412079068   0.576334274372521   0.033979792583263   0.0301112235420932   0
0.932906104118737   0.581832954831969   0.0367756920396692   0.00549868045944812   0
0.948883062463442   0.609864894147261   0.0159769583447046   0.028031939315292   0
0.961491548821933   0.604925449089596   0.0126084863584913   -0.00493944505766453   0
1.00615066865207   0.620914520788087   0.0446591198301333   0.0159890716984907   0
0.981296320067491   0.624549631431322   -0.0248543485845751   0.00363511064323463   0
1.01536417702714   0.633521154968206   0.0340678569596482   0.00897152353688446   0
0.960288702039652   0.613693805679591   -0.0550754749874871   -0.019827349288615   0
0.976993469374796   0.632029507136534   0.0167047673351436   0.0183357014569426   0
0.988409342074932   0.63323095985213   0.0114158727001361   0.00120145271559613   0
0.956250521338943   0.642819805194271   -0.0321588207359891   0.00958884534214055   0
1.03407751801642   0.635545427181252   0.0778269966774773   -0.00727437801301878   0
0.998175166540923   0.649280206718371   -0.0359023514754968   0.0137347795371187   0
1.05884500712852   0.629746402241609   0.0606698405875989   -0.0195338044767618   0
1.00884571266919   0.621742285416554   -0.049999294459335   -0.00800411682505442   0
1.06508937427241   0.643483451020692   0.0562436616032256   0.0217411656041382   0
1.03990161217348   0.639842738335171   -0.025187762098934   -0.00364071268552157   0
1.09552997162561   0.658075887759535   0.0556283594521265   0.0182331494243642   0
1.050289057428   0.654331936031132   -0.0452409141976036   -0.00374395172840258   0
1.07650309363234   0.674806621457585   0.026214036204339   0.0204746854264521   0
1.10013208864527   0.669912125655298   0.0236289950129271   -0.00489449580228651   0
1.09426715260854   0.68314026689546   -0.00586493603672844   0.0132281412401617   0
0.978226369763666   0.659961522632191   -0.116040782844874   -0.0231787442632687   0
0.754405029226343   0.644254748448547   -0.223821340537322   -0.0157067741836445   0
0.817088647987475   0.632745962721415   0.0626836187611318   -0.0115087857271318   0
0.81672129928085   0.616856146142073   -0.000367348706624915   -0.0158898165793422   0
0.83785728891381   0.617495407344257   0.0211359896329599   0.000639261202184604   0
0.874217234962798   0.648041135031566   0.0363599460489878   0.0305457276873085   0
0.85902666718269   0.654217449555192   -0.0151905677801081   0.0061763145236261   0
