0.297723332376705   0.476610642223031   0   0   0
0.27595919643652   0.451692054443345   -0.0217641359401847   -0.0249185877796855   0
0.248902836855991   0.422262894869417   -0.0270563595805295   -0.0294291595739287   0
0.254941807897096   0.423054759293936   0.0060389710411056   0.000791864424519229   0
0.240412317659495   0.407878437804697   -0.0145294902376013   -0.015176321489239   0
0.232884224687633   0.375398040451399   -0.00752809297186197   -0.0324803973532981   0
0.208459229890859   0.299231170306922   -0.0244249947967742   -0.0761668701444771   0
0.20544398171543   0.273734023897743   -0.00301524817542884   -0.0254971464091789   0
0.130029475139639   0.199288427537828   -0.0754145065757911   -0.0744455963599151   0
0.12906085020594   0.164474297768679   -0.000968624933699341   -0.0348141297691489   0
0.119331327311691   0.127990992886228   -0.0097295228942484   -0.0364833048824506   0
0.0944774942251328   0.116489007702884   -0.0248538330865585   -0.0115019851833444   0
0.0839582456756928   0.135288554551928   -0.0105192485494399   0.0187995468490443   0
0.104005674563939   0.113011805491904   0.0200474288882462   -0.0222767490600238   0
0.0886980366322164   0.112548295838109   -0.0153076379317227   -0.000463509653795255   0
0.0565548786586975   0.143430804092949   -0.0321431579735189   0.0308825082548403   0
0.0466441153662496   0.110473029143961   -0.00991076329244794   -0.0329577749489881   0
0.0357856254884611   0.107739319793077   -0.0108584898777884   -0.0027337093508838   0
0.0521987168947667   0.0968960043534499   0.0164130914063055   -0.0108433154396275   0
0.0743313377393411   0.0523414735159653   0.0221326208445745   -0.0445545308374845   0
0.0354863293944302   0.0492594737773205   -0.038845008344911   -0.00308199973864485   0
0.0538110808450267   0.0491222090282491   0.0183247514505965   -0.000137264749071372   0
0.0479973148276026   0.0473655439210298   -0.00581376601742411   -0.00175666510721935   0
0.0419703290704278   0.0503611812835196   -0.00602698575717476   0.00299563736248984   0
0.0554166150934898   0.0740979036799944   0.0134462860230619   0.0237367223964748   0
0.0390370434683532   0.0771237686806085   -0.0163795716251366   0.00302586500061407   0
0.053371706481056   0.0775837040829451   0.0143346630127028   0.000459935402336686   0
0.0447430520211798   0.0842925965502012   -0.00862865445987627   0.0067088924672561   0
0.0454199976200132   0.0959810590276019   0.000676945598833377   0.0116884624774006   0
0.0392603779306988   0.0872405726935725   -0.00615961968931437   -0.00874048633402942   0
0.0414998007475618   0.0988146550320472   0.00223942281686299   0.0115740823384748   0
0.042415918634871   0.100690232260582   0.000916117887309262   0.00187557722853503   0
0.0391195122968334   0.106733655552513   -0.00329640633803763   0.00604342329193079   0
0.0338796612268438   0.113169967587209   -0.00523985106998966   0.00643631203469623   0
0.0384989472951976   0.119534702563272   0.00461928606835382   0.00636473497606312   0
0.051378453510786   0.118131967066032   0.0128795062155884   -0.0014027354972407   0
0.0573565627019263   0.107070851642604   0.00597810919114027   -0.0110611154234278   0
0.0825390909330845   0.102469880243233   0.0251825282311583   -0.00460097139937099   0
0.0545234072847286   0.11880249005144   -0.0280156836483559   0.0163326098082071   0
0.0491312536477149   0.133629005952198   -0.00539215363701373   0.0148265159007577   0
0.113106937705386   0.126388514060901   0.0639756840576708   -0.007240491891297   0
0.113615607960658   0.133119059593058   0.000508670255272597   0.0067305455321568   0
0.100149622062497   0.143875951977737   -0.0134659858981617   0.0107568923846792   0
0.104624517089495   0.150127618540027   0.00447489502699827   0.00625166656229079   0
0.110691961517763   0.156117652373587   0.0060674444282685   0.00599003383355903   0
0.0992265252334017   0.178385465310378   -0.0114654362843617   0.0222678129367913   0
0.103313914491611   0.176638970961252   0.00408738925820978   -0.00174649434912585   0
0.111214444038623   0.193987044872847   0.00790052954701152   0.0173480739115952   0
0.12334983976382   0.186713277532022   0.0121353957251968   -0.00727376734082477   0
0.140159585851414   0.190375426614099   0.0168097460875947   0.00366214908207618   0
0.153444972647168   0.197064425323928   0.0132853867957532   0.00668899870982947   0
0.161713196302621   0.193740210003628   0.00826822365545332   -0.00332421532029969   0
0.17605922466957   0.187361429839495   0.0143460283669487   -0.00637878016413332   0
0.163739232052951   0.194527703701169   -0.0123199926166191   0.00716627386167448   0
0.182594808653614   0.199164492696992   0.0188555766006637   0.00463678899582207   0
0.195113784034471   0.186479187309201   0.0125189753808563   -0.0126853053877908   0
0.191719816856683   0.187567755168799   -0.0033939671777877   0.00108856785959816   0
0.205843717749656   0.182673087591474   0.0141239008929731   -0.00489466757732446   0
0.198274243812982   0.180680038384163   -0.00756947393667345   -0.00199304920731178   0
0.170712400684016   0.178279512481805   -0.0275618431289665   -0.0024005259023579   0
0.161998976619237   0.172244062412903   -0.00871342406477921   -0.00603545006890185   0
0.166934741066082   0.187447894772121   0.00493576444684574   0.0152038323592177   0
0.194820612778114   0.184433980343916   0.027885871712032   -0.00301391442820462   0
0.174146547509274   0.183558838224287   -0.0206740652688399   -0.000875142119628913   0
0.17888382055608   0.15429674695939   0.00473727304680596   -0.0292620912648972   0
0.174278403758039   0.168054035389663   -0.00460541679804163   0.0137572884302728   0
0.145535456449829   0.179740707971928   -0.0287429473082101   0.0116866725822656   0
0.177744556974918   0.177625829544861   0.0322091005250896   -0.00211487842706734   0
0.177591466521705   0.156286342968412   -0.00015309045321299   -0.0213394865764493   0
0.177205430898745   0.155650946675566   -0.000386035622960079   -0.000635396292845314   0
0.168528432506833   0.152163146806807   -0.00867699839191277   -0.00348779986875897   0
0.161123073494922   0.156364703817997   -0.00740535901191064   0.00420155701118985   0
0.15502901327816   0.164423399293671   -0.00609406021676159   0.00805869547567392   0
0.149317047391549   0.171022391367154   -0.0057119658866116   0.00659899207348286   0
0.134257145917601   0.170033309117221   -0.0150599014739477   -0.000989082249932799   0
0.1858848821018   0.126880725712665   0.0516277361841988   -0.0431525834045563   0
0.182219039826386   0.180460541211929   -0.00366584227541386   0.0535798154992646   0
0.171612820121021   0.153226478549801   -0.0106062197053646   -0.0272340626621289   0
0.161468672789412   0.149188973543799   -0.0101441473316095   -0.00403750500600114   0
0.156839096202446   0.141969267408478   -0.00462957658696611   -0.00721970613532122   0
0.148548553509921   0.131919352663853   -0.00829054269252419   -0.0100499147446253   0
0.135656650169057   0.164037407041809   -0.0128919033408642   0.0321180543779557   0
0.122923937058533   0.151790083114156   -0.0127327131105246   -0.0122473239276522   0
0.0840079310299926   0.156168370209848   -0.03891600602854   0.00437828709569119   0
0.105574464384244   0.15174335256363   0.0215665333542513   -0.00442501764621792   0
0.0957301918930287   0.142946840041928   -0.00984427249121529   -0.00879651252170183   0
0.111959070811952   0.144400783903144   0.0162288789189229   0.00145394386121622   0
0.124220880780225   0.141431658523834   0.0122618099682735   -0.00296912537930963   0
0.142203067081884   0.138371267939916   0.0179821863016592   -0.00306039058391852   0
0.14299379776791   0.128882876931364   0.000790730686025864   -0.00948839100855237   0
0.149392105823783   0.150104289935564   0.00639830805587288   0.0212214130042009   0
0.159237340331375   0.147260609442919   0.00984523450759145   -0.00284368049264522   0
0.155322948310705   0.140506762079268   -0.00391439202066934   -0.00675384736365134   0
0.153104621207461   0.125061991554189   -0.00221832710324457   -0.0154447705250791   0
0.149972799475988   0.129635725781524   -0.00313182173147264   0.00457373422733523   0
0.136021890814273   0.118025902774306   -0.013950908661715   -0.0116098230072178   0
0.132649257883209   0.135400284958378   -0.00337263293106391   0.0173743821840718   0
0.127274155374019   0.149063436566081   -0.00537510250918977   0.0136631516077027   0
0.122905576821762   0.15350407661932   -0.00436857855225745   0.00444064005323896   0
0.127711062084457   0.145102133378019   0.00480548526269503   -0.0084019432413005   0
0.124573357411488   0.157505570134805   -0.00313770467296859   0.0124034367567858   0
0.121358807720124   0.172342549380761   -0.00321454969136441   0.0148369792459558   0
0.106991877712329   0.168251993133818   -0.0143669300077947   -0.00409055624694243   0
0.102148320778611   0.164822714062785   -0.00484355693371821   -0.00342927907103371   0
0.0873921557998199   0.161194341713659   -0.014756164978791   -0.0036283723491253   0
0.104770618683007   0.179974550496042   0.0173784628831868   0.0187802087823829   0
0.106781018526375   0.165956995937231   0.00201039984336809   -0.0140175545588117   0
0.0820838781048386   0.149406884736623   -0.0246971404215362   -0.0165501112006078   0
0.0868137196761693   0.154292828143728   0.00472984157133069   0.00488594340710519   0
0.0895110831902396   0.146353697116984   0.00269736351407036   -0.00793913102674368   0
0.0907565143639287   0.155269180842497   0.0012454311736891   0.00891548372551249   0
0.0926896062374849   0.158493283405796   0.00193309187355617   0.00322410256329925   0
0.102318063172589   0.171094048314808   0.00962845693510452   0.0126007649090123   0
0.105017844020623   0.166965639962988   0.00269978084803406   -0.00412840835182079   0
0.0819788461764375   0.151238382300096   -0.023038997844186   -0.0157272576628916   0
0.0836809428872548   0.165279856206072   0.00170209671081734   0.0140414739059765   0
0.092263856028783   0.17308980100731   0.0085829131415282   0.00780994480123701   0
0.0953703324986864   0.170365543506456   0.00310647646990339   -0.00272425750085395   0
0.110454061624098   0.168900221618386   0.0150837291254114   -0.00146532188806928   0
0.0998793367827901   0.182694093845422   -0.0105747248413078   0.0137938722270361   0
0.11187427449624   0.177268536417211   0.0119949377134497   -0.0054255574282116   0
0.122480473081467   0.178098069736873   0.0106061985852274   0.000829533319661985   0
0.101110476839594   0.172348618290806   -0.0213699962418735   -0.00574945144606662   0
0.1096400110057   0.169373238131028   0.00852953416610631   -0.00297538015977791   0
0.113662822271181   0.188949628584208   0.00402281126548072   0.0195763904531794   0
0.110768112450922   0.189112845001338   -0.00289470982025911   0.000163216417130158   0
0.111654153270115   0.187909840294282   0.000886040819193759   -0.00120300470705595   0
0.111747436292158   0.189401477265022   9.32830220430891e-05   0.00149163697073978   0
0.121814007046655   0.192609519634441   0.0100665707544966   0.0032080423694191   0
0.114055056710416   0.199687682968461   -0.00775895033623943   0.00707816333402009   0
0.113970013483416   0.189652483337953   -8.50432269996343e-05   -0.0100351996305079   0
0.115708148023551   0.190303414123368   0.00173813454013559   0.000650930785414838   0
0.129707451856917   0.202581450808243   0.0139993038333654   0.012278036684875   0
0.117045092286905   0.194825612860219   -0.0126623595700123   -0.00775583794802362   0
0.112639783572532   0.194777743147728   -0.00440530871437232   -4.78697124906835e-05   0
0.145989434312337   0.18842357585916   0.0333496507398046   -0.00635416728856883   0
0.127809069662833   0.203319443526222   -0.0181803646495038   0.0148958676670621   0
0.124181329098742   0.198237551417838   -0.00362774056409129   -0.00508189210838372   0
0.117539270609018   0.197619861153485   -0.00664205848972356   -0.000617690264353571   0
0.137066971811739   0.204970982742832   0.0195277012027206   0.00735112158934786   0
0.130416182698697   0.207892420701339   -0.00665078911304148   0.00292143795850658   0
0.115597513522956   0.212061573598218   -0.0148186691757413   0.00416915289687922   0
0.141471897425779   0.225391388711442   0.0258743839028225   0.0133298151132242   0
0.155141785841533   0.223932539181273   0.0136698884157542   -0.00145884953016906   0
0.132086860809469   0.224315234109634   -0.0230549250320639   0.000382694928360877   0
0.152216530303414   0.225436626771633   0.0201296694939447   0.0011213926619987   0
0.1816798644773   0.229556693178526   0.0294633341738862   0.00412006640689327   0
0.179815151546832   0.223245709621126   -0.00186471293046817   -0.00631098355740042   0
0.173510882631868   0.210464897653005   -0.00630426891496319   -0.0127808119681204   0
0.181792342571655   0.213890522596731   0.00828145993978671   0.00342562494372523   0
0.121528757242432   0.132462030296129   -0.060263585329223   -0.0814284923006019   0
0.112683045153874   0.116564978258866   -0.00884571208855812   -0.0158970520372622   0
0.109855344184451   0.12909905541832   -0.00282770096942339   0.0125340771594537   0
0.116542490787253   0.150299545618483   0.0066871466028022   0.021200490200163   0
0.140587112849688   0.161827013014368   0.0240446220624352   0.0115274673958851   0
0.137656614776911   0.167118340161463   -0.00293049807277684   0.00529132714709488   0
0.14016343638057   0.173081362344101   0.00250682160365853   0.00596302218263794   0
0.152234776967814   0.1783047044516   0.0120713405872441   0.00522334210749914   0
0.165130350942066   0.191986200446471   0.0128955739742526   0.0136814959948704   0
0.161698891470195   0.198388129164304   -0.00343145947187104   0.00640192871783321   0
0.158265297550063   0.202941468922452   -0.00343359392013223   0.00455333975814803   0
0.15389661647187   0.209202248425991   -0.0043686810781926   0.00626077950353904   0
0.180151778834293   0.22491411040829   0.0262551623624225   0.0157118619822992   0
0.165259361227617   0.231594062217169   -0.014892417606676   0.00667995180887906   0
0.142943918300325   0.224271962606787   -0.022315442927292   -0.00732209961038224   0
0.170091630089432   0.223664271742439   0.0271477117891065   -0.000607690864347837   0
0.171031940989541   0.218471673615163   0.000940310900109959   -0.00519259812727585   0
0.180907170257456   0.229798980919194   0.00987522926791404   0.0113273073040306   0
0.161309980329737   0.235936812076348   -0.0195971899277189   0.00613783115715424   0
0.177117769143161   0.228336593907985   0.0158077888134242   -0.00760021816836318   0
0.176076023518848   0.233405524888551   -0.00104174562431256   0.00506893098056607   0
0.171472518030616   0.225447717324328   -0.00460350548823205   -0.00795780756422323   0
0.169561120273369   0.212583767189548   -0.00191139775724694   -0.0128639501347796   0
0.111334781424981   0.174382487027396   -0.0582263388483878   -0.0382012801621519   0
0.127788670418839   0.13442247590154   0.0164538889938571   -0.0399600111258566   0
0.127221691192422   0.157389751071186   -0.00056697922641652   0.0229672751696467   0
0.143121688437951   0.166406169697821   0.0158999972455293   0.00901641862663466   0
0.120895061973763   0.149621607180447   -0.0222266264641883   -0.016784562517374   0
0.11065466544337   0.158719109370926   -0.0102403965303932   0.00909750219047906   0
0.122676112467138   0.161865049701247   0.0120214470237686   0.00314594033032048   0
0.140331917953927   0.15160074195234   0.0176558054867882   -0.0102643077489065   0
0.124284503406177   0.158630448279957   -0.0160474145477497   0.00702970632761654   0
0.121955294233625   0.150112999993139   -0.00232920917255211   -0.00851744828681811   0
0.131544298923595   0.202522007642231   0.00958900468996976   0.0524090076490928   0
0.110423053004615   0.180263530746654   -0.0211212459189796   -0.022258476895577   0
0.113453062125356   0.185463157549828   0.00303000912074156   0.0051996268031741   0
0.136277375223476   0.179753203233628   0.0228243130981192   -0.00570995431620039   0
0.110461180149137   0.180119445392495   -0.0258161950743392   0.000366242158866964   0
0.121997652801191   0.189755699695029   0.0115364726520547   0.00963625430253393   0
