0.278991493687532   0.218627068439615   0   0   0
0.257912179698827   0.202324756439987   -0.0210793139887047   -0.0163023119996279   0
0.268700648635242   0.193391377970296   0.0107884689364155   -0.00893337846969056   0
0.26930551020356   0.185608877215639   0.000604861568318016   -0.00778250075465767   0
0.252281760159152   0.180508965053678   -0.0170237500444082   -0.00509991216196046   0
0.226096320876745   0.134784673131814   -0.0261854392824073   -0.0457242919218639   0
0.207223001987135   0.152427491577963   -0.0188733188896103   0.0176428184461488   0
0.253057695480695   0.150845086207672   0.04583469349356   -0.00158240537029106   0
0.249477378230973   0.152025074097992   -0.0035803172497216   0.00117998789032012   0
0.246577407541729   0.147189484849462   -0.00289997068924394   -0.00483558924853014   0
0.219499652070339   0.146148483773353   -0.0270777554713899   -0.00104100107610905   0
0.15470920291551   0.143760045927233   -0.0647904491548291   -0.00238843784612042   0
0.129079821733104   0.0991449731772242   -0.0256293811824058   -0.0446150727500083   0
0.14327768895854   0.0951236565772285   0.0141978672254352   -0.00402131659999569   0
0.136539342300489   0.0924536416076998   -0.00673834665805093   -0.00267001496952866   0
0.125587060548848   0.0810890529838646   -0.0109522817516407   -0.0113645886238352   0
0.0862547698744249   0.0920008497026089   -0.039332290674423   0.0109117967187443   0
0.0580748041038494   0.0875210390590742   -0.0281799657705755   -0.00447981064353463   0
0.0666194154938333   0.0568408042741304   0.00854461138998394   -0.0306802347849438   0
0.0583967484571701   0.0615650711236899   -0.00822266703666321   0.00472426684955953   0
0.0486628576294077   0.0635660943156855   -0.00973389082776244   0.00200102319199556   0
0.0629958055333845   0.0333400768456298   0.0143329479039769   -0.0302260174700557   0
0.0708529389106055   0.035381693555213   0.00785713337722102   0.00204161670958319   0
0.0879074305010674   0.0775772455092503   0.0170544915904619   0.0421955519540373   0
0.0453385326071544   0.0730630369974313   -0.0425688978939131   -0.00451420851181898   0
0.0557325625618453   0.0678724220768273   0.0103940299546909   -0.00519061492060401   0
0.0777435265645957   0.0775840029066559   0.0220109640027504   0.00971158082982861   0
0.0711340028808305   0.0792641087845722   -0.00660952368376524   0.00168010587791627   0
0.151069731603852   0.0695504196368603   0.0799357287230219   -0.00971368914771194   0
0.100315490134473   0.0853954165811023   -0.0507542414693792   0.015844996944242   0
0.106923488496495   0.0886599554389833   0.00660799836202131   0.00326453885788097   0
0.112186269366844   0.0901329329502541   0.00526278087034909   0.00147297751127083   0
0.0964543942318856   0.0980235454468211   -0.0157318751349581   0.00789061249656699   0
0.100988397720134   0.111035619284455   0.00453400348824858   0.0130120738376342   0
0.0920933262459881   0.1023626222836   -0.00889507147414607   -0.00867299700085512   0
0.129461542226717   0.120959820528203   0.0373682159807288   0.0185971982446025   0
0.0730683161653838   0.148915511968566   -0.0563932260613331   0.0279556914403629   0
0.0578683996898134   0.166930359053147   -0.0151999164755703   0.0180148470845812   0
0.0950994229554522   0.138769918284016   0.0372310232656388   -0.0281604407691307   0
0.114808351196984   0.13880167863151   0.0197089282415317   3.17603474939698e-05   0
0.0986704784513078   0.150132336331734   -0.0161378727456761   0.0113306577002243   0
0.074432114373703   0.166786912871739   -0.0242383640776049   0.0166545765400044   0
0.0949990934586746   0.175000278839956   0.0205669790849717   0.00821336596821762   0
0.0918107104837992   0.182278850225835   -0.00318838297487543   0.00727857138587887   0
0.108380957637983   0.224934659715794   0.0165702471541833   0.0426558094899586   0
0.119713889872187   0.18696628235581   0.011332932234204   -0.0379683773599838   0
0.0927997224455246   0.17844603580442   -0.0269141674266619   -0.00852024655138964   0
0.0508274759981253   0.185214550040143   -0.0419722464473993   0.00676851423572222   0
0.0451466182550244   0.161098901899772   -0.00568085774310088   -0.0241156481403702   0
0.0189146962878542   0.172214241149622   -0.0262319219671702   0.0111153392498491   0
0.0513020129053836   0.177156533840869   0.0323873166175294   0.00494229269124763   0
0.0412894139551532   0.212553306782493   -0.0100125989502304   0.0353967729416236   0
0.0313088642324837   0.212420739420872   -0.00998054972266946   -0.000132567361620844   0
0.0909256244744021   0.172692790284543   0.0596167602419184   -0.0397279491363293   0
0.102272186068207   0.219437205611309   0.0113465615938051   0.0467444153267666   0
0.103792498781848   0.209388453911026   0.00152031271364116   -0.0100487517002829   0
0.0945186584782603   0.226921248624936   -0.00927384030358812   0.0175327947139096   0
0.0822905950307664   0.197344205689577   -0.0122280634474938   -0.0295770429353591   0
0.0933622439736214   0.203329223261808   0.011071648942855   0.00598501757223077   0
0.119769342314718   0.200628211374298   0.0264070983410962   -0.00270101188750962   0
0.10069984548439   0.225663395610586   -0.0190694968303277   0.0250351842362884   0
0.111690662719137   0.234902726776958   0.010990817234747   0.00923933116637127   0
0.165534465642778   0.247691431208772   0.0538438029236409   0.0127887044318147   0
0.153484341573334   0.27304803058528   -0.0120501240694434   0.0253565993765076   0
0.0894511461642611   0.26427090286579   -0.0640331954090734   -0.00877712771948963   0
0.0887024021344907   0.270225570501294   -0.000748744029770376   0.00595466763550395   0
0.140177076199106   0.321937170945668   0.0514746740646154   0.0517116004443733   0
0.137800118898497   0.310961656774995   -0.00237695730060877   -0.0109755141706723   0
0.130247976237061   0.309332395042129   -0.00755214266143636   -0.00162926173286587   0
0.309244003909534   0.343029749295888   0.178996027672473   0.0336973542537589   0
0.218620860767458   0.399181481332426   -0.0906231431420766   0.0561517320365377   0
0.180831683004279   0.328628276303562   -0.0377891777631788   -0.0705532050288645   0
0.154223867025349   0.348147853478949   -0.02660781597893   0.0195195771753878   0
0.137261018735291   0.366697168975641   -0.0169628482900576   0.0185493154966918   0
0.140074624347167   0.368189591015621   0.00281360561187585   0.00149242203997946   0
0.144785087536044   0.367278466202417   0.00471046318887713   -0.000911124813203601   0
0.122546118849191   0.369060804970536   -0.0222389686868535   0.00178233876811895   0
0.116153014220304   0.352211083160014   -0.00639310462888701   -0.0168497218105224   0
0.133284689803074   0.36170977954501   0.01713167558277   0.00949869638499679   0
0.15337487538094   0.365223978252387   0.0200901855778663   0.00351419870737651   0
0.151529292297364   0.364589556689094   -0.00184558308357602   -0.000634421563293075   0
0.157751139371278   0.347095754680895   0.00622184707391402   -0.0174938020081989   0
0.155776314334914   0.406653104145597   -0.00197482503636387   0.0595573494647024   0
0.156683251505807   0.349996927072939   0.000906937170893185   -0.0566561770726586   0
0.163216778382186   0.355128839970439   0.00653352687637854   0.0051319128975007   0
0.163210225864699   0.355633931149012   -6.55251748682417e-06   0.000505091178572281   0
0.183333123521201   0.355563108562671   0.020122897656502   -7.08225863403911e-05   0
0.189491182523093   0.35882988874744   0.00615805900189148   0.0032667801847685   0
0.148587945424822   0.339315645425834   -0.0409032370982702   -0.0195142433216062   0
0.136658301608501   0.327676495907931   -0.0119296438163215   -0.0116391495179031   0
0.184395413675503   0.351248970480342   0.0477371120670025   0.0235724745724112   0
0.20755679984344   0.330337385120501   0.0231613861679371   -0.020911585359841   0
0.208330234607078   0.328557965738924   0.000773434763637171   -0.00177941938157666   0
0.22087563711195   0.316463440514856   0.0125454025048728   -0.0120945252240677   0
0.240048944677039   0.28671693801858   0.0191733075650883   -0.0297465024962767   0
0.206859046729144   0.297652085527298   -0.0331898979478951   0.0109351475087185   0
0.219159451577818   0.304217658020125   0.0123004048486745   0.00656557249282735   0
0.246911701586316   0.30625493221212   0.027752250008498   0.00203727419199423   0
0.249366777807891   0.303249170886748   0.00245507622157476   -0.00300576132537184   0
0.221636510634891   0.278315656579899   -0.0277302671730002   -0.0249335143068493   0
0.21932404178432   0.275701364017754   -0.00231246885057101   -0.00261429256214474   0
0.182146183140493   0.270661212343956   -0.0371778586438267   -0.0050401516737979   0
0.247648408353173   0.289105088627821   0.0655022252126802   0.0184438762838647   0
0.305534316935447   0.308403650956826   0.0578859085822735   0.0192985623290058   0
0.308511150520771   0.30626818643674   0.00297683358532463   -0.00213546452008601   0
0.330188595107311   0.353853823674763   0.0216774445865401   0.0475856372380222   0
0.247529267697539   0.308199781118514   -0.0826593274097722   -0.0456540425562486   0
0.229279352369658   0.283372435959287   -0.0182499153278808   -0.0248273451592275   0
0.285699241603491   0.292706450122815   0.0564198892338327   0.00933401416352841   0
0.290907804171923   0.290657245121294   0.00520856256843205   -0.00204920500152106   0
0.371595365019277   0.318773857611474   0.0806875608473542   0.0281166124901795   0
0.27474432635121   0.297353072894833   -0.0968510386680678   -0.0214207847166403   0
0.267057863702307   0.293302431577033   -0.0076864626489026   -0.00405064131780042   0
0.182789446132018   0.250015793016161   -0.0842684175702888   -0.0432866385608715   0
0.239380146770968   0.296247723987038   0.0565907006389494   0.0462319309708763   0
0.287523741305114   0.318044331846207   0.0481435945341462   0.021796607859169   0
0.245233629341981   0.340146323300355   -0.0422901119631331   0.0221019914541489   0
0.342544857992351   0.345633713567557   0.0973112286503703   0.00548739026720152   0
0.387986004027207   0.345239305744219   0.0454411460348561   -0.000394407823338494   0
0.282406067070097   0.296875621087771   -0.10557993695711   -0.0483636846564471   0
0.340085226100003   0.325657051913896   0.0576791590299059   0.0287814308261246   0
0.269288996678086   0.36356849957367   -0.0707962294219171   0.0379114476597745   0
0.306442670928202   0.32380275876334   0.0371536742501159   -0.0397657408103301   0
0.304343042427718   0.317446829294687   -0.00209962850048317   -0.0063559294686536   0
0.339860234206651   0.315118691317371   0.0355171917789331   -0.0023281379773159   0
0.353229902868599   0.324707802680075   0.0133696686619478   0.00958911136270402   0
0.346336952166889   0.330837826423929   -0.00689295070171014   0.00613002374385446   0
0.396388215866718   0.3256172860751   0.0500512636998292   -0.00522054034882979   0
0.397652968870157   0.330469688081029   0.00126475300343876   0.00485240200592929   0
0.339310232460517   0.329853689737208   -0.0583427364096401   -0.000615998343821311   0
0.305367009983004   0.326602376436547   -0.033943222477513   -0.00325131330066047   0
0.27837964417888   0.311165582636982   -0.0269873658041236   -0.0154367937995651   0
0.325895909500626   0.330211255277966   0.0475162653217454   0.0190456726409839   0
0.327809996371206   0.344581678738873   0.00191408687058015   0.0143704234609072   0
0.326565509306846   0.355411209669518   -0.00124448706435942   0.0108295309306446   0
0.328985876142123   0.346098280204843   0.00242036683527619   -0.00931292946467488   0
0.346301712569964   0.33700430967817   0.0173158364278415   -0.00909397052667282   0
0.333507893312887   0.324012805196511   -0.0127938192570771   -0.0129915044816586   0
0.367293934315556   0.33921156272953   0.033786041002669   0.0151987575330187   0
0.39994752804848   0.346059882843143   0.0326535937329244   0.00684832011361297   0
0.410587418920612   0.352769038596657   0.0106398908721314   0.00670915575351427   0
0.379257634113554   0.354867392624259   -0.0313297848070583   0.00209835402760161   0
0.318461201034741   0.342316391713357   -0.0607964330788121   -0.012551000910902   0
0.298814108961809   0.275357884293169   -0.0196470920729322   -0.0669585074201884   0
0.383468658704998   0.348277097372469   0.0846545497431885   0.0729192130793004   0
0.416706987967565   0.361448629595759   0.0332383292625669   0.0131715322232905   0
0.39633316938128   0.361897491551821   -0.0203738185862851   0.000448861956061086   0
0.346968457350074   0.300297289644233   -0.0493647120312057   -0.0616002019075873   0
0.320314626867335   0.282785929542684   -0.0266538304827389   -0.0175113601015489   0
0.253238026639445   0.255844127459525   -0.0670766002278904   -0.0269418020831594   0
0.229018846287811   0.27494064706644   -0.0242191803516335   0.0190965196069147   0
0.277913760625486   0.288613472907468   0.0488949143376751   0.0136728258410289   0
0.289447640504824   0.290252098526044   0.0115338798793382   0.00163862561857586   0
0.261271723671449   0.309818389192856   -0.0281759168333753   0.0195662906668121   0
0.250284300973912   0.285840140188872   -0.0109874226975366   -0.0239782490039842   0
0.240802156645243   0.27538227316671   -0.00948214432866978   -0.0104578670221626   0
0.245010093349233   0.287633370963631   0.00420793670399061   0.0122510977969211   0
0.243333658590442   0.284339857168917   -0.00167643475879084   -0.00329351379471388   0
0.243283736148905   0.307113814719368   -4.9922441537481e-05   0.0227739575504513   0
0.240813645632572   0.34827542557687   -0.00247009051633287   0.041161610857502   0
0.251726744638407   0.350146518249918   0.0109130990058353   0.00187109267304769   0
0.262518829060012   0.317950084815089   0.010792084421605   -0.0321964334348284   0
0.289458133594843   0.287370795556125   0.0269393045348307   -0.0305792892589647   0
0.287489334885331   0.292053037458186   -0.00196879870951211   0.00468224190206118   0
0.274027879237205   0.269646073363163   -0.0134614556481263   -0.0224069640950225   0
0.287623569250314   0.268678726132257   0.0135956900131091   -0.000967347230906079   0
0.316522527118624   0.235308987029762   0.0288989578683103   -0.0333697391024957   0
0.290506812854294   0.187031203713451   -0.0260157142643296   -0.0482777833163103   0
0.282364289371744   0.193567844557147   -0.00814252348255023   0.00653664084369621   0
0.367792085280543   0.233041512667808   0.0854277959087986   0.0394736681106602   0
0.312555931102099   0.223198907770178   -0.0552361541784438   -0.00984260489763017   0
0.302144582273589   0.244618969228522   -0.0104113488285099   0.0214200614583441   0
0.335616836614498   0.204111386992501   0.0334722543409087   -0.0405075822360206   0
0.314408279869338   0.177017458114228   -0.0212085567451594   -0.0270939288782729   0
0.352486631498572   0.22310683671618   0.0380783516292336   0.0460893786019514   0
0.303654117709541   0.230514077442333   -0.0488325137890305   0.00740724072615367   0
0.308913073608422   0.231349207323847   0.00525895589888092   0.000835129881514102   0
0.35291391450103   0.250011780339947   0.0440008408926073   0.0186625730160998   0
0.363167095305398   0.258915439483145   0.0102531808043684   0.00890365914319757   0
0.318957794096664   0.253012591156053   -0.0442093012087338   -0.00590284832709181   0
0.357526829044815   0.269499575684267   0.0385690349481504   0.0164869845282142   0
0.377042534613659   0.259318763238413   0.0195157055688442   -0.0101808124458542   0
0.409476635469415   0.268895355024032   0.0324341008557565   0.00957659178561876   0
0.421215324429205   0.283500956979425   0.0117386889597892   0.0146056019553938   0
0.307231920712684   0.264622177190939   -0.113983403716521   -0.0188787797884868   0
0.274071310651972   0.257429734643961   -0.0331606100607114   -0.00719244254697793   0
0.258625899618055   0.244332669598383   -0.0154454110339178   -0.0130970650455779   0
0.318631175923814   0.263497430001698   0.0600052763057591   0.0191647604033156   0
0.322801396520539   0.2662154033607   0.00417022059672473   0.0027179733590012   0
0.390722667543185   0.296052536612592   0.0679212710226467   0.0298371332518921   0
0.312066403759985   0.256961009062659   -0.0786562637832003   -0.0390915275499326   0
0.324470298624544   0.243004525960938   0.0124038948645592   -0.0139564831017216   0
0.452714820731499   0.30439535668313   0.128244522106954   0.0613908307221925   0
0.442222116798564   0.271659137356909   -0.0104927039329349   -0.032736219326221   0
0.432561103989331   0.291142366674794   -0.00966101280923232   0.0194832293178845   0
0.55469187298265   0.378411681264268   0.122130768993318   0.0872693145894744   0
0.384528415930527   0.315970199047711   -0.170163457052123   -0.0624414822165572   0
0.219547480846969   0.20409010187966   -0.164980935083558   -0.111880097168051   0
0.240484671887857   0.268933533173626   0.020937191040888   0.0648434312939664   0
0.3210741922664   0.320424557748778   0.0805895203785435   0.0514910245751517   0
0.34919953080136   0.334805352575941   0.0281253385349601   0.0143807948271626   0
0.377474788969489   0.332425299289179   0.0282752581681286   -0.00238005328676205   0
0.402084117138245   0.323227291087092   0.0246093281687559   -0.00919800820208627   0
0.438151199312266   0.342154985368838   0.0360670821740212   0.018927694281746   0
0.386289558861018   0.296546516665177   -0.0518616404512477   -0.0456084687036615   0
0.380548548294432   0.311996544337433   -0.0057410105665856   0.0154500276722565   0
0.389984942734011   0.317675220378062   0.00943639443957867   0.00567867604062827   0
0.382487167639648   0.327892205051447   -0.00749777509436339   0.0102169846733852   0
0.397599654192015   0.325054246015953   0.0151124865523674   -0.00283795903549339   0
0.427106443105041   0.315312236376104   0.0295067889130263   -0.0097420096398495   0
0.387404155298068   0.30294931127583   -0.0397022878069729   -0.0123629251002735   0
0.220719039686901   0.269857548425554   -0.166685115611168   -0.0330917628502769   0
0.292763491983425   0.256554327036736   0.0720444522965243   -0.0133032213888175   0
0.358903752157873   0.272473333998485   0.0661402601744482   0.0159190069617491   0
0.388095946337616   0.259871965864443   0.0291921941797432   -0.0126013681340426   0
0.408582626941773   0.270842044292887   0.0204866806041566   0.0109700784284442   0
0.456444826816298   0.302917406522389   0.0478621998745247   0.0320753622295018   0
0.453975555396422   0.299721224951204   -0.00246927141987552   -0.00319618157118495   0
0.450150930906513   0.303206585563375   -0.00382462448990945   0.00348536061217103   0
0.458953384105445   0.302815835260064   0.00880245319893208   -0.000390750303310927   0
0.481754521232546   0.306185802435792   0.0228011371271016   0.00336996717572857   0
0.462707052601795   0.288858205928532   -0.0190474686307517   -0.0173275965072606   0
0.481614469615521   0.306933551525815   0.0189074170137268   0.0180753455972831   0
0.371945843028592   0.281528014615331   -0.109668626586929   -0.0254055369104838   0
0.398177918263934   0.293100673876742   0.0262320752353418   0.0115726592614105   0
0.405012829848994   0.304449150389273   0.00683491158506   0.0113484765125312   0
0.43054775556233   0.335321769683986   0.0255349257133363   0.030872619294713   0
0.429251236818358   0.318671488993368   -0.00129651874397224   -0.0166502806906181   0
0.42837450487773   0.324769485643664   -0.000876731940628317   0.00609799665029626   0
0.429162451539195   0.302087977760619   0.000787946661465089   -0.0226815078830453   0
0.464408150450078   0.311653847730539   0.0352456989108835   0.00956586996992048   0
0.462639072302901   0.306128792135761   -0.00176907814717708   -0.00552505559477795   0
0.483476701111741   0.309878109238536   0.0208376288088398   0.00374931710277476   0
0.447044987252589   0.267238331813103   -0.0364317138591517   -0.0426397774254332   0
0.478835098391127   0.290971848740132   0.0317901111385375   0.0237335169270289   0
0.465487855094633   0.271317394439151   -0.0133472432964932   -0.0196544543009803   0
0.461523855834807   0.270818244910678   -0.00396399925982627   -0.000499149528473242   0
0.512906974677902   0.279215397771147   0.0513831188430953   0.00839715286046927   0
0.570074668749463   0.278771571291802   0.0571676940715605   -0.00044382647934571   0
0.59639071653979   0.281381772702586   0.0263160477903266   0.00261020141078477   0
0.527035016546576   0.263196039144304   -0.0693556999932131   -0.0181857335582823   0
0.545463576538929   0.262881422988103   0.0184285599923525   -0.000314616156200875   0
0.626025917144658   0.295605958279345   0.0805623406057288   0.0327245352912421   0
0.639750730249876   0.268590997645584   0.0137248131052187   -0.0270149606337615   0
0.671572048296562   0.298157152173984   0.0318213180466859   0.0295661545283998   0
