0.077981077831356   0.15456966410813   0   0   0
0.0800583621704816   0.134844112413186   0.00207728433912563   -0.0197255516949434   0
0.0620570228140224   0.136403079263849   -0.0180013393564592   0.00155896685066323   0
0.0723391938424116   0.121345903686785   0.0102821710283892   -0.0150571755770645   0
0.140296265789789   0.153845177080929   0.0679570719473777   0.0324992733941443   0
0.0788805792167502   0.12781849322379   -0.0614156865730391   -0.0260266838571395   0
0.0610206807041678   0.101047613830016   -0.0178598985125823   -0.026770879393774   0
0.0769998736800366   0.0846155554611562   0.0159791929758688   -0.0164320583688596   0
0.0644160200683805   0.105628190325973   -0.0125838536116561   0.0210126348648169   0
0.0691812392513317   0.124392662386101   0.00476521918295121   0.0187644720601279   0
0.0956300361582071   0.122729631716061   0.0264487969068754   -0.00166303067003984   0
0.0620701452446343   0.0875916411872303   -0.0335598909135728   -0.0351379905288308   0
0.0950928730339976   0.169995108117623   0.0330227277893633   0.0824034669303932   0
0.136629022916195   0.22555768572255   0.0415361498821972   0.0555625776049262   0
0.114203794739798   0.140017330527439   -0.0224252281763965   -0.0855403551951107   0
0.10920636891451   0.163442604819245   -0.00499742582528818   0.0234252742918063   0
0.0787822893037515   0.138418050608474   -0.0304240796107587   -0.0250245542107716   0
0.0571058352052573   0.0911636811165808   -0.0216764540984942   -0.047254369491893   0
0.0661890584049207   0.0743100274477012   0.00908322319966341   -0.0168536536688796   0
0.0441321995582319   0.0569084301933378   -0.0220568588466888   -0.0174015972543634   0
0.0581531403796906   0.0429809413878407   0.0140209408214587   -0.013927488805497   0
0.0653875180579597   0.04743900941011   0.00723437767826907   0.00445806802226922   0
0.0755122052901384   0.0497505185105018   0.0101246872321787   0.00231150910039186   0
0.0547249875144801   0.110276402813567   -0.0207872177756583   0.0605258843030648   0
0.0416543727699746   0.0912649899046726   -0.0130706147445055   -0.019011412908894   0
0.0456777601082584   0.0975934694224721   0.00402338733828379   0.00632847951779947   0
0.0439166602789875   0.103475000514436   -0.00176109982927086   0.00588153109196374   0
0.0365778107798977   0.0967631627515348   -0.00733884949908982   -0.0067118377629011   0
0.0446838088997167   0.0981714617913602   0.00810599811981898   0.00140829903982546   0
0.0699899576825847   0.132881169192977   0.025306148782868   0.0347097074016165   0
0.0498893895941812   0.124765659860606   -0.0201005680884035   -0.0081155093323704   0
0.0554175066322908   0.130619227409482   0.0055281170381096   0.00585356754887584   0
0.0609467930271971   0.146118011462824   0.00552928639490625   0.015498784053342   0
0.0579384674863357   0.14563026177476   -0.00300832554086135   -0.000487749688064532   0
0.0408750197305151   0.130353359342261   -0.0170634477558206   -0.015276902432499   0
0.0368513791118121   0.149155507299437   -0.00402364061870303   0.0188021479571768   0
0.0504763600924869   0.151160740364024   0.0136249809806748   0.00200523306458708   0
0.0491685835549703   0.146757714181683   -0.00130777653751652   -0.00440302618234159   0
0.0501825183200285   0.159281719192678   0.00101393476505821   0.0125240050109948   0
0.0660974947733271   0.163387086639222   0.0159149764532985   0.00410536744654397   0
0.0575868732289365   0.17769691689321   -0.0085106215443906   0.0143098302539887   0
0.0594854348535639   0.195592515352869   0.00189856162462747   0.0178955984596592   0
0.0807678727263508   0.212394849834624   0.0212824378727869   0.0168023344817545   0
0.0622180728608826   0.2212255083968   -0.0185497998654682   0.00883065856217574   0
0.0756812470237509   0.230989058979403   0.0134631741628683   0.00976355058260298   0
0.0709878720144505   0.227173154210291   -0.00469337500930041   -0.00381590476911209   0
0.0649228963350373   0.19662543053771   -0.00606497567941316   -0.0305477236725802   0
0.0463844912522494   0.201965060489098   -0.0185384050827879   0.00533962995138751   0
0.0665217935745121   0.235808136326845   0.0201373023222627   0.0338430758377472   0
0.0638285045469499   0.209318508399855   -0.00269328902756223   -0.0264896279269906   0
0.0849524360666014   0.236290865186263   0.0211239315196515   0.0269723567864079   0
0.07381826217861   0.249094412009061   -0.0111341738879914   0.0128035468227988   0
0.0626489184514378   0.234071040627541   -0.0111693437271722   -0.0150233713815202   0
0.0714025106772864   0.245744749305148   0.00875359222584864   0.0116737086776068   0
0.0784011592381771   0.254771342754542   0.00699864856089068   0.00902659344939444   0
0.0618910558273366   0.261193569663784   -0.0165101034108405   0.0064222269092416   0
0.0735434317352678   0.276878809689257   0.0116523759079312   0.0156852400254734   0
0.0617315124057365   0.268622521309593   -0.0118119193295313   -0.00825628837966491   0
0.093808551405349   0.29245708257052   0.0320770389996125   0.0238345612609276   0
0.0680761989430961   0.282534196277606   -0.0257323524622529   -0.0099228862929146   0
0.0734409358603906   0.288367578570325   0.00536473691729444   0.0058333822927194   0
0.0859399072276088   0.30366857401152   0.0124989713672182   0.0153009954411951   0
0.0499004929491684   0.174145215020317   -0.0360394142784404   -0.129523358991203   0
0.0549500740398009   0.209704993369054   0.00504958109063254   0.0355597783487369   0
0.062564955697164   0.248626891301952   0.00761488165736315   0.0389218979328977   0
0.0642664127946192   0.250235806569094   0.0017014570974552   0.00160891526714224   0
0.0832466384044959   0.289665469777285   0.0189802256098767   0.0394296632081907   0
0.0865084958066547   0.328283299341457   0.0032618574021588   0.0386178295641721   0
0.0623762376751957   0.299882044064633   -0.0241322581314591   -0.0284012552768237   0
0.0821446037500943   0.306922763522046   0.0197683660748986   0.00704071945741336   0
0.0751678055333292   0.32187760675631   -0.00697679821676503   0.0149548432342641   0
0.061307721483166   0.298161210146935   -0.0138600840501632   -0.023716396609375   0
0.095063705801636   0.362415719903056   0.03375598431847   0.0642545097561201   0
0.0904507106662656   0.363392456542338   -0.00461299513537036   0.000976736639282494   0
0.0819408865186172   0.378301355573034   -0.00850982414764843   0.0149088990306959   0
0.093409471764752   0.380913486403435   0.0114685852461348   0.00261213083040124   0
0.103763004376059   0.392853918345713   0.0103535326113073   0.0119404319422777   0
0.119458199166905   0.482223557813179   0.015695194790846   0.0893696394674658   0
0.115301493194711   0.510751331684365   -0.00415670597219421   0.0285277738711867   0
0.0776690490758063   0.306196431242467   -0.0376324441189048   -0.204554900441899   0
0.074695530141301   0.371116674707638   -0.0029735189345053   0.0649202434651717   0
0.0569583020502718   0.309402741450258   -0.0177372280910291   -0.0617139332573806   0
0.0780592512320769   0.37379519559365   0.0211009491818051   0.0643924541433923   0
0.0717564861193049   0.383528581148504   -0.00630276511277199   0.00973338555485448   0
0.0980647065924841   0.45810169810589   0.0263082204731792   0.0745731169573856   0
0.0854540684248216   0.446231476315544   -0.0126106381676625   -0.011870221790346   0
0.0763607908721904   0.425966113361732   -0.00909327755263123   -0.0202653629538121   0
0.102962170537727   0.453661901343115   0.0266013796655367   0.0276957879813828   0
0.0890415311058834   0.430456739961245   -0.0139206394318437   -0.0232051613818702   0
0.0730190003727804   0.427448407027763   -0.016022530733103   -0.00300833293348113   0
0.0984584909473023   0.472294883691852   0.0254394905745219   0.0448464766640886   0
0.0898848437177259   0.4653493651833   -0.0085736472295764   -0.0069455185085523   0
0.104696302827225   0.500010074725   0.0148114591094991   0.0346607095417002   0
0.120626161630303   0.521935191640686   0.0159298588030781   0.0219251169156865   0
0.0985652608864807   0.50867000465454   -0.0220609007438224   -0.0132651869861462   0
0.114676685701759   0.516745365147332   0.0161114248152782   0.00807536049279223   0
0.126758223817392   0.570783446517153   0.0120815381156329   0.0540380813698208   0
0.106153693840723   0.53338379846528   -0.0206045299766686   -0.0373996480518737   0
0.11042118889974   0.534268160319329   0.00426749505901694   0.000884361854049165   0
0.0840633023988663   0.366270591678475   -0.0263578865008738   -0.167997568640854   0
0.0878719719029339   0.403010571914063   0.00380866950406752   0.0367399802355878   0
0.0842741187663805   0.42890151245828   -0.00359785313655341   0.0258909405442172   0
0.0984643725599981   0.476485060804114   0.0141902537936176   0.0475835483458339   0
0.0951809359154448   0.456670848333075   -0.00328343664455331   -0.0198142124710391   0
0.0988835598204272   0.490594355563993   0.00370262390498241   0.0339235072309189   0
0.0956583952217995   0.488946575744733   -0.00322516459862764   -0.0016477798192604   0
0.0839575850087061   0.478642654528929   -0.0117008102130935   -0.0103039212158038   0
0.0737950580783727   0.438166914348003   -0.0101625269303334   -0.0404757401809266   0
0.0872495036467033   0.263431182418198   0.0134544455683307   -0.174735731929805   0
0.0898670862485259   0.329846656700148   0.0026175826018226   0.0664154742819494   0
0.0679793829902861   0.396299426588975   -0.0218877032582398   0.066452769888827   0
0.0812467412804969   0.413292595192861   0.0132673582902108   0.0169931686038864   0
0.0786853124263995   0.445860571487601   -0.00256142885409739   0.0325679762947399   0
0.0989030865234246   0.519827203627561   0.020217774097025   0.0739666321399604   0
0.0868279952137034   0.503988376867215   -0.0120750913097212   -0.0158388267603462   0
0.0834491622748845   0.490348562772952   -0.00337883293881894   -0.0136398140942628   0
0.100594480624386   0.519932965401551   0.0171453183495017   0.0295844026285984   0
0.0987912249741362   0.525911346864659   -0.00180325565024993   0.0059783814631087   0
0.0939102082345093   0.51290370386092   -0.00488101673962692   -0.0130076430037397   0
0.093546309542494   0.548168991718111   -0.000363898692015335   0.035265287857191   0
0.107183104860229   0.579308841133553   0.0136367953177352   0.0311398494154422   0
0.10787898399174   0.586927034938117   0.000695879131510341   0.00761819380456452   0
0.123902385658267   0.608568352718082   0.0160234016665277   0.0216413177799647   0
0.10727282633976   0.621948708932859   -0.0166295593185068   0.0133803562147768   0
0.0923184197064703   0.582950447291191   -0.0149544066332902   -0.0389982616416678   0
0.0948738355045267   0.615292618297993   0.00255541579805647   0.032342171006802   0
0.0979446668865935   0.615026268720491   0.00307083138206675   -0.000266349577501823   0
0.0968202185792306   0.594489346024805   -0.00112444830736284   -0.0205369226956866   0
0.105930527289359   0.626295026598887   0.0091103087101282   0.0318056805740818   0
0.105895460072373   0.609984186040302   -3.50672169855959e-05   -0.0163108405585844   0
0.100649996391356   0.601239441187328   -0.00524546368101717   -0.0087447448529745   0
0.0910561473205977   0.599271115375378   -0.00959384907075836   -0.00196832581194917   0
0.112437187310224   0.630274998422316   0.0213810399896263   0.0310038830469371   0
0.0991255931654383   0.603010791790869   -0.0133115941447857   -0.027264206631447   0
0.103715705425933   0.625851639736807   0.00459011226049462   0.0228408479459383   0
0.100839707285622   0.611508573088718   -0.00287599814031059   -0.0143430666480889   0
0.104504489854374   0.624481083960916   0.00366478256875134   0.0129725108721975   0
0.101372408776205   0.582292033611572   -0.00313208107816874   -0.0421890503493435   0
0.155002316949812   0.574177129490761   0.0536299081736071   -0.00811490412081117   0
0.125905185067143   0.565490554754896   -0.0290971318826688   -0.00868657473586487   0
0.136785636156975   0.6059803408548   0.0108804510898319   0.0404897860999045   0
0.127207976891541   0.597636375738835   -0.00957765926543391   -0.00834396511596547   0
0.140864386530769   0.579723372595284   0.0136564096392281   -0.0179130031435515   0
0.135229784296804   0.57601151268486   -0.00563460223396584   -0.003711859910424   0
0.122317921738272   0.609317160846468   -0.0129118625585316   0.0333056481616081   0
0.118495653721257   0.595328850923798   -0.00382226801701467   -0.0139883099226693   0
0.124899192533058   0.604039223663497   0.00640353881180124   0.00871037273969866   0
0.1118384643453   0.552942509701732   -0.0130607281877581   -0.051096713961765   0
0.114491333254749   0.548400575489532   0.00265286890944867   -0.00454193421219995   0
0.11407156446404   0.550310944566797   -0.000419768790709193   0.00191036907726461   0
0.125255608364736   0.600433935645921   0.0111840439006957   0.0501229910791245   0
0.109842459718908   0.569491929189958   -0.0154131486458272   -0.0309420064559632   0
0.135923546901631   0.601861791828905   0.0260810871827231   0.032369862638947   0
0.139881449312659   0.604092748175725   0.00395790241102761   0.00223095634682013   0
0.132337521689626   0.606811229468028   -0.00754392762303355   0.00271848129230312   0
0.117611343225473   0.56125534689658   -0.0147261784641526   -0.0455558825714485   0
0.145445658808402   0.529626420454314   0.0278343155829288   -0.0316289264422656   0
0.143338756710905   0.539839999904601   -0.00210690209749642   0.0102135794502872   0
0.152316239426333   0.542883721192957   0.0089774827154277   0.00304372128835584   0
0.158812400667863   0.536624845878853   0.00649616124153049   -0.00625887531410441   0
0.131439801220872   0.52806256981461   -0.0273725994469913   -0.00856227606424276   0
0.135698979691816   0.513259918899976   0.0042591784709442   -0.014802650914634   0
0.145623159405158   0.565766811810529   0.00992417971334139   0.0525068929105524   0
0.103276260655983   0.433614972869365   -0.042346898749175   -0.132151838941164   0
0.0855337536763704   0.277810902648839   -0.0177425069796124   -0.155804070220526   0
0.0657346212190228   0.22494699234962   -0.0197991324573476   -0.0528639102992186   0
0.0442389377389389   0.155631722654356   -0.0214956834800839   -0.0693152696952636   0
0.052034299457897   0.174621472677281   0.00779536171895814   0.0189897500229249   0
0.049760557015705   0.219319718892203   -0.00227374244219204   0.0446982462149218   0
0.0696854237622905   0.252986681465428   0.0199248667465855   0.033666962573225   0
0.0820246951256144   0.279576162068089   0.012339271363324   0.0265894806026611   0
0.0644292403615781   0.270745202729545   -0.0175954547640364   -0.00883095933854411   0
0.106264469079792   0.304372491436521   0.0418352287182136   0.0336272887069757   0
0.0768686947106044   0.280301869498515   -0.0293957743691873   -0.024070621938006   0
0.101872480748644   0.312774448363569   0.0250037860380399   0.0324725788650543   0
0.104027599945844   0.323110496864235   0.00215511919719939   0.0103360485006653   0
0.112944905758737   0.307492910733118   0.00891730581289342   -0.015617586131117   0
0.132499722001595   0.328239973894116   0.0195548162428581   0.0207470631609986   0
0.154568525069045   0.326742059592019   0.0220688030674499   -0.001497914302097   0
0.120163651393631   0.281248341092583   -0.0344048736754144   -0.045493718499436   0
0.159049143376253   0.326772497422063   0.0388854919826227   0.04552415632948   0
0.148107247166808   0.325996955454672   -0.0109418962094452   -0.000775541967390714   0
0.153592754624071   0.322428890640087   0.00548550745726256   -0.00356806481458505   0
0.18208862915034   0.354366298672747   0.0284958745262691   0.0319374080326596   0
0.147826145299132   0.296875575520559   -0.0342624838512082   -0.0574907231521878   0
0.161784591806204   0.3231075679405   0.0139584465070721   0.0262319924199403   0
0.150446793167086   0.312819520743247   -0.0113377986391177   -0.0102880471972522   0
0.166858938215518   0.345281572425248   0.0164121450484317   0.0324620516820003   0
0.187196822113544   0.377256059731635   0.0203378838980266   0.0319744873063877   0
0.163869124768304   0.337872151964541   -0.0233276973452404   -0.0393839077670942   0
0.18006199611967   0.351079310482778   0.0161928713513658   0.0132071585182364   0
0.169490185389273   0.350120115211123   -0.0105718107303972   -0.000959195271654611   0
0.169579905981841   0.361872629049421   8.97205925682876e-05   0.0117525138382982   0
0.124916016084168   0.415061643259769   -0.0446638898976734   0.0531890142103481   0
0.0778474327840039   0.436659442630352   -0.0470685833001637   0.0215977993705831   0
0.090360293241556   0.346524886522599   0.0125128604575522   -0.0901345561077537   0
0.137921386003274   0.38995412613569   0.0475610927617179   0.0434292396130916   0
0.0934242345715843   0.349421084786583   -0.0444971514316897   -0.0405330413491072   0
0.152872529873421   0.383152984884775   0.0594482953018368   0.0337319000981916   0
0.133881936980983   0.358787966378361   -0.0189905928924377   -0.0243650185064135   0
0.140832319626804   0.334311815883843   0.00695038264582101   -0.0244761504945183   0
0.123453825318547   0.32710315066844   -0.0173784943082571   -0.00720866521540314   0
0.149667140696447   0.353740108810261   0.0262133153778994   0.0266369581418208   0
0.141140105172201   0.345478036154008   -0.00852703552424566   -0.00826207265625262   0
0.134423245864136   0.379304334885699   -0.00671685930806495   0.033826298731691   0
0.144898214598179   0.370199546824665   0.010474968734043   -0.00910478806103415   0
0.142836149502603   0.387666481228017   -0.00206206509557608   0.0174669344033521   0
0.126363075385731   0.361918812122156   -0.0164730741168719   -0.0257476691058609   0
0.15753737133436   0.370177900965171   0.0311742959486286   0.00825908884301496   0
0.130219308185998   0.367786313415927   -0.0273180631483616   -0.0023915875492439   0
0.114965887568661   0.359903899256878   -0.0152534206173373   -0.00788241415904872   0
0.160008529498899   0.385606352840965   0.0450426419302379   0.0257024535840864   0
0.193249359790117   0.246618476695629   0.0332408302912179   -0.138987876145336   0
0.189619479048857   0.201235522308594   -0.00362988074125956   -0.0453829543870353   0
0.18684675268468   0.215036600364008   -0.00277272636417711   0.0138010780554141   0
0.182449054017459   0.217293981297395   -0.00439769866722128   0.00225738093338684   0
0.210600385751071   0.272743804306349   0.0281513317336124   0.0554498230089543   0
0.218709123474582   0.289131540626857   0.00810873772351092   0.0163877363205082   0
0.256117271915894   0.310420884313959   0.037408148441312   0.0212893436871013   0
0.216086297861341   0.270471393232833   -0.0400309740545535   -0.0399494910811252   0
0.239362146622393   0.309556653304383   0.0232758487610525   0.0390852600715497   0
0.194864519114435   0.297722119763127   -0.0444976275079581   -0.0118345335412556   0
0.198709698768228   0.324964159542264   0.00384517965379322   0.0272420397791365   0
0.201305753258892   0.319591161700398   0.00259605449066402   -0.00537299784186585   0
0.195230338169908   0.28619691588181   -0.00607541508898474   -0.0333942458185878   0
0.202677185121217   0.316866670030172   0.00744684695130934   0.0306697541483619   0
0.212057173067289   0.329724406147392   0.00937998794607178   0.0128577361172194   0
0.182274613748514   0.295651083731098   -0.0297825593187745   -0.0340733224162938   0
0.200809912397222   0.307398459931137   0.018535298648708   0.0117473762000394   0
0.228569302367269   0.317029718647247   0.0277593899700468   0.00963125871610981   0
0.224266399192211   0.316780879063999   -0.00430290317505821   -0.000248839583247784   0
0.248451642501152   0.33554051025647   0.0241852433089408   0.0187596311924713   0
0.246415195802369   0.354661016864417   -0.0020364466987822   0.019120506607947   0
0.223715225500568   0.320539159194458   -0.0226999703018013   -0.0341218576699595   0
0.261229949046295   0.370688555152034   0.0375147235457272   0.050149395957576   0
0.277423594567027   0.38237886371386   0.0161936455207315   0.0116903085618258   0
0.260922819060503   0.398916983228704   -0.0165007755065237   0.0165381195148442   0
0.265095936646358   0.381762539828062   0.00417311758585526   -0.017154443400642   0
0.255517466663358   0.370414244707314   -0.00957846998300077   -0.0113482951207477   0
0.22354229482854   0.321165919287683   -0.0319751718348173   -0.0492483254196311   0
0.247665887233688   0.379055345862501   0.0241235924051481   0.0578894265748177   0
0.246981887578523   0.385179232235556   -0.00068399965516569   0.0061238863730555   0
0.231300996996338   0.350366124078945   -0.0156808905821845   -0.0348131081566114   0
0.256397635695339   0.37175614599708   0.0250966386990014   0.0213900219181354   0
0.238096229010982   0.377567849135079   -0.0183014066843574   0.005811703137999   0
