0.297814695272497   0.16620253492426   0   0   0
0.285779997292603   0.149698185656707   -0.0120346979798939   -0.0165043492675531   0
0.277659907708837   0.148542337618404   -0.00812008958376542   -0.00115584803830299   0
0.198943510819252   0.116933460766594   -0.0787163968895848   -0.0316088768518106   0
0.205872720297275   0.0942820792098106   0.0069292094780225   -0.022651381556783   0
0.198550547313426   0.111636331955417   -0.00732217298384921   0.0173542527456061   0
0.193257038219052   0.083767502279464   -0.00529350909437407   -0.0278688296759528   0
0.156450112809707   0.0811455198397453   -0.0368069254093448   -0.00262198243971865   0
0.0916816901201652   0.0591357559429877   -0.0647684226895417   -0.0220097638967577   0
0.106730256546633   0.0331805232125716   0.0150485664264673   -0.0259552327304161   0
0.102021900125512   0.0324849048966978   -0.00470835642112029   -0.000695618315873774   0
0.106686878863476   0.0646893251185232   0.0046649787379637   0.0322044202218255   0
0.0972421870480734   0.0611173797579649   -0.00944469181540253   -0.00357194536055833   0
0.0847362035193488   0.068046309836482   -0.0125059835287246   0.00692893007851704   0
0.0702316031368358   0.0654613475814671   -0.014504600382513   -0.00258496225501485   0
0.0816327692032434   0.0480043896595405   0.0114011660664076   -0.0174569579219266   0
0.0672999797309962   0.0410155776570451   -0.0143327894722472   -0.0069888120024954   0
0.0587902075112854   0.0500244498767603   -0.00850977221971079   0.00900887221971514   0
0.0701539423478082   0.0511175567723517   0.0113637348365228   0.00109310689559145   0
0.0535980306314038   0.0556778423552682   -0.0165559117164044   0.00456028558291652   0
0.0449947612046114   0.0399525430908034   -0.00860326942679243   -0.0157252992644649   0
0.0681795012968708   0.0642921757149733   0.0231847400922594   0.0243396326241699   0
0.0562172096003528   0.0563438181757547   -0.0119622916965179   -0.00794835753921863   0
0.0827129647311714   0.058374250426665   0.0264957551308186   0.00203043225091036   0
0.0929950526764672   0.0473371750243928   0.0102820879452958   -0.0110370754022722   0
0.0961369817151568   0.0522265710872588   0.00314192903868968   0.004889396062866   0
0.107986246231499   0.0213809693336738   0.0118492645163425   -0.030845601753585   0
0.10992628231565   0.0359489066562545   0.00194003608415078   0.0145679373225807   0
0.111922164648205   0.0512486906146352   0.00199588233255533   0.0152997839583807   0
0.121133487299955   0.0287389016646427   0.00921132265174977   -0.0225097889499926   0
0.128884517539424   0.04023617514644   0.00775103023946846   0.0114972734817974   0
0.148009450137956   0.0415293442096971   0.0191249325985321   0.00129316906325704   0
0.164549170956951   0.0256762402460426   0.0165397208189956   -0.0158531039636544   0
0.168494820729006   0.050513358116913   0.00394564977205503   0.0248371178708704   0
0.185062624177505   0.0510910427363251   0.0165678034484985   0.000577684619412121   0
0.182467319049813   0.0591981629878411   -0.00259530512769224   0.00810712025151596   0
0.204314050612801   0.0611231925423566   0.0218467315629879   0.00192502955451554   0
0.201301639126323   0.067478746828872   -0.00301241148647743   0.00635555428651533   0
0.20468530553272   0.0625959192131302   0.00338366640639726   -0.00488282761574173   0
0.201051908032608   0.0771872976789899   -0.00363339750011274   0.0145913784658597   0
0.210317296411874   0.0991229333675312   0.00926538837926624   0.0219356356885413   0
0.232472050162186   0.0871348420177744   0.0221547537503123   -0.0119880913497568   0
0.217050895264688   0.110573065344598   -0.0154211548974983   0.0234382233268236   0
0.265221322315835   0.116164157819463   0.048170427051147   0.00559109247486458   0
0.273782669508054   0.111482734458839   0.00856134719221874   -0.00468142336062358   0
0.282169197298429   0.107674069627801   0.0083865277903758   -0.00380866483103812   0
0.29343952770375   0.116043451329427   0.0112703304053208   0.00836938170162578   0
0.304817269673554   0.0872855242476953   0.0113777419698035   -0.0287579270817313   0
0.301334906167893   0.131986367406534   -0.00348236350566072   0.0447008431588384   0
0.32605140109929   0.115044108781719   0.0247164949313968   -0.0169422586248146   0
0.332019354463923   0.120949179215115   0.00596795336463291   0.00590507043339596   0
0.337100729674018   0.145795227348291   0.00508137521009561   0.0248460481331765   0
0.346509973231906   0.169811671776979   0.00940924355788791   0.0240164444286877   0
0.377270558245684   0.123686550620156   0.0307605850137777   -0.0461251211568228   0
0.392416012480391   0.162991126858949   0.0151454542347066   0.0393045762387926   0
0.394238531021715   0.146645059090999   0.00182251854132481   -0.0163460677679503   0
0.41464366974477   0.177047413608022   0.0204051387230547   0.0304023545170233   0
0.426566305520211   0.195522579940969   0.0119226357754407   0.0184751663329467   0
0.433259024621311   0.193920536645813   0.00669271910110053   -0.00160204329515598   0
0.449468724354165   0.176419178970116   0.0162096997328533   -0.0175013576756962   0
0.440393261942605   0.188844459617803   -0.00907546241155943   0.0124252806476867   0
0.472064126441525   0.175933809972309   0.0316708644989198   -0.0129106496454943   0
0.449669216494864   0.195976550852066   -0.022394909946661   0.0200427408797573   0
0.464215112768596   0.214643104998053   0.0145458962737317   0.0186665541459863   0
0.484617778577396   0.200446199104205   0.0204026658088003   -0.0141969058938478   0
0.472154789785972   0.222180020500742   -0.0124629887914238   0.0217338213965369   0
0.489985547250284   0.224447789849332   0.0178307574643115   0.00226776934859058   0
0.497303448376703   0.217197198259338   0.00731790112641922   -0.00725059158999375   0
0.484271073000449   0.226460262209267   -0.0130323753762537   0.00926306394992862   0
0.507930059491708   0.234027262507539   0.0236589864912588   0.00756700029827173   0
0.515735839619557   0.212208673401654   0.00780578012784949   -0.0218185891058845   0
0.499474253978842   0.234056904724519   -0.0162615856407159   0.0218482313228645   0
0.511207670627124   0.239218130362228   0.0117334166482823   0.00516122563770932   0
0.518790209803626   0.224461263248049   0.00758253917650176   -0.0147568671141791   0
0.535401237441837   0.250258329198171   0.016611027638211   0.0257970659501216   0
0.545679347619241   0.261415353812706   0.0102781101774039   0.0111570246145358   0
0.555526520093542   0.244675797499978   0.009847172474301   -0.0167395563127289   0
0.546520089888524   0.246030563191974   -0.0090064302050179   0.00135476569199666   0
0.550015825035026   0.262224001192153   0.00349573514650203   0.0161934380001793   0
0.563521280774063   0.268633879777147   0.0135054557390371   0.0064098785849932   0
0.59017188441094   0.261113624122163   0.0266506036368773   -0.00752025565498415   0
0.604919336427668   0.299135081035897   0.0147474520167279   0.0380214569137342   0
0.596701161230511   0.2541029735035   -0.00821817519715728   -0.0450321075323968   0
0.594053576107652   0.285104953409705   -0.00264758512285856   0.0310019799062049   0
0.607158470439506   0.264901671927702   0.0131048943318536   -0.0202032814820026   0
0.609300471058213   0.259788841534839   0.00214200061870717   -0.00511283039286292   0
0.613703721136674   0.263092044676901   0.00440325007846076   0.00330320314206167   0
0.639634755516271   0.26618421178023   0.0259310343795977   0.00309216710332932   0
0.634598491812547   0.250510095514477   -0.00503626370372379   -0.0156741162657532   0
0.62867662206038   0.263587149897809   -0.00592186975216735   0.0130770543833317   0
0.63583733818174   0.243115883521465   0.00716071612135949   -0.020471266376344   0
0.61552830623051   0.244072014244265   -0.0203090319512299   0.000956130722799653   0
0.623452616175448   0.257677144152791   0.00792430994493798   0.0136051299085267   0
0.637952976585861   0.259141842515778   0.0145003604104132   0.00146469836298713   0
0.664635590063465   0.260668040756457   0.0266826134776039   0.00152619824067868   0
0.671804304430807   0.285076802102631   0.0071687143673419   0.0244087613461736   0
0.687247113073755   0.278279040010746   0.0154428086429478   -0.00679776209188448   0
0.676668881224665   0.258407735147484   -0.0105782318490893   -0.0198713048632618   0
0.667008352444413   0.274110838085545   -0.00966052878025236   0.0157031029380608   0
0.654873368819011   0.28009253968166   -0.0121349836254021   0.00598170159611516   0
0.672858262504073   0.256972299957724   0.0179848936850623   -0.0231202397239363   0
0.6698953102856   0.268624710918206   -0.0029629522184732   0.0116524109604824   0
0.69954996787221   0.288150860060321   0.0296546575866102   0.0195261491421141   0
0.687760469886166   0.27232673149271   -0.011789497986044   -0.0158241285676107   0
0.680771382024068   0.295865210771311   -0.00698908786209773   0.0235384792786014   0
0.707388684684905   0.293473664916462   0.0266173026608367   -0.00239154585484908   0
0.712643055953855   0.268957095923941   0.00525437126895034   -0.0245165689925212   0
0.6660952643532   0.281760457636447   -0.0465477916006549   0.0128033617125059   0
0.674299064353081   0.283481292392942   0.00820379999988019   0.00172083475649476   0
0.655038647043249   0.263835685214775   -0.0192604173098319   -0.0196456071781664   0
0.686583798846936   0.259031374421729   0.0315451518036873   -0.00480431079304622   0
0.679656367040257   0.256942581239997   -0.00692743180667954   -0.002088793181732   0
0.706886309220153   0.272992596906033   0.0272299421798966   0.0160500156660363   0
0.701319681089223   0.275186173655673   -0.00556662813092967   0.00219357674963933   0
0.711102306669195   0.248966437441877   0.00978262557997167   -0.0262197362137958   0
0.716496805573542   0.294807778928067   0.00539449890434684   0.0458413414861901   0
0.701788555112756   0.286269731996766   -0.0147082504607858   -0.00853804693130139   0
0.720572616935649   0.264569004110931   0.0187840618228932   -0.0217007278858343   0
0.727077537013323   0.296694619352542   0.00650492007767367   0.0321256152416111   0
0.725858962105752   0.294698222146826   -0.00121857490757071   -0.00199639720571648   0
0.736861696637632   0.287673256100128   0.0110027345318801   -0.00702496604669767   0
0.722327427036251   0.321195654084858   -0.0145342696013817   0.0335223979847301   0
0.7104645932415   0.29904311116334   -0.0118628337947507   -0.022152542921518   0
0.720950328702332   0.281693718618733   0.0104857354608318   -0.0173493925446073   0
0.727954750632352   0.309115100515569   0.0070044219300206   0.0274213818968354   0
0.730859984697178   0.284172804241539   0.00290523406482623   -0.0249422962740296   0
0.753655249667141   0.30050701069817   0.0227952649699622   0.0163342064566309   0
0.769719743526798   0.322032178289686   0.0160644938596575   0.021525167591516   0
0.759729753255485   0.291274464291843   -0.0099899902713132   -0.0307577139978431   0
0.745744278536845   0.301531158473299   -0.0139854747186395   0.0102566941814567   0
0.758167838998787   0.30966411048021   0.0124235604619413   0.008132952006911   0
0.745156058688709   0.294806823607426   -0.0130117803100781   -0.0148572868727844   0
0.757043231714253   0.330530611307788   0.0118871730255443   0.0357237877003619   0
0.754301722913908   0.313418284103289   -0.00274150880034485   -0.017112327204499   0
0.744189556916139   0.303557452781595   -0.0101121659977687   -0.00986083132169446   0
0.734503600883781   0.307618001747703   -0.00968595603235889   0.00406054896610875   0
0.751425107500967   0.330287553191912   0.0169215066171866   0.0226695514442085   0
0.728517638190483   0.291617547664745   -0.0229074693104837   -0.0386700055271665   0
0.745194023136424   0.319094742276099   0.016676384945941   0.0274771946113536   0
0.75135868595704   0.324300150069731   0.00616466282061567   0.00520540779363204   0
0.768670081213267   0.324548299288411   0.0173113952562266   0.000248149218680049   0
0.767584746994728   0.3346642957775   -0.00108533421853907   0.010115996489089   0
0.755325803288329   0.346167629586087   -0.0122589437063984   0.0115033338085865   0
0.780133086257082   0.353500898659749   0.0248072829687528   0.00733326907366233   0
0.775409780500246   0.338583771863405   -0.00472330575683588   -0.0149171267963443   0
0.786592659873641   0.342458075630434   0.0111828793733952   0.00387430376702935   0
0.805580435226309   0.359311565376763   0.0189877753526678   0.0168534897463292   0
0.80717431874859   0.34108406839187   0.00159388352228051   -0.018227496984893   0
0.821768359646859   0.363173536181396   0.0145940408982697   0.0220894677895261   0
0.853561990666577   0.394618255868567   0.0317936310197177   0.0314447196871709   0
0.838629115166436   0.354515325488546   -0.0149328755001408   -0.0401029303800208   0
0.843782521508356   0.356480841100192   0.00515340634191996   0.0019655156116451   0
0.872039902513922   0.407547636955792   0.0282573810055653   0.0510667958556005   0
0.858744322319187   0.383618444963547   -0.0132955801947344   -0.0239291919922449   0
0.867976723901056   0.374024533540582   0.00923240158186878   -0.00959391142296506   0
0.933339565204026   0.379410916567381   0.0653628413029698   0.00538638302679878   0
0.957872879028319   0.377278751704227   0.024533313824293   -0.0021321648631536   0
0.95448957669479   0.383916736416895   -0.00338330233352857   0.00663798471266819   0
0.937774426764006   0.364520744817768   -0.0167151499307842   -0.0193959915991279   0
0.947783815706747   0.374015249364916   0.0100093889427406   0.00949450454714812   0
0.936182389093498   0.382195595638215   -0.0116014266132485   0.00818034627329944   0
0.903848156934559   0.389215894596431   -0.0323342321589387   0.00702029895821582   0
0.850819296952625   0.358448186775648   -0.0530288599819342   -0.0307677078207827   0
0.881023753886494   0.352071318316687   0.030204456933869   -0.00637686845896118   0
0.832252249208261   0.313114439263427   -0.0487715046782328   -0.0389568790532605   0
