0.43682771561159   0.649704781390171   0   0   0
0.339615805634897   0.642712520947352   -0.0972119099766931   -0.00699226044281953   0
0.382211069110459   0.644328044773196   0.0425952634755621   0.00161552382584451   0
0.359063661852449   0.61010419864356   -0.0231474072580097   -0.0342238461296366   0
0.285304278849792   0.475967178874237   -0.073759383002657   -0.134137019769323   0
0.301176428213182   0.467386182683894   0.0158721493633898   -0.0085809961903428   0
0.234790341079833   0.388254901629075   -0.0663860871333487   -0.0791312810548196   0
0.190404610081505   0.290520013540358   -0.0443857309983282   -0.0977348880887163   0
0.14579133092036   0.221758493842491   -0.0446132791611448   -0.0687615196978676   0
0.118347140703659   0.177155912854299   -0.0274441902167015   -0.0446025809881917   0
0.107236969974771   0.173469068582125   -0.0111101707288875   -0.00368684427217403   0
0.114751613173367   0.17620450360874   0.00751464319859546   0.00273543502661508   0
0.0992917218363047   0.150324814589242   -0.0154598913370621   -0.0258796890194981   0
0.0975337724793827   0.106138374571311   -0.00175794935692192   -0.0441864400179307   0
0.0977071229658821   0.0874196386837649   0.00017335048649933   -0.0187187358875465   0
0.0703040208680129   0.0698236982790943   -0.0274031020978691   -0.0175959404046705   0
0.0574931670664436   0.0764068287016448   -0.0128108538015693   0.00658313042255053   0
0.0338187431564525   0.0681359070866823   -0.0236744239099912   -0.00827092161496257   0
0.033519506990557   0.0734402667130403   -0.000299236165895451   0.00530435962635806   0
0.0433216061014594   0.0618863050508753   0.00980209911090235   -0.011553961662165   0
0.0292535243525443   0.0649087825772638   -0.0140680817489151   0.00302247752638841   0
0.0726994631894899   0.0291448795533624   0.0434459388369457   -0.0357639030239014   0
0.0334106686228276   0.0817896545326486   -0.0392887945666623   0.0526447749792862   0
0.0362804519887776   0.0757985833836128   0.00286978336595   -0.00599107114903577   0
0.059336382346921   0.0688862913791452   0.0230559303581434   -0.00691229200446755   0
0.0525102001203576   0.0702637931124736   -0.00682618222656345   0.00137750173332842   0
0.076968408787372   0.0822525954576663   0.0244582086670144   0.0119888023451926   0
0.0780809498519325   0.0854911461110593   0.00111254106456053   0.00323855065339308   0
0.0881554134577111   0.0831695906202802   0.0100744636057786   -0.00232155549077916   0
0.0844286774916556   0.0828163356765741   -0.00372673596605549   -0.000353254943706097   0
0.0688277421955711   0.0835749021528742   -0.0156009352960845   0.000758566476300127   0
0.0562554205011473   0.0837445156622958   -0.0125723216944238   0.000169613509421532   0
0.0979335681054887   0.0813851312328149   0.0416781476043415   -0.00235938442948087   0
0.133754338999526   0.113627419982073   0.0358207708940368   0.0322422887492585   0
0.140093440008973   0.125497542637376   0.0063391010094474   0.0118701226553025   0
0.133356858724289   0.114758794674613   -0.00673658128468382   -0.0107387479627629   0
0.157010260072901   0.127665532294704   0.0236534013486119   0.0129067376200905   0
0.170739229499169   0.136254731220763   0.0137289694262683   0.00858919892605992   0
0.185206971467599   0.123820741226985   0.0144677419684296   -0.0124339899937784   0
0.143926756202764   0.132585343606448   -0.0412802152648345   0.00876460237946337   0
0.153310962240097   0.144960305368823   0.00938420603733237   0.0123749617623749   0
0.178828331850213   0.125502810264522   0.0255173696101164   -0.0194574951043017   0
0.182270869066508   0.118497750932001   0.00344253721629442   -0.00700505933252075   0
0.182874469554528   0.118112676837417   0.000603600488020356   -0.000385074094584284   0
0.219979681017861   0.125822496058267   0.0371052114633332   0.00770981922085001   0
0.253698441955168   0.131179709160754   0.0337187609373072   0.00535721310248741   0
0.227010469507576   0.126098647235171   -0.0266879724475927   -0.00508106192558336   0
0.241384381374293   0.128206846450619   0.014373911866717   0.00210819921544797   0
0.265835539591699   0.144319962077185   0.0244511582174067   0.016113115626566   0
0.248729768657011   0.142720945298202   -0.0171057709346888   -0.00159901677898211   0
0.235920221489384   0.137754366925953   -0.0128095471676266   -0.00496657837224979   0
0.234898216879354   0.13675921320944   -0.00102200461003008   -0.000995153716512931   0
0.24305004844116   0.139835162237016   0.00815183156180566   0.00307594902757596   0
0.254956627422345   0.16413085149527   0.0119065789811853   0.0242956892582547   0
0.236742240787919   0.163236597377097   -0.0182143866344254   -0.000894254118173315   0
0.249504352320615   0.168770028297007   0.0127621115326954   0.00553343091990979   0
0.283336854089157   0.19891604476827   0.0338325017685417   0.0301460164712634   0
0.239129109821882   0.207701400125818   -0.0442077442672743   0.00878535535754738   0
0.228654107461339   0.196912536735437   -0.0104750023605431   -0.0107888633903802   0
0.266728059760339   0.195524864991681   0.0380739522989998   -0.00138767174375667   0
0.264389612343999   0.21395065397715   -0.00233844741633976   0.0184257889854688   0
0.276291957640543   0.210018184477136   0.0119023452965438   -0.00393246950001316   0
0.26589995181145   0.193439091325933   -0.0103920058290927   -0.0165790931512038   0
0.250473698077704   0.19238931431236   -0.0154262537337461   -0.00104977701357278   0
0.230270354290343   0.194325352664739   -0.0202033437873613   0.00193603835237868   0
0.296413535755205   0.191663919462226   0.066143181464862   -0.00266143320251297   0
0.273015883970536   0.186429347009826   -0.0233976517846693   -0.00523457245239989   0
0.261391811906155   0.175531145839805   -0.0116240720643809   -0.0108982011700204   0
0.302916745467529   0.19427139807159   0.0415249335613748   0.0187402522317842   0
0.301154364041221   0.195892068143506   -0.00176238142630797   0.00162067007191644   0
0.298006956769475   0.189366370183521   -0.00314740727174667   -0.00652569795998451   0
0.271931284636093   0.177766887330691   -0.0260756721333813   -0.0115994828528307   0
0.322573950754149   0.203866860783392   0.0506426661180553   0.0260999734527014   0
0.306538164170222   0.204404104184438   -0.0160357865839268   0.000537243401045662   0
0.288574634093158   0.215541885463615   -0.0179635300770641   0.0111377812791769   0
0.24361641515721   0.209338611035626   -0.0449582189359482   -0.00620327442798896   0
0.218617024503422   0.201957835447904   -0.0249993906537873   -0.00738077558772215   0
0.22284483920154   0.192692499521232   0.00422781469811709   -0.00926533592667153   0
0.246106827886794   0.19233135442773   0.0232619886852544   -0.000361145093502269   0
0.241119015982232   0.190079945379148   -0.00498781190456163   -0.00225140904858143   0
0.209237532501318   0.161812418029097   -0.0318814834809145   -0.0282675273500516   0
0.248200182327467   0.170714152999605   0.0389626498261497   0.00890173497050825   0
0.271552573358549   0.172876135672249   0.0233523910310812   0.00216198267264453   0
0.272123400432763   0.179662683927216   0.000570827074214575   0.0067865482549663   0
0.281484760528382   0.182999155904583   0.00936136009561844   0.00333647197736756   0
0.299740537680548   0.165865515076288   0.0182557771521664   -0.0171336408282951   0
0.284539614127376   0.16837819441724   -0.015200923553172   0.00251267934095212   0
0.269822907364967   0.171745508867262   -0.014716706762409   0.00336731445002203   0
0.287371352474589   0.176654374459715   0.0175484451096217   0.00490886559245265   0
0.298933997610426   0.172263445366363   0.011562645135837   -0.00439092909335187   0
0.280353435861436   0.173242945834809   -0.0185805617489895   0.00097950046844536   0
0.280892232997003   0.178323581701215   0.000538797135566427   0.00508063586640672   0
0.288729241300051   0.195202421597761   0.00783700830304779   0.0168788398965456   0
0.280128318091381   0.193450592301297   -0.00860092320866968   -0.00175182929646425   0
0.266586981355137   0.177648326853569   -0.013541336736244   -0.0158022654477276   0
0.289052727144056   0.189732851341827   0.0224657457889196   0.0120845244882584   0
0.32688252694674   0.194729525198575   0.0378297998026839   0.0049966738567476   0
0.285872940936965   0.176977692459565   -0.0410095860097752   -0.0177518327390097   0
0.246703988896177   0.188610976410713   -0.0391689520407885   0.0116332839511475   0
0.28254286747366   0.207159833062384   0.0358388785774831   0.0185488566516716   0
0.290589346549822   0.200231739147425   0.00804647907616213   -0.00692809391495938   0
0.27496959309091   0.191541610170408   -0.0156197534589122   -0.00869012897701724   0
0.265714337346681   0.19731067517829   -0.00925525574422909   0.00576906500788174   0
0.266984374114385   0.183622570590607   0.00127003676770454   -0.0136881045876825   0
0.283613038238812   0.197822159493856   0.0166286641244271   0.0141995889032486   0
0.292984771215519   0.197810229300939   0.00937173297670668   -1.19301929169258e-05   0
0.255150081234888   0.182993315556561   -0.0378346899806309   -0.0148169137443775   0
0.263993058324063   0.197205487823774   0.00884297708917492   0.0142121722672123   0
0.226061732478299   0.113744048206939   -0.0379313258457641   -0.0834614396168344   0
0.137903080824904   0.081528059418859   -0.0881586516533949   -0.0322159887880802   0
0.19458304966903   0.101466409228141   0.0566799688441255   0.0199383498092817   0
0.129503493350643   0.103228483438923   -0.0650795563183863   0.00176207421078237   0
0.131460737589399   0.115962001288364   0.0019572442387561   0.0127335178494409   0
0.162391642730291   0.116773127725571   0.0309309051408921   0.000811126437207071   0
0.14858813252798   0.119828736121746   -0.0138035102023115   0.00305560839617493   0
0.199369956634043   0.120769736972513   0.0507818241060627   0.00094100085076726   0
0.217911171342017   0.116276468024543   0.0185412147079747   -0.00449326894797041   0
0.213478380611363   0.126701686831757   -0.00443279073065417   0.0104252188072138   0
0.20566053995993   0.147109147985943   -0.00781784065143301   0.0204074611541862   0
0.216329111197939   0.138808555384231   0.0106685712380086   -0.00830059260171212   0
0.226766544649734   0.138935354885078   0.0104374334517948   0.000126799500847152   0
0.21744619186549   0.148576281236592   -0.00932035278424323   0.00964092635151464   0
0.216687025115326   0.152758362320079   -0.000759166750164075   0.00418208108348647   0
0.206317171291031   0.135099469248883   -0.0103698538242955   -0.0176588930711955   0
0.193255605656784   0.135732314762523   -0.0130615656342467   0.000632845513639152   0
0.193314987647941   0.118412721402443   5.93819911570981e-05   -0.0173195933600799   0
0.186145649402101   0.121222623861658   -0.00716933824583979   0.00280990245921529   0
0.199087467892489   0.115774606364189   0.0129418184903879   -0.00544801749746901   0
0.226353348153391   0.109834539228332   0.0272658802609013   -0.00594006713585693   0
0.215954922015224   0.107971862332892   -0.0103984261381662   -0.00186267689544038   0
0.192656274237254   0.117296943525492   -0.0232986477779703   0.00932508119260056   0
0.202179912727503   0.119887873304778   0.00952363849024945   0.00259092977928581   0
0.22245442968379   0.114691168653181   0.0202745169562862   -0.00519670465159659   0
0.228855716898487   0.109187011811261   0.00640128721469738   -0.00550415684192017   0
0.207799642979722   0.115501650026363   -0.0210560739187648   0.00631463821510204   0
0.190464625367894   0.122632333462977   -0.0173350176118285   0.00713068343661419   0
0.211221720646636   0.114960309674611   0.0207570952787425   -0.00767202378836629   0
0.226589448656474   0.106691778814818   0.0153677280098379   -0.00826853085979339   0
0.20825077575137   0.102748364992685   -0.0183386729051043   -0.00394341382213287   0
0.223663699580416   0.102785781645724   0.0154129238290458   3.74166530393155e-05   0
0.249858139740864   0.103547788216359   0.0261944401604479   0.000762006570635076   0
0.254476027835276   0.107062895647839   0.00461788809441213   0.0035151074314794   0
0.222415603872081   0.0982597862223402   -0.0320604239631946   -0.0088031094254985   0
0.215379484464308   0.100900083685347   -0.00703611940777288   0.00264029746300667   0
0.234991901855325   0.106045352962082   0.019612417391017   0.00514526927673487   0
0.238431615250006   0.120593149099824   0.00343971339468127   0.0145477961377427   0
0.238453394850441   0.113463786408087   2.17796004350068e-05   -0.00712936269173745   0
0.210671427042148   0.111718236867622   -0.027781967808293   -0.00174554954046545   0
0.195078216989407   0.0994732286005888   -0.0155932100527416   -0.0122450082670328   0
0.217178531643774   0.105435560563657   0.0221003146543668   0.00596233196306779   0
0.233215206392366   0.112887708841574   0.0160366747485922   0.00745214827791747   0
0.224686294936059   0.115290185703231   -0.00852891145630658   0.0024024768616574   0
0.210983640110686   0.111850306848113   -0.0137026548253729   -0.00343987885511851   0
0.241814283903743   0.116574096884981   0.0308306437930566   0.00472379003686842   0
0.230671778521001   0.123929112847184   -0.011142505382742   0.00735501596220235   0
0.224554283608781   0.112303686776081   -0.00611749491221983   -0.0116254260711032   0
0.156112994743359   0.156986463766785   -0.0684412888654222   0.0446827769907042   0
0.249463020375947   0.111865318398242   0.0933500256325878   -0.0451211453685429   0
0.228781581733768   0.127246944578249   -0.0206814386421784   0.0153816261800074   0
0.234098691121608   0.137831542512953   0.00531710938783964   0.010584597934704   0
0.253999121103755   0.119239367821622   0.0199004299821471   -0.0185921746913314   0
0.271856645234581   0.117222445108648   0.0178575241308261   -0.00201692271297373   0
0.249602102579315   0.136979606347989   -0.0222545426552661   0.0197571612393409   0
0.229410759912033   0.116874007805799   -0.0201913426672821   -0.0201055985421897   0
0.245902728350348   0.113885596496396   0.0164919684383151   -0.00298841130940282   0
0.230092385351841   0.104232547940039   -0.0158103429985071   -0.00965304855635746   0
0.218708625370583   0.109208914470672   -0.0113837599812578   0.00497636653063288   0
0.229304341388302   0.108319957578428   0.0105957160177189   -0.00088895689224347   0
0.238892846541917   0.114197162740324   0.0095885051536147   0.00587720516189552   0
0.230026704505129   0.122433337868001   -0.00886614203678746   0.00823617512767684   0
0.249906264381928   0.117031904705555   0.0198795598767987   -0.0054014331624461   0
0.266559509979479   0.135742080347842   0.0166532455975512   0.0187101756422875   0
0.253545637857132   0.133279976192975   -0.0130138721223469   -0.00246210415486697   0
0.275029807266399   0.166165698008795   0.0214841694092665   0.0328857218158198   0
0.253248007429437   0.230154738817714   -0.021781799836962   0.0639890408089188   0
0.279786912796078   0.208503111148251   0.0265389053666411   -0.0216516276694625   0
0.286366792988101   0.211867287597685   0.00657988019202344   0.0033641764494334   0
0.25665098212208   0.245947329302942   -0.0297158108660214   0.0340800417052578   0
0.228865129274469   0.236109147576391   -0.0277858528476103   -0.0098381817265514   0
0.271798541293308   0.22748759105921   0.0429334120188385   -0.00862155651718069   0
0.294376755809252   0.227710427312299   0.0225782145159442   0.000222836253089137   0
0.288643872220735   0.250823864760214   -0.00573288358851703   0.0231134374479143   0
0.313032590067041   0.243398260933645   0.0243887178463058   -0.0074256038265692   0
0.301967592070027   0.174228976739548   -0.0110649979970142   -0.0691692841940964   0
0.30704045838766   0.182374832270142   0.00507286631763343   0.00814585553059408   0
0.30070189456699   0.193527801762596   -0.00633856382067044   0.0111529694924534   0
0.347240800579555   0.155111527232222   0.046538906012565   -0.0384162745303731   0
0.321236000701665   0.178190256397874   -0.0260047998778898   0.0230787291656513   0
0.340396700281142   0.195349898654446   0.0191606995794777   0.0171596422565727   0
