0.24369068299357   0.0203765360663926   0   0   0
0.232145790481857   0.00429584557835242   -0.0115448925117128   -0.0160806904880402   1
0.21662034800249   0.0354686772203659   -0.0155254424793664   0.0311728316420134   0
0.34684460294028   0.0238618848509836   0.13022425493779   -0.0116067923693823   0
0.320734946732682   0.0471654027524678   -0.0261096562075983   0.0233035179014842   0
0.378462693363084   0.0828624738200894   0.0577277466304028   0.0356970710676216   0
0.377543162080841   0.488121600346164   -0.000919531282243591   0.405259126526074   0
0.346030169311868   0.400863663404717   -0.0315129927689728   -0.087257936941447   0
0.294327896056422   0.398128987528226   -0.0517022732554459   -0.00273467587649112   0
0.231711151309664   0.368047279161336   -0.0626167447467581   -0.0300817083668894   0
0.292132499284417   0.36249948696593   0.0604213479747532   -0.00554779219540602   0
0.132695891925447   0.335188699384172   -0.15943660735897   -0.0273107875817586   0
0.211067883229661   0.336486203129047   0.0783719913042141   0.00129750374487586   0
0.164988970519244   0.349095053307051   -0.0460789127104173   0.0126088501780032   0
0.229047950417112   0.336799317149252   0.0640589798978684   -0.0122957361577986   0
0.239430242628474   0.35637913308617   0.0103822922113617   0.0195798159369179   0
0.356289327321785   0.358198763687342   0.116859084693311   0.00181963060117168   0
0.35412266034572   0.367424554997965   -0.0021666669760651   0.00922579131062329   0
0.360780717947786   0.352592100014241   0.00665805760206634   -0.0148324549837239   0
0.261778470035735   0.369426170689084   -0.0990022479120515   0.0168340706748428   0
0.235498701064146   0.359047674016519   -0.0262797689715886   -0.0103784966725647   0
0.286164780859385   0.352958622360076   0.0506660797952393   -0.00608905165644336   0
0.11102628539355   0.348356388378881   -0.175138495465835   -0.00460223398119425   0
0.203499670315753   0.323528187405425   0.0924733849222026   -0.0248282009734562   0
0.126785263515696   0.281279865495364   -0.0767144068000569   -0.0422483219100614   0
0.129092198037634   0.310936292351166   0.00230693452193784   0.0296564268558025   0
0.194921690947031   0.28722128706174   0.0658294929093978   -0.0237150052894263   0
0.190447052173695   0.324063641409373   -0.00447463877333665   0.0368423543476326   0
0.276577755101614   0.287616455387852   0.0861307029279193   -0.0364471860215204   0
0.242049426684717   0.316820936221488   -0.0345283284168974   0.0292044808336354   0
0.203435305720013   0.314410857757584   -0.0386141209647033   -0.00241007846390334   0
0.346766244427698   0.325496789246853   0.143330938707685   0.0110859314892682   0
0.147898906545754   0.283211669754395   -0.198867337881944   -0.0422851194924576   0
0.16943833456456   0.290960825419695   0.0215394280188058   0.0077491556652996   0
0.268265823144209   0.299015113382673   0.0988274885796495   0.00805428796297791   0
0.167499990820328   0.296341802677601   -0.100765832323881   -0.00267331070507182   0
0.270602418938283   0.299419477683091   0.103102428117955   0.00307767500549022   0
0.17922146878622   0.314110085086125   -0.091380950152063   0.0146906074030338   0
0.248468111603501   0.314204454223886   0.0692466428172814   9.43691377611744e-05   0
0.293455248434646   0.298590748365602   0.044987136831145   -0.0156137058582843   0
0.260121563057429   0.290010636187089   -0.0333336853772174   -0.00858011217851273   0
0.188212525509064   0.269387433385269   -0.0719090375483652   -0.0206232028018203   0
0.189927417370426   0.291241746487707   0.0017148918613622   0.0218543131024387   0
0.135043324720254   0.297453959941791   -0.0548840926501719   0.0062122134540834   0
0.171422319807471   0.299358321010558   0.036378995087217   0.00190436106876679   0
0.238004762032569   0.316313888498533   0.0665824422250983   0.0169555674879757   0
0.196696648180135   0.296883012875312   -0.0413081138524339   -0.0194308756232215   0
0.251052487620836   0.314180045821962   0.0543558394407005   0.0172970329466501   0
0.196565056552608   0.293919027419866   -0.054487431068228   -0.0202610184020957   0
0.315704912573831   0.285011940786259   0.119139856021223   -0.00890708663360712   0
0.170638658567336   0.278243055836031   -0.145066254006494   -0.00676888495022832   0
0.232799568627178   0.263629623660734   0.0621609100598413   -0.0146134321752971   0
0.296527981109709   0.260467016724287   0.0637284124825314   -0.00316260693644654   0
0.20212353189572   0.218627961876449   -0.0944044492139895   -0.0418390548478381   0
0.295748966650773   0.274620550854397   0.0936254347550533   0.0559925889779482   0
0.288126790330229   0.0795660518061455   -0.00762217632054352   -0.195054499048252   0
0.262079191507071   0.122288943173535   -0.0260475988231584   0.0427228913673892   0
0.259161894100965   0.133908804305393   -0.00291729740610563   0.0116198611318581   0
0.263378019077143   0.141861233248375   0.00421612497617785   0.00795242894298265   0
0.33551442547974   0.135766677934057   0.0721364064025968   -0.00609455531431835   0
0.29058230173567   0.121272042570619   -0.0449321237440699   -0.0144946353634383   0
0.266306802448323   0.141317183398915   -0.0242754992873473   0.0200451408282959   0
0.350013069520268   0.119370845496807   0.0837062670719453   -0.021946337902108   0
0.476618414743912   0.119130872889241   0.126605345223644   -0.000239972607565711   0
0.203845748732737   0.211635615862365   -0.272772666011176   0.092504742973124   1
0.293022481415687   0.244100238931207   0.08917673268295   0.0324646230688424   0
0.255734536267455   0.281177739963359   -0.037287945148232   0.0370775010321519   0
0.299290457597031   0.283538932581577   0.0435559213295761   0.00236119261821766   0
0.343185543558816   0.264079828009998   0.0438950859617854   -0.0194591045715791   0
0.371707610067927   0.277614451213031   0.0285220665091109   0.0135346232030334   0
0.403995756517677   0.272305385252592   0.0322881464497499   -0.00530906596043923   0
0.355432495449952   0.253788829802042   -0.0485632610677251   -0.0185165554505496   0
0.23789553492817   0.275378240937174   -0.117536960521782   0.0215894111351321   0
0.310280205664509   0.262338108350655   0.0723846707363393   -0.0130401325865194   0
0.208413525221589   0.260733322619588   -0.10186668044292   -0.00160478573106732   0
0.337749820089145   0.283698283575743   0.129336294867556   0.022964960956155   0
0.199171906557225   0.300613949914587   -0.13857791353192   0.0169156663388446   0
0.152793437402429   0.303114601491746   -0.046378469154796   0.00250065157715879   0
0.237829472479022   0.279976401613154   0.0850360350765932   -0.0231381998785922   0
0.226406096330377   0.29252686264169   -0.0114233761486452   0.0125504610285358   0
0.363831743039966   0.281729913016439   0.137425646709589   -0.0107969496252511   0
0.354508000265664   0.313274155185598   -0.00932374277430226   0.0315442421691592   0
0.106096440748246   0.35204005767952   -0.248411559517418   0.0387659024939226   0
0.254334108643119   0.443876734809057   0.148237667894873   0.0918366771295367   0
0.233766043629095   0.440676821512659   -0.0205680650140242   -0.00319991329639802   0
0.207351157401858   0.482756445068577   -0.0264148862272373   0.042079623555918   0
0.143531284575593   0.494487748134117   -0.0638198728262643   0.0117313030655401   0
0.225787102250527   0.505225330078323   0.0822558176749336   0.0107375819442055   0
0.161910616186864   0.465841838328472   -0.0638764860636631   -0.0393834917498509   0
0.149849278149212   0.770349390887959   -0.0120613380376517   0.304507552559487   1
0.304292909325866   0.94422485217651   0.154443631176654   0.173875461288551   0
0.372572346214477   0.646991449605209   0.0682794368886104   -0.297233402571301   0
0.316467992170788   0.591241069832348   -0.0561043540436887   -0.0557503797728608   0
0.299723412515606   0.582445179701275   -0.0167445796551823   -0.00879589013107396   0
0.313423751434125   0.558209087636748   0.0137003389185189   -0.0242360920645269   0
0.23123817983683   0.546696624025839   -0.082185571597295   -0.0115124636109082   0
0.221138326388824   0.539218305354381   -0.0100998534480058   -0.00747831867145887   0
0.201783122548765   0.549511767088977   -0.0193552038400586   0.0102934617345964   0
0.213135740161053   0.678936894655166   0.011352617612288   0.129425127566189   0
0.17642177540262   0.637627741360898   -0.0367139647584332   -0.0413091532942682   0
0.241204537306183   0.710877422130919   0.0647827619035634   0.0732496807700207   0
0.242684076287176   0.737288839413869   0.0014795389809929   0.0264114172829506   0
0.179704536654281   0.705515052156224   -0.0629795396328948   -0.0317737872576449   0
0.215373971931638   0.661712177423085   0.0356694352773565   -0.0438028747331394   0
0.372739698353959   0.677817629562886   0.157365726422321   0.0161054521398012   0
0.228016581393022   0.655099460349343   -0.144723116960937   -0.0227181692135433   0
0.291598116154752   0.648603384630777   0.0635815347617301   -0.00649607571856547   0
0.362115652975676   0.657918338195744   0.0705175368209241   0.00931495356496703   0
0.371753031374509   0.639253174978427   0.00963737839883294   -0.0186651632173168   0
0.468941610511373   0.665975942566621   0.097188579136864   0.0267227675881939   0
0.406697065508088   0.67612538709695   -0.0622445450032846   0.0101494445303283   0
0.412241342790846   0.704287183905295   0.00554427728275819   0.0281617968083449   0
0.282524553216105   0.656999974247526   -0.129716789574741   -0.0472872096577683   0
0.339352173846934   0.681706478060206   0.056827620630829   0.0247065038126797   0
0.311333904814831   0.685693021629395   -0.0280182690321039   0.00398654356918915   0
0.364239679719275   0.720589006037769   0.0529057749044444   0.0348959844083739   0
0.309759501616722   0.807157845849559   -0.054480178102553   0.0865688398117898   0
0.412323912071565   0.862227718026102   0.102564410454843   0.0550698721765437   0
0.344708162996251   0.814054908001297   -0.0676157490753143   -0.0481728100248056   0
0.460912890568272   0.849120307151172   0.116204727572021   0.0350653991498747   0
0.38658878373203   0.857009609802597   -0.0743241068362425   0.00788930265142562   0
0.550280968158086   0.887731542864874   0.163692184426056   0.0307219330622771   0
0.701740173791554   0.929089081237101   0.151459205633468   0.0413575383722264   0
0.37661909833848   0.921803024200941   -0.325121075453073   -0.00728605703616014   1
0.427451077050801   0.939032982307331   0.0508319787123208   0.0172299581063903   0
0.419746077166899   0.948629079308135   -0.00770499988390266   0.00959609700080422   0
0.403898340610035   0.972937458556433   -0.0158477365568634   0.0243083792482974   0
0.35746914025232   1.01542783691112   -0.0464292003577157   0.0424903783546895   0
0.471734010501681   1.03797651786589   0.114264870249361   0.0225486809547688   0
0.586271813558353   1.03933195244542   0.114537803056672   0.00135543457952481   0
0.409144852214909   1.03668262783265   -0.177126961343444   -0.00264932461276968   0
0.407976295205261   1.06206964057024   -0.00116855700964863   0.0253870127375946   0
0.55701481239012   1.08467514057851   0.149038517184859   0.0226055000082646   0
0.47625569077336   1.04260167693899   -0.0807591216167598   -0.0420734636395121   0
0.50595535331193   1.0142984803825   0.0296996625385704   -0.0283031965564924   0
0.508206459761591   1.01906260641827   0.00225110644966131   0.00476412603577048   0
0.491181322961287   1.06512148735496   -0.0170251368003045   0.0460588809366924   0
0.512259505463784   1.03010101761235   0.0210781825024967   -0.0350204697426131   0
0.536932557391299   1.01209267089148   0.024673051927515   -0.0180083467208703   0
0.648489774639508   1.04771587787386   0.11155721724821   0.0356232069823832   0
0.679806383051822   1.04455875281671   0.0313166084123135   -0.0031571250571536   0
0.670578909716441   1.00179903724549   -0.0092274733353811   -0.0427597155712149   0
0.686784121555675   1.00382733908887   0.0162052118392343   0.00202830184337954   0
0.737150106311462   1.06328415698768   0.0503659847557875   0.0594568178988051   0
0.678904380576529   1.06615099785689   -0.0582457257349336   0.00286684086921429   0
0.670327258401305   1.06799011700718   -0.00857712217522355   0.00183911915028157   0
0.702532721464986   1.10237027118659   0.0322054630636811   0.0343801541794166   0
0.680203763415787   1.23395543609403   -0.0223289580491992   0.131585164907435   0
0.790110452393208   1.26103251305785   0.109906688977421   0.0270770769638244   0
0.481287394937464   1.21892900293916   -0.308823057455745   -0.0421035101186935   0
0.52315035679812   1.12309002330902   0.0418629618606561   -0.0958389796301402   0
0.540529225074834   1.16499880567278   0.0173788682767139   0.0419087823637605   0
0.467572994549208   1.14713716277403   -0.0729562305256257   -0.0178616428987488   0
0.49976504747231   1.16046389836403   0.0321920529231019   0.013326735590004   0
0.612209175444145   1.23201008316531   0.112444127971835   0.0715461848012791   0
0.748755187426438   1.37868412318196   0.136546011982293   0.146674040016644   0
0.532021547967035   1.37551597538896   -0.216733639459403   -0.0031681477929939   0
0.592527746252477   1.4002879859212   0.0605061982854422   0.0247720105322371   0
0.657810443135406   1.39102381457292   0.0652826968829293   -0.00926417134827884   0
0.64394897956981   1.41465310586279   -0.0138614635655963   0.0236292912898732   0
0.653996854231395   1.3520319216594   0.0100478746615844   -0.0626211842033977   0
0.681718228147972   1.34605389263627   0.0277213739165769   -0.00597802902312838   0
0.690089642989228   1.36074976327768   0.00837141484125625   0.0146958706414071   0
0.678529028581246   1.32120016216847   -0.0115606144079814   -0.0395496011092022   0
0.692324397990566   1.27404038942806   0.0137953694093199   -0.0471597727404143   0
0.724486296832452   1.2763752016061   0.0321618988418858   0.00233481217803644   0
0.753024526597906   1.28430280430668   0.0285382297654536   0.0079276027005839   0
0.913658473026984   1.30659722918962   0.160633946429078   0.0222944248829438   0
0.64282974250173   1.29657063198549   -0.270828730525254   -0.0100265972041345   0
0.630013081402283   1.23353641038844   -0.0128166610994463   -0.0630342215970479   0
0.641757350212906   1.25562633575051   0.0117442688106223   0.0220899253620686   0
0.590000309994834   1.25828449743381   -0.0517570402180717   0.00265816168329835   0
0.518063048550822   1.26678806864142   -0.0719372614440116   0.00850357120760914   0
0.563670105283223   1.26338513181739   0.045607056732401   -0.00340293682402426   0
0.506964382677916   1.28367110264312   -0.0567057226053077   0.0202859708257264   0
0.682169756592888   1.29074103570391   0.175205373914972   0.00706993306079062   0
0.56410057929504   1.31364339482686   -0.118069177297848   0.0229023591229554   0
0.645080435155958   1.34115481233861   0.0809798558609177   0.0275114175117408   0
0.530182262268449   1.32121436618892   -0.114898172887509   -0.0199404461496815   0
0.640702607256284   1.329401544796   0.110520344987835   0.00818717860707951   0
0.535912349919285   1.36345949011293   -0.104790257336999   0.0340579453169225   0
0.602181024252674   1.37677390369516   0.0662686743333896   0.0133144135822303   0
0.566428534268005   1.37060229444039   -0.0357524899846698   -0.00617160925477056   0
0.594430910103512   1.37200905172634   0.0280023758355078   0.00140675728595041   0
0.629194357059413   1.36257297914607   0.0347634469559008   -0.00943607258026491   0
0.677037161987435   1.31971646026864   0.0478428049280216   -0.042856518877427   0
0.735131183140125   1.29158785714029   0.0580940211526901   -0.0281286031283527   0
0.929962646482642   1.26941461905094   0.194831463342517   -0.0221732380893489   0
0.585439513284677   1.2431004080191   -0.344523133197965   -0.0263142110318439   0
