0.206122429931582   0.0917671549686926   0   0   0
0.225615301395982   0.086599627208551   0.0194928714644003   -0.00516752776014161   0
0.188916898601052   0.0980577266821055   -0.0366984027949309   0.0114580994735545   0
0.136450177497576   0.0696082364435596   -0.0524667211034755   -0.0284494902385459   0
0.204358811821267   0.102386373614895   0.067908634323691   0.0327781371713356   0
0.157481615753713   0.043581147873163   -0.0468771960675543   -0.0588052257417322   0
0.157063332963235   0.0615506932530414   -0.000418282790477731   0.0179695453798784   0
0.132527089165159   0.0655216347784495   -0.024536243798076   0.00397094152540809   0
0.116938388625549   0.0468849423935844   -0.0155887005396097   -0.0186366923848652   0
0.167414120094722   0.047067679977799   0.0504757314691727   0.00018273758421461   0
0.120232798918972   0.0283719630204983   -0.0471813211757498   -0.0186957169573006   0
0.109978973319494   0.0269005656513948   -0.0102538255994781   -0.00147139736910357   0
0.139715139438716   0.0422540812434432   0.0297361661192224   0.0153535155920484   0
0.0998833442586901   0.0147812522088252   -0.0398317951800264   -0.027472829034618   0
0.0945970866863245   0.0542482624305608   -0.00528625757236553   0.0394670102217356   0
0.121967532026109   0.033882117201003   0.0273704453397848   -0.0203661452295579   0
0.09687320467379   0.0380564782870473   -0.0250943273523194   0.00417436108604431   0
0.0984457850471517   0.0483499085788433   0.00157258037336175   0.010293430291796   0
0.102053760699741   0.0249161179107521   0.00360797565258927   -0.0234337906680912   0
0.0967856998008487   0.0375183476623372   -0.0052680608988923   0.0126022297515851   0
0.0568476301321348   0.0590835282976025   -0.0399380696687139   0.0215651806352654   0
0.0682979360216691   0.0509096513984579   0.0114503058895343   -0.0081738768991447   0
0.104284551375306   0.0211610364210381   0.0359866153536372   -0.0297486149774198   0
0.0752570620190557   0.0451442008375661   -0.0290274893562506   0.023983164416528   0
0.0947803261868728   0.0670607877259261   0.019523264167817   0.0219165868883601   0
0.115195401483696   0.0252914779901472   0.0204150752968236   -0.0417693097357789   0
0.091584093459181   0.0367651934911949   -0.0236113080245154   0.0114737155010477   0
0.0855058957370192   0.0725934937429009   -0.0060781977221618   0.035828300251706   0
0.100890378719926   0.0471787316842189   0.0153844829829063   -0.025414762058682   0
0.0910940927777976   0.0486791417396353   -0.00979628594212791   0.00150041005541631   0
0.0915499256845684   0.0607294308669044   0.000455832906770801   0.0120502891272692   0
0.104409181545734   0.0456349703907815   0.0128592558611654   -0.015094460476123   0
0.0930812030317614   0.0437506396326099   -0.0113279785139724   -0.00188433075817152   0
0.101293337019174   0.0601565922744027   0.00821213398741273   0.0164059526417928   0
0.0758052505787033   0.084708504735013   -0.0254880864404709   0.0245519124606104   0
0.128706239885796   0.0310412678466831   0.0529009893070924   -0.0536672368883299   0
0.117913085435036   0.0685013352824235   -0.0107931544507602   0.0374600674357404   0
0.0887376418558663   0.0757378318993139   -0.0291754435791692   0.00723649661689034   0
0.12424419593639   0.0695711935030557   0.0355065540805234   -0.00616663839625813   0
0.591326145791178   0.304330135300224   0.467081949854789   0.234758941797168   1
0.269486023685459   0.0875368688811891   -0.321840122105719   -0.216793266419035   1
0.124703499293364   0.0643984539333743   -0.144782524392096   -0.0231384149478149   0
0.0946085934788167   0.0743872104092834   -0.0300949058145471   0.00998875647590913   0
0.100423539480542   0.0839201523648819   0.0058149460017254   0.00953294195559852   0
0.169528166486428   0.0631548289279561   0.0691046270058857   -0.0207653234369258   0
0.166904159810653   0.0709213565117377   -0.00262400667577484   0.0077665275837816   0
0.146276400552823   0.0908337018003918   -0.0206277592578297   0.0199123452886541   0
0.0929117426643694   0.0686546221305784   -0.0533646578884539   -0.0221790796698134   0
0.106682783862721   0.0827418002056699   0.0137710411983514   0.0140871780750915   0
0.08546314706293   0.0830679781984912   -0.0212196367997908   0.000326177992821239   0
0.159121298606598   0.0693353188897621   0.0736581515436676   -0.0137326593087291   0
0.0666775708082418   0.0893583316615748   -0.0924437277983558   0.0200230127718127   0
0.0743692619590244   0.0721647168367271   0.00769169115078265   -0.0171936148248477   0
0.0957997825775194   0.0836294192181346   0.021430520618495   0.0114647023814075   0
0.142939039838037   0.0977829122674265   0.0471392572605178   0.0141534930492919   0
0.128103901974491   0.0896281317643071   -0.0148351378635463   -0.00815478050311937   0
0.103571810685099   0.0832634391280983   -0.0245320912893919   -0.00636469263620885   0
0.116404635138383   0.0700971094198969   0.0128328244532836   -0.0131663297082014   0
0.118578013018477   0.0844676046581765   0.00217337788009388   0.0143704952382796   0
0.0945622361407026   0.0880225674752787   -0.024015776877774   0.00355496281710224   0
0.0864490447338778   0.0896743220375961   -0.00811319140682482   0.00165175456231741   0
0.108415098962875   0.0698789760228218   0.0219660542289973   -0.0197953460147744   0
0.10627111383224   0.0707264378230305   -0.00214398513063517   0.000847461800208713   0
0.116961325988294   0.0899488580336766   0.0106902121560541   0.0192224202106461   0
0.116058721512905   0.0629201638791771   -0.000902604475389229   -0.0270286941544995   0
0.130527309960722   0.0894176596386307   0.0144685884478176   0.0264974957594536   0
0.127749173679872   0.0610576745484546   -0.0027781362808508   -0.0283599850901761   0
0.115728481576058   0.08104540589725   -0.0120206921038136   0.0199877313487954   0
0.11262016779808   0.0902212971072379   -0.00310831377797793   0.00917589120998795   0
0.121201615089214   0.0849371523134753   0.00858144729113439   -0.00528414479376263   0
0.118498347920551   0.0527993173697587   -0.00270326716866329   -0.0321378349437166   0
0.108559543643837   0.092584321695806   -0.00993880427671442   0.0397850043260474   0
0.0956830374651641   0.0592957413349391   -0.0128765061786727   -0.033288580360867   0
0.143115067620639   0.0997944436131216   0.0474320301554746   0.0404987022781825   0
0.124315784030669   0.0713380734319515   -0.0187992835899695   -0.0284563701811701   0
0.116830590661522   0.0812977080490588   -0.00748519336914769   0.00995963461710733   0
0.13690424428198   0.0873471556309219   0.0200736536204583   0.00604944758186314   0
0.116199167658336   0.0840172557736802   -0.0207050766236442   -0.00332989985724175   0
0.0962895670839266   0.0777291585976588   -0.0199096005744091   -0.00628809717602138   0
0.125294028022488   0.0948757284818673   0.0290044609385614   0.0171465698842085   0
0.114050875901678   0.0506447828253316   -0.0112431521208098   -0.0442309456565357   0
0.106740105404951   0.0848884895266284   -0.00731077049672743   0.0342437067012968   0
0.129220788117276   0.103174643629685   0.0224806827123255   0.0182861541030566   0
0.103660117654815   0.100142436327076   -0.0255606704624617   -0.00303220730260889   0
0.115467060459076   0.0427698987560469   0.0118069428042618   -0.0573725375710293   0
0.078658277246581   0.0791408193534948   -0.0368087832124954   0.0363709205974479   0
0.084489935885184   0.102158385445126   0.00583165863860299   0.0230175660916315   0
0.0674847317041092   0.0870074073015447   -0.0170052041810748   -0.0151509781435816   0
0.0796358616776387   0.0870116940798764   0.0121511299735295   4.28677833166913e-06   0
0.0922990331846418   0.100782835279997   0.0126631715070031   0.0137711412001206   0
0.057568171363923   0.108938980941913   -0.0347308618207188   0.00815614566191612   0
0.0718863873768184   0.0928712961385944   0.0143182160128955   -0.0160676848033187   0
0.109482720725894   0.0924218019562754   0.0375963333490756   -0.00044949418231896   0
0.116594864031826   0.10887692430071   0.00711214330593202   0.0164551223444344   0
0.117878888585319   0.0872622205659471   0.00128402455349276   -0.0216147037347627   0
0.133278426923077   0.0951747805277217   0.0153995383377583   0.00791255996177462   0
0.108147287314015   0.0951747805277217   -0.0251311396090626   0   0
0.129428529265614   0.0515647529772625   0.0212812419515999   -0.0436100275504592   0
0.139244035179967   0.0972989314899706   0.00981550591435298   0.0457341785127082   0
0.103932838365167   0.0851265374828115   -0.0353111968148001   -0.0121723940071592   0
0.0788308543777752   0.115599696632701   -0.0251019839873921   0.0304731591498896   0
0.0661075559337962   0.102297700453737   -0.0127232984439789   -0.013301996178964   0
0.0843579084644113   0.0950814165891527   0.0182503525306151   -0.00721628386458428   0
0.0312173690665245   0.105526849135611   -0.0531405393978868   0.0104454325464583   0
0.0689480313469471   0.112843203652912   0.0377306622804226   0.0073163545173007   0
0.108157403029959   0.0908826767830647   0.0392093716830115   -0.021960526869847   0
0.0704171307326761   0.10426554637602   -0.0377402722972825   0.0133828695929555   0
0.128152947680106   0.108469572842065   0.0577358169474299   0.00420402646604469   0
0.119250259762225   0.113298711989987   -0.00890268791788122   0.00482913914792209   0
0.0729369465676347   0.112236673343932   -0.0463133131945901   -0.00106203864605486   0
0.0944303219561387   0.1193006572596   0.021493375388504   0.00706398391566776   0
0.101718279712225   0.12018844576435   0.00728795775608664   0.00088778850474977   0
0.1157674291909   0.0952725537281987   0.0140491494786745   -0.0249158920361509   0
0.102370847622455   0.100553982769108   -0.0133965815684443   0.005281429040909   0
0.140704164016883   0.116743384624312   0.0383333163944278   0.0161894018552041   0
0.0943137480042544   0.109146646451506   -0.0463904160126289   -0.00759673817280604   0
0.0883583707773638   0.108118914884503   -0.00595537722689057   -0.00102773156700231   0
0.118968805543008   0.108162027572943   0.030610434765644   4.31126884391508e-05   0
0.111405378249975   0.0983133848943012   -0.0075634272930328   -0.00984864267864147   0
0.0840623212730888   0.119123019481962   -0.0273430569768861   0.0208096345876613   0
0.113506851944013   0.110699925504672   0.0294445306709238   -0.00842309397729013   0
0.0688769092071617   0.139211688664467   -0.0446299427368509   0.0285117631597947   0
0.0665642277556046   0.125369729432397   -0.00231268145155715   -0.0138419592320697   0
0.0811321736224292   0.122051638207318   0.0145679458668247   -0.00331809122507949   0
0.0687430646144584   0.137093621259971   -0.0123891090079709   0.0150419830526537   0
0.0545309697684719   0.122679354867078   -0.0142120948459864   -0.0144142663928933   0
0.0455009051314684   0.127068704016725   -0.00903006463700357   0.00438934914964656   0
0.0822741023682422   0.131511472276186   0.0367731972367739   0.00444276825946113   0
0.0187059480276141   0.138271498007543   -0.0635681543406281   0.00676002573135726   0
0.0326299219258796   0.141946092857465   0.0139239738982655   0.00367459484992161   0
0.0735437006390758   0.129066483823261   0.0409137787131962   -0.0128796090342041   0
0.0454317996351674   0.121362020774623   -0.0281119010039084   -0.00770446304863773   0
0.10644417514411   0.12628677303067   0.0610123755089427   0.00492475225604724   0
0.0432839310796744   0.126042025204532   -0.0631602440644358   -0.000244747826137676   0
0.0715668917774833   0.123238864800233   0.0282829606978089   -0.0028031604042999   0
0.105528541611689   0.141986226044994   0.0339616498342059   0.0187473612447609   0
0.0447056303230645   0.14496750572887   -0.0608229112886247   0.00298127968387665   0
0.0773418049255382   0.13976623933107   0.0326361746024737   -0.00520126639779994   0
0.0657821863304383   0.152940078623133   -0.0115596185950999   0.0131738392920625   0
0.0369206878152832   0.152501949270329   -0.0288614985151551   -0.000438129352803657   0
0.0654837666620514   0.141319761287125   0.0285630788467683   -0.011182187983204   0
0.10092613024034   0.159104922612376   0.0354423635782882   0.0177851613252505   0
0.112289950397052   0.15226470877554   0.0113638201567128   -0.00684021383683556   0
0.0850634894363616   0.151980133088177   -0.0272264609606909   -0.000284575687362953   0
0.0869592501872572   0.167672108708455   0.00189576075089565   0.0156919756202781   0
0.0540651836198676   0.168415885897798   -0.0328940665673896   0.000743777189342515   0
0.164339610174297   0.104473428192412   0.11027442655443   -0.063942457705386   0
0.111257953320965   0.149493990778058   -0.0530816568533324   0.045020562585646   0
0.0257303087525199   0.139913914386392   -0.085527644568445   -0.00958007639166616   0
0.0679167104896586   0.140707121336697   0.0421864017371387   0.000793206950305575   0
0.0649728137360542   0.159426805790157   -0.00294389675360433   0.0187196844534601   0
0.0738221546964114   0.152474783633959   0.00884934096035717   -0.00695202215619856   0
0.069811122872316   0.145299068426126   -0.00401103182409543   -0.00717571520783281   0
0.0958061889016049   0.164993347167765   0.0259950660292889   0.0196942787416388   0
0.0837562994093393   0.164715088540493   -0.0120498894922655   -0.00027825862727146   0
0.114305079025475   0.156445809569288   0.0305487796161353   -0.00826927897120491   0
0.108157298586387   0.158077018852433   -0.00614778043908751   0.00163120928314486   0
0.091162605463973   0.166486926523714   -0.0169946931224141   0.00840990767128075   0
0.0733700529571712   0.1473934636541   -0.0177925525068019   -0.0190934628696139   0
0.10763414982379   0.158642853819547   0.0342640968666185   0.0112493901654465   0
0.114065077783134   0.169052108447336   0.00643092795934476   0.0104092546277899   0
0.104186899415522   0.182067877547194   -0.0098781783676129   0.0130157690998575   0
0.10509471010265   0.1711857121615   0.00090781068712828   -0.0108821653856937   0
0.100824163823659   0.178855773148234   -0.00427054627899093   0.00767006098673365   0
0.097837977604047   0.190429329863607   -0.00298618621961187   0.0115735567153733   0
0.0994832285291848   0.169703028233448   0.00164525092513777   -0.020726301630159   0
0.144152485379476   0.185765699735184   0.0446692568502911   0.0160626715017357   0
0.111430659007679   0.191250786691846   -0.032721826371797   0.00548508695666214   0
0.134238286181737   0.185306250232554   0.0228076271740584   -0.00594453645929183   0
0.133772539445592   0.201088714180091   -0.000465746736145162   0.0157824639475372   0
0.124196771662573   0.183190125855114   -0.00957576778301916   -0.0178985883249775   0
0.144252379154071   0.182949905385935   0.0200556074914985   -0.000240220469179125   0
0.14263134672593   0.200731645225884   -0.00162103242814135   0.0177817398399488   0
0.152931851664132   0.174894191712189   0.0103005049382016   -0.0258374535136944   0
0.131115033712233   0.190265034847322   -0.0218168179518987   0.0153708431351323   0
0.108938278278941   0.199595217858175   -0.022176755433292   0.00933018301085381   0
0.145021640878663   0.1930291353655   0.0360833625997223   -0.00656608249267543   0
0.142504752573941   0.197032027472496   -0.00251688830472285   0.00400289210699625   0
0.116011547140705   0.207112158264556   -0.0264932054332356   0.0100801307920598   0
0.171634895545282   0.207165116509175   0.0556233484045775   5.29582446188726e-05   0
0.1521358875509   0.210453868227345   -0.0194990079943827   0.00328875171816961   0
0.140414928716038   0.218335710570036   -0.0117209588348618   0.00788184234269143   0
0.169728792985192   0.192756240049064   0.0293138642691536   -0.0255794705209716   0
0.142998902200471   0.193668513915537   -0.0267298907847201   0.000912273866472579   0
0.166331481824488   0.209373229238727   0.0233325796240166   0.01570471532319   0
0.191579251419067   0.20116411609216   0.0252477695945787   -0.00820911314656697   0
0.170274177620096   0.212163904678058   -0.0213050737989708   0.0109997885858979   0
0.214335373123477   0.200424821823851   0.0440611955033808   -0.0117390828542066   0
0.203796491120431   0.224129955427002   -0.0105388820030456   0.023705133603151   0
