0.138228785969965   0.0864710854334702   0   0   0
0.121712724110711   0.0579581011315502   -0.0165160618592542   -0.02851298430192   0
0.10998571675695   0.0606750693860741   -0.0117270073537609   0.00271696825452386   0
0.122980663418198   0.0633912304719202   0.0129949466612478   0.00271616108584611   0
0.115788689669587   0.0702028905534637   -0.0071919737486103   0.00681166008154352   0
0.129481934383189   0.0825892756816828   0.0136932447136018   0.0123863851282191   0
0.107274310810417   0.0667284289757492   -0.0222076235727719   -0.0158608467059336   0
0.115431116815788   0.052850297987263   0.00815680600537036   -0.0138781309884861   0
0.156945838867967   0.0654734008615331   0.0415147220521799   0.0126231028742701   0
0.153888229482521   0.0558201348719707   -0.00305760938544691   -0.00965326598956239   0
0.116284494785418   0.0529215521786965   -0.0376037346971021   -0.00289858269327417   0
0.148731744023366   0.0436989596046348   0.0324472492379477   -0.00922259257406178   0
0.123637130576377   0.034914881755886   -0.0250946134469895   -0.00878407784874877   0
0.118437613695565   0.0402266152371163   -0.00519951688081112   0.00531173348123035   0
0.101003948274907   0.0333147556582249   -0.0174336654206589   -0.00691185957889148   0
0.189477794782888   0.0550751907702527   0.0884738465079819   0.0217604351120278   0
0.114720497593325   0.0442456867749527   -0.0747572971895638   -0.0108295039953   0
0.0998391315347364   0.0332764216000233   -0.0148813660585882   -0.0109692651749294   0
0.0331583789537139   0.0657099276138127   -0.0666807525810225   0.0324335060137893   0
0.0594446640707978   0.0391053329361511   0.0262862851170839   -0.0266045946776616   0
0.041504412935253   0.0408076405132326   -0.0179402511355448   0.00170230757708151   0
0.0442205001284472   0.0442931225918   0.00271608719319417   0.00348548207856739   0
0.0351223920650345   0.0436705041541015   -0.00909810806341269   -0.000622618437698473   0
0.0470687879742659   0.0471051081004972   0.0119463959092314   0.00343460394639564   0
0.0604589511776379   0.0297602696565358   0.0133901632033719   -0.0173448384439614   0
0.0737093528153985   0.0226931561130906   0.0132504016377607   -0.00706711354344521   0
0.0547713522244978   0.0379259538526353   -0.0189380005909007   0.0152327977395448   0
0.0227708360949022   0.0486245566944545   -0.0320005161295956   0.0106986028418192   0
0.0755172677612875   0.0208084416636548   0.0527464316663854   -0.0278161150307997   0
0.081907838676283   0.0491394727275588   0.00639057091499542   0.028331031063904   0
0.0676604675684406   0.0419884989552496   -0.0142473711078424   -0.00715097377230922   0
0.0431666503306661   0.0586527097856953   -0.0244938172377744   0.0166642108304457   0
0.0559223997175273   0.0650317497612897   0.0127557493868612   0.00637903997559436   0
0.0836768360279594   0.0422184304141272   0.0277544363104321   -0.0228133193471625   0
0.0652754436995751   0.0441909495719995   -0.0184013923283843   0.00197251915787227   0
0.0875158733244433   0.0216391814289497   0.0222404296248682   -0.0225517681430498   0
0.10227406083602   0.0149023615610924   0.0147581875115771   -0.00673681986785724   0
0.0785707688983791   0.0333955977136209   -0.0237032919376413   0.0184932361525285   0
0.0889417419342324   0.0401525781717264   0.0103709730358533   0.00675698045810553   0
0.0212644279457055   0.11204405117436   -0.067677313988527   0.0718914730026331   0
0.0666038155815603   0.0859991355049945   0.0453393876358549   -0.0260449156693651   0
0.0945129135524876   0.0743398113671605   0.0279090979709273   -0.011659324137834   0
0.0702061175912755   0.0648880213213695   -0.0243067959612122   -0.00945179004579098   0
0.0567467027565479   0.0679732386937867   -0.0134594148347276   0.00308521737241721   0
0.0587021565700954   0.0780487977698728   0.00195545381354754   0.0100755590760861   0
0.094605472779697   0.0348932957751417   0.0359033162096016   -0.043155501994731   0
0.0828136560767607   0.0490493588652814   -0.0117918167029364   0.0141560630901396   0
0.0629306384183412   0.0430158189344629   -0.0198830176584195   -0.00603353993081844   0
0.0439815362373758   0.0582683569607896   -0.0189491021809654   0.0152525380263267   0
0.0638241036128201   0.0864004161350656   0.0198425673754443   0.0281320591742759   0
0.0929297032635018   0.0734916361072639   0.0291055996506817   -0.0129087800278016   0
0.0953376260271547   0.065143084051302   0.00240792276365286   -0.00834855205596191   0
0.0886188666379795   0.0552908660578083   -0.00671875938917517   -0.00985221799349369   0
0.0798582946596657   0.0768579332317914   -0.00876057197831376   0.021567067173983   0
0.128472598422115   0.0641810747520054   0.0486143037624491   -0.012676858479786   0
0.106468223941494   0.06069921989717   -0.022004374480621   -0.00348185485483533   0
0.0936730026855999   0.0722196235571919   -0.0127952212558941   0.0115204036600218   0
0.0642514235466421   0.0914598395169842   -0.0294215791389577   0.0192402159597923   0
0.150373422706084   0.0703841571896865   0.0861219991594415   -0.0210756823272977   0
0.14424170224948   0.0642324296121904   -0.00613172045660373   -0.00615172757749607   0
0.129968846572673   0.070284194338859   -0.0142728556768073   0.00605176472666856   0
0.136144307809183   0.0639379558707893   0.00617546123651053   -0.00634623846806971   0
0.152567594094931   0.0682084285794102   0.0164232862857478   0.0042704727086209   0
0.139382299814157   0.0661125867907541   -0.0131852942807738   -0.00209584178865604   0
0.123649154688749   0.0577671517208742   -0.0157331451254085   -0.00834543506987993   0
0.139671771362183   0.0645657845039981   0.0160226166734346   0.00679863278312393   0
0.14688898235936   0.0658038695268181   0.00721721099717679   0.00123808502281998   0
0.165387621872367   0.0783944378556893   0.0184986395130065   0.0125905683288711   0
0.152987690170974   0.0711731708135966   -0.0123999317013923   -0.00722126704209267   0
0.148635323885172   0.0744239891966167   -0.00435236628580216   0.00325081838302013   0
0.0844061662534794   0.148315706576116   -0.0642291576316927   0.0738917173794991   0
0.114180378085291   0.120416224621477   0.0297742118318116   -0.0278994819546389   0
0.116792456753208   0.130053345080788   0.00261207866791717   0.00963712045931095   0
0.170750738526485   0.112846503345751   0.0539582817732767   -0.0172068417350373   0
0.171289404929785   0.138871103893116   0.000538666403300525   0.026024600547365   0
0.0601668636927545   0.142892594465887   -0.111122541237031   0.00402149057277162   0
0.0175136338155764   0.125652985517655   -0.0426532298771781   -0.0172396089482323   0
0.0885691477901306   0.100478306174629   0.0710555139745542   -0.0251746793430259   0
0.0721380274923629   0.0997326903216794   -0.0164311202977678   -0.000745615852949674   0
0.0542171245356114   0.112813034813942   -0.0179209029567514   0.0130803444922622   0
0.0850205447489605   0.101568418328152   0.0308034202133491   -0.0112446164857895   0
0.0885427770025449   0.0971047980250332   0.00352223225358442   -0.00446362030311885   0
0.0999556164335076   0.100405371983139   0.0114128394309627   0.00330057395810571   0
0.0786588617729962   0.112882910638956   -0.0212967546605115   0.0124775386558169   0
0.128058985328051   0.101118667464127   0.0494001235550549   -0.0117642431748294   0
0.0841218649540802   0.100460096144887   -0.0439371203739709   -0.000658571319239229   0
0.0675210018942321   0.0944902012950152   -0.016600863059848   -0.00596989484987205   0
0.0609149392710491   0.123751736746096   -0.00660606262318304   0.0292615354510806   0
0.0975081177768292   0.124885053293148   0.0365931785057801   0.00113331654705251   0
0.0942076650846416   0.109793121673104   -0.00330045269218765   -0.0150919316200444   0
0.085372017736844   0.108072087727243   -0.00883564734779761   -0.0017210339458605   0
0.0844000852361323   0.111621802751053   -0.000971932500711675   0.00354971502380963   0
0.0878235410342381   0.118224973200346   0.00342345579810577   0.00660317044929283   0
0.082674530011304   0.116601421312714   -0.00514901102293408   -0.00162355188763204   0
0.0686631715857926   0.123877428863181   -0.0140113584255114   0.00727600755046727   0
0.0957858567655085   0.129730208803694   0.0271226851797158   0.0058527799405127   0
0.102768771247875   0.129909792096131   0.00698291448236674   0.000179583292437224   0
0.0830302124232499   0.131420366510256   -0.0197385588246253   0.00151057441412489   0
0.0561217496678507   0.137434471984151   -0.0269084627553992   0.0060141054738955   0
0.155167459572715   0.119066418727543   0.0990457099048638   -0.0183680532566089   0
0.119549494286885   0.153539969831604   -0.0356179652858293   0.0344735511040619   0
0.104687142807852   0.144866614314306   -0.0148623514790332   -0.00867335551729806   0
0.144842220954756   0.147292659668507   0.0401550781469039   0.00242604535420018   0
0.135280460070498   0.144262276437952   -0.00956176088425792   -0.00303038323055488   0
0.140799234575563   0.140374617603477   0.00551877450506494   -0.00388765883447431   0
0.16407351210775   0.15668785466622   0.0232742775321874   0.0163132370627427   0
0.126366340920397   0.153151061974517   -0.0377071711873534   -0.00353679269170259   0
0.117462445034913   0.166932566484614   -0.00890389588548378   0.0137815045100963   0
0.127306370971527   0.149879795499227   0.00984392593661361   -0.0170527709853871   0
0.124750618889246   0.163336343625661   -0.00255575208228041   0.0134565481264343   0
0.123481773716205   0.178034857008087   -0.00126884517304161   0.0146985133824261   0
0.133959289915328   0.191638711812515   0.0104775161991232   0.0136038548044275   0
0.178006982218816   0.203284223817688   0.0440476923034883   0.0116455120051738   0
0.233074625138388   0.316822062453757   0.0550676429195715   0.113537838636069   0
0.195418633044063   0.337627947289709   -0.0376559920943252   0.0208058848359517   0
0.205201108629876   0.37501841488099   0.00978247558581299   0.0373904675912811   0
0.186687729185397   0.358311833643982   -0.0185133794444789   -0.0167065812370083   0
0.174962763785012   0.355007692653782   -0.0117249654003844   -0.00330414099019938   0
0.187556267707467   0.35151455405321   0.0125935039224544   -0.00349313860057227   0
0.186146347130772   0.351933979729114   -0.00140992057669431   0.000419425675903917   0
0.18080870424291   0.339899653761371   -0.00533764288786262   -0.012034325967743   0
0.169236731101998   0.336913906833218   -0.0115719731409117   -0.00298574692815284   0
0.168384559144507   0.357907388044565   -0.000852171957490988   0.0209934812113464   0
0.166299284333818   0.347250192389537   -0.00208527481068921   -0.0106571956550275   0
0.163332028639976   0.322426374160466   -0.00296725569384171   -0.0248238182290708   0
0.140649494847422   0.353233618600347   -0.0226825337925544   0.030807244439881   0
0.149255200411376   0.37031108619831   0.00860570556395421   0.0170774675979631   0
0.175696903390498   0.352057296600972   0.0264417029791221   -0.0182537895973381   0
0.157754404581679   0.362658921784178   -0.0179424988088192   0.0106016251832056   0
0.175862317670671   0.346796581454289   0.0181079130889922   -0.0158623403298884   0
0.172192593352421   0.349947982907884   -0.00366972431825033   0.00315140145359505   0
0.187827276865281   0.368194574563953   0.0156346835128603   0.0182465916560682   0
0.172874682769948   0.362187455610948   -0.0149525940953334   -0.0060071189530046   0
0.148471195222912   0.363713511506835   -0.0244034875470357   0.00152605589588672   0
0.173989703236255   0.347919271026746   0.0255185080133429   -0.0157942404800886   0
0.182320431675032   0.357012648739243   0.00833072843877722   0.00909337771249663   0
0.165613248324825   0.353273471791631   -0.0167071833502074   -0.0037391769476115   0
0.145999806168296   0.359349785365478   -0.0196134421565286   0.00607631357384653   0
0.153123738124269   0.377311237337705   0.00712393195597263   0.0179614519722271   0
0.159631245538742   0.358129713514088   0.00650750741447292   -0.0191815238236173   0
0.135773709333471   0.337843003016505   -0.0238575362052701   -0.020286710497583   0
0.122459624529883   0.348860890065037   -0.0133140848035881   0.0110178870485326   0
0.135374274682985   0.373850069214177   0.0129146501531022   0.0249891791491398   0
0.131028707329654   0.386210926211539   -0.00434556735333194   0.0123608569973621   0
0.119797083421092   0.364777143355789   -0.0112316239085618   -0.0214337828557499   0
0.121703536370216   0.387450041751492   0.00190645294912395   0.0226728983957024   0
0.132260155463768   0.409895143489234   0.010556619093552   0.0224451017377428   0
0.150724611569213   0.469619931484155   0.0184644561054448   0.0597247879949208   0
0.30316532432963   0.484470262565877   0.152440712760418   0.014850331081722   0
0.220136141673942   0.419946517774484   -0.0830291826556881   -0.0645237447913932   0
0.230816017466726   0.445795178958793   0.0106798757927838   0.0258486611843092   0
0.229509692344463   0.467242607448756   -0.00130632512226317   0.0214474284899629   0
0.189315251815642   0.442267816995907   -0.0401944405288208   -0.0249747904528493   0
0.207168451232324   0.45061348790963   0.0178531994166823   0.00834567091372346   0
0.217226105059521   0.492338701824115   0.0100576538271964   0.041725213914485   0
0.219045360999155   0.503528625420484   0.00181925593963386   0.0111899235963691   0
0.207552141473823   0.502573033566478   -0.0114932195253313   -0.000955591854006066   0
0.217278219792886   0.504002317759723   0.00972607831906241   0.0014292841932444   0
0.224520880971375   0.535166633418408   0.00724266117848957   0.0311643156586853   0
0.211569463834387   0.529151417818522   -0.0129514171369884   -0.00601521559988549   0
0.174390460961057   0.509403271230456   -0.0371790028733299   -0.019748146588066   0
0.202108188527061   0.499906145244097   0.0277177275660039   -0.00949712598635916   0
0.213282968550328   0.506950507199906   0.0111747800232666   0.00704436195580832   0
0.194858833048569   0.512966225860033   -0.0184241355017588   0.00601571866012751   0
0.181278733558269   0.505757262945918   -0.0135800994902995   -0.00720896291411499   0
0.227305111999027   0.507964201342969   0.0460263784407572   0.00220693839705044   0
0.254160532694299   0.511429314300102   0.0268554206952728   0.00346511295713336   0
0.239972161391546   0.518982872484317   -0.0141883713027538   0.00755355818421466   0
0.194781183023207   0.53661013103189   -0.0451909783683387   0.0176272585475736   0
0.20254654854302   0.527488463187382   0.00776536551981333   -0.00912166784450785   0
0.223940355014209   0.54959433424804   0.0213938064711889   0.0221058710606576   0
0.19656897400213   0.579264975805466   -0.0273713810120792   0.0296706415574255   0
0.200119692983524   0.554709610412607   0.00355071898139442   -0.0245553653928582   0
0.179395657128538   0.590105273369241   -0.0207240358549862   0.0353956629566334   0
0.186082440606308   0.636975512382332   0.00668678347776952   0.046870239013091   0
0.198883159713059   0.620237647552861   0.012800719106751   -0.0167378648294711   0
0.206629421464611   0.601455825592183   0.00774626175155271   -0.018781821960678   0
0.183095772671599   0.612282667573143   -0.023533648793012   0.0108268419809605   0
0.195360155625271   0.63919303231034   0.0122643829536713   0.0269103647371964   0
0.210031641502132   0.633702978633844   0.014671485876861   -0.00549005367649513   0
0.198371031408848   0.635499710485791   -0.0116606100932842   0.00179673185194618   0
0.190219941872297   0.649541685501713   -0.00815108953655075   0.0140419750159226   0
0.207353174432416   0.682009699347749   0.0171332325601193   0.0324680138460354   0
0.230381464861179   0.66492963396526   0.0230282904287626   -0.017080065382489   0
0.215837548209689   0.637211891725105   -0.0145439166514893   -0.0277177422401549   0
0.217607249366491   0.661801374742968   0.00176970115680117   0.0245894830178633   0
0.251672500121726   0.705036976751237   0.0340652507552351   0.0432356020082694   0
0.216797618136362   0.674400793980747   -0.0348748819853633   -0.03063618277049   0
0.221733975378177   0.669595   0.00493635724181463   -0.00480579398074732   0
