0.0485437324779719   0.254418956365229   0   0   0
0.101250860173855   0.251512889665031   0.0527071276958835   -0.00290606670019827   0
0.0777226745102097   0.232243747733825   -0.0235281856636456   -0.0192691419312062   0
0.175613458220035   0.230739434611452   0.0978907837098254   -0.00150431312237301   0
0.15313135197111   0.220622761043393   -0.022482106248925   -0.0101166735680591   0
0.103042985725861   0.260053737927349   -0.0500883662452491   0.0394309768839563   0
0.2141171440914   0.332549978258096   0.111074158365539   0.0724962403307466   0
0.0942746494131906   0.280300696253373   -0.119842494678209   -0.052249282004723   0
0.193848369544998   0.279014956032826   0.0995737201318075   -0.00128574022054651   0
0.125803910310505   0.253970568918428   -0.0680444592344931   -0.0250443871143983   0
0.241102608785183   0.182709039311141   0.115298698474678   -0.0712615296072872   0
0.0958431908660704   0.187464196081018   -0.145259417919112   0.00475515676987756   0
0.123540613014951   0.129368325881618   0.0276974221488811   -0.0580958701994004   0
0.177156553563715   0.152090195065864   0.053615940548764   0.0227218691842459   0
0.120088710120727   0.13755697999252   -0.0570678434429885   -0.014533215073344   0
0.233577043164691   0.142399765760868   0.113488333043964   0.00484278576834793   0
0.127949222913037   0.146275158284114   -0.105627820251654   0.0038753925232459   0
0.212490800204526   0.185991182749102   0.0845415772914896   0.0397160244649887   0
0.232602497552993   0.0447744210744539   0.0201116973484663   -0.141216761674648   0
0.309051421006101   0.0584368727809121   0.0764489234531078   0.0136624517064582   0
0.117573450722006   0.0364241882076461   -0.191477970284094   -0.022012684573266   0
0.215424338651625   0.0660300774853833   0.0978508879296188   0.0296058892777372   0
0.222534786838328   0.0548473074975655   0.00711044818670289   -0.0111827699878179   0
0.321698989152904   0.0488869800040103   0.0991642023145758   -0.00596032749355518   0
0.196941836421271   0.0735717255950613   -0.124757152731633   0.024684745591051   0
0.248826726880792   0.0855114427647259   0.0518848904595217   0.0119397171696646   0
0.201207127579741   0.100060041637509   -0.0476195993010517   0.0145485988727829   0
0.289906084329477   0.133683719002736   0.0886989567497367   0.0336236773652272   0
0.530834912204498   0.0943737432102861   0.24092882787502   -0.0393099757924499   0
0.902969142001818   0.193777461666882   0.372134229797321   0.0994037184565961   0
0.685399043854345   0.2932292189614   -0.217570098147474   0.0994517572945175   0
0.681891872216622   0.317566228599205   -0.00350717163772285   0.0243370096378053   0
0.524539709296789   0.308326451137058   -0.157352162919833   -0.0092397774621471   0
0.545692573393857   0.234806785693355   0.021152864097068   -0.0735196654437032   0
0.445684194556145   0.243478115428407   -0.100008378837712   0.00867132973505216   0
0.438868927748386   0.130128330178616   -0.00681526680775935   -0.11334978524979   0
0.345012084311608   0.11538414916609   -0.0938568434367781   -0.0147441810125264   0
0.305637080256977   0.0646666625925214   -0.0393750040546306   -0.0507174865735686   0
0.27439188677886   0.124731254554843   -0.0312451934781177   0.0600645919623215   0
0.436999239962131   0.155518263729107   0.162607353183271   0.030787009174264   0
0.250938310791796   0.197200074676184   -0.186060929170335   0.041681810947077   0
0.31337528605466   0.180796916119814   0.062436975262864   -0.01640315855637   0
0.255763933590802   0.167091253418349   -0.0576113524638583   -0.0137056627014647   0
0.307665920217303   0.196220595345755   0.0519019866265016   0.0291293419274057   0
0.285171881607724   0.0973228294844278   -0.0224940386095788   -0.0988977658613272   0
0.455772001955539   0.216376250275078   0.170600120347815   0.11905342079065   0
0.412241429366834   0.28862616159056   -0.0435305725887056   0.0722499113154821   0
0.556427966474736   0.232541272600419   0.144186537107902   -0.0560848889901407   0
0.499537553262905   0.276801137220031   -0.0568904132118306   0.0442598646196118   0
0.440447367651142   0.225481509678183   -0.0590901856117637   -0.0513196275418482   0
0.38346342187077   0.259225854944178   -0.0569839457803719   0.0337443452659951   0
0.342604656578993   0.188353922965623   -0.0408587652917764   -0.0708719319785545   0
0.274386878022055   0.124792424747218   -0.0682177785569386   -0.0635614982184057   0
0.276064182654614   0.0741743007646853   0.001677304632559   -0.0506181239825324   0
0.244014725929584   0.0682829722666354   -0.0320494567250298   -0.00589132849804992   0
0.353678154500232   0.0708526294288363   0.109663428570648   0.00256965716220091   0
0.277440104417584   0.0203074661549022   -0.0762380500826478   -0.0505451632739341   0
0.247001376556103   0.0480022991232266   -0.0304387278614807   0.0276948329683244   0
0.392181987162401   0.0943493664545767   0.145180610606298   0.04634706733135   0
0.332082992693092   0.112398001205782   -0.0600989944693097   0.0180486347512054   0
0.304194699647463   0.0738260894884898   -0.0278882930456291   -0.0385719117172923   0
0.336449635251712   0.108993388375351   0.0322549356042494   0.0351672988868608   0
0.236386716928511   0.0475338846574956   -0.100062918323201   -0.0614595037178549   0
0.266813582079324   0.101471524590176   0.0304268651508127   0.0539376399326799   0
0.281337543442392   0.0547841187717034   0.0145239613630687   -0.0466874058184722   0
0.270264193366121   0.222612020044965   -0.0110733500762715   0.167827901273262   1
0.167043675096335   0.223700954002324   -0.103220518269786   0.00108893395735904   1
0.249469315372873   0.105991252610404   0.0824256402765378   -0.11770970139192   1
0.321540425344404   0.0658610375395613   0.0720711099715306   -0.0401302150708429   0
0.320190671036806   0.0796229813328501   -0.00134975430759782   0.0137619437932888   0
0.314761790953747   0.0691915923214765   -0.00542888008305931   -0.0104313890113737   0
0.288087939750851   0.0566237736139354   -0.0266738512028954   -0.012567818707541   0
0.261161544033975   0.0724536242287361   -0.0269263957168758   0.0158298506148007   0
0.264134366591627   0.0199037035706298   0.00297282255765174   -0.0525499206581064   0
0.275511438582865   0.0629437296206302   0.0113770719912384   0.0430400260500004   0
0.457428583488397   0.228980912729669   0.181917144905532   0.166037183109039   0
0.592345123608062   0.189237770937886   0.134916540119665   -0.039743141791783   0
0.498124905962583   0.126134294042937   -0.0942202176454786   -0.0631034768949499   0
0.404903130489257   0.137012101133477   -0.0932217754733266   0.0108778070905399   0
0.199115360000679   0.21173880355641   -0.205787770488578   0.0747267024229335   0
0.357491842077844   0.0801609198355096   0.158376482077165   -0.1315778837209   0
0.328248813892891   0.0980326265824929   -0.0292430281849524   0.0178717067469833   0
0.349858021996309   0.089271548102699   0.0216092081034179   -0.00876107847979396   0
0.257675887385219   0.073283478477485   -0.0921821346110903   -0.015988069625214   0
0.340846936988144   0.0885274750428363   0.0831710496029254   0.0152439965653513   0
0.31966595141818   0.156069969428266   -0.0211809855699647   0.0675424943854301   0
0.659513841936555   0.202045672281993   0.339847890518376   0.0459757028537266   1
0.723671667517832   0.221336533917189   0.0641578255812771   0.0192908616351961   0
0.898248494330085   0.31352975403435   0.174576826812252   0.0921932201171609   0
0.846566147383359   0.131949733068354   -0.0516823469467262   -0.181580020965995   0
0.720678615799803   0.0662573130052072   -0.125887531583556   -0.0656924200631473   0
0.559114958718339   0.0867619615236136   -0.161563657081464   0.0205046485184064   0
0.45576198393926   0.135111525668945   -0.103352974779079   0.0483495641453315   0
0.44432068578386   0.10009598776236   -0.0114412981553993   -0.0350155379065852   0
0.488600250582109   0.103119150537838   0.0442795647982489   0.00302316277547778   0
0.519747842104121   0.102649019982069   0.0311475915220114   -0.000470130555768195   0
0.456268865943415   0.107357706486586   -0.0634789761607057   0.00470868650451675   0
0.146422824754647   0.195406855704892   -0.309846041188768   0.0880491492183058   0
0.494151966527393   0.0978576394373379   0.347729141772746   -0.0975492162675542   0
0.383998348671983   0.0657701335284489   -0.11015361785541   -0.032087505908889   0
0.343311421905083   0.114428536293418   -0.0406869267669   0.0486584027649692   0
0.342184398764891   0.139592958774556   -0.00112702314019203   0.0251644224811381   0
0.261760233903166   0.100795746946895   -0.0804241648617255   -0.0387972118276611   0
0.219732927600326   0.0883782738818342   -0.0420273063028399   -0.0124174730650608   0
0.249417648622692   0.0740983251847361   0.0296847210223667   -0.0142799486970981   0
0.266488862381226   0.0606916370146868   0.0170712137585335   -0.0134066881700493   0
0.331356459751383   0.0218579706345306   0.0648675973701572   -0.0388336663801562   0
0.329248031690653   0.0802732836189756   -0.00210842806072969   0.0584153129844451   0
0.311137779831267   0.121480811429306   -0.0181102518593864   0.04120752781033   0
0.201881834261537   0.157001655147653   -0.10925594556973   0.0355208437183472   0
0.45706238240222   0.0953038569458166   0.255180548140683   -0.0616977982018363   1
1.03367208066619   0.321742970130989   0.576609698263971   0.226439113185173   1
0.328491052869694   0.173515831929258   -0.705181027796497   -0.148227138201731   1
0.389916062511639   0.204431080262738   0.0614250096419447   0.0309152483334799   1
0.241079074980161   0.116930122823527   -0.148836987531478   -0.0875009574392114   0
0.184905065342678   0.130611956256888   -0.0561740096374828   0.0136818334333615   0
0.260628017976214   0.0720267329134468   0.0757229526335365   -0.0585852233434412   0
0.299429161154373   0.0932881890696914   0.0388011431781587   0.0212614561562446   0
0.408392014509554   0.153582470317019   0.108962853355181   0.0602942812473278   0
0.431873413646916   0.141986026909364   0.023481399137362   -0.0115964434076556   0
0.543197914644386   0.111335934345846   0.111324500997471   -0.0306500925635178   0
0.376166202120632   0.123173627855195   -0.167031712523755   0.0118376935093489   0
0.479289434019789   0.132031548161121   0.103123231899158   0.00885792030592662   0
0.341465790733742   0.131409001827348   -0.137823643286047   -0.00062254633377315   0
0.355614834782578   0.0908635263945055   0.0141490440488352   -0.0405454754328427   0
0.248406365553482   0.0687065475513069   -0.107208469229096   -0.0221569788431986   0
0.226097712134466   0.0948354912199146   -0.0223086534190154   0.0261289436686077   0
0.262537852971738   0.132921341083418   0.0364401408372718   0.0380858498635029   0
0.277112354458692   0.045815236832603   0.0145745014869543   -0.0871061042508146   0
0.311312065074276   0.0745592099108152   0.0341997106155831   0.0287439730782122   0
0.235379169654517   0.0422323385497417   -0.0759328954197584   -0.0323268713610735   0
0.194075780694266   0.209212835624281   -0.041303388960251   0.16698049707454   0
0.255804478989638   0.0857514823115175   0.0617286982953714   -0.123461353312764   0
0.348410713922807   0.188627203315044   0.0926062349331693   0.102875721003527   0
0.190601247263626   0.0559812364964592   -0.157809466659181   -0.132645966818585   1
0.190403985315434   0.0446030954235522   -0.000197261948192334   -0.0113781410729071   0
0.247064621885935   0.115267887422061   0.056660636570501   0.0706647919985092   0
0.227659411332807   0.135325977823513   -0.0194052105531284   0.0200580904014519   0
0.319632574041946   0.158695265486372   0.0919731627091393   0.0233692876628585   0
0.211644299174842   0.154055537464716   -0.107988274867104   -0.00463972802165574   0
0.269077222049954   0.183998146804635   0.0574329228751116   0.029942609339919   0
0.252941210999643   0.161855332762007   -0.0161360110503102   -0.022142814042628   0
0.374432308875717   0.122258419076408   0.121491097876073   -0.0395969136855994   1
0.1575208349962   0.267109989976976   -0.216911473879517   0.144851570900568   1
0.176098979132965   0.27401897625712   0.0185781441367651   0.00690898628014425   0
0.202057936398475   0.288550981022076   0.0259589572655097   0.0145320047649563   0
0.259372836323236   0.257343540724965   0.0573148999247613   -0.0312074402971114   0
0.239464484280096   0.299887959350027   -0.0199083520431404   0.0425444186250622   0
0.208363449852031   0.312991072269443   -0.0311010344280641   0.0131031129194161   0
0.423865081772066   0.269093641052802   0.215501631920034   -0.0438974312166407   0
0.301537163426417   0.129962676140512   -0.122327918345648   -0.13913096491229   0
0.298104157698547   0.141511831054976   -0.00343300572787075   0.0115491549144636   0
0.283789222448634   0.146432070045235   -0.0143149352499132   0.00492023899025854   0
0.614942898764898   0.0284630935511234   0.331153676316265   -0.117968976494111   0
0.481148553395685   0.165492710484971   -0.133794345369214   0.137029616933848   0
0.342664042417643   0.150603073285572   -0.138484510978042   -0.0148896371993997   0
0.486527011741098   0.174581198169806   0.143862969323455   0.0239781248842343   0
0.547407861948405   0.186879173767872   0.0608808502073072   0.0122979755980662   0
0.711983013144242   0.219797606905319   0.164575151195837   0.0329184331374467   0
0.87208342844275   0.0999350509404108   0.160100415298507   -0.119862555964908   0
0.593904975671352   0.175630810548648   -0.278178452771398   0.075695759608237   0
0.736400772268715   0.199761998284765   0.142495796597363   0.0241311877361173   0
0.729565685834559   0.114044728589499   -0.00683508643415631   -0.0857172696952661   0
0.656945061760144   0.126789677896113   -0.0726206240744144   0.0127449493066136   1
0.386986561567207   0.522549317776638   -0.269958500192937   0.395759639880526   1
0.38096687052379   0.455832220123592   -0.0060196910434176   -0.0667170976530469   0
0.559985943308589   0.477783462940392   0.179019072784799   0.0219512428167999   0
0.245311468206462   0.247420636224937   -0.314674475102127   -0.230362826715455   1
0.244898693806827   0.166668494274685   -0.000412774399634969   -0.0807521419502517   0
0.236286168953919   0.240685614540784   -0.00861252485290787   0.0740171202660993   0
0.427200377781481   0.285295250826267   0.190914208827562   0.0446096362854825   0
0.481151580761573   0.236185094852512   0.0539512029800916   -0.049110155973755   0
0.533485448561402   0.330503188622553   0.0523338677998292   0.0943180937700414   0
0.488598223363368   0.279742034905683   -0.0448872251980335   -0.0507611537168699   0
0.790290339639939   0.21091775314113   0.301692116276571   -0.0688242817645537   0
0.528039457686602   0.281908955059076   -0.262250881953337   0.0709912019179461   0
0.549457943765999   0.303382174213437   0.0214184860793974   0.0214732191543617   0
0.572637673008518   0.308599384160051   0.0231797292425184   0.00521720994661318   0
0.541500748050674   0.300152006957162   -0.0311369249578431   -0.00844737720288818   0
0.733486792905394   0.338609750938436   0.191986044854719   0.0384577439812741   0
0.708109396061519   0.318041482184027   -0.0253773968438743   -0.0205682687544099   0
0.632140096596546   0.40046674354708   -0.0759692994649739   0.0824252613630532   0
0.457913659571594   0.380221850535894   -0.174226437024951   -0.0202448930111854   0
0.559777905471447   0.462225999362877   0.101864245899852   0.0820041488269821   0
0.456848464976911   0.444369926681487   -0.102929440494536   -0.0178560726813897   0
