0.145704963826529   0.101264675300793   0   0   0
0.121741706881816   0.105879187315225   -0.0239632569447122   0.00461451201443218   0
0.128382246266608   0.0991148647903332   0.00664053938479167   -0.00676432252489183   0
0.130164878552819   0.0919702777783366   0.00178263228621045   -0.00714458701199654   0
0.107109631932778   0.0928387240910724   -0.0230552466200402   0.000868446312735791   0
0.111711121897598   0.0730620360861234   0.00460148996481968   -0.019776688004949   0
0.129609815574979   0.0543472444762862   0.0178986936773807   -0.0187147916098372   0
0.114496410688239   0.0698519902050937   -0.0151134048867392   0.0155047457288074   0
0.0894782165522425   0.0529350262276784   -0.025018194135997   -0.0169169639774153   0
0.110309510364293   0.0484273999565845   0.0208312938120502   -0.00450762627109391   0
0.072183921325043   0.0416388589130694   -0.0381255890392497   -0.00678854104351508   0
0.0797879917379802   0.0404788714726893   0.00760407041293724   -0.00115998744038011   0
0.083442373081187   0.0347855627449809   0.00365438134320675   -0.00569330872770845   0
0.0706050349698943   0.0359923665127413   -0.0128373381112927   0.00120680376776043   0
0.0500909855254666   0.0664754644333155   -0.0205140494444278   0.0304830979205743   0
0.0821938845813969   0.0298306307277436   0.0321028990559304   -0.036644833705572   0
0.0829497613196687   0.0188717170989824   0.000755876738271738   -0.0109589136287612   0
0.0678054337782747   0.0523111380881022   -0.0151443275413939   0.0334394209891198   0
0.0948626430089843   0.0269662967925469   0.0270572092307096   -0.0253448412955553   0
0.121620065232921   0.0666741576788143   0.0267574222239368   0.0397078608862675   0
0.0665627060834368   0.0185529834167459   -0.0550573591494843   -0.0481211742620684   0
0.100617849242518   0.0427024734166945   0.0340551431590807   0.0241494899999486   0
0.0714454938028285   0.0363558413674474   -0.0291723554396891   -0.00634663204924709   0
0.0678819444244933   0.0144712737159692   -0.00356354937833513   -0.0218845676514782   0
0.0803277905446801   0.0362436920067672   0.0124458461201868   0.021772418290798   0
0.0658836665459657   0.0220820821342605   -0.0144441239987144   -0.0141616098725067   0
0.0683590174998149   0.0254410954832929   0.0024753509538492   0.00335901334903241   0
0.0732188028709156   0.0569456727258973   0.0048597853711007   0.0315045772426044   0
0.103066701965087   0.0347753945835572   0.0298478990941711   -0.0221702781423401   0
0.0882239842272497   0.0446284086020609   -0.014842717737837   0.00985301401850366   0
0.117542874701532   0.0298950502029115   0.0293188904742821   -0.0147333583991493   0
0.0739399144525472   0.0254619036869713   -0.0436029602489846   -0.00443314651594027   0
0.0555367266267683   0.0415933564892908   -0.0184031878257789   0.0161314528023195   0
0.0954049734928641   0.0607665069249912   0.0398682468660957   0.0191731504357004   0
0.0769594747512248   0.0498315384047846   -0.0184454987416393   -0.0109349685202066   0
0.0580702056320184   0.0988104699077481   -0.0188892691192064   0.0489789315029635   0
0.0852914065782714   0.0856095038418779   0.027221200946253   -0.0132009660658703   0
0.140365368313319   0.0428228833385551   0.055073961735048   -0.0427866205033228   0
0.111074849449829   0.0517344486380497   -0.02929051886349   0.00891156529949459   0
0.123807145446335   0.0589275652025646   0.0127322959965059   0.00719311656451489   0
0.145717709103938   0.0489874196563261   0.0219105636576032   -0.00994014554623852   0
0.119999615560426   0.0491398293391969   -0.0257180935435125   0.000152409682870877   0
0.128502189609283   0.0543872466401888   0.00850257404885706   0.00524741730099185   0
0.0559301637040166   0.102784864141091   -0.0725720259052663   0.0483976175009021   0
0.165943527745586   0.0510880812938302   0.110013364041569   -0.0516967828472607   0
0.116430929909238   0.0657697958170438   -0.0495125978363473   0.0146817145232136   0
0.140326221929474   0.0666859874789714   0.0238952920202356   0.000916191661927607   0
0.102755809360542   0.0720741553383466   -0.0375704125689323   0.00538816785937524   0
0.105961686989119   0.0869693621494949   0.00320587762857712   0.0148952068111483   0
0.151173261807834   0.0935392846591874   0.0452115748187154   0.00656992250969252   0
0.143156891955994   0.0944245309263197   -0.00801636985184073   0.000885246267132253   0
0.114302104767463   0.11867883693119   -0.0288547871885304   0.0242543060048704   0
0.188089256295648   0.101314314679319   0.0737871515281851   -0.0173645222518714   0
0.133398852909986   0.106946106043371   -0.0546904033856624   0.00563179136405258   0
0.163154497456766   0.123269840362769   0.0297556445467807   0.0163237343193976   0
0.203624419235218   0.0934016010701101   0.040469921778452   -0.0298682392926587   0
0.154515683957228   0.132492933450241   -0.0491087352779903   0.0390913323801309   0
0.161153929457462   0.128294017377078   0.00663824550023379   -0.004198916073163   0
0.189378423693625   0.101098186283138   0.028224494236163   -0.0271958310939404   0
0.149912686618178   0.117232977046776   -0.039465737075447   0.0161347907636387   0
0.18549044904051   0.0973754870706817   0.035577762422332   -0.0198574899760947   0
0.174477152533654   0.100376472437519   -0.0110132965068555   0.00300098536683724   0
0.149225804996113   0.107605320902175   -0.0252513475375412   0.00722884846465578   0
0.197635860377944   0.0832321673795204   0.0484100553818304   -0.0243731535226543   0
0.168828314572763   0.0944290669272444   -0.0288075458051809   0.011196899547724   0
0.180868639875933   0.106003730281403   0.0120403253031705   0.0115746633541589   0
0.204327050986109   0.101058286439757   0.0234584111101759   -0.00494544384164618   0
0.199267296722292   0.11511191096647   -0.00505975426381691   0.0140536245267128   0
0.173593817760224   0.12842372671551   -0.0256734789620677   0.0133118157490401   0
0.237685476108007   0.104497910469839   0.0640916583477827   -0.0239258162456709   0
0.226782620360809   0.131365595965039   -0.0109028557471979   0.0268676854952004   0
0.201330392202394   0.150394979614514   -0.0254522281584147   0.0190293836494742   0
0.232574853340274   0.12574345307013   0.0312444611378796   -0.0246515265443837   0
0.207765905888911   0.133208500030028   -0.0248089474513627   0.00746504695989803   0
0.169662369168947   0.178375647846055   -0.0381035367199646   0.0451671478160274   0
0.193484641396494   0.110470446216907   0.0238222722275475   -0.0679052016291487   0
0.160272255331358   0.0787767765655114   -0.0332123860651364   -0.0316936696513955   0
0.213787855244911   0.0863596857334196   0.0535155999135528   0.00758290916790827   0
0.171903422007649   0.132990645097691   -0.0418844332372613   0.0466309593642714   0
0.18783562661721   0.140398348916574   0.0159322046095608   0.00740770381888284   0
0.14117727050432   0.148349292359283   -0.04665835611289   0.00795094344270911   0
0.152155846585959   0.155041793228471   0.0109785760816391   0.00669250086918824   0
0.199201049165535   0.144715855622319   0.0470452025795759   -0.0103259376061517   0
0.116120332983403   0.186075986947537   -0.0830807161821322   0.0413601313252177   0
0.172612604285   0.166645019537039   0.056492271301597   -0.0194309674104984   0
0.152666071364086   0.205163553708986   -0.0199465329209143   0.0385185341719474   0
0.15157515051888   0.193781894358709   -0.00109092084520537   -0.0113816593502767   0
0.197752426773605   0.188913295702685   0.0461772762547246   -0.00486859865602465   0
0.180672181507107   0.20512228184427   -0.0170802452664981   0.016208986141585   0
0.17381736173155   0.208655127079351   -0.00685481977555635   0.00353284523508104   0
0.20223396742815   0.21298776799854   0.0284166056965994   0.0043326409191895   0
0.214997415670786   0.22339236515434   0.0127634482426364   0.0104045971557998   0
0.174148378578843   0.259247149763985   -0.0408490370919434   0.0358547846096448   0
0.198402554766943   0.266309531216027   0.0242541761881006   0.00706238145204202   0
0.215034364136154   0.276971194726997   0.0166318093692104   0.0106616635109699   0
0.21486926007561   0.27637847935259   -0.000165104060543902   -0.00059271537440686   0
0.228163561033434   0.279246089480676   0.0132943009578241   0.00286761012808651   0
0.17962329215639   0.283022849334643   -0.0485402688770436   0.00377675985396647   0
0.20111119359177   0.30553499190191   0.0214879014353796   0.0225121425672667   0
0.23497670550063   0.306841792518962   0.0338655119088604   0.00130680061705285   0
0.203452028362876   0.305357290575319   -0.0315246771377547   -0.00148450194364319   0
0.232867661197879   0.296454806634165   0.0294156328350029   -0.00890248394115462   0
0.232266421883461   0.310706379669778   -0.000601239314417384   0.014251573035613   0
0.222986021382939   0.330393984715219   -0.00928040050052251   0.0196876050454409   0
0.257492251703667   0.31597724981753   0.0345062303207279   -0.0144167348976882   0
0.19359053999638   0.374499943033707   -0.0639017117072866   0.058522693216177   0
0.368969078712675   0.277510391325262   0.175378538716295   -0.0969895517084454   0
0.278786826372409   0.303095360442056   -0.0901822523402654   0.0255849691167944   0
0.30117061943591   0.306413354071751   0.022383793063501   0.00331799362969437   0
0.28292506657518   0.309962134315226   -0.0182455528607305   0.0035487802434751   0
0.156642537436355   0.336156521568079   -0.126282529138825   0.0261943872528528   0
0.133942032380501   0.250186590274639   -0.0227005050558542   -0.0859699312934397   0
0.182878265583448   0.16968196665969   0.0489362332029464   -0.0805046236149492   0
0.107616353550378   0.214930763842685   -0.0752619120330694   0.0452487971829953   0
0.141601394703054   0.222129535393765   0.0339850411526755   0.00719877155108029   0
0.101794854376437   0.259041815885969   -0.0398065403266168   0.0369122804922033   0
0.0946836911861368   0.263890438779525   -0.0071111631903001   0.00484862289355609   0
0.102258586335672   0.271949812348253   0.00757489514953476   0.00805937356872832   0
0.110983278583127   0.272955995758474   0.00872469224745553   0.00100618341022091   0
0.0728199670608275   0.290673372264299   -0.0381633115222996   0.0177173765058256   0
0.093634517856344   0.286657108522534   0.0208145507955165   -0.00401626374176517   0
0.124441985763568   0.2848638387208   0.0308074679072238   -0.00179326980173417   0
0.109359990392429   0.280178672195976   -0.0150819953711391   -0.00468516652482437   0
0.11610049846088   0.284877586482773   0.00674050806845172   0.00469891428679764   0
0.156636109838217   0.287337251310198   0.0405356113773366   0.00245966482742488   0
0.162863370596035   0.283255853832273   0.00622726075781843   -0.00408139747792519   0
0.12300579276526   0.328486115728656   -0.0398575778307758   0.045230261896383   0
0.186032462311931   0.259308004215065   0.0630266695466713   -0.0691781115135914   0
0.0881481319172448   0.3032584722617   -0.0978843303946861   0.0439504680466349   0
0.101631369009746   0.25258630694527   0.0134832370925008   -0.0506721653164299   0
0.0952209823428639   0.282814939645168   -0.00641038666688169   0.0302286326998983   0
0.170903132282033   0.223338307142998   0.0756821499391688   -0.0594766325021703   0
0.110879879819209   0.248442549063662   -0.0600232524628238   0.025104241920664   0
0.0707586816508052   0.310131617416703   -0.0401211981684037   0.0616890683530408   0
0.116400701700842   0.227753115112615   0.0456420200500367   -0.0823785023040877   0
0.0578842229310233   0.254129177951337   -0.0585164787698187   0.0263760628387225   0
0.0652501599979831   0.250545309536863   0.00736593706695987   -0.00358386841447439   0
0.060646581148322   0.265186404115181   -0.00460357884966119   0.0146410945783179   0
0.0542135421255612   0.274111844943282   -0.00643303902276074   0.00892544082810137   0
0.0573702960836878   0.289746181789338   0.00315675395812655   0.0156343368460556   0
0.15064646959876   0.298196030532769   0.0932761735150718   0.00844984874343102   0
0.141822023286547   0.25880061386809   -0.00882444631221219   -0.0393954166646793   0
0.033212910929637   0.241257468179226   -0.10860911235691   -0.017543145688864   0
0.0438652628154671   0.246685513278547   0.0106523518858301   0.0054280450993211   0
0.050483785542885   0.252819497954568   0.00661852272741787   0.00613398467602175   0
0.0608713017319328   0.252030783150591   0.0103875161890478   -0.000788714803977797   0
0.0540910252253551   0.227462818085176   -0.00678027650657768   -0.0245679650654143   0
0.172613386793898   0.10364348671336   0.118522361568543   -0.123819331371816   0
0.137949498534971   0.13888931984116   -0.0346638882589274   0.0352458331277996   0
0.103452479350521   0.155613306109246   -0.03449701918445   0.0167239862680864   0
0.106431854694266   0.191382971118122   0.00297937534374459   0.0357696650088759   0
0.063984843679534   0.211121169357196   -0.0424470110147318   0.0197381982390742   0
0.141260725938502   0.24514202407197   0.0772758822589678   0.034020854714774   0
0.194362800629133   0.204230740129883   0.053102074690631   -0.0409112839420868   0
0.102718623761565   0.194859495244163   -0.0916441768675675   -0.00937124488572044   0
0.117856642946632   0.221274126153715   0.0151380191850672   0.0264146309095515   0
0.11680219044025   0.221987493937164   -0.00105445250638254   0.000713367783449576   0
0.104127864528617   0.229226147692301   -0.0126743259116329   0.00723865375513663   0
0.106707031683859   0.253585753884283   0.00257916715524165   0.0243596061919819   0
0.103131256393152   0.245809277701539   -0.00357577529070685   -0.0077764761827433   0
0.116947340843908   0.22877190338313   0.0138160844507564   -0.0170373743184097   0
0.140554407187711   0.228317227809664   0.023607066343803   -0.000454675573465707   0
0.105121787516107   0.226594940403377   -0.0354326196716039   -0.00172228740628688   0
0.144186975543603   0.227935774282713   0.0390651880274959   0.00134083387933617   0
0.157536895895179   0.219945921982592   0.0133499203515757   -0.00798985230012114   0
0.0983543767118169   0.247581008388977   -0.0591825191833618   0.0276350864063844   0
0.154855760237713   0.200068293222689   0.0565013835258959   -0.0475127151662872   0
0.13981183756704   0.207330707172044   -0.0150439226706727   0.00726241394935503   0
0.157989108905727   0.233783130668816   0.0181772713386867   0.0264524234967712   0
0.197965546128923   0.202115033154445   0.0399764372231966   -0.0316680975143704   0
0.171327908750659   0.20168927849514   -0.0266376373782645   -0.000425754659305583   0
0.184263247566618   0.211717819910984   0.0129353388159595   0.0100285414158447   0
0.187406339294898   0.219020131473821   0.00314309172827953   0.00730231156283706   0
0.0988976641869387   0.235178012913537   -0.0885086751079592   0.0161578814397161   0
0.220259151757366   0.208194666232015   0.121361487570427   -0.0269833466815228   0
0.176015053311017   0.227201245821298   -0.0442440984463495   0.0190065795892835   0
0.147658791235063   0.250809107420863   -0.0283562620759533   0.0236078615995647   0
0.186588720739947   0.234332935451891   0.0389299295048839   -0.0164761719689722   0
0.162187575992922   0.240468201974294   -0.0244011447470247   0.00613526652240351   0
0.129949042606285   0.241081577071434   -0.0322385333866377   0.000613375097140184   0
0.194199214798026   0.215584554985973   0.0642501721917417   -0.0254970220854615   0
0.150124505540901   0.229967566944776   -0.0440747092571255   0.014383011958803   0
0.201774757793461   0.205312894117734   0.0516502522525605   -0.0246546728270416   0
0.249840775979022   0.160331217484314   0.0480660181855609   -0.04498167663342   0
0.338137301069684   0.13345473757073   0.0882965250906615   -0.026876479913584   0
0.302133231449472   0.160758224238171   -0.0360040696202121   0.0273034866674404   0
0.297104301791038   0.159362397404469   -0.00502892965843393   -0.00139582683370149   0
0.320644098361797   0.147780261703788   0.0235397965707597   -0.0115821357006815   0
0.25691186089778   0.166281346667328   -0.0637322374640178   0.0185010849635399   0
