0.41468438791206   0.611754562704276   0   0   0
0.358849164711261   0.567635760146416   -0.0558352232007988   -0.0441188025578595   0
0.208136233558696   0.37352138250206   -0.150712931152566   -0.194114377644357   0
0.0840885065238431   0.305763480384757   -0.124047727034853   -0.0677579021173022   0
0.0616160420054713   0.32081187106192   -0.0224724645183718   0.0150483906771626   0
0.131387158739429   0.236943708062168   0.0697711167339581   -0.0838681629997519   0
0.0772711965181076   0.242356565112233   -0.0541159622213218   0.00541285705006478   0
0.129247212695555   0.239553440428749   0.0519760161774473   -0.00280312468348431   0
0.193117156264895   0.155557931321119   0.0638699435693404   -0.0839955091076295   0
0.182041211105865   0.132973725804799   -0.0110759451590307   -0.0225842055163197   0
0.145975536770721   0.163438579146724   -0.0360656743351441   0.0304648533419246   0
0.137797145743626   0.170112840392047   -0.00817839102709497   0.00667426124532272   0
0.118850965064698   0.167256044521566   -0.0189461806789279   -0.00285679587048102   0
0.161672719828331   0.170331537984749   0.0428217547636333   0.00307549346318323   0
0.17780871513427   0.170420166537003   0.0161359953059391   8.86285522544439e-05   0
0.146356384364468   0.177941438677167   -0.0314523307698017   0.00752127214016357   0
0.208668490712925   0.123029766403298   0.0623121063484564   -0.0549116722738694   0
0.215474162029442   0.0930261374641557   0.00680567131651669   -0.030003628939142   0
0.166090790104328   0.0875277246911086   -0.0493833719251133   -0.00549841277304716   0
0.211213159280287   0.12812749745882   0.0451223691759591   0.0405997727677117   0
0.138410439392627   0.0826004895733221   -0.0728027198876605   -0.0455270078854982   0
0.117213330347064   0.160129426040884   -0.0211971090455625   0.0775289364675621   0
0.158305465314278   0.142804434504511   0.0410921349672136   -0.0173249915363731   0
0.117233185160858   0.183244432728773   -0.0410722801534198   0.0404399982242623   0
0.201467021115839   0.134714680393984   0.0842338359549813   -0.0485297523347896   0
0.175346282380665   0.0788965400252286   -0.026120738735174   -0.0558181403687553   0
0.24112570125194   0.0613647430470054   0.0657794188712751   -0.0175317969782232   0
0.212608646404609   0.091010038740762   -0.0285170548473315   0.0296452956937566   0
0.297321221847415   0.0756619163992857   0.0847125754428065   -0.0153481223414763   0
0.248558870659508   0.229492325316106   -0.0487623511879074   0.15383040891682   1
0.258652893725858   0.210078917735836   0.01009402306635   -0.0194134075802699   0
0.218553009328263   0.128624641625507   -0.0400998843975946   -0.081454276110329   1
0.199296915893398   0.143572475338729   -0.0192560934348658   0.0149478337132226   0
0.219923686974046   0.163594629944911   0.0206267710806482   0.0200221546061822   0
0.239141740993704   0.134005412190367   0.0192180540196586   -0.0295892177545446   0
0.224493050318468   0.115147830061285   -0.0146486906752368   -0.0188575821290821   0
0.251425227129499   0.0942190628555517   0.0269321768110311   -0.020928767205733   0
0.272132946313341   0.10960307882944   0.0207077191838428   0.0153840159738886   0
0.243387920561498   0.10374331829759   -0.0287450257518435   -0.00585976053185061   0
0.254105205734475   0.131804463775027   0.0107172851729774   0.0280611454774377   0
0.268214183864426   0.135869675305051   0.0141089781299504   0.00406521153002373   0
0.29651106609921   0.117786178492268   0.028296882234784   -0.0180834968127827   0
0.284005104950193   0.183619465962898   -0.0125059611490171   0.06583328747063   0
0.27155665954143   0.213184734628209   -0.0124484454087629   0.0295652686653109   0
0.324873524562467   0.174422521089172   0.0533168650210375   -0.0387622135390377   0
0.288347279131623   0.185868515802166   -0.0365262454308445   0.0114459947129943   0
0.313518843568836   0.149523633170387   0.0251715644372128   -0.0363448826317788   0
0.316383157995965   0.158971991479828   0.00286431442712981   0.00944835830944085   0
0.312244602648709   0.190827335042284   -0.00413855534725666   0.0318553435624557   0
0.31169300781458   0.184741584658436   -0.000551594834128477   -0.00608575038384793   0
0.293452807795427   0.200822304247437   -0.018240200019153   0.0160807195890008   0
0.330390341101023   0.165779557301926   0.0369375333055953   -0.0350427469455108   0
0.327321122965262   0.157169690242911   -0.00306921813576078   -0.00860986705901509   0
0.329479796877077   0.151793215716892   0.00215867391181535   -0.00537647452601842   0
0.328267486128066   0.148807130868492   -0.00121231074901113   -0.00298608484840032   0
0.318587755392529   0.151370200064412   -0.00967973073553685   0.00256306919591967   0
0.31464549655374   0.191948148262649   -0.00394225883878913   0.0405779481982377   0
0.286945405788976   0.193784224679958   -0.0277000907647642   0.00183607641730885   0
0.275361257641902   0.207672859411744   -0.0115841481470737   0.0138886347317859   0
0.315750699351561   0.173196674743541   0.0403894417096591   -0.0344761846682028   0
0.308853506737434   0.192605599416268   -0.00689719261412747   0.0194089246727271   0
0.331590378369533   0.190118090200492   0.0227368716320992   -0.00248750921577606   0
0.349867284683564   0.190777742135299   0.0182769063140311   0.00065965193480641   0
0.335103393065782   0.172721929981727   -0.014763891617782   -0.0180558121535719   0
0.354828030871164   0.163243271477977   0.0197246378053818   -0.00947865850374974   0
0.369559650124902   0.148433806572021   0.0147316192537382   -0.0148094649059565   0
0.335772737076449   0.19432963529406   -0.0337869130484532   0.0458958287220398   0
0.342737893509402   0.179932560831829   0.00696515643295342   -0.0143970744622309   0
0.396477835658677   0.146497241215526   0.0537399421492748   -0.0334353196163035   0
0.421480353775357   0.155642920796522   0.0250025181166798   0.0091456795809963   0
0.480865713037892   0.151179041105613   0.0593853592625348   -0.00446387969090967   0
0.446445944477134   0.18199825260236   -0.0344197685607579   0.0308192114967476   0
0.474435548323078   0.163738549010473   0.0279896038459446   -0.0182597035918874   0
0.481654980729003   0.161530749585984   0.00721943240592449   -0.00220779942448837   0
0.513476770843512   0.165490912804548   0.0318217901145087   0.0039601632185636   0
0.507340532487007   0.148352857354805   -0.00613623835650445   -0.0171380554497434   0
0.528706631145373   0.148511955034982   0.0213660986583664   0.000159097680177384   0
0.504990595341717   0.150158579955168   -0.0237160358036562   0.00164662492018577   0
0.488899504514128   0.165178828043889   -0.016091090827589   0.0150202480887208   0
0.482451519844036   0.183503172640284   -0.00644798467009244   0.0183243445963958   0
0.496462211823438   0.171620745526619   0.014010691979402   -0.0118824271136654   0
0.490557204383882   0.173277972569396   -0.00590500743955547   0.00165722704277718   0
0.502129668383188   0.17834043269212   0.0115724639993053   0.00506246012272363   0
0.490541386091217   0.185619427109105   -0.0115882822919706   0.00727899441698565   0
0.494772237608816   0.167338776448893   0.00423085151759872   -0.0182806506602127   0
0.507950611001483   0.175485589190537   0.0131783733926674   0.0081468127416445   0
0.507823572066372   0.196576103850042   -0.000127038935110901   0.0210905146595047   0
0.487899158376862   0.190546837048119   -0.0199244136895105   -0.00602926680192278   0
0.537330472290349   0.153547403905439   0.0494313139134877   -0.0369994331426803   0
0.492251982253398   0.157627683470078   -0.0450784900369511   0.00408027956463919   0
0.544343295721119   0.21646769165081   0.052091313467721   0.0588400081807318   0
0.540567098900089   0.265426777508299   -0.00377619682103048   0.048959085857489   0
0.551846499829583   0.294611607341344   0.0112794009294945   0.0291848298330447   0
0.546570154882317   0.310124170917473   -0.00527634494726648   0.0155125635761295   0
0.597986132209655   0.30299430325231   0.0514159773273376   -0.00712986766516349   0
0.562873552350686   0.318677128575695   -0.035112579858969   0.0156828253233854   0
0.61070342679678   0.340648519763774   0.0478298744460943   0.0219713911880786   0
0.608246714295581   0.364626626631613   -0.00245671250119894   0.0239781068678399   0
0.662176635506208   0.399438333685251   0.0539299212106266   0.0348117070536377   0
0.662323052421868   0.403322232013684   0.000146416915660086   0.00388389832843294   0
0.716385340501772   0.416811938636899   0.0540622880799045   0.0134897066232149   0
0.685660216580348   0.412474234177606   -0.0307251239214239   -0.00433770445929305   0
0.699724726384776   0.390219920918   0.0140645098044281   -0.0222543132596061   0
0.733414183088281   0.445822327386146   0.0336894567035043   0.0556024064681463   0
0.736025983909237   0.444303946043134   0.00261180082095613   -0.0015183813430123   0
0.764637566472698   0.441427416258324   0.0286115825634615   -0.0028765297848094   0
0.72204023015456   0.466169192678206   -0.0425973363181383   0.0247417764198812   0
0.793321781738684   0.465389746416377   0.071281551584124   -0.000779446261828298   0
0.768615362549149   0.464030462569269   -0.0247064191895348   -0.00135928384710804   0
0.766527472106701   0.458618110771369   -0.00208789044244773   -0.00541235179790006   0
0.806514353235923   0.573550769244537   0.0399868811292219   0.114932658473168   0
0.862006257164313   0.633401378914863   0.0554919039283897   0.0598506096703263   0
0.964900599455428   0.668361272181819   0.102894342291115   0.0349598932669563   0
0.962328648102222   0.647838614595873   -0.0025719513532062   -0.0205226575859464   0
1.09365686562457   0.655795198820867   0.131328217522349   0.00795658422499357   0
1.00369594838427   0.650987463068606   -0.0899609172403002   -0.00480773575226034   0
0.98315329831983   0.641072405564691   -0.0205426500644409   -0.00991505750391486   0
1.00221389859912   0.623749352329323   0.0190606002792918   -0.0173230532353683   0
1.01642462902527   0.668916340851567   0.0142107304261498   0.0451669885222441   0
1.04111389185574   0.702737524537789   0.0246892628304709   0.0338211836862221   0
1.0245749835775   0.727983038972921   -0.0165389082782392   0.0252455144351321   0
1.08117567355171   0.765388072602062   0.05660068997421   0.037405033629141   0
1.13461737249995   0.767674020212355   0.0534416989482371   0.00228594761029299   0
1.14542706268047   0.750567777132918   0.0108096901805204   -0.0171062430794372   0
1.12401089480231   0.754792697567518   -0.0214161678781604   0.00422492043459932   0
1.12696176252118   0.787396322671912   0.0029508677188681   0.0326036251043946   0
1.08169305677663   0.797444748893771   -0.0452687057445527   0.0100484262218592   0
1.13757831060822   0.754421485189314   0.0558852538315939   -0.0430232637044575   0
1.08811882186643   0.60812392302659   -0.0494594887417894   -0.146297562162724   0
1.02046037686558   0.615595917420064   -0.0676584450008482   0.00747199439347368   0
0.960205481219515   0.587074498692031   -0.060254895646067   -0.0285214187280324   0
1.05246823287036   0.54801211388618   0.0922627516508413   -0.039062384805851   0
1.09374405948818   0.644226396503007   0.041275826617827   0.0962142826168267   0
1.1016408701813   0.728793197233104   0.0078968106931161   0.0845668007300967   0
1.0773007574441   0.768877055173485   -0.0243401127371952   0.0400838579403809   0
1.1355733240419   0.750001305506364   0.0582725665977915   -0.0188757496671211   0
1.14927124067533   0.741334380998716   0.0136979166334334   -0.00866692450764739   0
1.12539897181202   0.752337049047998   -0.0238722688633053   0.0110026680492818   0
1.17794512146128   0.745245629453974   0.052546149649261   -0.00709141959402404   0
1.19359788259527   0.757497431043829   0.0156527611339841   0.0122518015898545   0
1.21054780749874   0.735959985850623   0.016949924903473   -0.0215374451932052   0
1.18704591377851   0.747370174711802   -0.0235018937202354   0.0114101888611789   0
1.25164807176484   0.72871055456968   0.064602157986333   -0.0186596201421227   0
1.22644988350476   0.738155751984803   -0.0251981882600789   0.0094451974151234   0
1.17542042904447   0.750682009765953   -0.0510294544602912   0.0125262577811498   0
1.26401321992739   0.748114428469502   0.0885927908829216   -0.00256758129645052   0
1.22373215278258   0.784217510643731   -0.0402810671448099   0.0361030821742285   0
1.27072035430115   0.847587565326586   0.0469882015185732   0.0633700546828555   0
1.27453069188162   0.830901429163683   0.00381033758046945   -0.0166861361629037   0
1.31290798820588   0.848646288933293   0.0383772963242563   0.0177448597696102   0
1.32885565713194   0.854785106868972   0.0159476689260603   0.00613881793567927   0
1.33223253496155   0.876598036793518   0.0033768778296146   0.021812929924546   0
1.40206080872232   0.854133469742288   0.0698282737607667   -0.0224645670512299   0
1.31938421887267   0.869907682510621   -0.0826765898496495   0.0157742127683334   0
1.39471483924976   0.876504355654893   0.0753306203770903   0.00659667314427204   0
1.34685373604955   0.918517682954988   -0.0478611032002085   0.0420133273000947   0
1.39736454482259   0.929607328669073   0.050510808773035   0.0110896457140849   0
1.367703544628   0.957103546984338   -0.029661000194587   0.0274962183152645   0
1.4290392194681   0.954753187933405   0.0613356748400999   -0.0023503590509325   0
1.41092538131717   0.945011866882633   -0.0181138381509323   -0.00974132105077152   0
1.39203813993188   0.95202926406755   -0.0188872413852925   0.00701739718491612   0
1.37995875702356   0.963426962378182   -0.0120793829083199   0.011397698310632   0
1.38611405635323   0.870992313330749   0.0061552993296714   -0.0924346490474324   0
1.11208818028375   0.701980771272796   -0.274025876069479   -0.169011542057953   0
1.08614576117306   0.730817125316929   -0.0259424191106878   0.0288363540441328   0
