0.0628874244873329   0.125637927486697   0   0   0
0.0694724634883491   0.119969377013921   0.00658503900101619   -0.00566855047277626   0
0.0690567196409589   0.102862106824428   -0.000415743847390196   -0.0171072701894928   0
0.0629373932972283   0.0843743505960603   -0.00611932634373059   -0.0184877562283675   0
0.0916850018217811   0.0952781596196401   0.0287476085245528   0.0109038090235798   0
0.0776191428186372   0.0853590873427522   -0.0140658590031439   -0.00991907227688792   0
0.0643101115724425   0.0915689883301246   -0.0133090312461947   0.00620990098737241   0
0.0657589232469632   0.0929017835596955   0.00144881167452073   0.00133279522957083   0
0.0759544363247467   0.0867538074553215   0.0101955130777835   -0.00614797610437394   0
0.0728531176637109   0.111578451617125   -0.00310131866103583   0.024824644161803   0
0.0508997167674919   0.0984972259358607   -0.0219534008962189   -0.0130812256812638   0
0.0610012947023266   0.0943717262955516   0.0101015779348347   -0.00412549964030917   0
0.062705586794674   0.0917814488904076   0.00170429209234743   -0.00259027740514399   0
0.0606072836211259   0.0835909094058678   -0.0020983031735481   -0.00819053948453978   0
0.053255470410278   0.0666130934435753   -0.0073518132108479   -0.0169778159622925   0
0.0253126309515941   0.0615201888418956   -0.0279428394586839   -0.00509290460167971   0
0.0218919815646026   0.0610567349724009   -0.00342064938699151   -0.000463453869494757   0
0.0488938410298271   0.045463012724329   0.0270018594652245   -0.0155937222480719   0
0.0373540467648473   0.0464304388803563   -0.0115397942649797   0.000967426156027275   0
0.0400154166682043   0.0433698260971162   0.00266136990335695   -0.0030606127832401   0
0.041909576754007   0.0391790004998599   0.00189416008580268   -0.00419082559725625   0
0.0416736746311145   0.0294001241661494   -0.000235902122892408   -0.00977887633371057   0
0.0453791877588174   0.043654098344199   0.00370551312770283   0.0142539741780497   0
0.0442080799750453   0.0482494062702848   -0.00117110778377209   0.00459530792608579   0
0.0493863477786119   0.0440144662589472   0.00517826780356657   -0.00423494001133764   0
0.0628836293780822   0.0516132155100319   0.0134972815994703   0.00759874925108474   0
0.0540432708060865   0.0571535662822103   -0.00884035857199569   0.00554035077217834   0
0.063377438731069   0.0433810310100743   0.00933416792498248   -0.013772535272136   0
0.0763127252374727   0.046429200326761   0.0129352865064037   0.00304816931668669   0
0.0795798087050981   0.0547009434824711   0.00326708346762537   0.00827174315571017   0
0.0544194960052002   0.061773719647618   -0.0251603126998979   0.00707277616514684   0
0.0585155387712529   0.0711435619261153   0.00409604276605269   0.00936984227849732   0
0.0676470699106768   0.0754949009684263   0.00913153113942395   0.00435133904231107   0
0.0790335520910581   0.0803547279832525   0.0113864821803813   0.00485982701482615   0
0.0709120340741965   0.071646032672961   -0.00812151801686167   -0.00870869531029145   0
0.0791338712796865   0.0986682817862204   0.00822183720549008   0.0270222491132594   0
0.109609323860062   0.0720395466664838   0.0304754525803757   -0.0266287351197366   0
0.0663196413585749   0.0794546364976897   -0.0432896825014873   0.00741508983120585   0
0.0636923422911177   0.0769722806520146   -0.00262729906745721   -0.00248235584567508   0
0.0561304367508396   0.086381951590955   -0.00756190554027814   0.00940967093894045   0
0.0599354555982517   0.0854531717740775   0.00380501884741214   -0.000928779816877515   0
0.0752082193779536   0.0856651088706044   0.0152727637797019   0.000211937096526851   0
0.0684747949893244   0.0806712591814937   -0.00673342438862927   -0.00499384968911072   0
0.0675699686287481   0.0991037090438597   -0.000904826360576275   0.018432449862366   0
0.0846876064854829   0.0991732733087524   0.0171176378567348   6.95642648926992e-05   0
0.0833971759956535   0.105030762279736   -0.00129043048982941   0.00585748897098401   0
0.0865011593648316   0.103067312068   0.00310398336917816   -0.00196345021173643   0
0.0920204467636948   0.102939664459831   0.0055192873988632   -0.000127647608169454   0
0.11002535943236   0.110808338525368   0.0180049126686651   0.00786867406553722   0
0.0995267027695583   0.10766634126086   -0.0104986566628017   -0.0031419972645076   0
0.0823229687576317   0.111962380113244   -0.0172037340119266   0.00429603885238369   0
0.0923700125333974   0.0876412698632328   0.0100470437757658   -0.024321110250011   0
0.099643919751182   0.0947954034993555   0.00727390721778456   0.00715413363612273   0
0.103381970243595   0.10923878950104   0.00373805049241319   0.0144433860016843   0
0.0947639528501728   0.113121340794399   -0.00861801739342241   0.00388255129335886   0
0.117998000439414   0.11636919447024   0.0232340475892415   0.00324785367584109   0
0.122141913605842   0.120350220609364   0.00414391316642751   0.00398102613912382   0
0.142107532680501   0.124182338552922   0.0199656190746594   0.00383211794355819   0
0.14003239315562   0.134957029197778   -0.00207513952488167   0.0107746906448565   0
0.150384407712269   0.14342246031296   0.0103520145566497   0.00846543111518133   0
0.152163933904063   0.152024526223205   0.00177952619179364   0.00860206591024545   0
0.157717492634774   0.161112379032122   0.00555355873071117   0.00908785280891639   0
0.164204256627165   0.161466917647432   0.00648676399239145   0.000354538615310207   0
0.180831338385856   0.156786273030805   0.0166270817586907   -0.00468064461662718   0
0.187037340433   0.150296840269689   0.00620600204714405   -0.00648943276111527   0
0.187300790088723   0.15884950122749   0.000263449655723141   0.00855266095780116   0
0.194697225509507   0.159892006357393   0.00739643542078416   0.0010425051299022   0
0.205814980563636   0.165616621278187   0.0111177550541288   0.00572461492079457   0
0.222633638739544   0.160068605243143   0.0168186581759082   -0.00554801603504471   0
0.240290403255415   0.155889580940774   0.0176567645158706   -0.00417902430236894   0
0.242663015284431   0.158384791136184   0.00237261202901612   0.00249521019540996   0
0.260520157352401   0.162883644530881   0.0178571420679702   0.00449885339469772   0
0.270295652814469   0.169470481206905   0.00977549546206763   0.00658683667602389   0
0.279091162623918   0.157526981131805   0.00879550980944854   -0.0119435000751003   0
0.290635441523707   0.147290045681344   0.0115442788997892   -0.0102369354504606   0
0.306167011242683   0.144601992582407   0.0155315697189758   -0.00268805309893727   0
0.323071342568994   0.153092657444348   0.0169043313263111   0.00849066486194103   0
0.338266450445211   0.133441958465162   0.0151951078762175   -0.0196506989791858   0
0.346300930860359   0.138421913204702   0.00803448041514748   0.00497995473953947   0
0.337307286707002   0.143155756613871   -0.00899364415335613   0.00473384340916969   0
0.344510187791682   0.163045546467735   0.00720290108467947   0.019889789853864   0
0.342191666405262   0.16665314109794   -0.00231852138642019   0.00360759463020482   0
0.344517645669144   0.169338912918362   0.00232597926388245   0.00268577182042143   0
0.360404584267485   0.150468872036129   0.0158869385983404   -0.0188700408822326   0
0.345564731864885   0.14582674572773   -0.0148398524025994   -0.00464212630839919   0
0.339543351628168   0.139057213631197   -0.00602138023671683   -0.00676953209653244   0
0.355371226629976   0.158165715173367   0.0158278750018073   0.019108501542169   0
0.3696128142203   0.154884651330563   0.0142415875903243   -0.00328106384280374   0
0.38076616825177   0.14815457156094   0.0111533540314703   -0.00673007976962298   0
0.380898953158603   0.161579793102889   0.000132784906833161   0.0134252215419495   0
0.374178169195973   0.181105713949754   -0.00672078396263076   0.0195259208468644   0
0.375246328911943   0.169968116463794   0.00106815971597013   -0.0111375974859592   0
0.392767442762826   0.163311792921868   0.0175211138508835   -0.00665632354192677   0
0.383027490968703   0.157457167123801   -0.00973995179412313   -0.00585462579806698   0
0.388329428318857   0.161612619000652   0.00530193735015339   0.00415545187685157   0
0.387417265426839   0.151584539668967   -0.000912162892017399   -0.0100280793316857   0
0.415773227630424   0.147244329558072   0.0283559622035844   -0.00434021011089489   0
0.442757238265687   0.148319606736812   0.0269840106352635   0.00107527717874009   0
0.424007584395621   0.147569329520272   -0.0187496538700657   -0.000750277216540168   0
0.434706502418954   0.140288154586595   0.0106989180233326   -0.00728117493367614   0
0.447189276686069   0.156230997323386   0.0124827742671155   0.015942842736791   0
0.457691973923784   0.145272938467183   0.0105026972377148   -0.0109580588562033   0
0.457231553007062   0.141974205669771   -0.000460420916721938   -0.00329873279741202   0
0.444680821701364   0.129659093181157   -0.0125507313056986   -0.012315112488614   0
0.451109605736843   0.128593612790099   0.00642878403547936   -0.00106548039105783   0
0.466984033303506   0.129666518803005   0.0158744275666629   0.00107290601290547   0
0.490210093493331   0.134644707644796   0.0232260601898248   0.00497818884179085   0
0.429208100965837   0.145677393516668   -0.0610019925274939   0.0110326858718718   0
0.456366086410165   0.163689726366875   0.027157985444328   0.0180123328502078   0
0.431192990370263   0.173875012409956   -0.0251730960399015   0.0101852860430812   0
0.328076876473137   0.19666120884722   -0.103116113897126   0.0227861964372639   0
0.402278768683409   0.171976777837881   0.0742018922102723   -0.0246844310093389   0
0.438456167647451   0.190715656517104   0.036177398964042   0.0187388786792226   0
0.405599942287779   0.194625683250567   -0.0328562253596719   0.00391002673346291   0
0.42389727850451   0.16037886625971   0.0182973362167305   -0.0342468169908567   0
0.468841504443506   0.160188611531844   0.044944225938996   -0.00019025472786624   0
0.463220738774561   0.176233254961287   -0.00562076566894498   0.0160446434294431   0
0.474027340627458   0.21199938763237   0.0108066018528969   0.0357661326710833   0
0.455337533797215   0.209846380089698   -0.0186898068302428   -0.00215300754267231   0
0.461367612072163   0.192426142952303   0.00603007827494806   -0.0174202371373954   0
0.48486468064165   0.185986110619745   0.0234970685694865   -0.00644003233255772   0
0.47098452872431   0.179735163920948   -0.0138801519173402   -0.00625094669879703   0
0.462636932672144   0.197770541365341   -0.0083475960521654   0.0180353774443929   0
0.510323165571007   0.171256876804962   0.0476862328988626   -0.0265136645603786   0
0.514155012825994   0.170166844537765   0.00383184725498675   -0.00109003226719684   0
0.516320414461175   0.191593815902941   0.00216540163518197   0.0214269713651755   0
0.507853164208179   0.209544466543053   -0.00846725025299611   0.0179506506401117   0
0.525405964177701   0.188293535074501   0.0175527999695219   -0.0212509314685511   0
0.51752967751473   0.156501547300306   -0.00787628666297158   -0.0317919877741952   0
0.525121893105782   0.178151273536347   0.00759221559105205   0.0216497262360412   0
0.513275583376903   0.193295191397769   -0.0118463097288788   0.0151439178614211   0
0.507289926225477   0.18321227439776   -0.00598565715142585   -0.0100829170000089   0
0.505999981806917   0.19287342486071   -0.00128994441856001   0.00966115046295044   0
0.492126575230149   0.192760450778291   -0.0138734065767679   -0.000112974082419004   0
0.488391814461647   0.204493511034678   -0.00373476076850193   0.011733060256387   0
0.503220222529276   0.190690655654813   0.0148284080676291   -0.013802855379865   0
0.524054600985447   0.167976116616887   0.0208343784561706   -0.0227145390379261   0
0.529401316144728   0.171557408638304   0.00534671515928076   0.00358129202141697   0
0.560519649571609   0.188373201933051   0.0311183334268818   0.0168157932947471   0
0.549851274912208   0.208811263024585   -0.010668374659402   0.0204380610915342   0
0.540152031888921   0.193972531158899   -0.0096992430232864   -0.0148387318656863   0
0.552167219818037   0.183180582157887   0.0120151879291155   -0.0107919490010115   0
0.535903274898045   0.206474023895144   -0.0162639449199913   0.0232934417372567   0
0.53491692337745   0.221493045026046   -0.000986351520595785   0.0150190211309019   0
0.526852648045212   0.209544921979751   -0.00806427533223786   -0.0119481230462948   0
0.529699736206372   0.195493087235208   0.00284708816116019   -0.0140518347445436   0
0.535814663993064   0.230335677866505   0.00611492778669198   0.0348425906312977   0
0.543335892794227   0.224202242084468   0.00752122880116335   -0.00613343578203707   0
0.5498456174805   0.215015369972125   0.00650972468627298   -0.00918687211234279   0
0.569677384176065   0.226933200488497   0.019831766695565   0.0119178305163719   0
0.553313012546656   0.220500200772136   -0.0163643716294088   -0.00643299971636083   0
0.555934159303504   0.225234983883083   0.00262114675684799   0.00473478311094613   0
0.552814198443899   0.224611240758054   -0.00311996085960575   -0.000623743125028636   0
0.552890406173737   0.28198085455022   7.62077298385178e-05   0.0573696137921663   0
0.546939365300237   0.27906008255258   -0.00595104087349985   -0.00292077199764079   0
0.556625344597998   0.306295270192183   0.00968597929776072   0.0272351876396036   0
0.570598557966492   0.295716601272925   0.0139732133684939   -0.0105786689192583   0
0.575462549676903   0.300256242654541   0.00486399171041074   0.00453964138161594   0
0.57499926255053   0.293436197425117   -0.000463287126372447   -0.00682004522942337   0
0.576624886659971   0.299704261129371   0.00162562410944134   0.00626806370425403   0
0.585855605439937   0.304784301524357   0.00923071877996506   0.00508004039498527   0
0.605456150569808   0.30025672930556   0.0196005451298714   -0.00452757221879646   0
0.594581271004124   0.263249201854483   -0.0108748795656836   -0.037007527451077   0
0.529553538467491   0.41973545325866   -0.0650277325366337   0.156486251404176   0
0.494237707372313   0.373776861282383   -0.0353158310951777   -0.0459585919762763   0
