0.0760808665832613   0.0955252924532032   0   0   0
0.113976571226108   0.0515610699438297   0.0378957046428464   -0.0439642225093735   0
0.0827228838816684   0.0737287888371462   -0.0312536873444393   0.0221677188933165   0
0.0987609223056367   0.0654653051080112   0.0160380384239682   -0.00826348372913503   0
0.0934113040522399   0.0586967863415238   -0.00534961825339679   -0.00676851876648737   0
0.101975340814924   0.0715322551256599   0.00856403676268461   0.0128354687841361   0
0.113267880173242   0.0506433045554148   0.0112925393583179   -0.0208889505702451   0
0.115050086363896   0.0551373994457802   0.0017822061906539   0.0044940948903654   0
0.117203089408684   0.0537905657961738   0.00215300304478781   -0.00134683364960645   0
0.127801966997734   0.0531043429225426   0.0105988775890503   -0.000686222873631188   0
0.117925589209382   0.0582399704234557   -0.00987637778835204   0.00513562750091315   0
0.106980179243867   0.0513200193702798   -0.0109454099655149   -0.00691995105317589   0
0.108133167568744   0.0380991818541422   0.00115298832487626   -0.0132208375161376   0
0.11813229233787   0.040897343456545   0.0099991247691264   0.00279816160240273   0
0.116026758406412   0.0535875884597891   -0.00210553393145765   0.0126902450032442   0
0.134123132546813   0.0556252817725333   0.0180963741404007   0.00203769331274418   0
0.125638819493021   0.0494955171259984   -0.00848431305379177   -0.00612976464653493   0
0.0506065604388403   0.0692689284528128   -0.075032259054181   0.0197734113268144   0
0.124055863177119   0.0647199993060298   0.0734493027382784   -0.00454892914678298   0
0.0988986180055616   0.0111862729914492   -0.0251572451715571   -0.0535337263145806   0
0.0293315066280271   0.0536946637163788   -0.0695671113775345   0.0425083907249296   0
0.0736160601230465   0.024740251888168   0.0442845534950194   -0.0289544118282108   0
0.0582624522636149   0.0533213736147382   -0.0153536078594317   0.0285811217265702   0
0.0866286450995858   0.0357293199598383   0.028366192835971   -0.0175920536548999   0
0.0776429407151738   0.0492884986429136   -0.008985704384412   0.0135591786830753   0
0.0903123981055204   0.0445618152163094   0.0126694573903465   -0.00472668342660428   0
0.0987787875826587   0.0549405518436519   0.00846638947713828   0.0103787366273425   0
0.0756789738176497   0.0710275891257052   -0.023099813765009   0.0160870372820533   0
0.0639439744934493   0.0668452299510219   -0.0117349993242003   -0.00418235917468328   0
0.0807002004907051   0.0679384899094026   0.0167562259972557   0.00109325995838067   0
0.0838024950140657   0.0737598058591704   0.00310229452336057   0.00582131594976776   0
0.0783337384536197   0.069891049369787   -0.00546875656044593   -0.00386875648938338   0
0.0713158341124809   0.0851922525776846   -0.00701790434113878   0.0153012032078976   0
0.0850450649384196   0.0839145001176793   0.0137292308259386   -0.00127775246000526   0
0.0820061447079766   0.0742839456155232   -0.00303892023044296   -0.00963055450215615   0
0.0850369702174066   0.0808701272072234   0.00303082550943001   0.00658618159170028   0
0.0946057512897075   0.0840478149288398   0.00956878107230093   0.00317768772161633   0
0.091762396856937   0.0863730496670258   -0.00284335443277055   0.00232523473818599   0
0.0978328740240191   0.0925948663165648   0.00607047716708214   0.006221816649539   0
0.101140366405209   0.0842554171420598   0.00330749238119021   -0.00833944917450498   0
0.0994751999234482   0.0907695105526768   -0.0016651664817611   0.00651409341061698   0
0.0894028452163738   0.0958560019715641   -0.0100723547070744   0.00508649141888733   0
0.0790741546587891   0.0977629968527203   -0.0103286905575847   0.00190699488115621   0
0.0907322430566444   0.0938507741010696   0.0116580883978553   -0.00391222275165068   0
0.148629443490615   0.100693338026319   0.0578972004339709   0.00684256392524916   0
0.116569970954283   0.101528045228597   -0.0320594725363322   0.000834707202278018   0
0.118941759931069   0.0893582633877947   0.00237178897678569   -0.0121697818408021   0
0.10418266220893   0.0932123335790388   -0.0147590977221388   0.00385407019124404   0
0.115686564651994   0.123110396392222   0.0115039024430641   0.0298980628131831   0
0.113486348333445   0.0995312633443382   -0.00220021631854912   -0.0235791330478837   0
0.126402305619874   0.119308724111234   0.012915957286429   0.0197774607668961   0
0.129899424746557   0.139807267262587   0.00349711912668299   0.0204985431513529   0
0.120971617383087   0.111262294643828   -0.00892780736346986   -0.0285449726187593   0
0.127165815964079   0.126971971604603   0.00619419858099195   0.0157096769607745   0
0.133041606483452   0.148869898736111   0.00587579051937268   0.0218979271315086   0
0.12562139020756   0.136216815769245   -0.00742021627589184   -0.012653082966866   0
0.132993606825779   0.135539140593308   0.0073722166182196   -0.000677675175937281   0
0.150126909182898   0.138990652794756   0.0171333023571182   0.00345151220144835   0
0.13083448767374   0.125046746703233   -0.0192924215091577   -0.0139439060915234   0
0.124645976673818   0.130745153980613   -0.00618851099992183   0.00569840727738011   0
0.13780601999754   0.147440615191134   0.0131600433237223   0.0166954612105207   0
0.121142213258385   0.136264039115021   -0.0166638067391555   -0.0111765760761127   0
0.127967747156071   0.146986826725867   0.0068255338976857   0.0107227876108457   0
0.134089565779118   0.157803766579762   0.00612181862304778   0.0108169398538951   0
0.11582987323329   0.147754640043892   -0.0182596925458285   -0.0100491265358703   0
0.132231057614692   0.148522806804889   0.0164011843814022   0.000768166760997696   0
0.134572115220688   0.153072616220995   0.00234105760599548   0.00454980941610558   0
0.13913194303944   0.149357431006045   0.00455982781875258   -0.00371518521494954   0
0.143193354921414   0.145050560233915   0.00406141188197376   -0.00430687077213077   0
0.15350800299714   0.169563423139072   0.0103146480757264   0.0245128629051574   0
0.133113225256141   0.165958212358834   -0.0203947777409993   -0.00360521078023759   0
0.146381768326011   0.148949697765951   0.0132685430698703   -0.0170085145928839   0
0.161162390241551   0.158787884020444   0.0147806219155399   0.00983818625449354   0
0.142195237521972   0.189698298975169   -0.0189671527195792   0.0309104149547246   0
0.149921054646804   0.1728193193832   0.00772581712483214   -0.0168789795919687   0
0.154509754418613   0.17850347891322   0.00458869977180867   0.0056841595300203   0
0.147008956567687   0.188447544372141   -0.007500797850926   0.00994406545892057   0
0.151540163705402   0.189911360532908   0.00453120713771521   0.00146381616076668   0
0.14889812688026   0.18434167523735   -0.00264203682514189   -0.0055696852955579   0
0.14986575056443   0.199612851516855   0.000967623684170138   0.0152711762795053   0
0.140407003481628   0.200784065482479   -0.00945874708280178   0.00117121396562422   0
0.149746031436462   0.195457382671575   0.00933902795483404   -0.0053266828109042   0
0.160487691474082   0.204951200799294   0.0107416600376191   0.00949381812771893   0
0.149250387108543   0.201798052219936   -0.0112373043655384   -0.00315314857935797   0
0.161436623780108   0.193167776754619   0.0121862366715644   -0.0086302754653165   0
0.154207803843256   0.221651151802218   -0.00722881993685198   0.0284833750475988   0
0.163577451104546   0.229872468864129   0.00936964726128997   0.00822131706191084   0
0.156474300477746   0.218839545811675   -0.00710315062679939   -0.0110329230524546   0
0.148605233240051   0.219983912667495   -0.00786906723769504   0.00114436685582031   0
0.153996818558436   0.265510499284868   0.00539158531838532   0.0455265866173734   0
0.154794828557675   0.249530130550902   0.000798009999238514   -0.0159803687339666   0
0.182612808782982   0.252213052040334   0.0278179802253072   0.00268292148943194   0
0.220248968593022   0.279916914346918   0.0376361598100398   0.0277038623065848   0
0.181228136505621   0.261344187238783   -0.039020832087401   -0.0185727271081355   0
0.183615724780777   0.257552799028665   0.00238758827515589   -0.00379138821011771   0
0.17632772886092   0.285806450594191   -0.00728799591985724   0.0282536515655263   0
0.18208443865641   0.300598393117794   0.00575670979549051   0.0147919425236028   0
0.179957180622086   0.294783345261397   -0.00212725803432437   -0.0058150478563973   0
0.181103663807555   0.297731517116092   0.00114648318546945   0.00294817185469537   0
0.196388444089514   0.308044296667297   0.0152847802819583   0.0103127795512051   0
0.17500506000319   0.295068484149019   -0.0213833840863239   -0.0129758125182783   0
0.166067830468155   0.299545879259338   -0.00893722953503423   0.00447739511031903   0
0.181313598425187   0.292558272079683   0.0152457679570317   -0.00698760717965485   0
0.185314405929659   0.29867719454036   0.00400080750447207   0.00611892246067658   0
0.180486843338787   0.287354439967873   -0.00482756259087169   -0.0113227545724868   0
0.218378943619205   0.307277042591047   0.0378921002804177   0.0199226026231737   0
0.222736769797557   0.322182855018699   0.00435782617835204   0.0149058124276522   0
0.186432675997879   0.287586236618688   -0.0363040937996786   -0.034596618400011   0
0.211159221155127   0.28977334807311   0.0247265451572487   0.00218711145442246   0
0.228827022941085   0.318301131055562   0.017667801785958   0.0285277829824515   0
0.226766469246337   0.316143307947915   -0.00206055369474814   -0.00215782310764723   0
0.215700797875854   0.292686115694356   -0.0110656713704833   -0.0234571922535586   0
0.214166611620603   0.315686153078101   -0.0015341862552514   0.0230000373837446   0
0.22158846753218   0.318756873079625   0.00742185591157746   0.00307072000152409   0
0.222150733508715   0.318622407779177   0.000562265976534748   -0.000134465300447917   0
0.251231074582146   0.313022377620594   0.0290803410734316   -0.00560003015858246   0
0.268910527246071   0.338219204897504   0.0176794526639248   0.0251968272769099   0
0.269586793225262   0.317725422598271   0.00067626597919046   -0.0204937822992332   0
0.245724020862532   0.303839998784722   -0.0238627723627298   -0.0138854238135489   0
0.24762675332189   0.277765637662401   0.00190273245935779   -0.0260743611223216   0
0.277331807962322   0.29717895611483   0.0297050546404319   0.0194133184524293   0
0.265201552380317   0.327312597866703   -0.0121302555820046   0.0301336417518731   0
0.277505681821058   0.326531726185221   0.0123041294407406   -0.00078087168148222   0
0.295933878032864   0.335289406227665   0.0184281962118064   0.00875768004244398   0
0.305625878992356   0.359129695112017   0.00969200095949169   0.0238402888843519   0
0.292767829607455   0.34708495845722   -0.0128580493849004   -0.0120447366547968   0
0.300408362018786   0.362981250200682   0.00764053241133072   0.0158962917434622   0
0.316625234421327   0.376503120304799   0.0162168724025405   0.0135218701041171   0
0.322142167089703   0.381900894945927   0.00551693266837622   0.00539777464112801   0
0.32587780287594   0.378535676285935   0.0037356357862372   -0.00336521865999229   0
0.321426546401647   0.370436734569481   -0.00445125647429323   -0.00809894171645392   0
0.343096267391253   0.392040616140088   0.021669720989606   0.0216038815706074   0
0.333513725303922   0.403619719927681   -0.00958254208733067   0.0115791037875932   0
0.330239963214463   0.394264109250703   -0.0032737620894589   -0.00935561067697871   0
0.344559006001875   0.400880127508523   0.0143190427874116   0.00661601825782071   0
0.348287509785034   0.412673089578785   0.00372850378315903   0.0117929620702617   0
0.335031276362506   0.420976008634696   -0.0132562334225277   0.0083029190559113   0
0.331105146148606   0.417271130810053   -0.00392613021389981   -0.00370487782464385   0
0.350096974095407   0.43342986644583   0.0189918279468005   0.0161587356357774   0
0.344035534041587   0.44148170419877   -0.00606144005381987   0.00805183775293972   0
0.355039749781627   0.448421909558398   0.0110042157400395   0.00694020535962825   0
0.37543229723616   0.446260382010884   0.020392547454533   -0.00216152754751403   0
0.363608101198199   0.453415232239997   -0.0118241960379601   0.00715485022911266   0
0.34887680121391   0.452740258378355   -0.0147312999842895   -0.000674973861641226   0
0.373649961667187   0.455783221100229   0.0247731604532767   0.00304296272187338   0
0.366057363695774   0.458534041731364   -0.00759259797141276   0.00275082063113491   0
0.373499152407619   0.46449067119319   0.00744178871184537   0.00595662946182623   0
0.374831423911617   0.448647282229036   0.0013322715039974   -0.0158433889641542   0
0.374463320017382   0.458049957860766   -0.000368103894234972   0.00940267563173081   0
0.353404596518339   0.456456319287509   -0.0210587234990426   -0.00159363857325795   0
0.354798155087142   0.465202446592341   0.00139355856880341   0.00874612730483265   0
0.373899602415421   0.475810073517522   0.0191014473282786   0.0106076269251811   0
0.362703308660122   0.474975314296175   -0.0111962937552987   -0.00083475922134757   0
0.362073058092438   0.464520907776227   -0.000630250567684343   -0.0104544065199477   0
0.383425948439852   0.479128323008043   0.0213528903474139   0.0146074152318164   0
0.359381943951   0.471688841061563   -0.0240440044888516   -0.00743948194648086   0
0.373252433970631   0.488007235967101   0.0138704900196302   0.0163183949055387   0
0.370178488873948   0.480615428795466   -0.00307394509668213   -0.0073918071716349   0
0.376085714285986   0.469167095613066   0.00590722541203714   -0.0114483331824001   0
0.389248125643066   0.474613503149931   0.0131624113570803   0.00544640753686521   0
0.386687882377299   0.470328695454838   -0.00256024326576665   -0.00428480769509315   0
0.369672168841529   0.479017013226305   -0.0170157135357701   0.00868831777146667   0
0.378497090203148   0.471410483877109   0.00882492136161894   -0.00760652934919609   0
0.387417830576033   0.484151293855805   0.00892074037288526   0.0127408099786961   0
0.37151963831943   0.492172729784473   -0.0158981922566034   0.00802143592866811   0
0.375573045696626   0.47412741077531   0.00405340737719628   -0.0180453190091627   0
0.385893780343711   0.485702204054604   0.0103207346470846   0.0115747932792934   0
0.397967267412786   0.500186991134816   0.0120734870690754   0.0144847870802117   0
0.370077257904346   0.500953733541831   -0.0278900095084398   0.000766742407015575   0
0.377779494198997   0.483832382038966   0.00770223629465072   -0.0171213515028651   0
0.38279281890507   0.500715260789503   0.00501332470607335   0.016882878750537   0
0.372999278289932   0.509179326996393   -0.00979354061513854   0.00846406620689022   0
0.386662439763885   0.486394275293203   0.0136631614739532   -0.0227850517031904   0
0.372977739610556   0.495787647922727   -0.0136847001533286   0.00939337262952428   0
0.34488272878003   0.527988789202479   -0.0280950108305261   0.032201141279752   0
0.344116971234259   0.515452155092255   -0.000765757545771129   -0.0125366341102243   0
0.353619333158355   0.501884133637934   0.00950236192409626   -0.0135680214543205   0
0.376818165152173   0.539436364936588   0.0231988319938171   0.0375522312986538   0
0.360090118791449   0.519668227831951   -0.0167280463607234   -0.0197681371046377   0
0.372965324835647   0.520306806763567   0.0128752060441983   0.000638578931616562   0
0.364047032371162   0.541940478107375   -0.00891829246448528   0.0216336713438076   0
0.361799875216797   0.544028180889786   -0.00224715715436508   0.00208770278241144   0
0.374677117882905   0.543447514900473   0.0128772426661075   -0.000580665989313056   0
0.389205993565927   0.538428943208154   0.0145288756830219   -0.00501857169231856   0
0.415341961969038   0.549827130368491   0.0261359684031117   0.0113981871603368   0
0.3884376374352   0.549946640702759   -0.0269043245338381   0.000119510334268158   0
0.391997370258577   0.549655287171196   0.00355973282337696   -0.00029135353156351   0
0.402614313386906   0.567472216206441   0.0106169431283292   0.0178169290352453   0
0.388204154915117   0.577748316927233   -0.0144101584717894   0.0102761007207913   0
0.409700235280882   0.569808284467899   0.0214960803657651   -0.00794003245933372   0
0.433859699359148   0.583716873096452   0.0241594640782657   0.0139085886285536   0
0.426623418283197   0.59900592797025   -0.00723628107595026   0.0152890548737972   0
0.421062793383897   0.586152737982601   -0.00556062489930081   -0.0128531899876485   0
0.429333485692428   0.598091534403389   0.00827069230853106   0.0119387964207877   0
0.430285460220259   0.619512321723507   0.00095197452783119   0.0214207873201182   0
0.442887698465017   0.602567107131853   0.0126022382447584   -0.016945214591654   0
0.448394654587853   0.589723035020042   0.0055069561228358   -0.0128440721118107   0
0.441767282549591   0.592384124582395   -0.00662737203826225   0.00266108956235245   0
0.427754887745646   0.588722603800168   -0.0140123948039451   -0.00366152078222637   0
0.426037921009198   0.584614318574434   -0.00171696673644728   -0.00410828522573414   0
0.425429748649633   0.590384046001838   -0.000608172359565395   0.00576972742740345   0
0.451195150873112   0.60019698403545   0.0257654022234786   0.00981293803361205   0
0.435618044880616   0.592967527430466   -0.0155771059924961   -0.00722945660498409   0
0.442159696718742   0.587596376621316   0.00654165183812661   -0.00537115080914918   0
0.445506981129645   0.597087961704346   0.00334728441090298   0.00949158508302905   0
0.451978178365295   0.618158481413343   0.00647119723564937   0.0210705197089971   0
0.443013568621594   0.603898134131494   -0.00896460974370028   -0.0142603472818486   0
0.462755986131147   0.605386954755799   0.0197424175095524   0.00148882062430511   0
0.451821496866727   0.600372870902117   -0.0109344892644194   -0.00501408385368218   0
0.453769102134566   0.586230415661368   0.00194760526783855   -0.0141424552407492   0
0.448263187714862   0.600577339270722   -0.00550591441970344   0.0143469236093543   0
0.451450136197521   0.607473899177981   0.00318694848265827   0.00689655990725901   0
0.441673550482752   0.587860527510565   -0.00977658571476869   -0.0196133716674158   0
0.454372193180921   0.593569863135124   0.0126986426981688   0.00570933562455889   0
0.453344883409144   0.631618750012419   -0.00102730977177712   0.0380488868772944   0
0.467188756007987   0.616239699771323   0.0138438725988429   -0.0153790502410958   0
0.457948696377935   0.624098659452774   -0.00924005963005164   0.00785895968145156   0
0.468477827753556   0.646183811517667   0.0105291313756206   0.0220851520648928   0
0.465943620009975   0.631367326167976   -0.00253420774358054   -0.0148164853496907   0
0.451574965880096   0.631874048023219   -0.0143686541298788   0.000506721855243031   0
0.473923029505942   0.629565889605687   0.0223480636258459   -0.0023081584175324   0
0.443456059772375   0.638172554497998   -0.0304669697335673   0.00860666489231066   0
0.444327445757304   0.629581866246559   0.000871385984929252   -0.00859068825143872   0
0.481672048517412   0.657288649542383   0.0373446027601079   0.0277067832958242   0
0.469004441648307   0.656099269482332   -0.0126676068691051   -0.00118938006005109   0
0.479791223009925   0.623722094380983   0.0107867813616187   -0.0323771751013491   0
0.474862428447903   0.640802748147587   -0.00492879456202228   0.0170806537666042   0
0.446351805755774   0.619381797190755   -0.0285106226921295   -0.0214209509568318   0
0.452140118959256   0.621800844212598   0.00578831320348205   0.00241904702184292   0
0.466196991918963   0.615886540657449   0.0140568729597076   -0.00591430355514899   0
0.46117401540759   0.623673427774905   -0.00502297651137351   0.00778688711745601   0
0.44847640807824   0.605561195200782   -0.01269760732935   -0.018112232574123   0
0.457858897098222   0.625661901953044   0.00938248901998179   0.0201007067522613   0
0.441908090050409   0.618563995327282   -0.0159508070478131   -0.00709790662576149   0
0.451271334981915   0.628013959762838   0.0093632449315067   0.00944996443555635   0
0.466633669100548   0.639608272822905   0.015362334118633   0.0115943130600668   0
0.449134914633109   0.644143901866074   -0.0174987544674395   0.0045356290431684   0
0.452292767363231   0.62236746057956   0.00315785273012231   -0.0217764412865138   0
0.473496193039828   0.638580625399213   0.0212034256765968   0.0162131648196532   0
0.449503254877259   0.654998663384323   -0.023992938162569   0.0164180379851103   0
0.436399068374349   0.639814543505382   -0.0131041865029096   -0.0151841198789416   0
0.472016541779883   0.653764976761527   0.0356174734055337   0.0139504332561453   0
0.444351042443067   0.645508056419709   -0.0276654993368164   -0.00825692034181824   0
0.451575781828931   0.614197113165635   0.00722473938586404   -0.0313109432540738   0
0.467984051924005   0.617981600779101   0.0164082700950746   0.00378448761346584   0
