0.0762404393818661   0.0753134448882303   0   0   0
0.0545189623047892   0.0754552925171523   -0.0217214770770769   0.000141847628922054   0
0.0620520434573439   0.0673015349042383   0.00753308115255474   -0.00815375761291406   0
0.0740553506244485   0.0513069132304312   0.0120033071671045   -0.015994621673807   0
0.0819993952169771   0.0593064033624953   0.00794404459252859   0.0079994901320641   0
0.0851899585480003   0.0545417058625324   0.0031905633310232   -0.00476469749996295   0
0.0797692348927204   0.0379509956129283   -0.00542072365527987   -0.0165907102496041   0
0.0670692437220668   0.0482447623813715   -0.0126999911706536   0.0102937667684432   0
0.0532618661857327   0.0545400009768805   -0.0138073775363341   0.00629523859550898   0
0.0598150007347655   0.0491664223144465   0.00655313454903279   -0.00537357866243401   0
0.0452641555674023   0.0507342647932157   -0.0145508451673632   0.00156784247876921   0
0.0579389618552145   0.032026606513117   0.0126748062878122   -0.0187076582800987   0
0.0569123318820271   0.0234768352427451   -0.00102662997318737   -0.00854977127037181   0
0.0635351922101444   0.0327880521220859   0.00662286032811733   0.00931121687934081   0
0.0658046597916895   0.0426196598380665   0.00226946758154507   0.00983160771598057   0
0.0574571900927991   0.0264697218120081   -0.00834746969889043   -0.0161499380260584   0
0.0567874547446881   0.0343124843098325   -0.000669735348110982   0.00784276249782433   0
0.0540528263784605   0.0313592684260395   -0.00273462836622756   -0.00295321588379295   0
0.0582796603748683   0.0250073003281542   0.00422683399640781   -0.00635196809788535   0
0.0564895687985844   0.022230839861614   -0.00179009157628394   -0.0027764604665402   0
0.0298756360768503   0.0404375617454539   -0.0266139327217341   0.01820672188384   0
0.0521350872566643   0.0291255950439643   0.022259451179814   -0.0113119667014896   0
0.041801344560911   0.0332593803951491   -0.0103337426957533   0.00413378535118471   0
0.0453152425487275   0.0308372371140509   0.0035138979878165   -0.00242214328109813   0
0.0587710205229584   0.0338836659928128   0.013455777974231   0.0030464288787619   0
0.058049606546298   0.0260890672691168   -0.000721413976660465   -0.00779459872369605   0
0.0424799618169555   0.0373134296768938   -0.0155696447293424   0.011224362407777   0
0.0416284880684478   0.0345168032458468   -0.000851473748507747   -0.00279662643104702   0
0.0372007752452567   0.0322050738294838   -0.00442771282319113   -0.00231172941636303   0
0.0436262764224727   0.0229182415034995   0.00642550117721608   -0.0092868323259843   0
0.0412865249879425   0.025019350754566   -0.00233975143453025   0.0021011092510665   0
0.0315856469069418   0.0465463454586394   -0.00970087808100072   0.0215269947040734   0
0.0610264297095119   0.0266811597551999   0.0294407828025702   -0.0198651857034395   0
0.0382856953351823   0.056986128586986   -0.0227407343743296   0.030304968831786   0
0.0476173686702667   0.045095705227161   0.00933167333508444   -0.0118904233598249   0
0.0553180848223255   0.0486014902148586   0.00770071615205877   0.0035057849876976   0
0.0491286182431381   0.0598474340043915   -0.00618946657918743   0.0112459437895329   0
0.0411616064293426   0.0579802214799366   -0.00796701181379546   -0.00186721252445496   0
0.0652448464969456   0.0517660662979862   0.024083240067603   -0.00621415518195041   0
0.0643286097989067   0.0256677848287937   -0.000916236698038905   -0.0260982814691925   0
0.0640064053664163   0.0419071179059212   -0.00032220443249048   0.0162393330771276   0
0.0510887925969092   0.0487286019511385   -0.0129176127695071   0.0068214840452173   0
0.0566698390868547   0.052512622550583   0.0055810464899455   0.00378402059944451   0
0.0566118801512545   0.0377227022675302   -5.79589356001914e-05   -0.0147899202830529   0
0.0660833065085275   0.0294280995680102   0.00947142635727308   -0.00829460269951991   0
0.0594436826280136   0.0402094805851148   -0.00663962388051399   0.0107813810171046   0
0.0594880170810895   0.0411418056271234   4.43344530759726e-05   0.000932325042008554   0
0.0670828399507654   0.0883631277881221   0.00759482286967583   0.0472213221609988   0
0.0560602862001515   0.0668494473791669   -0.0110225537506138   -0.0215136804089553   0
0.0507553824701381   0.0599686682875733   -0.00530490373001345   -0.00688077909159357   0
0.0551651558948219   0.0659778665396603   0.00440977342468378   0.00600919825208698   0
0.0555304940547084   0.0734768301053128   0.0003653381598865   0.00749896356565251   0
0.0789173088057367   0.103051321422265   0.0233868147510283   0.0295744913169523   0
0.135275958476109   0.122045758245883   0.0563586496703725   0.0189944368236178   0
0.0870180994699953   0.0759663988462333   -0.0482578590061138   -0.0460793593996496   0
0.0794840885164446   0.097610074815564   -0.00753401095355073   0.0216436759693307   0
0.0792993337660538   0.0834260807839041   -0.000184754750390786   -0.0141839940316599   0
0.0751052075568665   0.0862359167997303   -0.00419412620918727   0.00280983601582613   0
0.061537810216371   0.0741884501883211   -0.0135673973404955   -0.0120474666114092   0
0.0598252689308623   0.073020981558248   -0.00171254128550872   -0.00116746863007307   0
0.0665804210416245   0.0637529350578662   0.00675515211076222   -0.00926804650038188   0
0.0432268185163574   0.0796733803031006   -0.0233536025252671   0.0159204452452344   0
0.0592184509229176   0.0784816373213664   0.0159916324065602   -0.00119174298173416   0
0.068869744491903   0.0704365689070138   0.00965129356898538   -0.00804506841435267   0
0.0690342874352303   0.0807028873449395   0.00016454294332735   0.0102663184379257   0
0.0698819125641249   0.0722768625105054   0.000847625128894594   -0.00842602483443414   0
0.0680681673470059   0.0602272118008961   -0.00181374521711902   -0.0120496507096093   0
0.0720672068516603   0.0684488690570012   0.00399903950465445   0.00822165725610512   0
0.0693737056962506   0.08057167557872   -0.0026935011554097   0.0121228065217188   0
0.0562199577344203   0.0688117412554718   -0.0131537479618304   -0.0117599343232482   0
0.0776757376712317   0.0328677539513004   0.0214557799368114   -0.0359439873041714   0
0.0873078278375427   0.0411583125138774   0.00963209016631104   0.008290558562577   0
0.0829967639184806   0.033396868587676   -0.00431106391906214   -0.00776144392620143   0
0.0833609290935508   0.0447222927090618   0.00036416517507018   0.0113254241213858   0
0.089434344223514   0.036815110175227   0.00607341512996326   -0.00790718253383481   0
0.0917337440755914   0.0779544985669204   0.00229939985207737   0.0411393883916935   0
0.0852011711300966   0.0416598843271618   -0.00653257294549485   -0.0362946142397587   0
0.0874343834229624   0.0417528459627904   0.00223321229286584   9.2961635628587e-05   0
0.0857916018077527   0.0449352564967921   -0.00164278161520966   0.00318241053400177   0
0.0938977422164474   0.049472967227492   0.00810614040869462   0.0045377107306999   0
0.0635046115365648   0.0802778204095783   -0.0303931306798825   0.0308048531820862   0
0.0929964452002274   0.109675585993146   0.0294918336636626   0.0293977655835679   0
0.0710272385130444   0.0873647208153554   -0.021969206687183   -0.0223108651777907   0
0.0459816524044983   0.0835594804123087   -0.0250455861085462   -0.00380524040304676   0
0.047519548434039   0.0788720782501323   0.00153789602954072   -0.00468740216217634   0
0.047382548792547   0.0841111870863502   -0.000136999641491942   0.00523910883621785   0
0.0359667664446917   0.0803172626608066   -0.0114157823478553   -0.00379392442554359   0
0.0428801087552335   0.0707899546912908   0.00691334231054182   -0.00952730796951584   0
0.0466812308346261   0.083617506344201   0.00380112207939263   0.0128275516529103   0
0.0341337073862538   0.0782114127044289   -0.0125475234483723   -0.00540609363977215   0
0.0302047652124561   0.085461753046158   -0.0039289421737977   0.00725034034172915   0
0.0478595680819928   0.0824046507878803   0.0176548028695366   -0.00305710225827772   0
0.0484639425437521   0.0904249222420042   0.000604374461759302   0.00802027145412385   0
0.0373130314872994   0.0891983829588435   -0.0111509110564527   -0.00122653928316067   0
0.0451385768312704   0.079009777186909   0.007825545343971   -0.0101886057719345   0
0.0535685390494271   0.0828619235218445   0.00842996221815675   0.0038521463349355   0
0.0491025688632479   0.101709074586305   -0.00446597018617927   0.0188471510644603   0
0.0452319575549191   0.0747735115239682   -0.00387061130832881   -0.0269355630623366   0
0.0513924485772579   0.0788800657060135   0.00616049102233886   0.00410655418204529   0
0.0465304904896177   0.0760111643336359   -0.00486195808764026   -0.00286890137237755   0
0.0420403665930175   0.0846635689659077   -0.00449012389660019   0.00865240463227175   0
0.0446425922507206   0.0878536154938714   0.00260222565770314   0.00319004652796373   0
0.0288801186065934   0.0954679056985776   -0.0157624736441273   0.00761429020470618   0
0.0424933962337138   0.0986777915805907   0.0136132776271204   0.00320988588201315   0
0.0379009326085309   0.103602997370443   -0.00459246362518288   0.00492520578985219   0
0.0404512066063251   0.108492334945332   0.00255027399779421   0.0048893375748886   0
0.0422009356274822   0.0908652218942429   0.00174972902115714   -0.0176271130510886   0
0.0480209273667471   0.0961158226393553   0.00581999173926484   0.00525060074511238   0
0.0373765505925052   0.106524507686682   -0.0106443767742419   0.0104086850473269   0
0.0416993996869367   0.105120049020168   0.00432284909443156   -0.00140445866651423   0
0.0488605091110203   0.0921841092112003   0.00716110942408358   -0.0129359398089676   0
0.0575080236687551   0.0994359462613496   0.0086475145577348   0.00725183705014928   0
0.0364003111775875   0.102307659843191   -0.0211077124911676   0.00287171358184105   0
0.0421580259877155   0.0941649218121589   0.00575771481012807   -0.00814273803103172   0
0.0487636375133152   0.0971077095515078   0.00660561152559964   0.00294278773934889   0
0.0405844856096218   0.104091107046472   -0.00817915190369337   0.00698339749496374   0
0.0298621270891743   0.0912528853240406   -0.0107223585204475   -0.012838221722431   0
0.0533073004416844   0.0925691817389162   0.02344517335251   0.00131629641487566   0
0.0449428426679666   0.0956981380696746   -0.00836445777371774   0.00312895633075837   0
0.0534958042484651   0.111971605069723   0.00855296158049853   0.0162734670000484   0
0.040827507181311   0.0927039467409694   -0.0126682970671542   -0.0192676583287535   0
0.0488959424207163   0.0971561515380781   0.00806843523940529   0.00445220479710867   0
0.0618184049286295   0.102506958294596   0.0129224625079132   0.00535080675651765   0
0.0289899057074286   0.104010549644844   -0.0328284992212009   0.00150359135024795   0
0.0250945522110776   0.0973188006196131   -0.00389535349635097   -0.00669174902523068   0
0.0372438621002173   0.0954146712042886   0.0121493098891397   -0.00190412941532445   0
0.0399805193157668   0.0995751805629294   0.00273665721554951   0.00416050935864083   0
0.041106579735518   0.103672448816224   0.00112606041975124   0.00409726825329415   0
0.00641906131533459   0.097602629065269   -0.0346875184201834   -0.00606981975095455   0
0.0411436665222   0.100336651729316   0.0347246052068654   0.0027340226640467   0
0.0408880828763101   0.106160627798351   -0.000255583645889915   0.0058239760690352   0
0.035245146366341   0.103914247227654   -0.00564293650996908   -0.00224638057069691   0
0.0450663055901894   0.104835461047551   0.00982115922384839   0.000921213819896585   0
0.0483512574286595   0.111565234788889   0.0032849518384701   0.00672977374133872   0
0.0363812338615666   0.112914664335993   -0.0119700235670929   0.00134942954710381   0
0.040078866846751   0.115213670800051   0.00369763298518444   0.00229900646405776   0
0.0360656218469182   0.103583750502721   -0.00401324499983288   -0.0116299202973297   0
0.0261612846283855   0.106857892226089   -0.00990433721853265   0.003274141723368   0
0.0230375296319397   0.113405025305275   -0.00312375499644581   0.0065471330791855   0
0.0339334433961542   0.115257719135162   0.0108959137642145   0.00185269382988774   0
0.0483810538645625   0.0968852403323128   0.0144476104684083   -0.0183724788028497   0
0.0389083833928576   0.0970791720932585   -0.00947267047170489   0.000193931760945745   0
0.0432544251790681   0.10538988749905   0.00434604178621045   0.0083107154057919   0
0.0187917909163789   0.0993146631561649   -0.0244626342626892   -0.00607522434288549   0
0.0533771342285496   0.125153315259974   0.0345853433121707   0.0258386521038093   0
0.0511201890038808   0.120432024441425   -0.00225694522466875   -0.0047212908185492   0
0.0366897307393445   0.134304554365489   -0.0144304582645364   0.0138725299240636   0
0.0630045238195013   0.136920106191357   0.0263147930801568   0.00261555182586842   0
0.064430540961811   0.120813898220869   0.00142601714230971   -0.0161062079704881   0
0.0561261852633866   0.104320871253503   -0.00830435569842432   -0.0164930269673658   0
0.0666677898704464   0.105865765197124   0.0105416046070598   0.00154489394362033   0
0.0695569724942798   0.12826971321754   0.00288918262383339   0.0224039480204166   0
0.0684021276622299   0.102532507631251   -0.0011548448320499   -0.0257372055862894   0
0.0710313100778805   0.109575303692073   0.00262918241565054   0.0070427960608221   0
0.0666007831890136   0.10675970109476   -0.00443052688886682   -0.00281560259731288   0
0.069222470236983   0.110702968096256   0.00262168704796939   0.00394326700149576   0
0.0674854231337405   0.106189973512683   -0.0017370471032425   -0.00451299458357281   0
0.0678927190975586   0.117313270228361   0.000407295963818083   0.0111232967156782   0
0.0467687413200313   0.122385054926408   -0.0211239777775273   0.0050717846980472   0
0.0613445487253758   0.11698399431403   0.0145758074053445   -0.0054010606123784   0
0.0581045475505567   0.109908297262491   -0.00324000117481908   -0.00707569705153939   0
0.0506623746314254   0.115546441132181   -0.00744217291913123   0.00563814386969008   0
0.0449734939675761   0.109970639857828   -0.00568888066384937   -0.00557580127435318   0
0.0506265404194885   0.114558483838998   0.00565304645191241   0.00458784398117064   0
0.0626542221392142   0.115649318150703   0.0120276817197257   0.00109083431170474   0
0.0491790768844841   0.122695343020793   -0.0134751452547301   0.00704602487008987   0
0.0389152853246844   0.119096254417477   -0.0102637915597997   -0.00359908860331538   0
0.0648157419609434   0.115337782559489   0.025900456636259   -0.00375847185798825   0
0.0568117123430231   0.125433411221811   -0.00800402961792033   0.0100956286623221   0
0.0521538282578806   0.124220009071566   -0.00465788408514252   -0.00121340215024497   0
0.0621166280595856   0.117550636482752   0.00996279980170507   -0.00666937258881471   0
0.0636795655167189   0.128053426339839   0.00156293745713331   0.0105027898570872   0
0.0662183173215811   0.128783088968632   0.00253875180486211   0.000729662628792954   0
0.0615678103302367   0.114841624860065   -0.00465050699134436   -0.0139414641085662   0
0.0697477984420361   0.119038658557052   0.00817998811179945   0.00419703369698694   0
0.0855922540891406   0.121254869223065   0.0158444556471044   0.00221621066601221   0
0.0824591534022148   0.125722279725483   -0.00313310068692572   0.00446741050241804   0
0.116085204613723   0.0955106250140528   0.0336260512115085   -0.0302116547114299   0
0.108334338247898   0.116726118671283   -0.00775086636582517   0.0212154936572305   0
0.110262827541198   0.128233611325814   0.00192848929330001   0.011507492654531   0
0.102239272712495   0.118763794510364   -0.00802355482870276   -0.00946981681545012   0
0.128585232438449   0.112105295202546   0.0263459597259538   -0.00665849930781807   0
0.119318137610214   0.136935469835695   -0.00926709482823503   0.0248301746331488   0
0.14128142610584   0.12649355946982   0.0219632884956261   -0.0104419103658744   0
0.161979065835187   0.128741159458863   0.0206976397293472   0.002247599989043   0
0.148456689402196   0.132042562349437   -0.0135223764329918   0.00330140289057371   0
0.135609024484287   0.174287540422688   -0.0128476649179085   0.0422449780732506   0
0.213619779703121   0.302058856323668   0.078010755218834   0.127771315900981   0
0.209145555619262   0.314285145515979   -0.00447422408385867   0.0122262891923104   0
