0.100930530001284   0.0663411866848189   0   0   0
0.0852883312408562   0.0312858496682206   -0.0156421987604274   -0.0350553370165983   0
0.0921641730861835   0.0558280648076082   0.00687584184532739   0.0245422151393876   0
0.0649492835627153   0.0387166870872883   -0.0272148895234682   -0.0171113777203198   0
0.0853370902246497   0.0421532156857872   0.0203878066619344   0.0034365285984989   0
0.086183635810402   0.0357790329607299   0.000846545585752284   -0.00637418272505729   0
0.0746327603719707   0.0288854611104358   -0.0115508754384313   -0.00689357185029413   0
0.117380076171214   0.0466027823677943   0.0427473157992433   0.0177173212573585   0
0.0734046745376614   0.0229348145334228   -0.0439754016335526   -0.0236679678343716   0
0.111403662969446   0.0368611087398697   0.037998988431785   0.013926294206447   0
0.0834596098693254   0.024408831854167   -0.027944053100121   -0.0124522768857027   0
0.0827415862671849   0.0237079405358205   -0.00071802360214053   -0.000700891318346563   0
0.103229544384784   0.0507236313417129   0.0204879581175987   0.0270156908058924   0
0.0778300256398519   0.0248853487075233   -0.0253995187449317   -0.0258382826341896   0
0.126546763801482   0.0454614945479138   0.0487167381616302   0.0205761458403905   0
0.0688952922816211   0.0293863626400495   -0.057651471519861   -0.0160751319078643   0
0.094066884792152   0.0288383078068478   0.0251715925105309   -0.000548054833201722   0
0.0652946125211721   0.03543455   -0.0287722722709799   0.00659624219315218   0
0.0576447013999552   0.015364   -0.00764991112121684   -0.02007055   0
0.0927647067102009   0.0421980329405293   0.0351200053102457   0.0268340329405293   0
0.0449534261164819   0.0292476085028332   -0.047811280593719   -0.0129504244376962   0
0.0750464884632186   0.0227643184679994   0.0300930623467367   -0.00648329003483375   0
0.0565042473607073   0.0312869358896809   -0.0185422411025113   0.00852261742168143   0
0.066885560570126   0.0138209780683948   0.0103813132094187   -0.0174659578212861   0
0.0671804489925454   0.0303227116096994   0.000294888422419398   0.0165017335413046   0
0.0671094053495484   0.00383251   -7.10436429969957e-05   -0.0264902016096994   0
0.0766152807329582   0.0234327540632813   0.00950587538340977   0.0196002440632813   0
0.0671424620899472   0.03206615   -0.00947281864301099   0.00863339593671872   0
0.0804476298457133   0.0143382660598309   0.0133051677557661   -0.017727883940169   0
0.0775941712332827   0.0055050072440847   -0.00285345861243058   -0.00883325881574625   0
0.0789572925792798   0.00702737060768464   0.00136312134599713   0.00152236336359994   0
0.074217410258308   0.0141919123294757   -0.00473988232097185   0.00716454172179108   0
0.0791196943009413   0.04271815   0.00490228404263326   0.0285262376705243   0
0.0725855682981817   0.004676292171264   -0.00653412600275957   -0.038041857828736   0
0.0894693838737587   0.0418737329204885   0.0168838155755771   0.0371974407492245   0
0.0890572914377032   0.0185858118199071   -0.000412092436055569   -0.0232879211005813   0
0.0917881499618006   0.0121964302648357   0.00273085852409746   -0.00638938155507145   0
0.101108384009141   0.0526484134217086   0.00932023404734075   0.0404519831568729   0
0.0974277140206009   0.00459523799185091   -0.00368066998854046   -0.0480531754298576   0
0.120292153231372   0.0641426058578267   0.0228644392107716   0.0595473678659758   0
0.100034350029327   0.0132439500695601   -0.0202578032020451   -0.0508986557882666   0
0.0988218669463394   0.0407307611709811   -0.00121248308298805   0.027486811101421   0
0.0973392026170037   0.0451029915685756   -0.00148266432933568   0.0043722303975945   0
0.0954540959356905   0.0400593861577409   -0.00188510668131323   -0.00504360541083473   0
0.118826174782537   0.0665676318610254   0.0233720788468464   0.0265082457032845   0
0.0982845395914332   0.0196911782492821   -0.0205416351911037   -0.0468764536117433   0
0.123165016330694   0.0683063492487521   0.0248804767392603   0.04861517099947   0
0.104811002817119   0.0555098609859095   -0.0183540135135746   -0.0127964882628426   0
0.112673082748854   0.049846062203799   0.00786207993173467   -0.0056637987821105   0
0.118419786499554   0.0765794425099844   0.00574670375070066   0.0267333803061853   0
0.111816148640928   0.0430676199932443   -0.00660363785862665   -0.03351182251674   0
0.166461577588614   0.0936048419711422   0.054645428947686   0.0505372219778978   0
0.113805280776113   0.0600515959238595   -0.0526562968125002   -0.0335532460472827   0
0.148742371434807   0.0999341175180429   0.0349370906586933   0.0398825215941834   0
0.118297128941959   0.0867632494962009   -0.030445242492848   -0.013170868021842   0
0.119670538818416   0.0744506192946204   0.00137340987645727   -0.0123126302015805   0
0.135276237973452   0.108425251411064   0.015605699155036   0.0339746321164439   0
0.108795247999397   0.0878693933748976   -0.0264809899740545   -0.0205558580361667   0
0.158888561175592   0.108635633863848   0.050093313176195   0.0207662404889502   0
0.137733621886125   0.109194675663113   -0.0211549392894673   0.000559041799265442   0
0.173543163887403   0.116715116920228   0.0358095420012778   0.00752044125711476   0
0.142018244793019   0.117435447280208   -0.0315249190943835   0.000720330359979912   0
0.145727979836051   0.117659348088072   0.00370973504303126   0.000223900807863664   0
0.162997640383197   0.125674111084941   0.0172696605471463   0.00801476299686904   0
0.135743077597828   0.118477646318715   -0.0272545627853688   -0.00719646476622574   0
0.171755751205309   0.135694094452227   0.0360126736074808   0.0172164481335125   0
0.124038717389088   0.109390468236508   -0.0477170338162212   -0.0263036262157192   0
0.173911363043362   0.143136928168878   0.049872645654274   0.0337464599323697   0
0.155873340164696   0.144878442686412   -0.0180380228786663   0.00174151451753424   0
0.155349798478191   0.126367960730015   -0.000523541686504259   -0.0185104819563975   0
0.173595852967673   0.145542525156954   0.0182460544894822   0.0191745644269391   0
0.142260085116761   0.130294831312307   -0.0313357678509124   -0.0152476938446468   0
0.199817718794405   0.162741570993216   0.0575576336776442   0.0324467396809092   0
0.166680309158207   0.131621656752565   -0.0331374096361979   -0.0311199142406512   0
0.160108867750042   0.142359856556799   -0.00657144140816551   0.0107381998042345   0
0.182074724229834   0.154391827075432   0.0219658564797919   0.0120319705186323   0
0.135250421124298   0.12973581004554   -0.0468243031055356   -0.0246560170298915   0
0.17850656901316   0.157098775296818   0.0432561478888617   0.0273629652512774   0
0.165249202367945   0.163998201243001   -0.0132573666452147   0.00689942594618381   0
0.1585649634589   0.132991821922825   -0.00668423890904485   -0.031006379320176   0
0.181538814035374   0.160463384182   0.0229738505764734   0.0274715622591742   0
0.150364706507393   0.125778673543093   -0.0311741075279808   -0.0346847106389065   0
0.198471229446638   0.173019076053979   0.048106522939245   0.0472404025108857   0
0.160904209954525   0.134169636183536   -0.0375670194921125   -0.0388494398704425   0
0.190454583603073   0.162958834080121   0.0295503736485478   0.0287891978965849   0
0.149883453770922   0.170783943468121   -0.0405711298321516   0.00782510938800018   0
0.164440142798018   0.171545913275637   0.0145566890270959   0.000761969807515944   0
0.181333553937626   0.184538908762495   0.0168934111396087   0.0129929954868577   0
0.14764452181009   0.158539099686292   -0.0336890321275367   -0.0259998090762033   0
0.198038755482557   0.197040475599456   0.0503942336724675   0.0385013759131646   0
0.14990470433312   0.166741765484956   -0.0481340511494374   -0.0302987101145007   0
0.20051111415185   0.195584544457122   0.0506064098187301   0.0288427789721664   0
0.168644896348689   0.189321740345925   -0.0318662178031608   -0.00626280411119676   0
0.18006741718462   0.188141598037363   0.0114225208359312   -0.00118014230856284   0
0.190862060497721   0.209873121321103   0.0107946433131006   0.0217315232837406   0
0.18545629921987   0.196327633057754   -0.00540576127785061   -0.0135454882633494   0
0.229053192011766   0.232445539145737   0.0435968927918958   0.0361179060879836   0
0.163865710712583   0.196995334656744   -0.0651874812991827   -0.0354502044889935   0
0.203537188791655   0.233284979036848   0.0396714780790723   0.0362896443801039   0
0.169529501709466   0.222636593989089   -0.034007687082189   -0.0106483850477587   0
0.194985128077733   0.218511938066573   0.0254556263682667   -0.00412465592251574   0
0.213458376830648   0.243342517281485   0.0184732487529148   0.024830579214912   0
0.161189237745701   0.19688533758076   -0.0522691390849473   -0.0464571797007249   0
0.213657100528978   0.236418553599628   0.0524678627832778   0.0395332160188672   0
0.176083088519398   0.217620430038749   -0.0375740120095809   -0.0187981235608787   0
0.1784259603398   0.216344902121728   0.0023428718204028   -0.00127552791702104   0
0.206855455983455   0.233482496843773   0.0284294956436548   0.0171375947220452   0
0.180228263966588   0.198651104123165   -0.0266271920168675   -0.0348313927206081   0
0.188661242096189   0.209226370504796   0.0084329781296015   0.0105752663816307   0
0.207282406748088   0.224565221819987   0.0186211646518993   0.0153388513151915   0
0.168511742069863   0.19419674354621   -0.0387706646782256   -0.0303684782737769   0
0.180856252291627   0.209424615728196   0.0123445102217637   0.0152278721819857   0
0.234207063825411   0.223830604077302   0.0533508115337843   0.0144059883491063   0
0.704734546023004   0.13226989994515   0.470527482197593   -0.0915607041321521   0
0.490565815267085   0.184644710006569   -0.214168730755919   0.0523748100614191   0
0.490796378420715   0.154900769625662   0.000230563153630126   -0.0297439403809068   0
0.416776223088818   0.176044286015877   -0.0740201553318977   0.021143516390215   0
0.474220357022028   0.151605834427216   0.0574441339332105   -0.024438451588661   0
0.370877134316879   0.185049491685258   -0.10334322270515   0.0334436572580421   0
0.46269791143126   0.171334540723434   0.0918207771143813   -0.0137149509618245   0
0.397334350536547   0.172701052789756   -0.0653635608947125   0.00136651206632191   0
0.452915698907634   0.17511523472109   0.0555813483710869   0.00241418193133441   0
0.451420561661695   0.176009442489914   -0.00149513724593947   0.000894207768823735   0
0.429158082533569   0.179971226023947   -0.0222624791281254   0.00396178353403281   0
0.474832540762151   0.179890706282843   0.0456744582285818   -8.05197411039571e-05   0
0.380930348481136   0.179545719115084   -0.0939021922810149   -0.000344987167759103   0
0.467465523943801   0.190479307695042   0.0865351754626643   0.0109335885799585   0
0.387578349234951   0.183728039594792   -0.0798871747088492   -0.0067512681002497   0
0.454070441459188   0.195290892165976   0.0664920922242365   0.0115628525711835   0
0.356708711635432   0.181557524188356   -0.0973617298237557   -0.0137333679776195   0
0.437906899365747   0.193417989100478   0.0811981877303151   0.0118604649121221   0
0.367971289496287   0.188108386421799   -0.0699356098694607   -0.00530960267867958   0
0.388966484720676   0.198567876973115   0.0209951952243895   0.0104594905513165   0
0.419292461615386   0.180250576634446   0.0303259768947098   -0.0183173003386694   0
0.370040864885272   0.185894998147411   -0.0492515967301141   0.00564442151296518   0
0.422728299953858   0.193791036533195   0.0526874350685861   0.00789603838578426   0
0.323792542684494   0.182391731047223   -0.0989357572693638   -0.0113993054859726   0
0.411570037676675   0.199037084498153   0.0877774949921813   0.0166453534509303   0
0.343544464884547   0.207035033624602   -0.0680255727921281   0.00799794912644861   0
0.397097585861898   0.202899435449738   0.0535531209773508   -0.00413559817486364   0
0.409370983336582   0.204553026212948   0.0122733974746837   0.00165359076320978   0
0.383508445610067   0.209592669554692   -0.0258625377265145   0.00503964334174445   0
0.444757428303791   0.223610054281242   0.0612489826937239   0.0140173847265496   0
0.389696677311072   0.208373751416679   -0.055060750992719   -0.0152363028645629   0
0.38904490831476   0.202768907140623   -0.000651768996312307   -0.00560484427605634   0
0.365133274071865   0.202379830422902   -0.0239116342428946   -0.000389076717720954   0
0.349405543706736   0.209200033925571   -0.0157277303651291   0.00682020350266904   0
0.312160855675058   0.200507807547886   -0.0372446880316787   -0.0086922263776851   0
0.256106280893304   0.185935551446973   -0.0560545747817535   -0.0145722561009126   0
0.258199533256666   0.197447215950619   0.00209325236336161   0.0115116645036457   0
0.245912837609507   0.196378957861102   -0.0122866956471583   -0.00106825808951677   0
0.26221211685315   0.195368300288685   0.0162992792436426   -0.00101065757241656   0
0.326052871970498   0.194164931625418   0.063840755117348   -0.00120336866326781   0
0.266046766759549   0.191833809324145   -0.0600061052109488   -0.00233112230127244   0
0.307590453574944   0.199737567258391   0.0415436868153951   0.00790375793424589   0
0.308418449949768   0.214007420865614   0.000827996374823725   0.0142698536072233   0
0.278181800530444   0.209530726429115   -0.0302366494193236   -0.00447669443649976   0
0.326846816046233   0.225741320041752   0.0486650155157884   0.0162105936126369   0
0.285431571172514   0.219128443820428   -0.0414152448737188   -0.0066128762213235   0
0.333279271883146   0.216770021252369   0.047847700710632   -0.00235842256805904   0
0.311813804991456   0.217115384961551   -0.0214654668916897   0.000345363709182034   0
0.277848716061259   0.218798843505245   -0.0339650889301976   0.00168345854369356   0
0.346933640637356   0.223149383417908   0.0690849245760972   0.0043505399126634   0
0.303535426493861   0.223345408562272   -0.0433982141434951   0.000196025144363787   0
0.327190782033602   0.241261963581089   0.0236553555397411   0.0179165550188168   0
0.292831742753223   0.223053755631849   -0.0343590392803785   -0.0182082079492398   0
0.302472295142034   0.233529085514487   0.00964055238881095   0.010475329882638   0
0.286214817221191   0.226996239728877   -0.016257477920843   -0.00653284578560936   0
0.328044732576352   0.245118243618279   0.0418299153551602   0.0181220038894016   0
0.281507939977277   0.229263251874047   -0.0465367925990749   -0.0158549917442325   0
0.342980655253966   0.246902004536395   0.0614727152766896   0.0176387526623485   0
0.301309478471621   0.239954561886167   -0.0416711767823456   -0.00694744265022765   0
0.306946042421074   0.241252067983582   0.00563656394945372   0.00129750609741494   0
0.314354694641833   0.250275197709446   0.00740865222075854   0.00902312972586419   0
0.306641486011939   0.239915909131351   -0.00771320862989422   -0.0103592885780958   0
0.337902889829963   0.258289356177331   0.0312614038180241   0.01837344704598   0
0.267187788367077   0.241230956820616   -0.0707151014628857   -0.0170583993567145   0
0.324451947915265   0.260168262602152   0.0572641595481881   0.0189373057815362   0
0.283375139211188   0.240002255068827   -0.0410768087040775   -0.020166007533325   0
0.324241865792127   0.258178945016824   0.0408667265809398   0.0181766899479962   0
0.303755762781367   0.258595791280045   -0.0204861030107606   0.000416846263221193   0
0.309524430409637   0.258461535384905   0.00576866762826983   -0.000134255895139768   0
0.359303602734359   0.27756387051722   0.0497791723247222   0.0191023351323149   0
0.302388852795883   0.238157363690712   -0.0569147499384763   -0.039406506826508   0
0.348517336914263   0.264361316818271   0.0461284841183806   0.0262039531275587   0
0.291019785738857   0.237543246694155   -0.0574975511754066   -0.0268180701241159   0
0.368183476640601   0.277058856022976   0.0771636909017445   0.0395156093288218   0
0.29828403536208   0.242736220457842   -0.0698994412785214   -0.0343226355651341   0
0.365877635131269   0.268042288781336   0.0675935997691893   0.0253060683234939   0
