0.10360042878837   0.135918438470595   0   0   0
0.0804031441485866   0.149359824951156   -0.0231972846397833   0.0134413864805608   0
0.0826428820793418   0.132317453426334   0.00223973793075521   -0.0170423715248224   0
0.0972316279355997   0.116175887745694   0.0145887458562579   -0.0161415656806401   0
0.0812295482705702   0.11469381082626   -0.0160020796650295   -0.00148207691943325   0
0.0714859888753034   0.123390992157258   -0.00974355939526686   0.00869718133099763   0
0.0995734549145127   0.118802616641733   0.0280874660392093   -0.00458837551552531   0
0.097641984797166   0.120932498628677   -0.00193147011734669   0.00212988198694444   0
0.0973190286843226   0.108387747594101   -0.000322956112843442   -0.0125447510345763   0
0.0952663587447846   0.102146322700232   -0.00205266993953795   -0.00624142489386845   0
0.141172873419436   0.0825481993366786   0.045906514674651   -0.0195981233635537   0
0.137696058065037   0.0784202741885349   -0.00347681535439878   -0.00412792514814367   0
0.10545569710779   0.0642119398352246   -0.0322403609572466   -0.0142083343533104   0
0.0903721048181351   0.0613295054488661   -0.0150835922896551   -0.00288243438635845   0
0.14108735342645   0.0678164357151163   0.0507152486083148   0.00648693026625016   0
0.0372811529294844   0.0768821433081343   -0.103806200496966   0.00906570759301803   0
0.103095599556189   0.0525140201610125   0.0658144466267043   -0.0243681231471218   0
0.0885501866113133   0.0748871851228702   -0.0145454129448754   0.0223731649618577   0
0.146313635728088   0.0538767766645797   0.0577634491167746   -0.0210104084582905   0
0.100539758533301   0.0559589489632579   -0.0457738771947872   0.00208217229867819   0
0.0532545178711628   0.0406339101970879   -0.0472852406621378   -0.01532503876617   0
0.11334033453374   0.0588134725352329   0.0600858166625768   0.0181795623381451   0
0.0399636025434394   0.0627027794703911   -0.0733767319903001   0.00388930693515815   0
0.122579948001172   0.0526951009479534   0.0826163454577324   -0.0100076785224377   0
0.0689617514280199   0.0387735011398893   -0.053618196573152   -0.0139215998080641   0
0.132953943885242   0.0361033786005548   0.0639921924572219   -0.00267012253933451   0
0.0930801258708861   0.0373069284706608   -0.0398738180143556   0.00120354987010595   0
0.157931938362258   0.0503573534489723   0.0648518124913717   0.0130504249783116   0
0.108816622176486   0.0450556756564586   -0.0491153161857723   -0.0053016777925137   0
0.138274939103548   0.041353558428145   0.0294583169270628   -0.00370211722831366   0
0.104751729213985   0.0379924086187622   -0.0335232098895635   -0.00336114980938273   0
0.128414775900011   0.0411040909063198   0.023663046686026   0.00311168228755752   0
0.153328800368685   0.0367059728582706   0.024914024468674   -0.00439811804804914   0
0.198638820294725   0.0352614709632199   0.0453100199260401   -0.00144450189505074   0
0.152910600366292   0.0491592011351133   -0.0457282199284324   0.0138977301718934   0
0.13050971523515   0.0216153668102695   -0.0224008851311423   -0.0275438343248438   0
0.169606689786694   0.0408250893923528   0.0390969745515443   0.0192097225820833   0
0.139476350661465   0.0356582165600216   -0.0301303391252292   -0.00516687283233122   0
0.197480064267586   0.0617497262919442   0.0580037136061211   0.0260915097319226   0
0.137954039859005   0.0443211878139849   -0.0595260244085811   -0.0174285384779593   0
0.182662035662614   0.056211106205291   0.0447079958036086   0.011889918391306   0
0.17482981890204   0.060396835101063   -0.00783221676057411   0.00418572889577208   0
0.190424491959648   0.0615469573825344   0.0155946730576081   0.00115012228147131   0
0.184289562672876   0.0675574799334981   -0.00613492928677156   0.00601052255096376   0
0.202532196583259   0.0556021596278868   0.018242633910383   -0.0119553203056114   0
0.194023921718973   0.0881298103413936   -0.00850827486428674   0.0325276507135068   0
0.195565779719152   0.0644252459518782   0.0015418580001797   -0.0237045643895154   0
0.244321877336026   0.106707695963424   0.0487560976168734   0.0422824500115456   0
0.210899970273492   0.0903766213492184   -0.0334219070625333   -0.0163310746142054   0
0.257359389533392   0.105007792578742   0.0464594192598991   0.0146311712295231   0
0.219183300061022   0.0777731553722909   -0.0381760894723696   -0.0272346372064506   0
0.266841272064499   0.111030498205178   0.047657972003477   0.033257342832887   0
0.275077401779935   0.200928507774532   0.00823612971543636   0.0898980095693537   0
0.410804745851359   0.206784071686506   0.135727344071424   0.00585556391197431   0
0.360457931710484   0.250810984989195   -0.0503468141408754   0.0440269133026887   0
0.314371161783329   0.238117387577535   -0.0460867699271551   -0.0126935974116597   0
0.361444449842573   0.263884113914138   0.0470732880592437   0.0257667263366035   0
0.357769705362262   0.261201273122854   -0.0036747444803103   -0.002682840791284   0
0.37279726719626   0.270446323362881   0.0150275618339981   0.00924505024002653   0
0.33841631031911   0.222064125212741   -0.0343809568771506   -0.0483821981501398   0
0.364962427805932   0.237886166132359   0.026546117486822   0.0158220409196183   0
0.385943189645834   0.236475450428348   0.020980761839902   -0.00141071570401161   0
0.385428290313516   0.254222659493017   -0.000514899332317742   0.0177472090646693   0
0.371139920097529   0.231445475927917   -0.0142883702159874   -0.0227771835651001   0
0.41309478083728   0.270902614847388   0.0419548607397509   0.0394571389194715   0
0.404500631298642   0.239383883377202   -0.00859414953863741   -0.0315187314701862   0
0.413636456078281   0.249912165302132   0.00913582477963931   0.0105282819249294   0
0.402107939048709   0.211393756117559   -0.0115285170295727   -0.0385184091845727   0
0.374840762962088   0.23244928575713   -0.027267176086621   0.0210555296395713   0
0.396920145252165   0.248886688648168   0.0220793822900776   0.0164374028910375   0
0.444307526335082   0.288083407601861   0.0473873810829172   0.0391967189536932   0
0.440595449452216   0.255756189032641   -0.00371207688286673   -0.03232721856922   0
0.470656001301375   0.272947983682331   0.0300605518491593   0.0171917946496899   0
0.456686212129291   0.254355887834841   -0.0139697891720839   -0.0185920958474903   0
0.486454924566501   0.267913513252411   0.0297687124372096   0.0135576254175708   0
0.49128670670699   0.279733540345093   0.00483178214048918   0.011820027092682   0
0.510692525765005   0.27414390420179   0.0194058190580147   -0.00558963614330382   0
0.520091311404065   0.301487877956975   0.00939878563906016   0.0273439737551857   0
0.559161520115467   0.305795876606029   0.0390702087114023   0.00430799864905423   0
0.551888176031159   0.323163523679963   -0.00727334408430769   0.0173676470739335   0
0.546506227136526   0.296212172854611   -0.00538194889463361   -0.0269513508253519   0
0.595342368289877   0.306913415585732   0.0488361411533516   0.0107012427311205   0
0.608845149870638   0.324032766458116   0.0135027815807608   0.0171193508723845   0
0.618461516689996   0.308062157332331   0.00961636681935762   -0.0159706091257849   0
0.624385712798587   0.344438854791747   0.00592419610859152   0.0363766974594156   0
0.635133298852265   0.327339158116624   0.0107475860536773   -0.017099696675123   0
0.631020705204671   0.343759720398566   -0.00411259364759387   0.0164205622819418   0
0.66065222361088   0.329425297760737   0.029631518406209   -0.014334422637829   0
0.670396864850963   0.3557667591843   0.0097446412400829   0.0263414614235638   0
0.700792824803229   0.337866951897489   0.0303959599522667   -0.0178998072868116   0
0.701793072204336   0.3627814004311   0.00100024740110627   0.024914448533611   0
0.72436746961857   0.303498660376368   0.0225743974142344   -0.0592827400547317   0
0.694834278973771   0.331563860170631   -0.0295331906447992   0.0280651997942633   0
0.716838200084259   0.30732823519   0.022003921110488   -0.0242356249806313   0
0.714587023093059   0.349718724781073   -0.00225117699120003   0.0423904895910731   0
0.776563368590285   0.34665455926794   0.0619763454972256   -0.00306416551313277   0
0.758798673769268   0.361649870661182   -0.0177646948210165   0.014995311393242   0
0.784293611673007   0.351688964257837   0.0254949379037394   -0.00996090640334568   0
0.760284680869482   0.377829967292829   -0.0240089308035255   0.0261410030349919   0
0.819819116357438   0.340525581759286   0.0595344354879559   -0.0373043855335429   0
0.771068005662542   0.337384616379437   -0.0487511106948957   -0.00314096537984859   0
0.766494673254975   0.382669564570074   -0.00457333240756752   0.0452849481906368   0
0.784036807762061   0.352570245524562   0.0175421345070862   -0.0300993190455118   0
0.814738733730636   0.404205963476543   0.0307019259685752   0.0516357179519804   0
0.83669751425401   0.386454438255339   0.0219587805233744   -0.017751525221203   0
0.83443554983234   0.424177553740471   -0.00226196442167015   0.0377231154851314   0
0.864113640138842   0.424668824837072   0.0296780903065018   0.00049127109660152   0
0.824824438595269   0.416417582172631   -0.0392892015435735   -0.00825124266444122   0
0.761742414203778   0.441142807161695   -0.0630820243914907   0.0247252249890634   0
0.812421667966211   0.44618100798835   0.0506792537624328   0.0050382008266554   0
0.865955498374483   0.465796803004003   0.0535338304082728   0.0196157950156531   0
0.896104137436604   0.482574534650866   0.0301486390621205   0.0167777316468631   0
0.861206316712784   0.479760214227378   -0.0348978207238199   -0.00281432042348778   0
0.814460871577021   0.497203368318739   -0.0467454451357635   0.017443154091361   0
0.829986580957572   0.464865352009052   0.0155257093805513   -0.0323380163096872   0
0.852178252645536   0.484207723643737   0.0221916716879647   0.0193423716346852   0
0.865171857727122   0.495451990719081   0.0129936050815859   0.0112442670753433   0
0.925820494971374   0.465858158856856   0.0606486372442516   -0.0295938318622243   0
0.943988049537705   0.5099600575099   0.0181675545663308   0.0441018986530432   0
1.00292223571705   0.494075572540528   0.0589341861793472   -0.0158844849693721   0
0.97531164964077   0.506821050432251   -0.0276105860762821   0.0127454778917231   0
1.00980277762442   0.500919287895016   0.0344911279836531   -0.00590176253723462   0
0.997045643714469   0.53812259576118   -0.0127571339099539   0.0372033078661635   0
1.05463101826536   0.515781801147782   0.0575853745508956   -0.0223407946133977   0
1.04330904731561   0.514678018248303   -0.0113219709497527   -0.00110378289947943   0
1.05610838463031   0.499223932382553   0.0127993373146968   -0.0154540858657494   0
1.04347679680096   0.499089179479229   -0.012631587829345   -0.000134752903324098   0
1.04688489406296   0.512247394381123   0.00340809726199387   0.0131582149018942   0
1.00798532667665   0.519589097707265   -0.038899567386304   0.00734170332614204   0
1.05684225805174   0.509188946203912   0.0488569313750815   -0.0104001515033537   0
1.0197247100724   0.518671469791331   -0.0371175479793302   0.00948252358741986   0
1.06785209603662   0.495397656131163   0.0481273859642184   -0.0232738136601684   0
1.0496068539199   0.530418786497283   -0.018245242116719   0.0350211303661197   0
0.715390037081871   0.565286337078387   -0.334216816838034   0.0348675505811046   1
0.743431630153708   0.548921716644095   0.0280415930718377   -0.0163646204342924   0
0.782274337081947   0.618542819570521   0.038842706928239   0.0696211029264261   0
0.789258270069437   0.595087645273366   0.00698393298748956   -0.0234551742971545   0
0.826679354906726   0.624412270624345   0.0374210848372887   0.0293246253509784   0
0.820407527253377   0.590690224103337   -0.00627182765334877   -0.0337220465210082   0
0.869184400100462   0.649956701011883   0.0487768728470852   0.0592664769085463   0
0.899008186726906   0.632909378984267   0.0298237866264444   -0.0170473220276163   0
0.97065262933039   0.569700482151367   0.071644442603484   -0.0632088968328997   0
0.947369876928695   0.500768948624263   -0.0232827524016957   -0.0689315335271037   0
0.918517405241185   0.593222289923642   -0.0288524716875092   0.0924533412993791   0
0.958484635600613   0.59151510264574   0.0399672303594276   -0.00170718727790264   0
0.985320748186092   0.608410605827594   0.0268361125854789   0.0168955031818544   0
1.00100117822223   0.600269872505276   0.0156804300361366   -0.00814073332231824   0
1.0436360243057   0.586367410761163   0.0426348460834671   -0.0139024617441131   0
1.03794499553348   0.625632271921973   -0.00569102877221361   0.0392648611608106   0
1.02859034206481   0.609816959454228   -0.00935465346866904   -0.0158153124677449   0
1.01501938831335   0.620590010869696   -0.0135709537514617   0.010773051415468   0
1.07281044676412   0.603779828513259   0.057791058450773   -0.0168101823564377   0
1.06920293452377   0.614862614764469   -0.0036075122403505   0.0110827862512104   0
1.09558838604405   0.616508366863338   0.0263854515202777   0.00164575209886875   0
1.10350729515276   0.618995199416966   0.00791890910870818   0.00248683255362847   0
1.12137497941331   0.635854995196429   0.0178676842605541   0.0168597957794622   0
1.16001933536687   0.635620461701006   0.0386443559535583   -0.000234533495422573   0
1.13156823566422   0.654897266775675   -0.0284510997026501   0.0192768050746693   0
1.16300275886552   0.657968658099305   0.0314345232012976   0.00307139132362966   0
1.15378671546627   0.673500091764841   -0.00921604339925119   0.0155314336655366   0
1.17478829433229   0.688993809487611   0.0210015788660167   0.0154937177227693   0
1.15340761090253   0.686832070229143   -0.0213806834297516   -0.00216173925846819   0
0.996964868387929   0.591438613393859   -0.156442742514605   -0.0953934568352841   0
0.8981824575714   0.641717194095849   -0.0987824108165286   0.050278580701991   0
0.940588296838208   0.700050376186064   0.0424058392668074   0.0583331820902148   0
