0.140251027042498   0.218078489797968   0   0   0
0.105239814545684   0.202681423772684   -0.0350112124968142   -0.0153970660252837   0
0.11277450956475   0.177380536533951   0.00753469501906631   -0.0253008872387329   0
0.0897033311737619   0.162965214785096   -0.0230711783909886   -0.0144153217488554   0
0.131886755196299   0.164354267790648   0.0421834240225367   0.00138905300555178   0
0.09541969220078   0.162043468240007   -0.0364670629955186   -0.00231079955064134   0
0.162506724551232   0.182048819669951   0.067087032350452   0.0200053514299449   0
0.137127794798319   0.168591302262461   -0.0253789297529126   -0.0134575174074905   0
0.142975194317616   0.112929620019163   0.00584739951929636   -0.0556616822432982   0
0.106191578770305   0.0771598211253759   -0.0367836155473103   -0.035769798893787   0
0.0800723148054307   0.0704319661218117   -0.0261192639648748   -0.00672785500356421   0
0.0942188538026758   0.0463562727000147   0.0141465389972451   -0.024075693421797   0
0.113015650720641   0.0549719008445451   0.0187967969179655   0.00861562814453045   0
0.107539583433218   0.0668166663691964   -0.0054760672874236   0.0118447655246513   0
0.0936584214089689   0.0414598597329091   -0.0138811620242489   -0.0253568066362872   0
0.101959718322139   0.0313493406894388   0.00830129691317048   -0.0101105190434704   0
0.116809807744256   0.0347905856176998   0.0148500894221164   0.00344124492826105   0
0.0719970271048048   0.0586437140606306   -0.044812780639451   0.0238531284429308   0
0.0667851388090195   0.043721820643387   -0.00521188829578535   -0.0149218934172436   0
0.105468809108712   0.0320896621046892   0.0386836702996928   -0.0116321585386978   0
0.0820251129636528   0.0522932485257418   -0.0234436961450595   0.0202035864210526   0
0.0920562934714406   0.035720315419975   0.0100311805077878   -0.0165729331057669   0
0.0864046750775095   0.0375637163759458   -0.00565161839393107   0.00184340095597086   0
0.112006376646555   0.0565448483049959   0.0256017015690457   0.0189811319290501   0
0.0896837238945841   0.148183807518939   -0.0223226527519711   0.0916389592139432   0
0.340958633105249   0.320976569733851   0.251274909210665   0.172792762214912   0
0.235712339823353   0.218724947168676   -0.105246293281896   -0.102251622565176   0
0.211549339041652   0.17629113918405   -0.0241630007817009   -0.042433807984626   0
0.169476626423941   0.162040044769225   -0.0420727126177116   -0.0142510944148246   0
0.196385118270199   0.154466389617297   0.026908491846258   -0.00757365515192848   0
0.179181927168562   0.151701467171021   -0.0172031911016365   -0.00276492244627558   0
0.125351288501435   0.141241145840049   -0.0538306386671273   -0.0104603213309721   0
0.144394265295579   0.119910720594261   0.0190429767941438   -0.0213304252457877   0
0.109607910857839   0.112015063844735   -0.0347863544377398   -0.00789565674952661   0
0.0985251325293704   0.101099114883477   -0.0110827783284687   -0.0109159489612577   0
0.13480469420584   0.113645123204309   0.0362795616764695   0.0125460083208316   0
0.08746063701476   0.104338385720165   -0.0473440571910799   -0.00930673748414335   0
0.139134740737819   0.111914188049248   0.0516741037230587   0.00757580232908295   0
0.136352155864035   0.0969220650285063   -0.00278258487378397   -0.014992123020742   0
0.11936552788586   0.101506916553208   -0.0169866279781748   0.00458485152470205   0
0.157495783030912   0.118839852664794   0.0381302551450518   0.0173329361115859   0
0.125665085253542   0.107801588622629   -0.0318306977773696   -0.0110382640421654   0
0.153889850956195   0.113353273384098   0.0282247657026532   0.00555168476146888   0
0.114736447559832   0.129122116504387   -0.0391534033963636   0.0157688431202893   0
0.130408818243438   0.112436297248086   0.0156723706836062   -0.0166858192563009   0
0.163556382813756   0.116697383967936   0.0331475645703185   0.00426108671985027   0
0.108338615965546   0.103142140269206   -0.0552177668482106   -0.0135552436987308   0
0.154801100757101   0.0980159353165214   0.0464624847915548   -0.00512620495268432   0
0.143894538520786   0.10554442292163   -0.0109065622363145   0.00752848760510912   0
0.156682853944936   0.0995274196578008   0.0127883154241495   -0.00601700326382967   0
0.129490724674395   0.0970027782379969   -0.0271921292705404   -0.00252464141980394   0
0.127644505182871   0.0992124473828889   -0.00184621949152408   0.00220966914489201   0
0.111369544659256   0.0891659560364268   -0.0162749605236151   -0.0100464913464621   0
0.152716416177764   0.0977838674623273   0.041346871518508   0.00861791142590052   0
0.175337114022559   0.0979020067028889   0.0226206978447955   0.00011813924056156   0
0.134942531579743   0.0883290290456088   -0.0403945824428162   -0.00957297765728012   0
0.173956782121307   0.0870501445578926   0.0390142505415641   -0.00127888448771617   0
0.129698237555566   0.082753091027239   -0.0442585445657415   -0.00429705353065363   0
0.151921578521091   0.102718287809243   0.0222233409655251   0.0199651967820041   0
0.153408716481887   0.0821366184690483   0.00148713796079608   -0.0205816693401948   0
0.141896260146066   0.0978290133320504   -0.0115124563358212   0.0156923948630022   0
0.181770290480183   0.093838786421727   0.0398740303341169   -0.0039902269103234   0
0.138454758805214   0.101928094072292   -0.0433155316749687   0.00808930765056495   0
0.149515172753804   0.100972676979765   0.0110604139485904   -0.000955417092526806   0
0.143222628995316   0.108590063023695   -0.00629254375848826   0.0076173860439296   0
0.141664623830581   0.0993323713292399   -0.00155800516473531   -0.00925769169445488   0
0.139556482671569   0.109206333021774   -0.0021081411590117   0.00987396169253363   0
0.138789319460829   0.103725772428505   -0.000767163210740385   -0.00548056059326855   0
0.120470934546429   0.111655218619373   -0.0183183849143998   0.00792944619086813   0
0.150591159445732   0.09511798293095   0.0301202248993034   -0.0165372356884231   0
0.116305893002977   0.0960416233082823   -0.0342852664427551   0.000923640377332294   0
0.166806651264391   0.0894173791472469   0.0505007582614133   -0.00662424416103545   0
0.126790682762141   0.0934998937553407   -0.0400159685022491   0.00408251460809385   0
0.125061387022454   0.109637856124618   -0.00172929573968758   0.0161379623692776   0
0.135483051738031   0.105534250344094   0.0104216647155771   -0.00410360578052382   0
0.0840209301227075   0.11746805427993   -0.0514621216153235   0.0119338039358352   0
0.131887330897361   0.125015868070067   0.0478664007746535   0.00754781379013773   0
0.117954034715477   0.116181249771596   -0.0139332961818838   -0.00883461829847128   0
0.131990940753409   0.158004692046186   0.0140369060379321   0.0418234422745896   0
0.323835522648458   0.431347169779868   0.191844581895049   0.273342477733682   0
0.315074314516433   0.338018674869927   -0.0087612081320253   -0.0933284949099415   0
0.199256479425388   0.294246672703059   -0.115817835091045   -0.0437720021668676   0
0.22797655018815   0.28417244133044   0.028720070762762   -0.0100742313726189   0
0.181316479794309   0.26435994328911   -0.046660070393841   -0.0198124980413307   0
0.194650623227875   0.284634636015032   0.0133341434335658   0.0202746927259229   0
0.218283550398123   0.290037488368556   0.0236329271702486   0.00540285235352317   0
0.168989603166763   0.295465308735142   -0.0492939472313603   0.00542782036658596   0
0.181125465978807   0.302009101797181   0.0121358628120441   0.00654379306203934   0
0.181105585287395   0.291159655806312   -1.98806914117888e-05   -0.010849445990869   0
0.18322034979906   0.287749747743486   0.00211476451166501   -0.0034099080628256   0
0.195628904506185   0.314876076203798   0.0124085547071246   0.0271263284603117   0
0.165319091239367   0.301134871054819   -0.0303098132668183   -0.013741205148979   0
0.165195510773265   0.308783247988654   -0.000123580466101281   0.0076483769338348   0
0.20698094785598   0.310130708987279   0.0417854370827149   0.00134746099862548   0
0.165197136841835   0.306401215079901   -0.0417838110141451   -0.00372949390737787   0
0.215459606531735   0.312145386463908   0.0502624696898998   0.00574417138400657   0
0.17753963191437   0.346964808752329   -0.0379199746173648   0.0348194222884207   0
0.224615143684837   0.370957631281084   0.047075511770467   0.023992822528755   0
0.329826139632686   0.40904138594432   0.105210995947849   0.038083754663236   0
0.256640749568341   0.39185689456165   -0.0731853900643447   -0.0171844913826699   0
0.237170653389073   0.37141276980874   -0.0194700961792677   -0.02044412475291   0
0.253134569160358   0.367101888648097   0.0159639157712844   -0.00431088116064265   0
0.241334884906845   0.3882660442757   -0.0117996842535131   0.021164155627603   0
0.29122085292094   0.401071884430023   0.0498859680140956   0.0128058401543231   0
0.254480661636597   0.416471466321824   -0.0367401912843437   0.0153995818918005   0
0.261654072869122   0.408031507727345   0.00717341123252574   -0.00843995859447921   0
0.274061764545531   0.410772963228472   0.0124076916764085   0.00274145550112792   0
0.23215290889627   0.381748120127657   -0.0419088556492605   -0.0290248431008155   0
0.251751117628105   0.389391202449413   0.0195982087318347   0.00764308232175637   0
0.253582197581475   0.394201833545013   0.00183107995336945   0.00481063109559948   0
0.217493529627642   0.378395544078217   -0.0360886679538325   -0.0158062894667957   0
0.266884859066677   0.358453025914833   0.0493913294390349   -0.0199425181633841   0
0.226412496842599   0.370972034345582   -0.0404723622240777   0.0125190084307494   0
0.336184836381551   0.398054671624703   0.109772339538951   0.0270826372791204   0
0.330227428385348   0.411602747277943   -0.00595740799620287   0.0135480756532398   0
0.341210780130831   0.425284569497883   0.0109833517454828   0.0136818222199407   0
0.246283714865924   0.380662963852211   -0.0949270652649061   -0.044621605645672   0
0.282114070732036   0.378451265760203   0.0358303558661112   -0.00221169809200816   0
0.244021759026711   0.377300270321928   -0.0380923117053251   -0.00115099543827524   0
0.315482225846402   0.383544648447218   0.0714604668196911   0.00624437812528994   0
0.252990075526689   0.369362421976708   -0.0624921503197123   -0.0141822264705096   0
0.287276844026803   0.39084859470836   0.0342867685001135   0.0214861727316518   0
0.270702092642447   0.367015399952441   -0.0165747513843558   -0.0238331947559196   0
0.242964154170939   0.373093481139111   -0.0277379384715077   0.00607808118667008   0
0.300907440966487   0.360599490758445   0.0579432867955478   -0.0124939903806656   0
0.24339074600732   0.395281198062215   -0.0575166949591667   0.0346817073037698   0
0.567184712281634   0.697903652070837   0.323793966274314   0.302622454008623   0
0.421942967233725   0.618642427095208   -0.14524174504791   -0.0792612249756293   0
0.435768421189512   0.571356027937266   0.0138254539557875   -0.0472863991579421   0
0.339950311801593   0.531622040809069   -0.0958181093879196   -0.0397339871281966   0
0.393310028966971   0.519945488158374   0.053359717165379   -0.0116765526506953   0
0.349686553774949   0.482380802082753   -0.0436234751920229   -0.0375646860756213   0
0.364432553713304   0.484750426185991   0.0147459999383551   0.00236962410323821   0
0.310370502530443   0.47634859118848   -0.0540620511828603   -0.00840183499751074   0
0.336180475368514   0.493429613789799   0.0258099728380705   0.0170810226013184   0
0.302056607517531   0.470935890903688   -0.0341238678509825   -0.0224937228861111   0
0.365339639053854   0.518283034841244   0.0632830315363222   0.0473471439375563   0
0.319709838699093   0.463815302479877   -0.0456298003547607   -0.0544677323613667   0
0.357861434171105   0.487307267428108   0.038151595472012   0.0234919649482312   0
0.283035194159666   0.46925664055637   -0.0748262400114385   -0.0180506268717386   0
0.285919468235376   0.46807745169069   0.00288427407570935   -0.00117918886568003   0
0.269971212476442   0.452945803826738   -0.015948255758934   -0.0151316478639515   0
0.294725328036123   0.458980075369836   0.0247541155596809   0.00603427154309738   0
0.325785610256193   0.474019886318404   0.0310602822200704   0.0150398109485682   0
0.385650912537492   0.601680790920318   0.0598653022812987   0.127660904601915   0
0.421791491314133   0.677591697892064   0.0361405787766411   0.0759109069717454   0
0.389192146535616   0.620868339176069   -0.0325993447785172   -0.056723358715995   0
0.320553960446599   0.565344157824241   -0.0686381860890161   -0.0555241813518282   0
0.366179012325939   0.540245459113263   0.0456250518793394   -0.0250986987109779   0
0.363428909817312   0.582152026367039   -0.00275010250862662   0.0419065672537765   0
0.443424619689751   0.663658268838715   0.0799957098724385   0.0815062424716758   0
0.579404077311335   0.785513618081348   0.135979457621585   0.121855349242633   0
0.518715837415824   0.686619492407731   -0.0606882398955111   -0.0988941256736171   0
0.524656753698073   0.675805839249337   0.00594091628224813   -0.0108136531583943   0
0.471663904654575   0.682680291515179   -0.0529928490434975   0.00687445226584271   0
0.524600800496911   0.677232009286515   0.0529368958423361   -0.00544828222866445   0
0.459643474680105   0.657145453189399   -0.0649573258168065   -0.0200865560971163   0
0.509109310739845   0.6965953695238   0.0494658360597402   0.0394499163344019   0
0.435391098715856   0.657613005340337   -0.0737182120239891   -0.0389823641834635   0
0.495070293371558   0.676721888556887   0.0596791946557018   0.0191088832165501   0
0.460123234173194   0.680842657470322   -0.0349470591983634   0.00412076891343471   0
0.54711624642849   0.706527387751706   0.0869930122552957   0.0256847302813845   0
0.47928265814444   0.696211642339634   -0.0678335882840499   -0.0103157454120726   0
0.549015949589809   0.699692094383844   0.0697332914453694   0.00348045204421032   0
0.455359358420358   0.670857735381355   -0.0936565911694514   -0.0288343590024891   0
0.526346807931244   0.674896495705267   0.0709874495108863   0.00403876032391248   0
0.466338417986605   0.659265846336666   -0.0600083899446388   -0.0156306493686017   0
0.556147313017702   0.698703790098673   0.0898088950310968   0.0394379437620068   0
0.483315336856477   0.679771814156964   -0.0728319761612251   -0.0189319759417086   0
0.54368148079129   0.697057480148696   0.060366143934813   0.0172856659917322   0
0.46048627712301   0.677858606329889   -0.0831952036682798   -0.0191988738188067   0
0.534402394748798   0.692987517027544   0.0739161176257875   0.0151289106976541   0
0.4661809366997   0.657029391559845   -0.0682214580490976   -0.0359581254676987   0
0.553109500011354   0.682736543160318   0.0869285633116537   0.0257071516004727   0
0.483362914525349   0.665658403267397   -0.0697465854860048   -0.017078139892921   0
0.54917158286846   0.696849095438173   0.0658086683431109   0.0311906921707765   0
0.566835363081918   0.772680251552672   0.0176637802134579   0.0758311561144988   0
0.655457206501851   0.781027844532607   0.0886218434199327   0.00834759297993504   0
0.68270907389714   0.755936545200885   0.0272518673952887   -0.0250912993317215   0
0.658842159160478   0.727584711791692   -0.023866914736662   -0.028351833409193   0
0.56071654259104   0.709490380971088   -0.0981256165694371   -0.0180943308206042   0
0.584649082046966   0.714402659928734   0.0239325394559257   0.00491227895764557   0
0.531026474348888   0.708429300379544   -0.0536226076980783   -0.00597335954918976   0
0.720396691750455   0.847591301872695   0.189370217401567   0.139162001493151   0
0.663758779596172   0.784755843345878   -0.0566379121542826   -0.0628354585268172   0
0.627597905942969   0.744104653085337   -0.0361608736532032   -0.0406511902605408   0
0.639682861319576   0.758832106786145   0.012084955376607   0.0147274537008083   0
0.601529791007062   0.71934667521613   -0.0381530703125139   -0.0394854315700156   0
0.544931698333837   0.719315418872173   -0.0565980926732252   -3.12563439566205e-05   0
0.604481573501633   0.727627272259809   0.0595498751677959   0.00831185338763563   0
0.586003686802396   0.729363950517161   -0.0184778866992373   0.00173667825735235   0
0.670685369420573   0.74593188065751   0.0846816826181771   0.016567930140349   0
0.577132999584333   0.712389369230935   -0.0935523698362394   -0.0335425114265748   0
0.637037639583063   0.767637349368177   0.0599046399987293   0.0552479801372412   0
0.624765764203673   0.736142281815309   -0.0122718753793892   -0.0314950675528672   0
0.593543326732127   0.720173205549366   -0.0312224374715467   -0.0159690762659428   0
0.651124140980474   0.740688583614599   0.0575808142483473   0.0205153780652322   0
0.596950163686216   0.682370633075787   -0.0541739772942579   -0.0583179505388118   0
0.645670137515558   0.700546089681471   0.0487199738293423   0.0181754566056844   0
0.61036412278816   0.71056371258987   -0.0353060147273984   0.0100176229083991   0
0.678910635408586   0.72799730243731   0.0685465126204261   0.0174335898474395   0
0.580301523688858   0.668197469159567   -0.0986091117197283   -0.0597998332777432   0
0.630334623731879   0.684258104761281   0.0500331000430216   0.0160606356017143   0
0.586106679415318   0.664703567412948   -0.0442279443165619   -0.0195545373483326   0
0.671156082058332   0.709964994296374   0.085049402643014   0.0452614268834253   0
0.619544920845624   0.712262634577478   -0.051611161212708   0.00229764028110424   0
0.661360329833261   0.73388749598508   0.0418154089876376   0.0216248614076016   0
0.602234542545718   0.700395658693178   -0.0591257872875434   -0.0334918372919019   0
0.62476848026449   0.724418464557779   0.022533937718772   0.0240228058646011   0
0.620580479146331   0.705653079855817   -0.00418800111815854   -0.0187653847019619   0
0.568380462797377   0.695263979105239   -0.0522000163489545   -0.010389100750578   0
0.618698609672957   0.711874347031307   0.0503181468755803   0.0166103679260683   0
0.569986231462655   0.692706819161252   -0.0487123782103015   -0.0191675278700548   0
0.589219419219538   0.693550066214761   0.0192331877568829   0.000843247053509022   0
0.597317078544855   0.699432150779652   0.00809765932531625   0.0058820845648907   0
0.529216515469009   0.666650083848528   -0.0681005630758454   -0.0327820669311237   0
0.618735594117754   0.704153485564404   0.0895190786487449   0.037503401715876   0
0.688564427929506   0.808918118526993   0.069828833811752   0.104764632962588   0
0.753903715341024   0.828278602047946   0.0653392874115181   0.0193604835209534   0
0.65393202054667   0.78639470978447   -0.0999716947943544   -0.0418838922634767   0
0.740494824601523   0.813310853216653   0.0865628040548532   0.0269161434321834   0
0.707021621021769   0.809756740686516   -0.0334732035797538   -0.00355411253013671   0
0.676246641767403   0.81121992223595   -0.0307749792543663   0.00146318154943326   0
0.706500733459945   0.812707411451686   0.0302540916925421   0.0014874892157366   0
0.653992643183308   0.794808113258792   -0.0525080902766364   -0.0178992981928946   0
0.726385703045352   0.796088170920784   0.0723930598620434   0.00128005766199291   0
0.647087464183135   0.760158125319989   -0.0792982388622168   -0.0359300456007956   0
0.7148102152253   0.774650379526952   0.0677227510421652   0.0144922542069628   0
0.706032842267667   0.810680008745899   -0.00877737295763337   0.0360296292189469   0
0.839415142011174   1.00155998338654   0.133382299743508   0.190879974640643   0
0.808134872928548   0.952269472892127   -0.0312802690826266   -0.0492905104944146   0
0.768231877318326   0.932899109488802   -0.0399029956102215   -0.0193703634033251   0
0.852958736818939   0.910411610262221   0.0847268595006128   -0.0224874992265813   0
0.749568194704291   0.882847602819139   -0.103390542114648   -0.027564007443082   0
0.794763954898837   0.870572640325608   0.0451957601945455   -0.0122749624935312   0
0.718293779409992   0.864560090620658   -0.0764701754888447   -0.00601254970495002   0
0.745297675227851   0.866379818923837   0.0270038958178596   0.001819728303179   0
0.700248304206651   0.839528359741051   -0.0450493710212009   -0.0268514591827853   0
0.790414012863967   0.819665515515933   0.0901657086573169   -0.0198628442251184   0
0.688984349309068   0.817698294404635   -0.101429663554899   -0.00196722111129743   0
0.74124057732047   0.803918851076401   0.0522562280114023   -0.0137794433282349   0
0.668633757379928   0.800271579620943   -0.0726068199405427   -0.00364727145545718   0
0.759856941876963   0.822166559104814   0.091223184497035   0.021894979483871   0
0.685017548635427   0.799545301548949   -0.0748393932415353   -0.0226212575558653   0
0.787210140027512   0.844109944692337   0.102192591392085   0.0445646431433878   0
