0.111504417174299   0.0241469441844827   0   0   0
0.183505662052946   0.0584267697738802   0.0720012448786474   0.0342798255893974   0
0.0726686091226466   0.0397261838758771   -0.110837052930299   -0.0187005858980031   0
0.192174368769537   0.049070542566926   0.11950575964689   0.00934435869104892   0
0.07969535353802   0.0268848725301981   -0.112479015231517   -0.022185670036728   0
0.204692583308513   0.0358453665897351   0.124997229770493   0.00896049405953705   0
0.0838175036011572   0.0420544850213684   -0.120875079707356   0.00620911843163328   0
0.185573839034575   0.0432236282490549   0.101756335433418   0.00116914322768652   0
0.0662354215867915   0.0546182288948855   -0.119338417447784   0.0113946006458305   0
0.185187171024142   0.0436829706353918   0.118951749437351   -0.0109352582594937   0
0.0664004305632878   0.0490091069072116   -0.118786740460854   0.00532613627181987   0
0.205709709264324   0.0474393879347637   0.139309278701037   -0.00156971897244799   0
0.0910600373412508   0.0573127962701394   -0.114649671923074   0.00987340833537571   0
0.200578671706051   0.0509313293711859   0.1095186343648   -0.00638146689895345   0
0.0786970044013112   0.0578601422543187   -0.121881667304739   0.00692881288313283   0
0.171482558889879   0.0580642561791635   0.092785554488568   0.000204113924844741   0
0.0889439757765527   0.0418033983204563   -0.0825385831133265   -0.0162608578587072   0
0.14549440714079   0.0371837426388872   0.0565504313642374   -0.00461965568156902   0
0.107757411339406   0.0382492955068783   -0.0377369958013839   0.00106555286799106   0
0.13296345768887   0.033962281744606   0.025206046349464   -0.00428701376227226   0
0.0618556775959976   0.0409655307694545   -0.0711077800928727   0.00700324902484848   0
0.151699607436176   0.0235157673870618   0.0898439298401787   -0.0174497633823927   0
0.0778250108403462   0.0273133596262433   -0.0738745965958301   0.00379759223918153   0
0.180160550821481   0.0339001139699043   0.102335539981135   0.00658675434366094   0
0.0742245321020618   0.039477457949192   -0.10593601871942   0.00557734397928774   0
0.200144767953255   0.0376879262586501   0.125920235851194   -0.00178953169054191   0
0.0613711813986084   0.0656078628571683   -0.138773586554647   0.0279199365985182   0
0.188001292847423   0.0392668765833638   0.126630111448815   -0.0263409862738045   0
0.114327091141647   0.0602756765915798   -0.0736742017057763   0.021008800008216   0
0.165051470782791   0.0486130153271706   0.0507243796411442   -0.0116626612644092   0
0.122342669470835   0.0454212812315648   -0.0427088013119559   -0.00319173409560582   0
0.161447985839898   0.052109899453463   0.0391053163690632   0.00668861822189823   0
0.107721801608588   0.0286720946452295   -0.0537261842313102   -0.0234378048082335   0
0.166548903851121   0.0460288367124211   0.0588271022425331   0.0173567420671916   0
0.143531222154903   0.0299215659866244   -0.0230176816962186   -0.0161072707257967   0
0.144111373279349   0.0330984220601965   0.00058015112444687   0.00317685607357202   0
0.131843200195725   0.0280915828683844   -0.0122681730836245   -0.00500683919181202   0
0.155815896457967   0.0335593825952222   0.0239726962622425   0.00546779972683771   0
0.100035477576058   0.0425176125520813   -0.0557804188819094   0.00895822995685913   0
0.154464082252056   0.0284428345461014   0.0544286046759983   -0.0140747780059799   0
0.0916090800404632   0.0639679631895139   -0.062855002211593   0.0355251286434125   0
0.138752420562418   0.0229904109707901   0.0471433405219543   -0.0409775522187238   0
0.0969511552769228   0.0990234671167143   -0.0418012652854948   0.0760330561459242   0
0.143263994946672   0.0377311231916372   0.046312839669749   -0.0612923439250771   0
0.0873808081698722   0.0945577343937686   -0.0558831867767996   0.0568266112021315   0
0.154142385429706   0.0466218717544137   0.0667615772598337   -0.0479358626393549   0
0.136553278065706   0.0434626774647225   -0.017589107364   -0.00315919428969118   0
0.154255897742193   0.0632702352745578   0.0177026196764874   0.0198075578098353   0
0.147625433643732   0.055105378667082   -0.00663046409846105   -0.00816485660747578   0
0.156324029049951   0.10510228333362   0.00869859540621898   0.0499969046665384   0
0.146487863140262   0.0225632996859884   -0.00983616590968969   -0.082538983647632   0
0.134159368491246   0.0818665909741155   -0.0123284946490153   0.059303291288127   0
0.199047473259511   0.0189337189356714   0.0648881047682643   -0.0629328720384441   0
0.140276635453129   0.103597363950344   -0.0587708378063818   0.0846636450146725   0
0.18798556291663   0.0475297114214099   0.0477089274635007   -0.056067652528934   0
0.131172969391335   0.137589759043478   -0.056812593525295   0.0900600476220677   0
0.20946073040828   0.0570468815929057   0.078287761016945   -0.0805428774505719   0
0.126604965222893   0.144037333812219   -0.0828557651853864   0.086990452219313   0
0.183446647005935   0.02709476958912   0.0568416817830414   -0.116942564223099   0
0.0969599349117459   0.144529141679944   -0.0864867120941888   0.117434372090824   0
0.239049865379582   0.0799525647919596   0.142089930467836   -0.0645765768879844   0
0.121429516090488   0.19265157845326   -0.117620349289094   0.1126990136613   0
0.246489882397229   0.0938839703501082   0.125060366306742   -0.0987676081031516   0
0.132903567608548   0.15627842257024   -0.113586314788681   0.0623944522201318   0
0.270181042219906   0.0836246730881054   0.137277474611357   -0.0726537494821346   0
0.126329686545008   0.150907566019368   -0.143851355674897   0.0672828929312629   0
0.248349177778728   0.108566713559106   0.122019491233719   -0.0423408524602622   0
0.144639862533985   0.210912059606303   -0.103709315244743   0.102345346047196   0
0.25019860464489   0.168492161579174   0.105558742110905   -0.0424198980271284   0
0.164475113103989   0.148788534669628   -0.085723491540901   -0.0197036269095464   0
0.313716789775763   0.113345986794063   0.149241676671774   -0.0354425478755643   0
0.163060457995677   0.180481435150108   -0.150656331780085   0.0671354483560442   0
0.224024297093373   0.1942378773206   0.0609638390976961   0.0137564421704925   0
0.115399408384619   0.232757332282874   -0.108624888708755   0.0385194549622735   0
0.160963237915308   0.199971040186448   0.0455638295306892   -0.0327862920964256   0
0.0995190270350851   0.209804447610745   -0.0614442108802228   0.00983340742429739   0
0.170452269010712   0.197390161556598   0.0709332419756265   -0.012414286054147   0
0.0961535161211487   0.222170200290796   -0.0742987528895629   0.0247800387341978   0
0.191024724363628   0.207027225983981   0.0948712082424792   -0.0151429743068148   0
0.135018623445842   0.275438718037243   -0.0560061009177862   0.0684114920532619   0
0.145486296849463   0.237030192438115   0.0104676734036211   -0.0384085255991279   0
0.148129602732675   0.288120838197274   0.00264330588321179   0.0510906457591591   0
0.204725385195315   0.310725527926979   0.0565957824626402   0.0226046897297049   0
0.104070264729364   0.333648157274246   -0.10065512046595   0.0229226293472667   0
0.188980180551321   0.316733904575276   0.0849099158219569   -0.0169142526989701   0
0.174195153300462   0.347478928402141   -0.0147850272508589   0.0307450238268647   0
0.178679707782081   0.303896820680145   0.00448455448161897   -0.0435821077219961   0
0.108584216655138   0.302473946283808   -0.0700954911269432   -0.00142287439633659   0
0.211051166971448   0.28994448502472   0.10246695031631   -0.0125294612590882   0
0.11322661569238   0.326819030140918   -0.0978245512790675   0.0368745451161978   0
0.201723126940121   0.319725815437618   0.0884965112477402   -0.00709321470329927   0
0.131265499726699   0.33979058908466   -0.0704576272134216   0.0200647736470413   0
0.239460093549322   0.279997207979383   0.108194593822623   -0.0597933811052765   0
0.115192511604445   0.318618438156441   -0.124267581944877   0.0386212301770582   0
0.254703140662007   0.271447572619005   0.139510629057562   -0.0471708655374364   0
0.100661009129138   0.321845137748732   -0.154042131532869   0.0503975651297265   0
0.242900485489202   0.308830382827289   0.142239476360064   -0.0130147549214423   0
0.149364229354488   0.372295678013457   -0.0935362561347143   0.0634652951861682   0
0.262773572259008   0.356869620169958   0.11340934290452   -0.0154260578434995   0
0.159557496687287   0.436039679683226   -0.103216075571721   0.0791700595132677   0
0.303300561058235   0.415566956120491   0.143743064370948   -0.0204727235627347   0
0.156875408588239   0.401742534308044   -0.146425152469996   -0.0138244218124468   0
0.287030379872933   0.33401283069255   0.130154971284694   -0.0677297036154942   0
0.162036816141271   0.356170882850143   -0.124993563731662   0.0221580521575928   0
0.30553427911997   0.328376252525209   0.1434974629787   -0.0277946303249333   0
0.186972388791607   0.39176812575872   -0.118561890328363   0.0633918732335104   0
0.327677438450208   0.364461985864438   0.140705049658601   -0.0273061398942814   0
0.201205713040758   0.419658394232738   -0.12647172540945   0.0551964083682995   0
0.334748356021355   0.427941072627412   0.133542642980597   0.00828267839467423   0
0.184279950350682   0.452139556670559   -0.150468405670673   0.0241984840431474   0
0.296790789625891   0.375963885372319   0.112510839275209   -0.0761756712982407   0
0.202091095154091   0.424920384361588   -0.0946996944717999   0.0489564989892696   0
0.314577996439373   0.370861950025208   0.112486901285281   -0.0540584343363802   0
0.262190864654282   0.408247748646272   -0.0523871317850908   0.0373857986210642   0
0.286543183724548   0.373351547388316   0.024352319070266   -0.0348962012579563   0
0.280257645663771   0.386765827251129   -0.00628553806077659   0.0134142798628127   0
0.335222191584865   0.373921147313174   0.0549645459210938   -0.0128446799379552   0
0.326569379018012   0.391963885629148   -0.00865281256685302   0.0180427383159747   0
0.354289465460434   0.40705277032407   0.0277200864424218   0.0150888846949216   0
0.285533263796116   0.419930944211962   -0.0687562016643177   0.0128781738878923   0
0.351234463208965   0.416837421305957   0.0657011994128491   -0.00309352290600495   0
0.279160725477296   0.460254789992999   -0.0720737377316698   0.0434173686870423   0
0.351119671703381   0.467674112642821   0.0719589462260853   0.00741932264982154   0
0.34249094733305   0.496679263316378   -0.00862872437033096   0.029005150673557   0
0.410135971149618   0.524495524276661   0.0676450238165676   0.0278162609602834   0
0.37253157945742   0.542916753934938   -0.0376043916921976   0.0184212296582765   0
0.512985941325881   0.607346147388168   0.140454361868461   0.0644293934532297   0
0.463550179141547   0.614482340939307   -0.0494357621843342   0.00713619355113881   0
0.543299835840616   0.626262788259649   0.079749656699069   0.0117804473203424   0
0.405099000212602   0.629513776713822   -0.138200835628013   0.00325098845417326   0
0.600575224908054   0.693378413744977   0.195476224695452   0.0638646370311543   0
0.433679898604962   0.685412377247632   -0.166895326303092   -0.00796603649734462   0
0.457505744376627   0.612876139048911   0.0238258457716651   -0.072536238198721   0
0.381853943561684   0.611951819428008   -0.0756518008149427   -0.000924319620902447   0
0.414233668507281   0.569523826050763   0.0323797249455968   -0.0424279933772453   0
0.364733821501119   0.586263838715557   -0.0494998470061623   0.0167400126647934   0
0.417605479347482   0.590138700687601   0.0528716578463629   0.00387486197204456   0
0.373361589028438   0.666424248538422   -0.044243890319044   0.0762855478508205   0
0.422679144662722   0.626857302877417   0.049317555634284   -0.0395669456610045   0
0.374181545706212   0.635017328548009   -0.0484975989565098   0.00816002567059182   0
0.462528643252528   0.645933695307034   0.0883470975463161   0.0109163667590249   0
0.356531918467463   0.630568214759712   -0.105996724785065   -0.015365480547322   0
0.492973946711477   0.665849679558007   0.136442028244013   0.0352814647982947   0
0.405971666148329   0.685449194307098   -0.0870022805631482   0.0195995147490916   0
0.453248803920496   0.62063688636553   0.0472771377721671   -0.064812307941568   0
0.404285150245042   0.619024964353822   -0.0489636536754536   -0.00161192201170857   0
0.418944906138027   0.592725738833948   0.0146597558929845   -0.0262992255198732   0
0.375686988628619   0.595208867414205   -0.0432579175094078   0.00248312858025612   0
0.46717808596167   0.645828695166141   0.0914910973330516   0.0506198277519363   0
0.428884954113758   0.691168997010319   -0.0382931318479128   0.0453403018441778   0
0.531070257814124   0.703811738018946   0.102185303700366   0.0126427410086277   0
0.455093922181081   0.689916263369693   -0.0759763356330426   -0.0138954746492532   0
0.431376923362168   0.647477788031759   -0.023716998818913   -0.0424384753379337   0
0.426550756302643   0.627008055900401   -0.0048261670595251   -0.0204697321313587   0
0.368968702225324   0.606405487677387   -0.0575820540773189   -0.0206025682230134   0
0.435415798737127   0.62876797789109   0.0664470965118024   0.0223624902137025   0
0.403331625917185   0.678317895537373   -0.0320841728199417   0.0495499176462828   0
0.492653615041035   0.73859243699164   0.0893219891238498   0.0602745414542676   0
0.426632140402666   0.734283245674651   -0.0660214746383688   -0.00430919131698904   0
0.492863570708863   0.728304905509533   0.0662314303061968   -0.005978340165118   0
0.457073524467344   0.731654960589348   -0.0357900462415183   0.00335005507981445   0
0.526150152203618   0.790447611392431   0.0690766277362733   0.0587926508030836   0
0.462036901042547   0.790113364866713   -0.064113251161071   -0.000334246525718007   0
0.590003141143681   0.83327064699652   0.127966240101134   0.0431572821298072   0
0.532493355229725   0.775435792422558   -0.0575097859139557   -0.0578348545739628   0
0.540206781793994   0.734206483121404   0.00771342656426932   -0.041229309301154   0
0.510695606828569   0.689964078176176   -0.0295111749654257   -0.0442424049452279   0
0.546205025076857   0.697911279906873   0.0355094182482885   0.00794720173069741   0
0.546449431184771   0.734009181967092   0.000244406107914208   0.0360979020602192   0
0.525534713054847   0.782231461586978   -0.0209147181299246   0.0482222796198857   0
0.527885225412267   0.786529622595678   0.00235051235742045   0.00429816100870006   0
0.53690686381528   0.756982911028545   0.00902163840301329   -0.0295467115671333   0
0.551533459246345   0.675881477449449   0.0146265954310649   -0.0811014335790958   0
0.54495871746091   0.678935017602753   -0.00657474178543527   0.00305354015330372   0
0.57871455327092   0.6699024883261   0.0337558358100095   -0.0090325292766531   0
0.536779489824267   0.726671524498518   -0.0419350634466529   0.0567690361724181   0
0.66013533308352   0.780655425780959   0.123355843259253   0.0539839012824408   0
0.601036484655433   0.828775261109578   -0.0590988484280873   0.0481198353286199   0
0.649228150059561   0.780543108771226   0.0481916654041283   -0.0482321523383524   0
0.514847228849918   0.783619243197868   -0.134380921209643   0.00307613442664245   0
0.579009379372986   0.798419330446884   0.0641621505230675   0.0148000872490152   0
0.543644253336831   0.795006818723903   -0.035365126036155   -0.00341251172298107   0
0.768391992913747   0.7753014246506   0.224747739576917   -0.0197053940733025   0
0.693612650353899   0.755490547032357   -0.0747793425598482   -0.019810877618243   0
0.815469545334521   0.697293756741196   0.121856894980622   -0.0581967902911611   0
0.62216922626083   0.744099220685656   -0.193300319073691   0.0468054639444597   0
0.927391413426736   0.764303190173409   0.305222187165906   0.0202039694877532   0
0.687836188682305   0.757148705707967   -0.239555224744431   -0.00715448446544165   0
0.784342999080912   0.750185101892859   0.096506810398607   -0.00696360381510774   0
0.581183724753197   0.849634038628544   -0.203159274327715   0.0994489367356844   0
0.462689610393404   0.429898660190399   -0.118494114359793   -0.419735378438145   0
0.400486356877535   0.33119333182448   -0.0622032535158694   -0.0987053283659189   0
0.521566718650462   0.265416586359538   0.121080361772927   -0.065776745464942   0
0.477628690747122   0.352441367090329   -0.0439380279033398   0.0870247807307911   0
0.629949336078109   0.413260497671868   0.152320645330987   0.060819130581539   0
0.533660313836433   0.541257049144397   -0.0962890222416758   0.127996551472529   0
0.710985558239406   0.548060284934057   0.177325244402973   0.00680323578966024   0
0.529644262763225   0.542611688687914   -0.181341295476181   -0.00544859624614302   0
0.61735553655086   0.501251944633136   0.087711273787635   -0.0413597440547786   0
0.477240421525671   0.541436963373854   -0.140115115025189   0.0401850187407182   0
0.543621908497073   0.53047006062006   0.0663814869714022   -0.010966902753794   0
0.478598063505527   0.546476510734222   -0.0650238449915465   0.0160064501141619   0
0.633548645807573   0.483587834662174   0.154950582302047   -0.0628886760720478   0
0.470416121850644   0.539147018829512   -0.163132523956929   0.055559184167338   0
0.537844955219215   0.511009898706962   0.0674288333685714   -0.0281371201225495   0
0.437078737172148   0.512325545322747   -0.100766218047067   0.00131564661578465   0
0.556984601425614   0.45164552095255   0.119905864253465   -0.0606800243701974   0
0.478771878080783   0.461788212201492   -0.0782127233448311   0.0101426912489422   0
0.722098346285324   0.473510176353423   0.243326468204542   0.0117219641519315   0
0.525531203572357   0.487191515144199   -0.196567142712967   0.0136813387907754   0
0.543548788117028   0.405294743786852   0.0180175845446713   -0.0818967713573467   0
0.491776066189572   0.405978518148744   -0.0517727219274565   0.000683774361891931   0
0.604319293437963   0.289852078558616   0.112543227248391   -0.116126439590128   0
0.568011762125574   0.340606417629278   -0.0363075313123884   0.050754339070662   0
0.703922133546744   0.288205754365263   0.13591037142117   -0.0524006632640153   0
0.659083828376209   0.315936968843866   -0.0448383051705351   0.0277312144786035   0
0.674093732780901   0.309708986407402   0.0150099044046919   -0.00622798243646455   0
0.629502432720609   0.388033533668483   -0.0445913000602917   0.0783245472610818   0
0.643163495037273   0.406440447180765   0.0136610623166639   0.0184069135122814   0
0.534021029870585   0.476251229012063   -0.109142465166688   0.0698107818312977   0
0.553791650576432   0.466210125152275   0.0197706207058471   -0.0100411038597875   0
0.596079742683443   0.466593672289124   0.0422880921070115   0.000383547136848461   0
0.604672428720783   0.347174862689539   0.00859268603733943   -0.119418809599585   0
0.615706528311175   0.276804140814855   0.0110340995903926   -0.0703707218746838   0
0.613015212900341   0.255686344268226   -0.00269131541083478   -0.0211177965466284   0
0.651920178311187   0.243866314293816   0.0389049654108465   -0.011820029974411   0
0.665156752362486   0.23788631006113   0.0132365740512993   -0.00598000423268566   0
0.758185448848374   0.233216684860882   0.0930286964858874   -0.00466962520024775   0
0.685587922407885   0.277974524621412   -0.072597526440489   0.0447578397605299   0
0.871359341231991   0.248473287822856   0.185771418824107   -0.0295012367985557   0
0.762003352508347   0.291342183671109   -0.109355988723644   0.0428688958482523   0
0.877306326354649   0.245253862559288   0.115302973846302   -0.0460883211118209   0
0.7579787078847   0.136435730332353   -0.119327618469949   -0.108818132226935   1
0.641447311678239   0.344628090100724   -0.116531396206461   0.208192359768371   0
0.617300456226917   0.220941372528302   -0.0241468554513219   -0.123686717572422   0
0.590591569905201   0.255433889684787   -0.0267088863217162   0.034492517156485   0
0.598572663251848   0.228334973783037   0.00798109334664676   -0.0270989159017506   0
0.662387858453037   0.28372201187474   0.0638151952011888   0.0553870380917033   0
0.60434797874516   0.238781743771378   -0.0580398797078769   -0.0449402681033619   0
0.641225586334825   0.269297813003095   0.0368776075896652   0.0305160692317171   0
0.578102393976915   0.230645167197364   -0.0631231923579101   -0.0386526458057311   0
0.634789632257656   0.280590408857377   0.0566872382807411   0.049945241660013   0
0.600950544333259   0.247471432111365   -0.033839087924397   -0.0331189767460119   0
0.617329627159591   0.31365659419738   0.0163790828263326   0.0661851620860149   0
0.609813685140798   0.26954635802771   -0.00751594201879358   -0.0441102361696699   0
