0.0813413847497693   0.0481253030749418   0   0   0
0.106455187758136   0.0348013024015625   0.0251138030083668   -0.0133240006733793   0
0.0935644420549815   0.0359324612802964   -0.0128907457031545   0.0011311588787339   0
0.116556394438787   0.0509815268170246   0.0229919523838051   0.0150490655367282   0
0.112979458742198   0.0271483375231799   -0.00357693569658869   -0.0238331892938447   0
0.0786548659124151   0.0294875192772722   -0.0343245928297828   0.00233918175409226   0
0.078815096414012   0.0334342352474137   0.000160230501596845   0.00394671597014149   0
0.0884404991787699   0.0346873893515713   0.00962540276475794   0.00125315410415758   0
0.0771774994477017   0.0396936696015611   -0.0112629997310682   0.00500628024998988   0
0.0867772562326097   0.051851588234354   0.00959975678490799   0.0121579186327929   0
0.100930208281069   0.0344877024145202   0.0141529520484594   -0.0173638858198339   0
0.117391150743487   0.0490781535374233   0.0164609424624175   0.0145904511229032   0
0.0773140304545689   0.0418090393645322   -0.0400771202889177   -0.00726911417289118   0
0.0675455236543474   0.0447546252271762   -0.00976850680022148   0.00294558586264407   0
0.0786633022952691   0.0377121544693299   0.0111177786409218   -0.00704247075784633   0
0.0714253421357574   0.0323723524139041   -0.00723796015951177   -0.00533980205542585   0
0.0603497563098643   0.0396483720045981   -0.0110755858258931   0.00727601959069406   0
0.0813306062931416   0.0451082257680902   0.0209808499832773   0.00545985376349212   0
0.0789116208707564   0.0307561009452596   -0.00241898542238517   -0.0143521248228306   0
0.0811169779875952   0.0197069680651921   0.00220535711683877   -0.0110491328800676   0
0.0556447193351714   0.0376245322338033   -0.0254722586524238   0.0179175641686112   0
0.0935633714223681   0.0432026626580689   0.0379186520871967   0.00557813042426564   0
0.0764477086120964   0.0282779503279941   -0.0171156628102717   -0.0149247123300748   0
0.063431558973511   0.0328276346891609   -0.0130161496385855   0.00454968436116683   0
0.0858623378368683   0.0196256573480656   0.0224307788633573   -0.0132019773410953   0
0.0707131117398322   0.0374872744383344   -0.015149226097036   0.0178616170902688   0
0.0727937361718026   0.0315991756361618   0.00208062443197034   -0.00588809880217263   0
0.0749303065603631   0.0201616452425645   0.00213657038856055   -0.0114375303935972   0
0.0664554394815804   0.0409392521031467   -0.0084748670787827   0.0207776068605822   0
0.104515235806604   0.0454935231038716   0.0380597963250234   0.00455427100072493   0
0.10302422840541   0.0377652261539965   -0.00149100740119425   -0.00772829694987513   0
0.0777330843830348   0.0326018383202926   -0.0252911440223748   -0.00516338783370388   0
0.0757550899033854   0.0349848953103336   -0.00197799447964939   0.00238305699004097   0
0.0803621783551193   0.0330605418954756   0.00460708845173391   -0.00192435341485793   0
0.0653915608323429   0.032690581600019   -0.0149706175227764   -0.000369960295456662   0
0.0643627049374092   0.104461858812009   -0.00102885589493368   0.0717712772119895   0
0.122851941951277   0.0481841996216083   0.058489237013868   -0.0562776591904002   0
0.0941842069194194   0.0436068382984756   -0.0286677350318579   -0.00457736132313271   0
0.0723662992482689   0.0542515092342333   -0.0218179076711505   0.0106446709357577   0
0.0510259876983288   0.053134249385232   -0.0213403115499401   -0.00111725984900132   0
0.107274955827257   0.0314024653678714   0.0562489681289285   -0.0217317840173606   0
0.093841461688371   0.0314346192610826   -0.0134334941388863   3.21538932112342e-05   0
0.0874053768308335   0.0268448792216709   -0.00643608485753754   -0.00458974003941166   0
0.056883181439596   0.0381034107691953   -0.0305221953912374   0.0112585315475243   0
0.0915044986025277   0.0367403143443616   0.0346213171629317   -0.00136309642483369   0
0.0746675634960054   0.0370512420203763   -0.0168369351065223   0.000310927676014761   0
0.0894151749125952   0.0423705849290003   0.0147476114165898   0.00531934290862394   0
0.0849046518511206   0.0368100141003097   -0.00451052306147462   -0.00556057082869055   0
0.0828012335631541   0.0345313681934991   -0.00210341828796648   -0.00227864590681064   0
0.0969394470254498   0.0470632658699436   0.0141382134622957   0.0125318976764445   0
0.10186384018684   0.0625146536585823   0.00492439316138976   0.0154513877886387   0
0.0844676468967261   0.0308529272907369   -0.0173961932901135   -0.0316617263678454   0
0.0949476307702831   0.0385530229888008   0.010479983873557   0.00770009569806383   0
0.0856954898279367   0.0590901078781593   -0.00925214094234636   0.0205370848893585   0
0.106163121239251   0.036549113678378   0.0204676314113147   -0.0225409941997812   0
0.0800823573709591   0.0472801087374226   -0.0260807638682924   0.0107309950590445   0
0.0703426609738358   0.0748788193066972   -0.00973969639712328   0.0275987105692746   0
0.10040306074727   0.0394180185056276   0.0300603997734343   -0.0354608008010696   0
0.0902648356139311   0.0390143731751162   -0.010138225133339   -0.000403645330511418   0
0.0670131529270934   0.0370798165943064   -0.0232516826868377   -0.00193455658080979   0
0.0889189568960973   0.0310766807514413   0.0219058039690039   -0.00600313584286513   0
0.101957502951033   0.0262513177198212   0.0130385460549362   -0.00482536303162003   0
0.0826961305305756   0.0418413862079747   -0.0192613724204578   0.0155900684881535   0
0.102001237289015   0.0357551256418908   0.0193051067584397   -0.00608626056608391   0
0.0719112065473804   0.0418768318146502   -0.0300900307416349   0.00612170617275937   0
0.112198633628445   0.0454902042395657   0.0402874270810645   0.00361337242491549   0
0.0815185340060161   0.0952197554408354   -0.0306800996224288   0.0497295512012697   0
0.0516471067228446   0.0994468361275008   -0.0298714272831715   0.0042270806866654   0
0.112671922381843   0.044729452815343   0.0610248156589982   -0.0547173833121578   0
0.0884110812505989   0.0629496434117184   -0.0242608411312439   0.0182201905963753   0
0.0514438172684532   0.0498919480753658   -0.0369672639821457   -0.0130576953363526   0
0.074697189611725   0.0648023946602726   0.0232533723432719   0.0149104465849068   0
0.0807436360036505   0.046213453983364   0.00604644639192546   -0.0185889406769086   0
0.0580326277995612   0.0591747582415214   -0.0227110082040893   0.0129613042581574   0
0.079726119441498   0.0585500611775299   0.0216934916419368   -0.00062469706399141   0
0.107242211707937   0.0435991942176114   0.0275160922664391   -0.0149508669599185   0
0.0884408308840436   0.0428535283931498   -0.0188013808238935   -0.000745665824461554   0
0.123287496314184   0.0647777441687654   0.0348466654301407   0.0219242157756156   0
0.0967202922456813   0.0372282036781591   -0.026567204068503   -0.0275495404906063   0
0.0943906458762731   0.0400417508921001   -0.00232964636940818   0.002813547213941   0
0.0686515547456137   0.04466426629169   -0.0257390911306594   0.00462251539958994   0
0.102002678009648   0.0460948926070178   0.0333511232640346   0.00143062631532771   0
0.0884981428279713   0.0617538283401444   -0.0135045351816771   0.0156589357331267   0
0.100736814351309   0.0519728758960143   0.0122386715233373   -0.00978095244413018   0
0.103216903139215   0.0454415495394083   0.00248008878790602   -0.00653132635660594   0
0.100157539756975   0.0798398175533613   -0.00305936338223969   0.034398268013953   0
0.101462347374285   0.134786951393236   0.00130480761730976   0.0549471338398744   0
0.061067207454837   0.122463662711067   -0.0403951399194476   -0.0123232886821687   0
0.11047797407832   0.0918591174475109   0.0494107666234832   -0.0306045452635562   0
0.0793773902673803   0.0706809113282851   -0.0311005838109399   -0.0211782061192258   0
0.128516760804379   0.0923852429001192   0.0491393705369988   0.0217043315718341   0
0.043369366600286   0.0892714034123136   -0.0851473942040932   -0.00311383948780565   0
0.104156411570964   0.0833954194533039   0.0607870449706778   -0.00587598395900965   0
0.0472541901517696   0.0800128588128183   -0.0569022214191942   -0.00338256064048559   0
0.0913502205115018   0.0898160496674175   0.0440960303597322   0.00980319085459916   0
0.102496346681723   0.0547584123137258   0.0111461261702215   -0.0350576373536917   0
0.0627480455581375   0.0722404946013315   -0.0397483011235857   0.0174820822876057   0
0.123007989486879   0.0809806275677245   0.0602599439287413   0.00874013296639302   0
0.0811154047835551   0.0520280532570891   -0.0418925847033237   -0.0289525743106354   0
0.111790578640286   0.0914231020312836   0.030675173856731   0.0393950487741945   0
0.0490811730400527   0.0905685943029094   -0.0627094056002334   -0.000854507728374199   0
0.0704595254919596   0.0946657816774706   0.0213783524519068   0.00409718737456113   0
0.0968770837947757   0.0922171511623516   0.0264175583028162   -0.002448630515119   0
0.0855689416907794   0.0407448653881888   -0.0113081421039964   -0.0514722857741628   0
0.104830495873584   0.0845142994534801   0.019261554182805   0.0437694340652913   0
0.129363581243911   0.0380271999306417   0.0245330853703268   -0.0464870995228383   0
0.109105082271847   0.0861926665194464   -0.0202584989720647   0.0481654665888047   0
0.0971901236744578   0.0612090478141304   -0.0119149585973887   -0.024983618705316   0
0.07433404067354   0.08047396600816   -0.0228560830009178   0.0192649181940297   0
0.0648969732328095   0.091065573381342   -0.00943706744073049   0.0105916073731819   0
0.0716118188833212   0.0743431924277872   0.00671484565051167   -0.0167223809535547   0
0.102924290056624   0.0958128077845676   0.0313124711733025   0.0214696153567804   0
0.0962719606527259   0.0344006740085714   -0.0066523294038978   -0.0614121337759962   0
0.109363488126888   0.0868210717612666   0.0130915274741623   0.0524203977526952   0
0.10212652481902   0.0588450936451375   -0.00723696330786766   -0.0279759781161291   0
0.100973790570885   0.074329427388848   -0.00115273424813568   0.0154843337437105   0
0.080342272654811   0.100418532078123   -0.0206315179160737   0.0260891046892749   0
0.123711607207165   0.0318576292125215   0.0433693345523544   -0.0685609028656015   0
0.13294481983906   0.0573897001818839   0.00923321263189407   0.0255320709693624   0
0.0501807070707747   0.0906795972899224   -0.0827641127682848   0.0332898971080385   0
0.0996933853027873   0.0325742840530767   0.0495126782320125   -0.0581053132368457   0
0.0847212109236524   0.103802847192707   -0.0149721743791349   0.0712285631396304   0
0.0811397052140319   0.0754383796291715   -0.00358150570962047   -0.0283644675635356   0
0.108115849803163   0.0528076010262254   0.0269761445891306   -0.0226307786029461   0
0.0730657955640668   0.111678671575619   -0.0350500542390958   0.0588710705493938   0
0.0952991929416661   0.079606953234595   0.0222333973775993   -0.0320717183410241   0
0.0970118271827204   0.117275836984148   0.00171263424105428   0.0376688837495532   0
0.107708927567496   0.0352973026671926   0.0106971003847752   -0.0819785343169556   0
0.0970023728703582   0.107848056774207   -0.0107065546971374   0.0725507541070141   0
0.101749560185241   0.0484044800738785   0.00474718731488293   -0.0594435767003281   0
0.0789475924782384   0.0819757632884257   -0.0228019677070027   0.0335712832145472   0
0.0915365221526905   0.0615066642403285   0.0125889296744521   -0.0204690990480972   0
0.0891016123060632   0.0512598309319539   -0.00243490984662727   -0.0102468333083745   0
0.0744755259232186   0.0871264678266168   -0.0146260863828447   0.0358666368946629   0
0.11152579730865   0.0501205674807509   0.037050271385431   -0.037005900345866   0
0.0679602578337516   0.0665078213623781   -0.043565539474898   0.0163872538816272   0
0.114971995861297   0.0393738377818635   0.047011738027545   -0.0271339835805146   0
0.0425904150020283   0.0708929766919827   -0.0723815808592683   0.0315191389101192   0
0.0998117371793017   0.0437587320667147   0.0572213221772734   -0.027134244625268   0
0.0826346009912918   0.059726444488476   -0.0171771361880099   0.0159677124217613   0
0.0412082368518722   0.0702317303617994   -0.0414263641394195   0.0105052858733235   0
0.134759173471493   0.0459304547009389   0.093550936619621   -0.0243012756608605   0
0.0634089050028969   0.0710947985004988   -0.0713502684685963   0.0251643437995599   0
0.129853347993727   0.0443230681948746   0.0664444429908303   -0.0267717303056242   0
0.117904507802204   0.0514687945097075   -0.0119488401915231   0.00714572631483297   0
0.103714555581606   0.0421840710111352   -0.0141899522205983   -0.0092847234985723   0
0.159101971277323   0.042549490249473   0.0553874156957169   0.000365419238337793   0
0.10896112082197   0.0775219943414448   -0.0501408504553524   0.0349725040919718   0
0.164470474948059   0.0354691185514117   0.0555093541260884   -0.0420528757900331   0
0.12938223078495   0.0832535945179696   -0.0350882441631089   0.0477844759665579   0
0.167516217088197   0.0427311721915044   0.0381339863032474   -0.0405224223264652   0
0.216900934841807   0.0539188139666944   0.0493847177536103   0.01118764177519   0
0.182847394871297   0.0688259492596361   -0.0340535399705105   0.0149071352929417   0
0.222222685600031   0.0473737435176937   0.0393752907287336   -0.0214522057419424   0
0.160450862424233   0.0677939542557078   -0.061771823175798   0.0204202107380141   0
0.143113243016047   0.0546911984379363   -0.017337619408186   -0.0131027558177715   0
0.20212341482619   0.0419264684452733   0.0590101718101433   -0.012764729992663   0
0.135260676888924   0.0645544696981162   -0.0668627379372654   0.0226280012528428   0
0.257326871484305   0.035617232396131   0.122066194595381   -0.0289372373019852   0
0.174287627727415   0.035533541551399   -0.08303924375689   -8.36908447319415e-05   0
0.417861310603841   0.0791383448055998   0.243573682876426   0.0436048032542007   0
0.273279476274198   0.183410504383637   -0.144581834329643   0.104272159578037   0
0.271174451677089   0.0747208518729879   -0.00210502459710887   -0.108689652510649   0
0.254445829579972   0.0752899551048644   -0.0167286220971175   0.000569103231876492   0
0.202512440226372   0.0832952827924997   -0.0519333893535995   0.00800532768763532   0
0.21181395654758   0.0906761160177254   0.00930151632120751   0.00738083322522569   0
0.21154878817885   0.0912861275369922   -0.00026516836872964   0.000610011519266734   0
0.294018183026578   0.0570474128932461   0.0824693948477274   -0.0342387146437461   0
0.200041092418558   0.0797612928312637   -0.0939770906080197   0.0227138799380176   0
0.264416728776774   0.0688009939325916   0.064375636358216   -0.0109602988986721   0
0.20750660475621   0.0856336940146454   -0.0569101240205637   0.0168327000820538   0
0.181066894886614   0.0848256345080896   -0.0264397098695965   -0.000808059506555783   0
0.223823301061909   0.0915708364787747   0.0427564061752955   0.00674520197068512   0
0.158048445472804   0.0930136836447869   -0.0657748555891048   0.00144284716601219   0
0.187342137189822   0.0822979837523375   0.0292936917170174   -0.0107156998924494   0
0.126613860822779   0.0838088840055158   -0.0607282763670429   0.00151090025317832   0
0.220591653131437   0.0568366651624196   0.0939777923086577   -0.0269722188430962   0
0.121297110019901   0.0909018427022522   -0.0992945431115354   0.0340651775398326   0
0.219419996080986   0.0591053491966886   0.0981228860610851   -0.0317964935055636   0
0.165889758905726   0.110096853069525   -0.0535302371752599   0.050991503872836   0
0.229065907442902   0.0539003303980829   0.0631761485371754   -0.0561965226714418   0
0.190368569029265   0.0662515846315581   -0.0386973384136368   0.0123512542334752   0
0.220578600301865   0.058227345511044   0.0302100312726002   -0.00802423912051402   0
0.328963317974299   0.0621669418290179   0.108384717672434   0.0039395963179739   0
0.195992752113439   0.0824551617973369   -0.13297056586086   0.0202882199683189   0
0.277097075602939   0.0721870609091408   0.0811043234894999   -0.0102681008881961   0
0.224206371624805   0.0859240714873457   -0.0528907039781344   0.013737010578205   0
0.281195783087229   0.0836951752394067   0.0569894114624244   -0.002228896247939   0
0.353949947248704   0.0976940194337018   0.0727541641614745   0.0139988441942951   0
0.358232459076631   0.0633733012041743   0.00428251182792733   -0.0343207182295275   0
0.391839384850068   0.0528206606624955   0.0336069257734375   -0.0105526405416788   0
0.370023938008746   0.0565637934702049   -0.0218154468413228   0.00374313280770945   0
0.331105138639496   0.0535237459947452   -0.0389187993692494   -0.00304004747545977   0
0.240895879540892   0.0433677903237241   -0.0902092590986041   -0.010155955671021   0
0.279097279193689   0.0360848120547274   0.0382013996527968   -0.00728297826899673   0
0.243066459417995   0.0543970993307777   -0.0360308197756936   0.0183122872760503   0
0.210870735023853   0.0369241451327245   -0.0321957243941424   -0.0174729541980533   0
0.236662311314687   0.0387939354029402   0.0257915762908344   0.00186979027021577   0
0.17861043606307   0.0668139597625984   -0.0580518752516174   0.0280200243596582   0
0.29313170810796   0.072363346911489   0.11452127204489   0.00554938714889053   0
0.212739402058105   0.0478563225785921   -0.0803923060498546   -0.0245070243328969   0
0.276999186297794   0.0415511011924173   0.0642597842396892   -0.00630522138617482   0
0.227083001894285   0.0500368531434082   -0.0499161844035088   0.00848575195099093   0
0.260361093488351   0.034975021677093   0.033278091594066   -0.0150618314663152   0
0.226185898515469   0.0475294966197045   -0.0341751949728824   0.0125544749426115   0
0.233371077403028   0.0462297088231691   0.00718517888755887   -0.00129978779653537   0
0.245085600255299   0.0368693019011074   0.0117145228522707   -0.00936040692206173   0
0.201089759998887   0.0491304379965465   -0.0439958402564115   0.0122611360954391   0
0.292026013265936   0.0381055103942658   0.090936253267049   -0.0110249276022807   0
0.221426137823654   0.0529407340544358   -0.0705998754422816   0.01483522366017   0
0.273498103357263   0.0343655996241881   0.0520719655336084   -0.0185751344302477   0
0.165048167035747   0.0580612805966463   -0.108449936321515   0.0236956809724582   0
0.206752244239331   0.0356233932893471   0.0417040772035835   -0.0224378873072992   0
0.313718365668126   0.0356579368632357   0.106966121428795   3.45435738885527e-05   0
0.249727532900039   0.0458941599211163   -0.0639908327680872   0.0102362230578807   0
0.325420350175615   0.0461078437612843   0.0756928172755764   0.000213683840167955   0
0.308131322974832   0.0460806952970547   -0.0172890272007836   -2.71484642295622e-05   0
0.2950900357975   0.048070784457636   -0.0130412871773313   0.0019900891605813   0
0.323517368104975   0.0471786095262726   0.0284273323074748   -0.000892174931363406   0
0.266766938237575   0.0405739670825087   -0.0567504298674004   -0.00660464244376389   0
0.0895234524311926   0.102044605036339   -0.177243485806382   0.0614706379538307   0
0.315642243161542   0.141842674376085   0.226118790730349   0.0397980693397454   1
0.347812888041904   0.0692083378934692   0.0321706448803619   -0.0726343364826156   1
0.310125591194978   0.0473289850430392   -0.0376872968469255   -0.02187935285043   0
0.266167856333649   0.0487464972557539   -0.0439577348613295   0.00141751221271475   0
0.233079942127867   0.0375010966541313   -0.0330879142057816   -0.0112454006016226   0
0.281465930281808   0.0263950537501825   0.0483859881539406   -0.0111060429039488   0
0.199146163150787   0.0500427627558171   -0.0823197671310207   0.0236477090056346   0
0.349304030154706   0.0461704330335443   0.150157867003919   -0.00387232972227283   0
0.226792092592092   0.0593625633043672   -0.122511937562614   0.0131921302708229   0
0.319114900780659   0.0320919883978073   0.0923228081885673   -0.0272705749065598   0
0.207447417744859   0.0686676954519736   -0.1116674830358   0.0365757070541663   0
0.2915777637922   0.0440245628605782   0.0841303460473411   -0.0246431325913954   0
0.201676745131014   0.0801874109010885   -0.089901018661186   0.0361628480405103   0
0.293189569915661   0.0385141834859588   0.0915128247846465   -0.0416732274151297   0
0.243726480401884   0.0777833314591886   -0.0494630895137765   0.0392691479732298   0
0.295365162176077   0.0399789907017736   0.0516386817741925   -0.037804340757415   0
0.287483364302511   0.0455337968190936   -0.00788179787356602   0.00555480611732002   0
0.280970170569475   0.0700005517770574   -0.00651319373303516   0.0244667549579638   0
0.256953367033962   0.0519182708363106   -0.0240168035355133   -0.0180822809407468   0
0.215364553005851   0.0688349496619995   -0.0415888140281111   0.0169166788256889   0
0.32669837295934   0.056324838109865   0.111333819953489   -0.0125101115521345   0
0.209958214519485   0.0792620640650368   -0.116740158439855   0.0229372259551718   0
0.247900060808807   0.0766167997805475   0.0379418462893218   -0.00264526428448933   0
0.261894211512206   0.0749801912075783   0.0139941507033993   -0.00163660857296921   0
