0.507325028115359   0.360452672044001   0   0   0
0.495788704550648   0.341651945532222   -0.011536323564711   -0.0188007265117786   0
0.472631334339673   0.348244459486278   -0.023157370210975   0.00659251395405597   0
0.441184366771489   0.34882369745208   -0.0314469675681839   0.000579237965801505   0
0.392081996228659   0.350707575652266   -0.0491023705428305   0.00188387820018654   0
0.374814844492847   0.348060136415395   -0.0172671517358121   -0.00264743923687166   0
0.304974114070326   0.329891263092689   -0.0698407304225211   -0.0181688733227051   0
0.267168705589652   0.293650260157998   -0.0378054084806739   -0.0362410029346912   0
0.278157963327908   0.293823231325418   0.0109892577382566   0.000172971167419711   0
0.251000304035553   0.266784871257822   -0.0271576592923554   -0.0270383600675961   0
0.231952457221878   0.269750138199205   -0.0190478468136746   0.00296526694138288   0
0.162948771902696   0.262207329795126   -0.0690036853191822   -0.00754280840407856   0
0.12855207377985   0.205085840200969   -0.0343966981228462   -0.0571214895941574   0
0.120136995820313   0.169242376113697   -0.00841507795953661   -0.0358434640872718   0
0.103470025625782   0.142134173156599   -0.0166669701945313   -0.027108202957098   0
0.0534041517607948   0.109539815680373   -0.0500658738649873   -0.0325943574762262   0
0.063369196126873   0.0827116391045788   0.00996504436607826   -0.0268281765757937   0
0.0850329921592202   0.0585267746053249   0.0216637960323472   -0.024184864499254   0
0.0846349552046316   0.0486325833142246   -0.000398036954588565   -0.00989419129110024   0
0.0781182249249175   0.0448556013513084   -0.00651673027971415   -0.00377698196291623   0
0.0786437043381732   0.0733031332339534   0.000525479413255703   0.028447531882645   0
0.0700252564278061   0.0309390155100724   -0.00861844791036707   -0.042364117723881   0
0.0694307382842787   0.0517720359888869   -0.000594518143527428   0.0208330204788145   0
0.0341896414936878   0.0688270708312688   -0.0352410967905909   0.017055034842382   0
0.0400470545710718   0.0700516159190671   0.00585741307738395   0.00122454508779828   0
0.0668412830866441   0.0801162778563913   0.0267942285155724   0.0100646619373242   0
0.0778043627347464   0.0663855590593692   0.0109630796481023   -0.0137307187970221   0
0.0774438066206072   0.0678859225607563   -0.000360556114139252   0.00150036350138709   0
0.0654458722717247   0.0731307187911578   -0.0119979343488825   0.00524479623040147   0
0.0403648359979327   0.0859485005431871   -0.025081036273792   0.0128177817520293   0
0.0550201211665914   0.103920490990107   0.0146552851686588   0.0179719904469204   0
0.0626064030078394   0.108567826160666   0.00758628184124796   0.00464733517055815   0
0.098580280625691   0.120190233925432   0.0359738776178517   0.0116224077647661   0
0.0702961518614639   0.14435471755923   -0.0282841287642271   0.0241644836337981   0
0.0657400186334777   0.160105073275685   -0.0045561332279862   0.0157503557164553   0
0.0768105540796315   0.185028528545958   0.0110705354461538   0.0249234552702732   0
0.0886753281955584   0.18042623099278   0.0118647741159269   -0.00460229755317831   0
0.104849980456174   0.199658451475294   0.0161746522606152   0.0192322204825144   0
0.0739300292909451   0.219656882025945   -0.0309199511652286   0.0199984305506508   0
0.131426185891435   0.207372083723943   0.0574961566004898   -0.0122847983020022   0
0.108343542791022   0.204490818837063   -0.023082643100413   -0.00288126488688001   0
0.0999592434568209   0.221669289409026   -0.00838429933420096   0.017178470571963   0
0.0786936155963112   0.249011918693288   -0.0212656278605097   0.0273426292842617   0
0.112163595136568   0.263650998216866   0.033469979540257   0.0146390795235785   0
0.110503310794654   0.280658369924184   -0.00166028434191379   0.0170073717073176   0
0.0734058167183637   0.304328573514713   -0.0370974940762908   0.0236702035905291   0
0.126588770574447   0.302488738085503   0.0531829538560834   -0.00183983542920996   0
0.0876021897290815   0.277238792213612   -0.0389865808453656   -0.0252499458718907   0
0.100286404122194   0.277395361460772   0.0126842143931124   0.000156569247159954   0
0.121955711581787   0.282948560871232   0.021669307459593   0.00555319941045934   0
0.126174211932272   0.309558054907056   0.0042185003504855   0.0266094940358246   0
0.126229863867787   0.323564667693338   5.56519355144058e-05   0.0140066127862815   0
0.0971875445357583   0.333151487750257   -0.0290423193320286   0.00958682005691985   0
0.118407165827495   0.331213900427035   0.0212196212917372   -0.00193758732322225   0
0.102708614182745   0.317581250933005   -0.0156985516447503   -0.0136326494940299   0
0.12000676262832   0.322264037236379   0.0172981484455751   0.00468278630337321   0
0.103277007768089   0.350866459367578   -0.0167297548602308   0.0286024221311991   0
0.118441865489573   0.356885945527069   0.0151648577214831   0.00601948615949127   0
0.127229993391889   0.35981246061963   0.00878812790231598   0.00292651509256064   0
0.130521804220751   0.368050106930782   0.00329181082886226   0.00823764631115231   0
0.119535097775423   0.386713647135823   -0.0109867064453275   0.0186635402050414   0
0.132015646325464   0.413507991722941   0.0124805485500407   0.026794344587118   0
0.118731238040627   0.4273886903488   -0.0132844082848371   0.0138806986258587   0
0.140786162379333   0.435061924141291   0.0220549243387064   0.00767323379249107   0
0.135937412114473   0.454312100929482   -0.00484875026486054   0.0192501767881912   0
0.146547134258026   0.475957356820136   0.0106097221435536   0.0216452558906536   0
0.150164890765518   0.473105474625968   0.0036177565074918   -0.00285188219416771   0
0.137046309066862   0.476167126698179   -0.0131185816986557   0.00306165207221132   0
0.14825256925831   0.47667442953662   0.0112062601914475   0.000507302838440971   0
0.161890782977908   0.481724102049817   0.0136382137195977   0.00504967251319655   0
0.15518717490115   0.494734152703389   -0.00670360807675807   0.0130100506535718   0
0.139670295933853   0.511171601682097   -0.0155168789672969   0.0164374489787079   0
0.154991886242474   0.505687881236727   0.0153215903086213   -0.00548372044536971   0
0.133534513943025   0.511288401216048   -0.0214573722994488   0.00560051997932109   0
0.188099921347591   0.54703493161845   0.054565407404566   0.0357465304024023   0
0.155398043855578   0.518530411459868   -0.0327018774920137   -0.0285045201585823   0
0.186791885283194   0.527699031956334   0.0313938414276167   0.0091686204964665   0
0.147870023805232   0.543548852426185   -0.0389218614779618   0.0158498204698503   0
0.151265284657915   0.53866072566511   0.00339526085268241   -0.00488812676107508   0
0.172525507622062   0.55964259656185   0.0212602229641467   0.0209818708967406   0
0.109619484886411   0.590456469084758   -0.0629060227356505   0.0308138725229078   0
0.144097948983079   0.587229659226612   0.0344784640966678   -0.00322680985814627   0
0.156918244365816   0.607453950395781   0.0128202953827373   0.0202242911691695   0
0.147755975988283   0.629321762767314   -0.00916226837753337   0.0218678123715331   0
0.162025001833112   0.645000613428005   0.0142690258448294   0.0156788506606904   0
0.171899703775225   0.650866449587018   0.00987470194211254   0.00586583615901293   0
0.18074811767587   0.6760958271479   0.00884841390064486   0.0252293775608818   0
0.169474550360961   0.69747705698683   -0.0112735673149083   0.0213812298389304   0
0.174800113600449   0.715247027447336   0.00532556323948805   0.0177699704605058   0
0.184104764297533   0.72477395357764   0.00930465069708317   0.0095269261303037   0
0.215637725829132   0.742436294282203   0.0315329615315997   0.0176623407045635   0
0.209078587672112   0.748988594145173   -0.00655913815702056   0.00655229986296979   0
0.184666929516495   0.695745376815084   -0.024411658155617   -0.0532432173300893   0
0.133202144403534   0.309065536685834   -0.0514647851129603   -0.38667984012925   0
0.104231801265641   0.177248879124963   -0.0289703431378937   -0.131816657560871   0
0.154038795265511   0.192787355940116   0.0498069939998704   0.0155384768151534   0
0.199658195727498   0.246996462910668   0.0456194004619873   0.054209106970552   0
0.160701127852358   0.253399712899527   -0.0389570678751399   0.00640324998885847   0
0.177034624489816   0.28610792542424   0.0163334966374573   0.0327082125247135   0
0.165115274607227   0.300546361709704   -0.0119193498825885   0.0144384362854637   0
0.180520009120596   0.317344933946585   0.0154047345133688   0.0167985722368815   0
0.205170099860872   0.344695035370184   0.0246500907402757   0.027350101423599   0
0.199871584215366   0.360485158213331   -0.0052985156455059   0.0157901228431465   0
0.191609451477478   0.366135132534478   -0.00826213273788762   0.00564997432114767   0
0.199311796305939   0.376479968534928   0.00770234482846069   0.0103448360004493   0
0.189056782105536   0.381706973444647   -0.010255014200403   0.00522700490971956   0
0.188909798054468   0.389120146968212   -0.000146984051067361   0.00741317352356441   0
0.174841093585261   0.395983618785642   -0.0140687044692073   0.00686347181743036   0
0.15258214721618   0.398267812596737   -0.0222589463690811   0.00228419381109563   0
0.148889015866484   0.391679012723509   -0.00369313134969632   -0.0065887998732288   0
0.168224656124065   0.386537073650927   0.0193356402575816   -0.00514193907258131   0
0.145009502083726   0.401444797014948   -0.0232151540403397   0.0149077233640202   0
0.123722534777016   0.401015768333245   -0.0212869673067093   -0.000429028681703025   0
0.163299279190234   0.428111237439958   0.0395767444132178   0.0270954691067138   0
0.139821701958065   0.438322635891215   -0.0234775772321689   0.0102113984512564   0
0.151713128847572   0.421287753408594   0.0118914268895069   -0.0170348824826212   0
0.126526021412079   0.438029982393183   -0.0251871074354926   0.0167422289845898   0
0.148085929571854   0.431700675207953   0.0215599081597742   -0.00632930718523034   0
0.139386360304586   0.461500288507356   -0.0086995692672672   0.0297996132994026   0
0.158957243321593   0.473304747294394   0.0195708830170062   0.0118044587870382   0
0.164430680809665   0.471357424071556   0.00547343748807258   -0.00194732322283803   0
0.154913241676139   0.484336759578109   -0.00951743913352573   0.0129793355065528   0
0.146442505058129   0.484663979713835   -0.00847073661801095   0.000327220135726225   0
0.152264631574276   0.496877984700278   0.00582212651614744   0.0122140049864435   0
0.159018570917425   0.487792152891475   0.00675393934314866   -0.00908583180880346   0
0.161017451995273   0.484716347163857   0.00199888107784821   -0.00307580572761812   0
0.160240972789983   0.502505038234068   -0.000776479205290059   0.0177886910702116   0
0.146121658828936   0.488181457577377   -0.0141193139610467   -0.0143235806566911   0
0.129600442478141   0.492921947406861   -0.0165212163507948   0.00474048982948411   0
0.132635732843378   0.487372553699736   0.00303529036523695   -0.00554939370712482   0
0.13763397411021   0.501147422687798   0.00499824126683196   0.0137748689880615   0
0.156528833937393   0.474414716704723   0.018894859827183   -0.026732705983075   0
0.161422767096838   0.512649185317428   0.00489393315944481   0.0382344686127049   0
0.163946537043208   0.529497430901579   0.0025237699463701   0.0168482455841512   0
0.149872774433017   0.539677573034687   -0.0140737626101911   0.010180142133108   0
0.15887380760182   0.527096303958783   0.0090010331688026   -0.0125812690759038   0
0.164067349018018   0.552254788985971   0.00519354141619796   0.0251584850271882   0
0.139814870152892   0.55255152170663   -0.0242524788651258   0.000296732720658555   0
0.140726534006668   0.548057113036132   0.000911663853776584   -0.00449440867049766   0
0.161586483264443   0.548243055195868   0.0208599492577742   0.000185942159735997   0
0.173218618760629   0.563669738216413   0.011632135496186   0.015426683020545   0
0.141414807588562   0.567383630163008   -0.0318038111720667   0.00371389194659422   0
0.136155969447799   0.554232970979118   -0.00525883814076286   -0.0131506591838894   0
0.146295296456345   0.550142175643626   0.0101393270085463   -0.00409079533549195   0
0.146109979447572   0.556501930619841   -0.000185317008773139   0.00635975497621444   0
0.118832973968886   0.548892799232245   -0.027277005478686   -0.00760913138759534   0
0.1395810199098   0.537673811039391   0.0207480459409138   -0.0112189881928545   0
0.166830049644091   0.539339601005547   0.0272490297342913   0.00166578996615607   0
0.171640337510767   0.541755858310604   0.00481028786667556   0.00241625730505679   0
0.180135903481261   0.553295610343025   0.00849556597049356   0.0115397520324209   0
0.176926279464555   0.554612024350467   -0.00320962401670502   0.00131641400744198   0
0.178007554276272   0.544814621942925   0.00108127481171674   -0.00979740240754134   0
0.171362290796838   0.546047425828874   -0.00664526347943445   0.00123280388594915   0
0.155631753588977   0.541127490720385   -0.015730537207861   -0.00491993510848965   0
0.139372948023711   0.560315259990724   -0.016258805565266   0.0191877692703392   0
0.142339297840407   0.559393182794615   0.00296634981669588   -0.000922077196108373   0
0.182094048529764   0.543395549465065   0.0397547506893572   -0.0159976333295504   0
0.148033985722772   0.560360292202561   -0.0340600628069914   0.0169647427374964   0
0.137169597279025   0.559189521556055   -0.0108643884437471   -0.00117077064650606   0
0.140988720109873   0.566561590330072   0.00381912283084726   0.00737206877401642   0
0.151208919928356   0.555678022225058   0.0102201998184835   -0.0108835681050133   0
0.156420110336906   0.556936537057026   0.00521119040855039   0.00125851483196793   0
0.143688296460081   0.55234174061091   -0.0127318138768259   -0.00459479644611616   0
0.132157462744788   0.559631678765653   -0.0115308337152926   0.00728993815474233   0
0.140680488150063   0.551559612104023   0.00852302540527505   -0.00807206666162996   0
0.159395308647588   0.559599490461044   0.0187148204975255   0.00803987835702136   0
0.169894289511684   0.572089863183303   0.0104989808640958   0.0124903727222587   0
0.165096181916482   0.570537370578028   -0.00479810759520263   -0.00155249260527479   0
0.161131362810751   0.564540949141282   -0.00396481910573024   -0.0059964214367455   0
0.109397673696667   0.328039023733595   -0.0517336891140841   -0.236501925407688   0
0.133136978260925   0.345617433554921   0.0237393045642576   0.0175784098213258   0
0.138710570756702   0.404975537652634   0.00557359249577696   0.0593581040977133   0
0.135519915227541   0.429071829055532   -0.00319065552916054   0.0240962914028985   0
0.133199773111856   0.444176244806327   -0.00232014211568504   0.0151044157507944   0
0.146217146169148   0.456540317251938   0.0130173730572917   0.0123640724456109   0
0.151744899006853   0.464253349311559   0.0055277528377049   0.00771303205962082   0
0.149292798512353   0.481607966134282   -0.00245210049450006   0.0173546168227238   0
0.162060941807982   0.471689856573151   0.0127681432956287   -0.00991810956113115   0
0.150263121060159   0.471227716393571   -0.0117978207478226   -0.000462140179580017   0
0.158283069551263   0.47681846659106   0.0080199484911041   0.00559075019748906   0
0.141331583596166   0.490229297822458   -0.0169514859550973   0.0134108312313976   0
0.148358117786018   0.470784802022378   0.00702653418985222   -0.0194444958000795   0
0.148365060191846   0.464093035836792   6.94240582771455e-06   -0.0066917661855862   0
0.1412848314279   0.473844453160264   -0.00708022876394615   0.00975141732347234   0
0.109624455056753   0.447223267823589   -0.0316603763711468   -0.0266211853366751   0
0.126537369516005   0.444056803521951   0.0169129144592523   -0.00316646430163853   0
0.117769143639504   0.449160805029223   -0.00876822587650111   0.00510400150727242   0
0.161013271278178   0.422386289412313   0.0432441276386737   -0.0267745156169101   0
0.130198065383092   0.426232873923035   -0.0308152058950852   0.00384658451072178   0
