0.0607226738372908   0.129376178149467   0   0   0
0.0938973909879822   0.107719806129432   0.0331747171506914   -0.0216563720200341   0
0.124648704757731   0.111661080587967   0.0307513137697488   0.00394127445853477   0
0.0757125874146433   0.0972682381802508   -0.0489361173430878   -0.0143928424077164   0
0.116301952293889   0.113443592629773   0.0405893648792456   0.0161753544495227   0
0.0916441843884973   0.0559402873647428   -0.0246577679053915   -0.0575033052650307   0
0.0586395811378193   0.0744288823327342   -0.033004603250678   0.0184885949679915   0
0.0951769254066867   0.0708506465914391   0.0365373442688673   -0.00357823574129515   0
0.0964490464817564   0.0357148109529506   0.00127212107506969   -0.0351358356384885   0
0.0992046276600038   0.0959771564392408   0.00275558117824745   0.0602623454862902   0
0.0435046457236466   0.110882149475028   -0.0556999819363573   0.0149049930357874   0
0.0968429936307217   0.0401897902327507   0.0533383479070751   -0.0706923592422776   0
0.106191732666766   0.0214739046022498   0.00934873903604481   -0.0187158856305009   0
0.103130511780801   0.022571322871613   -0.00306122088596515   0.0010974182693632   0
0.0881309628755411   0.0277533600387863   -0.0149995489052603   0.0051820371671733   0
0.106478626172486   0.0374710270274915   0.0183476632969448   0.00971766698870522   0
0.0527600142928752   0.0598100253213657   -0.0537186118796107   0.0223389982938741   0
0.104782328157996   0.0214001001790295   0.0520223138651209   -0.0384099251423361   0
0.11888182733694   0.0446707331274527   0.0140994991789437   0.0232706329484232   0
0.131308123097888   0.0507700383688031   0.0124262957609477   0.00609930524135042   0
0.0377316346591773   0.0568885709711098   -0.0935764884387102   0.0061185326023067   0
0.10092487278912   0.0515592817018672   0.0631932381299424   -0.00532928926924259   0
0.083161031466126   0.0401919467322124   -0.0177638413229937   -0.0113673349696548   0
0.0648693417312832   0.0527248246102583   -0.0182916897348428   0.0125328778780459   0
0.0691623791647598   0.0459448255505993   0.00429303743347659   -0.00677999905965902   0
0.0613476083136906   0.0204220630824851   -0.00781477085106919   -0.0255227624681142   0
0.0859098651974265   0.0494442027855895   0.0245622568837359   0.0290221397031045   0
0.0691839413877238   0.0173516200338391   -0.0167259238097027   -0.0320925827517505   0
0.11779773749559   0.0335502377234428   0.0486137961078665   0.0161986176896037   0
0.055259590826661   0.0395271465616037   -0.0625381466689293   0.0059769088381609   0
0.0959932148899598   0.0474930559344732   0.0407336240632988   0.0079659093728695   0
0.0877599785184568   0.0243175443304829   -0.008233236371503   -0.0231755116039903   0
0.0730987202600702   0.0183672075357252   -0.0146612582583866   -0.00595033679475769   0
0.0827359727314546   0.0420186777155707   0.00963725247138439   0.0236514701798455   0
0.131257252664719   0.0802196716448185   0.0485212799332649   0.0382009939292478   0
0.0457859446603431   0.0750460099443536   -0.0854713080043764   -0.00517366170046486   0
0.125064020617042   0.0975428452105145   0.0792780759566993   0.0224968352661609   0
0.094195994658204   0.113454464946736   -0.0308680259588383   0.0159116197362218   0
0.10532336834231   0.0882103994653266   0.0111273736841064   -0.0252440654814097   0
0.106416250663985   0.123141797242853   0.00109288232167416   0.0349313977775267   0
0.111747006746624   0.0497420105742171   0.00533075608263929   -0.0733997866686362   0
0.114959309718526   0.104295656751685   0.00321230297190217   0.0545536461774679   0
0.0578719267999606   0.0975733774305722   -0.0570873829185654   -0.00672227932111276   0
0.112981278064023   0.0915809012823968   0.055109351264062   -0.00599247614817547   0
0.118912500333396   0.11400219225405   0.0059312222693738   0.0224212909716533   0
0.0890073275107168   0.11752474864152   -0.0299051728226796   0.00352255638747011   0
0.151757364565151   0.136868622150851   0.0627500370544338   0.0193438735093311   0
0.100349567255719   0.122257755987136   -0.0514077973094319   -0.0146108661637157   0
0.178821708868946   0.165079093566849   0.0784721416132271   0.0428213375797129   0
0.123834089242825   0.141235583418914   -0.0549876196261206   -0.0238435101479349   0
0.152045187910601   0.154162354729048   0.0282110986677759   0.0129267713101346   0
0.149943999054747   0.164985306916018   -0.002101188855854   0.0108229521869693   0
0.113276275953705   0.135549459194058   -0.0366677231010418   -0.0294358477219595   0
0.165479637367411   0.159649113640526   0.0522033614137061   0.0240996544464681   0
0.118615761596257   0.14300289084918   -0.0468638757711548   -0.0166462227913461   0
0.178069573723643   0.149698618277433   0.0594538121273865   0.00669572742825264   0
0.168300133645134   0.156495892050311   -0.00976944007850911   0.00679727377287803   0
0.127247361398537   0.130986081225497   -0.0410527722465966   -0.0255098108248137   0
0.167960562435144   0.158031738066282   0.0407132010366068   0.0270456568407851   0
0.121273793277456   0.136332308181379   -0.0466867691576878   -0.0216994298849031   0
0.163859257851639   0.143830360824382   0.0425854645741828   0.00749805264300335   0
0.179820550574733   0.15579301748599   0.0159612927230934   0.0119626566616077   0
0.137752061580943   0.14131826773673   -0.0420684889937894   -0.0144747497492604   0
0.170017605745817   0.150021510462533   0.0322655441648735   0.00870324272580369   0
0.147951239153614   0.13856894663369   -0.0220663665922024   -0.0114525638288434   0
0.146619422274575   0.13659248523506   -0.00133181687903988   -0.00197646139863022   0
0.190473692088698   0.151361234039724   0.0438542698141231   0.0147687488046647   0
0.179739843828796   0.12379243948136   -0.0107338482599016   -0.0275687945583639   0
0.226783674564925   0.145853249256731   0.0470438307361294   0.0220608097753705   0
0.17189865375481   0.133278724624051   -0.0548850208101153   -0.0125745246326801   0
0.161843551410428   0.125322426854305   -0.0100551023443817   -0.00795629776974641   0
0.149659761318799   0.137067627880921   -0.012183790091629   0.011745201026616   0
0.126113757841482   0.146528476152726   -0.0235460034773173   0.00946084827180549   0
0.15814768617381   0.138931198267245   0.0320339283323282   -0.00759727788548115   0
0.179713750616279   0.154449490502559   0.0215660644424683   0.0155182922353139   0
0.122148816707572   0.138312283510215   -0.0575649339087068   -0.0161372069923441   0
0.178428097672452   0.157652383378281   0.0562792809648799   0.0193400998680664   0
0.15469154897618   0.17053754389858   -0.0237365486962715   0.0128851605202987   0
0.234307030655191   0.190287513369743   0.0796154816790105   0.019749969471163   0
0.17318884996122   0.185868263998215   -0.0611181806939707   -0.00441924937152807   0
0.163913678708795   0.186354491024237   -0.00927517125242533   0.000486227026022579   0
0.215019916106718   0.207581064458418   0.0511062373979231   0.0212265734341811   0
0.169403782671434   0.204228111693004   -0.0456161334352837   -0.00335295276541456   0
0.176417224342989   0.19230919056626   0.00701344167155482   -0.011918921126744   0
0.154043780990243   0.207321544369598   -0.0223734433527459   0.0150123538033378   0
0.265097442699548   0.271460474556909   0.111053661709305   0.0641389301873119   0
0.164644250868957   0.261308710127183   -0.100453191830591   -0.0101517644297263   0
0.212697438621743   0.306655209632659   0.0480531877527858   0.0453464995054759   0
0.129487325576504   0.252666574834311   -0.0832101130452385   -0.0539886347983479   0
0.173645628175834   0.28112654579499   0.0441583025993298   0.0284599709606788   0
0.151793221830152   0.278808359853632   -0.0218524063456824   -0.00231818594135752   0
0.146163140895657   0.262062486149034   -0.00563008093449482   -0.0167458737045986   0
0.196508527920521   0.301694774946505   0.0503453870248638   0.0396322887974716   0
0.145613176915312   0.244328529946919   -0.0508953510052083   -0.0573662449995863   0
0.218791544272739   0.274976189846685   0.0731783673574271   0.0306476598997657   0
0.190323476100165   0.274476560236648   -0.0284680681725744   -0.000499629610036301   0
0.176439605418171   0.26953316699591   -0.0138838706819935   -0.00494339324073867   0
0.236675064853672   0.294354217525434   0.060235459435501   0.0248210505295244   0
0.19860617730043   0.275924855305249   -0.0380688875532419   -0.0184293622201853   0
0.182741994477186   0.253949276594166   -0.0158641828232441   -0.0219755787110833   0
0.223905647258237   0.293728920166753   0.0411636527810506   0.0397796435725877   0
0.168312852811305   0.258142968611761   -0.0555927944469319   -0.0355859515549926   0
0.207392770783506   0.273351653824488   0.0390799179722014   0.0152086852127268   0
0.210865264311124   0.294759441641735   0.00347249352761725   0.0214077878172471   0
0.156826946177458   0.247369440983284   -0.0540383181336656   -0.0473900006584506   0
0.225677346716147   0.301860639048026   0.068850400538689   0.0544911980647416   0
0.177676952718072   0.271542730710886   -0.0480003939980749   -0.0303179083371393   0
0.277213773819791   0.349513411160251   0.0995368211017185   0.077970680449365   0
0.203873527098414   0.325596722275656   -0.073340246721377   -0.0239166888845951   0
0.256559115117744   0.358235754613945   0.0526855880193307   0.0326390323382885   0
0.222766015304275   0.363627560298394   -0.0337930998134696   0.00539180568444964   0
0.208018110017854   0.330219940284184   -0.0147479052864208   -0.0334076200142105   0
0.258859052208301   0.386726749424519   0.0508409421904472   0.0565068091403356   0
0.18513548757591   0.326124044643353   -0.073723564632391   -0.060602704781166   0
0.251526391088251   0.382046770382129   0.0663909035123412   0.0559227257387752   0
0.220618389651475   0.365777084122095   -0.0309080014367762   -0.0162696862600333   0
0.207073757845894   0.34602670929869   -0.013544631805581   -0.019750374823405   0
0.248365288588522   0.385551273832327   0.0412915307426282   0.0395245645336366   0
0.208568343239261   0.362406118219616   -0.0397969453492618   -0.0231451556127114   0
0.179849504573713   0.337946230511042   -0.0287188386655476   -0.0244598877085733   0
0.242493085437379   0.403459158624278   0.0626435808636661   0.0655129281132354   0
0.243871297788526   0.41501231127597   0.0013782123511471   0.0115531526516922   0
0.267181498177999   0.507789037526501   0.0233102003894727   0.092776726250531   0
0.259519185317309   0.465187365630723   -0.00766231286068941   -0.0426016718957772   0
0.295693925767575   0.516691572642955   0.0361747404502653   0.0515042070122315   0
0.281858108433324   0.521361964448405   -0.0138358173342504   0.00467039180545015   0
0.38014419164471   0.61330791620849   0.0982860832113857   0.0919459517600847   0
0.338394944789014   0.530057529109341   -0.0417492468556957   -0.0832503870991487   0
0.257466139652887   0.545388506707375   -0.0809288051361271   0.0153309775980335   0
0.295708228336463   0.564070584784387   0.0382420886835763   0.0186820780770122   0
0.277923902525566   0.556543719025963   -0.0177843258108973   -0.00752686575842376   0
0.225758959569715   0.535639251376801   -0.0521649429558516   -0.0209044676491619   0
0.254914266609384   0.556697596087409   0.0291553070396693   0.021058344710608   0
0.215998642426775   0.569694719310483   -0.0389156241826084   0.0129971232230738   0
0.200709278350653   0.541340433312994   -0.0152893640761222   -0.0283542859974889   0
0.248334518247645   0.587839121529224   0.047625239896992   0.0464986882162303   0
0.19738237587343   0.537634841963856   -0.0509521423742152   -0.0502042795653687   0
0.282890078253533   0.567371685163262   0.085507702380103   0.0297368431994067   0
0.202732391782773   0.561292090306152   -0.0801576864707604   -0.00607959485710985   0
0.240130289031621   0.569141221472316   0.0373978972488488   0.0078491311661637   0
0.229840612053766   0.584800915605687   -0.0102896769778549   0.015659694133371   0
0.209482536918785   0.552312969572732   -0.0203580751349818   -0.0324879460329548   0
0.26325481141208   0.60889226015466   0.0537722744932957   0.0565792905819275   0
0.216022671031304   0.555777823534729   -0.0472321403807766   -0.053114436619931   0
0.214499717690374   0.551747367162046   -0.00152295334093014   -0.00403045637268251   0
0.236677478374876   0.561635805843965   0.0221777606845026   0.0098884386819188   0
0.189696097321215   0.519803567335296   -0.0469813810536609   -0.0418322385086687   0
0.210689767576548   0.517364660265368   0.0209936702553331   -0.00243890706992811   0
0.222053560796579   0.545886886531908   0.0113637932200306   0.0285222262665394   0
0.188326871154809   0.505049806615892   -0.0337266896417701   -0.0408370799160156   0
0.217513877704964   0.532678498883238   0.029187006550155   0.027628692267346   0
0.213492603024039   0.55668454729227   -0.0040212746809247   0.0240060484090322   0
0.209260944294271   0.517007323500838   -0.00423165872976819   -0.0396772237914326   0
0.240360576722328   0.541127253953495   0.0310996324280567   0.0241199304526569   0
0.21596404389333   0.54485284413156   -0.0243965328289981   0.00372559017806517   0
0.210661991725821   0.519807270828574   -0.00530205216750834   -0.0250455733029863   0
0.219663224457122   0.514855051167074   0.00900123273130082   -0.00495221966149995   0
0.211185448018489   0.555025221735463   -0.00847777643863293   0.0401701705683896   0
0.216268852081131   0.543337186212208   0.00508340406264154   -0.0116880355232548   0
0.240783911997895   0.564495696863138   0.0245150599167642   0.0211585106509298   0
0.219843270201754   0.563219453628868   -0.0209406417961404   -0.00127624323427056   0
0.228066517097622   0.55088382645527   0.00822324689586779   -0.0123356271735975   0
0.272638234334511   0.622174605732989   0.0445717172368892   0.0712907792777187   0
0.23242730409883   0.632452481125064   -0.0402109302356815   0.0102778753920757   0
0.260361577265233   0.700594067938953   0.0279342731664032   0.0681415868138886   0
0.237342816563089   0.660351391930842   -0.0230187607021445   -0.0402426760081115   0
0.245226757405243   0.653806704972119   0.00788394084215444   -0.00654468695872212   0
0.276741434619682   0.683085422955285   0.0315146772144393   0.0292787179831651   0
0.248084763556128   0.656812479451517   -0.0286566710635544   -0.0262729435037671   0
0.258634396021662   0.662444803486487   0.0105496324655341   0.00563232403496927   0
0.291184021687334   0.682244803679185   0.0325496256656722   0.0198000001926985   0
0.259517273788278   0.643624569793797   -0.0316667478990564   -0.0386202338853883   0
0.278348040211603   0.642999660111496   0.0188307664233248   -0.000624909682300556   0
0.291074071458864   0.682641370550819   0.0127260312472615   0.0396417104393224   0
0.25493817774286   0.640067453738666   -0.0361358937160044   -0.0425739168121524   0
0.28075864608236   0.671692191084949   0.0258204683395004   0.0316247373462829   0
0.260452742855609   0.663350190982297   -0.0203059032267511   -0.00834200010265218   0
0.313987572178024   0.658836001259987   0.0535348293224153   -0.00451418972230966   0
0.312793310809055   0.649372288978749   -0.00119426136896944   -0.00946371228123832   0
0.350072388843008   0.718083429365279   0.0372790780339529   0.0687111403865301   0
0.297534642987065   0.705925372660064   -0.0525377458559431   -0.0121580567052152   0
0.283363683794448   0.712673846016009   -0.0141709591926165   0.00674847335594475   0
0.302066607808294   0.735667476474256   0.0187029240138463   0.0229936304582472   0
0.260941749532343   0.720683761243446   -0.0411248582759516   -0.0149837152308102   0
0.290616475324869   0.715918643369133   0.0296747257925258   -0.00476511787431266   0
0.295810466684142   0.713084309360576   0.00519399135927356   -0.0028343340085567   0
0.264889153634361   0.66475535397167   -0.0309213130497812   -0.0483289553889066   0
0.278631689025872   0.681540433518254   0.0137425353915106   0.0167850795465845   0
0.195416755039505   0.471962328648614   -0.0832149339863663   -0.20957810486964   0
0.297884394740913   0.43718714430244   0.102467639701408   -0.034775184346174   0
0.22192480420683   0.473027015318163   -0.0759595905340825   0.0358398710157233   0
0.233720376057459   0.466380114868762   0.0117955718506285   -0.00664690044940097   0
0.205794918504334   0.512330753110966   -0.0279254575531246   0.0459506382422039   0
0.233927546064781   0.508431269735645   0.0281326275604462   -0.00389948337532142   0
0.268678306996974   0.562877786424593   0.0347507609321931   0.0544465166889484   0
0.250030234694167   0.533976659695206   -0.0186480723028071   -0.0289011267293872   0
0.257653923725217   0.536734443661388   0.0076236890310506   0.0027577839661822   0
0.262829032118391   0.571144316057903   0.00517510839317348   0.0344098723965148   0
0.24974228784756   0.563458613948487   -0.0130867442708304   -0.00768570210941621   0
0.269505922322126   0.555124541542481   0.0197636344745661   -0.0083340724060057   0
0.317092207131089   0.519298820585508   0.0475862848089629   -0.035825720956973   0
0.264730392992442   0.49972682727016   -0.052361814138647   -0.0195719933153486   0
0.280917816572748   0.54495922591649   0.0161874235803056   0.0452323986463304   0
0.284038896124122   0.56261453242251   0.00312107955137453   0.0176553065060203   0
0.273091688629845   0.538351968662463   -0.0109472074942778   -0.0242625637600469   0
0.294172517338466   0.55995727294165   0.0210808287086213   0.0216053042791869   0
0.269888282739222   0.523354132958506   -0.0242842345992436   -0.0366031399831441   0
0.290541694171353   0.545928252440511   0.0206534114321307   0.0225741194820044   0
0.278675170146176   0.518959409769685   -0.0118665240251772   -0.0269688426708254   0
0.332552960049208   0.581543187623456   0.053877789903032   0.0625837778537706   0
0.338212555205879   0.580992691402826   0.00565959515667158   -0.000550496220629304   0
0.349060450248721   0.503340528080642   0.0108478950428418   -0.0776521633221842   0
0.325842281285391   0.513308308834223   -0.0232181689633299   0.00996778075358062   0
0.310254688008562   0.55973251834738   -0.0155875932768296   0.0464242095131571   0
0.351191438311369   0.56600365482146   0.0409367503028073   0.00627113647407962   0
0.35957430188411   0.580564671475108   0.00838286357274071   0.0145610166536483   0
0.342279126849184   0.54369910190702   -0.0172951750349255   -0.0368655695680881   0
0.370279599455385   0.612607901014385   0.0280004726062003   0.0689087991073647   0
0.318373539328506   0.609235877126627   -0.0519060601268782   -0.00337202388775792   0
0.333146867867672   0.642728175351952   0.0147733285391655   0.0334922982253256   0
0.351196318528953   0.654406375957058   0.0180494506612814   0.0116782006051055   0
0.299113966998551   0.60744764789836   -0.0520823515304027   -0.0469587280586978   0
0.31028119680008   0.644110052943206   0.0111672298015296   0.0366624050448463   0
0.317029948122713   0.65853834948999   0.0067487513226327   0.0144282965467836   0
0.310370569850787   0.634832611599507   -0.00665937827192542   -0.0237057378904832   0
0.341974979632268   0.656686273112397   0.0316044097814804   0.0218536615128906   0
0.30874869587127   0.634279673923893   -0.0332262837609977   -0.0224065991885042   0
0.333313622321381   0.647631922730227   0.0245649264501107   0.0133522488063336   0
0.31809194971722   0.646041631020401   -0.0152216726041606   -0.0015902917098255   0
0.313531058387676   0.628425194224619   -0.00456089132954401   -0.0176164367957821   0
0.340713893060086   0.643045929768045   0.0271828346724103   0.0146207355434265   0
0.335877405121869   0.656817343567639   -0.004836487938217   0.0137714137995937   0
0.320358248359567   0.648875052241377   -0.0155191567623024   -0.0079422913262619   0
0.353067706141768   0.684781713622122   0.0327094577822012   0.0359066613807448   0
0.289542455582182   0.627168836762678   -0.063525250559586   -0.0576128768594445   0
0.374957773643593   0.697328070718152   0.0854153180614108   0.0701592339554745   0
0.319723176849537   0.639803683090563   -0.0552345967940565   -0.0575243876275887   0
0.34480616976181   0.682305232627781   0.0250829929122732   0.0425015495372173   0
0.342491858574784   0.670190376254576   -0.00231431118702558   -0.0121148563732048   0
0.346483069627666   0.664015690338903   0.00399121105288169   -0.00617468591567283   0
0.342172545459509   0.679200864027351   -0.00431052416815653   0.0151851736884477   0
0.313080763049108   0.644952144426429   -0.0290917824104016   -0.0342487196009214   0
0.339602402432035   0.651217634758535   0.0265216393829274   0.00626549033210522   0
0.345524030325316   0.697719302790528   0.00592162789328093   0.0465016680319928   0
0.321143636272594   0.663379696754619   -0.0243803940527217   -0.0343396060359087   0
