0.189157700683557   0.141222949096455   0   0   0
0.17467195957351   0.121885629730293   -0.0144857411100464   -0.0193373193661626   0
0.211203233767407   0.137984556283484   0.0365312741938968   0.0160989265531915   0
0.164837473695183   0.130310099971184   -0.0463657600722245   -0.00767445631230002   0
0.197468125302009   0.130242992572537   0.0326306516068267   -6.71073986468484e-05   0
0.130214456823273   0.121937138706794   -0.0672536684787363   -0.00830585386574294   0
0.143270694175466   0.113809594794332   0.0130562373521934   -0.00812754391246251   0
0.181405628796242   0.107481503274063   0.0381349346207759   -0.00632809152026842   0
0.137640512080528   0.11030393651407   -0.0437651167157141   0.00282243324000665   0
0.142887992073512   0.094117626943044   0.00524747999298381   -0.0161863095710261   0
0.133398289347877   0.100280138764413   -0.0094897027256346   0.00616251182136938   0
0.140544726222687   0.0894409802292551   0.00714643687480954   -0.0108391585351583   0
0.0826150223386764   0.0891256497325545   -0.0579297038840104   -0.000315330496700558   0
0.0918004105512606   0.0729193373830461   0.0091853882125842   -0.0162063123495085   0
0.118751934235532   0.0635353367979977   0.0269515236842709   -0.00938400058504837   0
0.0715677398660178   0.0708242316559276   -0.0471841943695137   0.00728889485792993   0
0.067313204301905   0.0643764184556931   -0.00425453556411284   -0.00644781320023455   0
0.101898234054276   0.043367042585038   0.0345850297523709   -0.0210093758706551   0
0.121109229923652   0.046671845912311   0.0192109958693761   0.00330480332727299   0
0.126072739786125   0.0345048399110183   0.00496350986247306   -0.0121670060012927   0
0.0684437565950321   0.027085266497633   -0.0576289831910929   -0.00741957341338529   0
0.0882278335310349   0.0431936983343925   0.0197840769360028   0.0161084318367595   0
0.100444660332402   0.0309238226513557   0.0122168268013671   -0.0122698756830368   0
0.0783565364120952   0.0311414679161885   -0.0220881239203067   0.000217645264832835   0
0.0762309045642907   0.0499636300223473   -0.00212563184780447   0.0188221621061587   0
0.113554915504565   0.0481962173640061   0.0373240109402743   -0.00176741265834113   0
0.0746406900317782   0.0512392322328955   -0.0389142254727868   0.0030430148688894   0
0.0953916021667002   0.0347761835747257   0.0207509121349219   -0.0164630486581698   0
0.121851303720723   0.0365669021658125   0.0264597015540233   0.00179071859108672   0
0.0962102244749486   0.0418580098237136   -0.0256410792457749   0.00529110765790108   0
0.0884400935257307   0.0617377431799422   -0.00777013094921787   0.0198797333562286   0
0.121709253316089   0.0343358581231284   0.0332691597903586   -0.0274018850568138   0
0.10032949408494   0.038275484533935   -0.0213797592311494   0.00393962641080667   0
0.0842193310227527   0.0537617478603709   -0.0161101630621872   0.0154862633264359   0
0.109370183732222   0.0330105260255986   0.0251508527094693   -0.0207512218347723   0
0.0911734730645926   0.0347064855173712   -0.0181967106676294   0.00169595949177261   0
0.112044530653397   0.0441096112419938   0.0208710575888043   0.00940312572462254   0
0.102641319638292   0.0349095322442585   -0.00940321101510505   -0.00920007899773528   0
0.0780240210967751   0.0410188632955924   -0.0246172985415168   0.00610933105133393   0
0.199712095240148   0.0633994915205359   0.121688074143373   0.0223806282249434   0
0.218522081641856   0.055557429760969   0.0188099864017079   -0.00784206175956691   0
0.0545086539299954   0.0666216280673364   -0.164013427711861   0.0110641983063674   0
0.105534794779779   0.0669454982544196   0.0510261408497833   0.000323870187083256   0
0.0452438252659962   0.0958127664390294   -0.0602909695137824   0.0288672681846098   0
0.123058926525506   0.0260303735113425   0.0778151012595102   -0.0697823929276869   0
0.0701407844196941   0.0850082069139357   -0.0529181421058124   0.0589778334025932   0
0.0609996155189523   0.0788900721773817   -0.00914116890074183   -0.00611813473655393   0
0.12744028093617   0.0673216879555001   0.066440665417218   -0.0115683842218817   0
0.0790118372110154   0.0599448355575357   -0.0484284437251549   -0.00737685239796435   0
0.093314895276692   0.0564270321548546   0.0143030580656766   -0.00351780340268109   0
0.0979193666671716   0.0885747822413355   0.00460447139047958   0.0321477500864808   0
0.0931280006857766   0.0571121966712619   -0.00479136598139504   -0.0314625855700736   0
0.0909422265826497   0.0493794355550782   -0.00218577410312688   -0.00773276111618366   0
0.0569091943301783   0.0909315896856912   -0.0340330322524714   0.0415521541306129   0
0.0962355910880169   0.0399175415174798   0.0393263967578386   -0.0510140481682113   0
0.071850255956677   0.0450070481403469   -0.0243853351313399   0.00508950662286705   0
0.080247186640405   0.0850710772296372   0.00839693068372802   0.0400640290892904   0
0.08041220162494   0.0848841625337289   0.000165014984534945   -0.000186914695908341   0
0.0559517962472162   0.0879616649589361   -0.0244604053777238   0.0030775024252072   0
0.0793958016424672   0.0748271860688722   0.023444005395251   -0.0131344788900639   0
0.102980427048008   0.0928987848345613   0.0235846254055403   0.0180715987656891   0
0.0518256349087052   0.0825453059260239   -0.0511547921393024   -0.0103534789085374   0
0.0751592233608757   0.0891512240209052   0.0233335884521705   0.00660591809488127   0
0.0967411095267157   0.103036018995598   0.02158188616584   0.0138847949746928   0
0.0613351050634952   0.10454371298558   -0.0354060044632204   0.00150769398998153   0
0.0758742058566019   0.0952870149137175   0.0145391007931066   -0.00925669807186198   0
0.102815576712627   0.101421789588925   0.0269413708560247   0.00613477467520712   0
0.0898932415553583   0.117729816657676   -0.0129223351572683   0.0163080270687513   0
0.0828866470110261   0.10032081002309   -0.00700659454433221   -0.0174090066345861   0
0.113622608873542   0.128684009427405   0.0307359618625163   0.0283631994043153   0
0.0916181778732256   0.120361213960894   -0.0220044310003168   -0.00832279546651161   0
0.0773937774355277   0.101923006438635   -0.0142244004376979   -0.0184382075222587   0
0.117146944704077   0.109915456145894   0.039753167268549   0.00799244970725942   0
0.0936225249059755   0.130477926027978   -0.0235244197981012   0.0205624698820838   0
0.105167436517061   0.0745844740738138   0.0115449116110853   -0.0558934519541642   0
0.103000964277477   0.130401240444877   -0.00216647223958419   0.0558167663710627   0
0.0925937729876043   0.115517620375908   -0.0104071912898722   -0.0148836200689681   0
0.120979879029614   0.132719740527031   0.0283861060420095   0.0172021201511228   0
0.0880446543313675   0.126838765166293   -0.0329352246982463   -0.00588097536073837   0
0.105441139570758   0.132670473592705   0.0173964852393901   0.00583170842641162   0
0.141259925876025   0.156925078809324   0.0358187863052671   0.0242546052166193   0
0.108255292552235   0.136916486027761   -0.0330046333237897   -0.0200085927815631   0
0.152309793239995   0.142489428570377   0.0440545006877599   0.00557294254261601   0
0.13332041013787   0.160317426467969   -0.0189893831021244   0.0178279978975918   0
0.124194457478142   0.152297020713842   -0.00912595265972857   -0.00802040575412624   0
0.150564348753946   0.164262783189079   0.0263698912758045   0.0119657624752371   0
0.131271012636338   0.163452202141023   -0.0192933361176084   -0.000810581048055897   0
0.137022974008047   0.157656946491298   0.00575196137170933   -0.00579525564972549   0
0.168520977654445   0.18102120603468   0.0314980036463978   0.0233642595433818   0
0.158573450996218   0.159625015790328   -0.00994752665822699   -0.0213961902443517   0
0.161455397545112   0.167092376813883   0.00288194654889337   0.00746736102355439   0
0.147314165204335   0.184139033415141   -0.0141412323407769   0.0170466566012587   0
0.181322358348357   0.164884914978152   0.0340081931440224   -0.0192541184369889   0
0.123443728043712   0.144767724509825   -0.0578786303046447   -0.0201171904683276   0
0.132738600072473   0.14723950510224   0.00929487202876096   0.0024717805924151   0
0.167714604390792   0.169602685960423   0.0349760043183191   0.0223631808581836   0
0.151311994238692   0.147421030108708   -0.0164026101521002   -0.0221816558517157   0
0.166807205327138   0.141784204946426   0.015495211088446   -0.00563682516228214   0
0.13910982163001   0.124037056161909   -0.0276973836971277   -0.0177471487845168   0
0.240638121052256   0.139438118000504   0.101528299422245   0.0154010618385954   0
0.171376275761174   0.131822530010285   -0.0692618452910814   -0.00761558799021905   0
0.194664251504302   0.137736735103829   0.0232879757431275   0.00591420509354446   0
0.177298024078048   0.146750662793299   -0.0173662274262539   0.00901392768946935   0
0.169381903531782   0.129898512932452   -0.00791612054626548   -0.0168521498608465   0
0.176141350622958   0.132830152319428   0.00675944709117621   0.00293163938697583   0
0.154618009538222   0.118807574581221   -0.0215233410847368   -0.0140225777382068   0
0.179956523856986   0.124137074097709   0.0253385143187644   0.00532949951648715   0
0.210412665291327   0.148540906306319   0.0304561414343409   0.0244038322086099   0
0.193000503517504   0.124126253627395   -0.0174121617738232   -0.0244146526789231   0
0.217606409379159   0.13339402978297   0.0246059058616548   0.00926777615557495   0
0.215414053227175   0.137554593256859   -0.00219235615198413   0.00416056347388888   0
0.186547913599634   0.121079949422107   -0.0288661396275408   -0.0164746438347522   0
0.269735987207862   0.153230692463194   0.0831880736082285   0.0321507430410872   0
0.200462167657541   0.148981032571969   -0.0692738195503214   -0.00424965989122553   0
0.221676585480943   0.14815001733196   0.0212144178234026   -0.000831015240008864   0
0.229202978708306   0.17321116605479   0.0075263932273622   0.0250611487228301   0
0.217651094936851   0.155328727895422   -0.0115518837714549   -0.017882438159368   0
0.217457421099419   0.148664344783147   -0.000193673837431796   -0.00666438311227452   0
0.151885598100017   0.140788804903444   -0.0655718229994015   -0.00787553987970338   0
0.324212981964017   0.198473325075034   0.172327383864   0.0576845201715898   0
0.24951354229388   0.194806382973974   -0.0746994396701367   -0.00366694210106003   0
0.27197594937972   0.203282445625299   0.0224624070858397   0.00847606265132497   0
0.277316212728358   0.222871786650761   0.00534026334863824   0.0195893410254628   0
0.225050407170838   0.187558122409595   -0.0522658055575201   -0.0353136642411667   0
0.284644433773085   0.187795264309493   0.0595940266022466   0.000237141899898791   0
0.211281119228032   0.172307453042055   -0.0733633145450524   -0.0154878112674384   0
0.206007370257377   0.167049920349607   -0.00527374897065533   -0.00525753269244816   0
0.247107710193349   0.190480630251635   0.0411003399359717   0.0234307099020279   0
0.179250097214172   0.166234170207   -0.067857612979177   -0.0242464600446343   0
0.224579252955388   0.162485187686109   0.045329155741216   -0.0037489825208917   0
0.266222069515752   0.199120931772152   0.0416428165603645   0.0366357440860432   0
0.195025881362475   0.203522727702344   -0.0711961881532776   0.0044017959301921   0
0.234128342001219   0.209085454676198   0.0391024606387449   0.00556272697385407   0
0.245368363747244   0.222213626252982   0.0112400217460248   0.0131281715767839   0
0.202246074711575   0.194195428403323   -0.0431222890356692   -0.0280181978496594   0
0.269123400368678   0.221013835724146   0.0668773256571034   0.0268184073208239   0
0.265378321671157   0.226102292738265   -0.00374507869752161   0.00508845701411831   0
0.25852782737309   0.207541742274295   -0.00685049429806733   -0.0185605504639696   0
0.332817143332491   0.22983314832504   0.0742893159594017   0.0222914060507451   0
0.283372233597436   0.206842943653512   -0.0494449097350549   -0.0229902046715282   0
0.278458181560535   0.202875506156485   -0.0049140520369011   -0.00396743749702708   0
0.349801597670737   0.236135662021856   0.0713434161102016   0.0332601558653705   0
0.284498162988797   0.204447397182625   -0.0653034346819399   -0.0316882648392306   0
0.276034040482329   0.197281004757807   -0.00846412250646794   -0.00716639242481762   0
0.305893087710396   0.211116460069437   0.0298590472280671   0.0138354553116292   0
0.297591852996684   0.22604528301482   -0.00830123471371197   0.0149288229453833   0
0.286951696956753   0.197634208325634   -0.0106401560399314   -0.0284110746891861   0
0.333745701744607   0.228714043288229   0.0467940047878542   0.0310798349625955   0
0.325813110277963   0.231811633617685   -0.00793259146664393   0.00309759032945611   0
0.329908800153921   0.23993637889501   0.00409568987595849   0.00812474527732504   0
0.300678739118415   0.216378865317872   -0.0292300610355061   -0.023557513577138   0
0.329320725872211   0.224061461065374   0.0286419867537959   0.00768259574750127   0
0.277452918033475   0.21278925751668   -0.0518678078387365   -0.0112722035486936   0
0.279664137404584   0.209563944123268   0.0022112193711093   -0.00322531339341256   0
0.341034521336536   0.225154942025486   0.0613703839319517   0.0155909979022185   0
0.304971989620768   0.230969899914469   -0.0360625317157673   0.00581495788898329   0
0.305452869052248   0.22295112096713   0.000480879431480064   -0.00801877894733902   0
0.340331545918462   0.22472697152823   0.0348786768662133   0.00177585056109986   0
0.344971563425161   0.239475353066344   0.00464001750669946   0.0147483815381135   0
0.319830627249002   0.226442391968134   -0.0251409361761593   -0.0130329610982098   0
0.386986640520057   0.26711175390134   0.0671560132710554   0.0406693619332061   0
0.376079196155544   0.275271409382177   -0.0109074443645135   0.00815965548083686   0
0.293183633011804   0.243234013636046   -0.08289556314374   -0.0320373957461312   0
0.30004133410082   0.24055847646986   0.00685770108901645   -0.00267553716618596   0
0.30562798482796   0.268494509489487   0.00558665072714026   0.0279360330196269   0
0.327651283362358   0.262862723668648   0.0220232985343972   -0.00563178582083856   0
0.374534548669412   0.267471030734639   0.0468832653070542   0.00460830706599064   0
0.294824601066465   0.241238743621381   -0.0797099476029473   -0.0262322871132574   0
0.315764208611426   0.239828427865026   0.0209396075449612   -0.00141031575635517   0
0.315199165688934   0.243207937046476   -0.000565042922491876   0.00337950918144969   0
0.242118554487776   0.238751861064794   -0.0730806112011582   -0.00445607598168218   0
0.360025149978442   0.23378814904931   0.117906595490667   -0.00496371201548332   0
0.274101505518594   0.230352805994745   -0.0859236444598481   -0.00343534305456555   0
0.319649701105757   0.221059347075197   0.045548195587163   -0.00929345891954744   0
0.367494915258701   0.235836314753798   0.0478452141529439   0.0147769676786008   0
0.278987333380926   0.221388636421684   -0.0885075818777752   -0.0144476783321142   0
0.341420564556399   0.212538796091702   0.0624332311754726   -0.00884984032998204   0
0.258343462767863   0.21654775107549   -0.0830771017885361   0.0040089549837885   0
0.284393408359354   0.201241607962519   0.0260499455914909   -0.0153061431129718   0
0.368467343895344   0.211486647995357   0.0840739355359909   0.0102450400328385   0
0.264669711900381   0.201246284206225   -0.103797631994964   -0.0102403637891325   0
0.295866528909585   0.200964199033491   0.0311968170092046   -0.000282085172733731   0
0.45038619441698   0.212041126155578   0.154519665507395   0.0110769271220869   1
0.589542957305267   0.163333022750675   0.139156762888287   -0.0487081034049028   0
0.446432719529169   0.169327230049969   -0.143110237776098   0.0059942072992937   0
0.289544233106515   0.187970816280373   -0.156888486422654   0.0186435862304043   0
0.407422963913425   0.172238378968278   0.11787873080691   -0.0157324373120954   0
0.341579178211378   0.193132459355153   -0.0658437857020475   0.0208940803868759   0
0.24097504405718   0.245352680791733   -0.100604134154197   0.0522202214365794   0
