0.177447588837775   0.151682168155159   0   0   0
0.175173659650217   0.134167182337932   -0.002273929187558   -0.0175149858172268   0
0.18051924199334   0.148624068280511   0.00534558234312305   0.0144568859425786   0
0.198045388399957   0.0995245150829684   0.0175261464066176   -0.0490995531975427   0
0.23384346373399   0.0928896673411526   0.035798075334033   -0.00663484774181573   0
0.125677360067794   0.061596131707052   -0.108166103666196   -0.0312935356341006   0
0.125521512924478   0.0689399043266126   -0.000155847143315818   0.00734377261956058   0
0.135583449361934   0.0419580144549584   0.0100619364374551   -0.0269818898716542   0
0.075896837978008   0.056541403591837   -0.0596866113839255   0.0145833891368786   0
0.0947745474168038   0.0455077681905244   0.0188777094387958   -0.0110336354013127   0
0.0938239469409596   0.0327140872119336   -0.000950600475844235   -0.0127936809785907   0
0.0474500241649211   0.0694952914986195   -0.0463739227760385   0.0367812042866859   0
0.104751780012943   0.044362752515906   0.0573017558480218   -0.0251325389827135   0
0.0906733206246468   0.0232545785668651   -0.0140784593882962   -0.0211081739490409   0
0.0706824131432989   0.0193775515910686   -0.0199909074813479   -0.00387702697579647   0
0.0827105387856348   0.0438235963387431   0.0120281256423359   0.0244460447476745   0
0.089346690345306   0.0204216396053916   0.00663615155967122   -0.0234019567333515   0
0.0578261309763155   0.0392741261673955   -0.0315205593689905   0.0188524865620039   0
0.0919470722446566   0.0521590096135126   0.0341209412683411   0.0128848834461171   0
0.0602469992621209   0.0423616294468237   -0.0317000729825357   -0.00979738016668891   0
0.0427626449780647   0.0490107724000806   -0.0174843542840563   0.00664914295325689   0
0.0768151341823992   0.0250683626047355   0.0340524892043346   -0.0239424097953451   0
0.048648070983853   0.045707389794321   -0.0281670631985462   0.0206390271895855   0
0.0726142978117946   0.0217221087278607   0.0239662268279416   -0.0239852810664603   0
0.0673455572353515   0.0318157067692201   -0.00526874057644315   0.0100935980413595   0
0.0756200945808645   0.0483054132964412   0.00827453734551309   0.0164897065272211   0
0.0690075938833546   0.0197435951957743   -0.00661250069750995   -0.028561818100667   0
0.0704372874149055   0.0526867815098341   0.00142969353155087   0.0329431863140599   0
0.0513531045059605   0.0608906099756974   -0.019084182908945   0.00820382846586327   0
0.0676290550032277   0.0530699936693043   0.0162759504972672   -0.00782061630639307   0
0.0484991000264953   0.047835766840958   -0.0191299549767324   -0.00523422682834629   0
0.0542294483148225   0.0567934133594293   0.00573034828832713   0.00895764651847125   0
0.0989804045222589   0.0368563072408241   0.0447509562074364   -0.0199371061186052   0
0.0651345792802103   0.0516023504593095   -0.0338458252420486   0.0147460432184854   0
0.0703869937102019   0.0448645488992701   0.00525241442999161   -0.00673780156003938   0
0.0605028596658042   0.0651624661048253   -0.00988413404439767   0.0202979172055551   0
0.0736312120729382   0.0315735632181106   0.013128352407134   -0.0335889028867147   0
0.0769664214907384   0.0548608116342166   0.00333520941780023   0.0232872484161061   0
0.0246543889636328   0.0771474120807367   -0.0523120325271056   0.0222866004465201   0
0.074158615076672   0.0504504558317861   0.0495042261130391   -0.0266969562489506   0
0.11917379163843   0.0818657576176084   0.0450151765617583   0.0314153017858222   0
0.0483025337176012   0.0891412324598022   -0.0708712579208291   0.00727547484219389   0
0.0604179930437978   0.0821625595432007   0.0121154593261966   -0.00697867291660155   0
0.0990418565704925   0.0889449111710164   0.0386238635266946   0.00678235162781574   0
0.0782191279559546   0.105086642487782   -0.0208227286145378   0.016141731316766   0
0.139550862646599   0.0919809903293746   0.0613317346906446   -0.0131056521584079   0
0.0894199439336662   0.107712974644446   -0.050130918712933   0.0157319843150711   0
0.0718322130000879   0.0946291159001948   -0.0175877309335782   -0.0130838587442509   0
0.14784373162921   0.119553840011028   0.0760115186291225   0.0249247241108333   0
0.0807237911034287   0.113938544098299   -0.0671199405257817   -0.0056152959127292   0
0.0982242810223114   0.10194820018648   0.0175004899188826   -0.0119903439118194   0
0.153910803513853   0.12453119857627   0.055686522491542   0.0225829983897909   0
0.116660822723098   0.118964721714843   -0.0372499807907559   -0.00556647686142757   0
0.114002316353704   0.0977762214113176   -0.0026585063693936   -0.0211885003035253   0
0.0918747262395399   0.0762119698668949   -0.0221275901141641   -0.0215642515444227   0
0.207835429015604   0.0615757416165246   0.115960702776064   -0.0146362282503703   0
0.143534143641888   0.0352633029542398   -0.0643012853737161   -0.0263124386622848   0
0.0913266865341122   0.0681949841501741   -0.0522074571077753   0.0329316811959343   0
0.069405894730491   0.0745925775407647   -0.0219207918036212   0.00639759339059061   0
0.0939055547959225   0.0662341053911427   0.0244996600654315   -0.00835847214962201   0
0.14090825652264   0.0922787973654566   0.0470027017267171   0.0260446919743139   0
0.0750008028557695   0.0897759364184106   -0.0659074536668701   -0.00250286094704602   0
0.12695426340793   0.0833641168417353   0.0519534605521602   -0.00641181957667526   0
0.14644925340752   0.11846128444475   0.0194949899995902   0.0350971676030148   0
0.0441375693110144   0.109095932871441   -0.102311684096506   -0.00936535157330895   0
0.125780288586805   0.118651001085642   0.0816427192757909   0.00955506821420074   0
0.0954536032234975   0.1122477377851   -0.0303266853633077   -0.00640326330054222   0
0.0534485734666511   0.111149610900848   -0.0420050297568464   -0.0010981268842513   0
0.162044634604111   0.13892161502817   0.10859606113746   0.0277720041273214   0
0.0679368308332086   0.117851383290153   -0.0941078037709029   -0.021070231738017   0
0.145765528237818   0.126811493467243   0.077828697404609   0.00896011017708978   0
0.175452360563316   0.150899184339926   0.0296868323254988   0.0240876908726836   0
0.0855929549066394   0.125848632380938   -0.0898594056566771   -0.025050551958988   0
0.159544365669898   0.134273161792082   0.0739514107632582   0.00842452941114341   0
0.119825811775594   0.145175131560695   -0.039718553894304   0.0109019697686132   0
0.107705205180994   0.127644105021579   -0.0121206065945997   -0.0175310265391152   0
0.180919195529828   0.160789360427711   0.0732139903488337   0.033145255406132   0
0.121409040954041   0.153443051728068   -0.0595101545757866   -0.00734630869964362   0
0.158912316414588   0.150468066125341   0.0375032754605466   -0.0029749856027268   0
0.174414321156148   0.168607069047008   0.0155020047415606   0.0181390029216669   0
0.124240053037899   0.145439009159862   -0.050174268118249   -0.0231680598871457   0
0.189802041760988   0.153626206791525   0.0655619887230893   0.00818719763166303   0
0.203528219116195   0.198016338221938   0.0137261773552068   0.0443901314304128   0
0.209523857480264   0.199760406455365   0.0059956383640688   0.00174406823342652   0
0.164419776807323   0.194906526716629   -0.0451040806729408   -0.00485387973873566   0
0.145319074444892   0.177834075294395   -0.0191007023624315   -0.0170724514222342   0
0.216701985291529   0.20424506978016   0.0713829108466371   0.0264109944857653   0
0.205431932781664   0.204359769493539   -0.0112700525098652   0.000114699713379129   0
0.177166242778612   0.183086712749048   -0.0282656900030519   -0.021273056744491   0
0.234346551924623   0.211132990250819   0.0571803091460112   0.0280462775017709   0
0.200589039359806   0.209333624507633   -0.0337575125648164   -0.00179936574318662   0
0.152708713227831   0.192420913310514   -0.0478803261319752   -0.0169127111971182   0
0.23625605726857   0.237839256896864   0.0835473440407391   0.0454183435863496   0
0.169539268945251   0.225681760442116   -0.0667167883233198   -0.0121574964547484   0
0.191312457597225   0.169387423055853   0.0217731886519745   -0.0562943373862627   0
0.10926742904187   0.174359164011538   -0.0820450285553554   0.00497174095568531   0
0.168908501959019   0.14854458005216   0.0596410729171497   -0.0258145839593785   0
0.173800837451521   0.187166955810508   0.00489233549250168   0.0386223757583478   0
0.150065257547941   0.183711373497233   -0.0237355799035795   -0.00345558231327417   0
0.24074624548898   0.206594754996957   0.0906809879410381   0.0228833814997231   0
0.217320882916507   0.23263532253186   -0.0234253625724729   0.0260405675349034   0
0.179989011378389   0.208641338367598   -0.0373318715381172   -0.023993984164262   0
0.277507945887122   0.246093757708439   0.0975189345087329   0.0374524193408413   0
0.195481869198041   0.230693351941755   -0.0820260766890813   -0.0154004057666841   0
0.192070384329391   0.218341780105326   -0.00341148486864992   -0.0123515718364292   0
0.281135009253935   0.2848077287748   0.0890646249245437   0.066465948669474   0
0.194419961344739   0.245210732109771   -0.0867150479091953   -0.0395969966650287   0
0.291456990065155   0.340200621815261   0.0970370287204158   0.0949898897054894   0
0.32748690809014   0.399283599418684   0.0360299180249851   0.0590829776034233   0
0.222540671614786   0.319240536094197   -0.104946236475354   -0.0800430633244874   0
0.31535835118709   0.364764040649915   0.0928176795723041   0.045523504555718   0
0.270537353285808   0.350616941136705   -0.0448209979012822   -0.014147099513209   0
0.261892886545168   0.335267492269982   -0.00864446674064029   -0.0153494488667235   0
0.311242930083898   0.377018711301893   0.0493500435387301   0.0417512190319108   0
0.245213330350554   0.340532490041439   -0.0660295997333435   -0.0364862212604541   0
0.322833852824096   0.368838636672543   0.0776205224735417   0.028306146631104   0
0.302739076835631   0.385006632751635   -0.020094775988465   0.0161679960790925   0
0.263172952814323   0.348096287437833   -0.0395661240213077   -0.0369103453138022   0
0.338170440656542   0.395056389872576   0.0749974878422191   0.0469601024347426   0
0.271738293928717   0.36414446289642   -0.0664321467278249   -0.0309119269761552   0
0.282354746237707   0.3488178901055   0.0106164523089897   -0.0153265727909207   0
0.366350031937436   0.410664436089032   0.0839952856997284   0.061846545983532   0
0.272885597214309   0.353918220097751   -0.0934644347231267   -0.0567462159912809   0
0.303724424575239   0.359614499543334   0.0308388273609301   0.0056962794455831   0
0.320889079896917   0.389334930227677   0.0171646553216781   0.0297204306843429   0
0.247753919096671   0.350717545702436   -0.0731351608002456   -0.0386173845252412   0
0.318738205863621   0.366892475670901   0.0709842867669495   0.0161749299684651   0
0.315144995457646   0.398585267400179   -0.00359321040597449   0.0316927917292787   0
0.259626765909372   0.355078440018276   -0.0555182295482741   -0.0435068273819033   0
0.347173433542027   0.419765683939612   0.0875466676326544   0.0646872439213355   0
0.270008361600081   0.390114459111044   -0.0771650719419459   -0.0296512248285675   0
0.272248594671561   0.363986417179144   0.00224023307148041   -0.0261280419319   0
0.323721355592367   0.403900595444724   0.0514727609208063   0.0399141782655797   0
0.221732689299616   0.355092545257574   -0.101988666292752   -0.0488080501871495   0
0.330788998006645   0.394634715707453   0.109056308707029   0.039542170449879   0
0.270937959411301   0.393201249229326   -0.0598510385953433   -0.00143346647812748   0
0.285774942012067   0.381791814861519   0.0148369826007652   -0.0114094343678068   0
0.332908147929726   0.426537612584755   0.047133205917659   0.0447457977232359   0
0.223910397458805   0.365023955711475   -0.108997750470921   -0.0615136568732805   0
0.365751626602658   0.443813053982195   0.141841229143853   0.0787890982707202   0
0.273519290762553   0.414385002988166   -0.0922323358401048   -0.0294280509940286   0
0.295491180039286   0.402537273956093   0.0219718892767334   -0.0118477290320734   0
0.335841154938894   0.421074454814419   0.0403499748996073   0.0185371808583261   0
0.347404689961204   0.444796082864949   0.0115635350223098   0.0237216280505301   0
0.253973950493136   0.381740171391239   -0.0934307394680673   -0.06305591147371   0
0.362175905256051   0.44588238375898   0.108201954762915   0.0641422123677407   0
0.291950385607024   0.410530922025784   -0.070225519649027   -0.035351461733196   0
0.302758028303528   0.40457116100663   0.0108076426965043   -0.00595976101915374   0
0.381332107240198   0.47348072366914   0.07857407893667   0.0689095626625101   0
0.292155937671991   0.418719862318475   -0.0891761695682077   -0.0547608613506652   0
0.352039495893572   0.432690112922924   0.059883558221581   0.013970250604449   0
0.348027530221389   0.462139792847262   -0.00401196567218237   0.0294496799243379   0
0.314817376802806   0.434917426225841   -0.0332101534185831   -0.0272223666214205   0
0.330140363781831   0.436588612509537   0.0153229869790253   0.00167118628369572   0
0.280334887614795   0.430325493487223   -0.049805476167036   -0.00626311902231352   0
0.210618250793444   0.356309749259577   -0.0697166368213516   -0.0740157442276465   0
0.243080381808652   0.346800764347633   0.0324621310152081   -0.00950898491194385   0
0.244897612676482   0.370318165466143   0.0018172308678297   0.0235174011185105   0
0.213583493426495   0.323998816477391   -0.0313141192499867   -0.0463193489887527   0
0.277913585022395   0.366413512206496   0.0643300915959001   0.0424146957291052   0
0.263105629892254   0.368214970179205   -0.0148079551301406   0.00180145797270864   0
0.224030621152556   0.360212306869513   -0.0390750087396986   -0.00800266330969185   0
0.300521688212348   0.405080025414868   0.0764910670597927   0.0448677185453551   0
0.345161520098924   0.451828519489488   0.0446398318865756   0.04674849407462   0
0.484471473070397   0.427522985498526   0.139309952971472   -0.0243055339909622   0
