0.0657638205409327   0.176207615245603   0   0   0
0.0447516878925522   0.166518983926428   -0.0210121326483805   -0.00968863131917502   0
0.0990178784530349   0.170018250268934   0.0542661905604828   0.00349926634250627   0
0.0312275872860088   0.157131010450325   -0.0677902911670261   -0.0128872398186098   0
0.1488381650676   0.178015034481529   0.117610577781591   0.0208840240312046   0
0.182696431610828   0.206450684489063   0.0338582665432286   0.0284356500075335   0
0.195161687939641   0.186395607802035   0.0124652563288133   -0.0200550766870278   0
0.11870707929694   0.132468474837799   -0.0764546086427015   -0.0539271329642362   0
0.0978352292896582   0.119195890219598   -0.0208718500072818   -0.0132725846182005   0
0.0787086450441475   0.11410850792006   -0.0191265842455108   -0.00508738229953772   0
0.0879971391039504   0.100112875299796   0.00928849405980296   -0.0139956326202645   0
0.109907553730669   0.101507948446181   0.0219104146267191   0.00139507314638483   0
0.0755697907073984   0.06915386033198   -0.034337763023271   -0.0323540881142008   0
0.0854483949097349   0.0835621923811241   0.00987860420233642   0.0144083320491441   0
0.0776542655484172   0.0613378301963397   -0.00779412936131763   -0.0222243621847844   0
0.0699490973126888   0.041105493330454   -0.00770516823572848   -0.0202323368658857   0
0.102870319190571   0.0307448039479844   0.0329212218778824   -0.0103606893824696   0
0.069398456986521   0.0257061412653669   -0.0334718622040502   -0.00503866268261753   0
0.0792772061027002   0.0211844206265412   0.0098787491161792   -0.0045217206388257   0
0.0629777018497023   0.0296407751747909   -0.0162995042529978   0.00845635454824967   0
0.0410446346558232   0.0499189473798777   -0.0219330671938792   0.0202781722050868   0
0.0457240969169912   0.0816215544965299   0.00467946226116799   0.0317026071166522   0
0.0642981163399053   0.0352785771016916   0.0185740194229142   -0.0463429773948383   0
0.0902891327468594   0.0200758892829185   0.0259910164069541   -0.0152026878187732   0
0.0709832636869424   0.0420702316593244   -0.019305869059917   0.021994342376406   0
0.0935199599589842   0.0345684291495144   0.0225366962720417   -0.00750180250980999   0
0.066235965651676   0.0443513306368312   -0.0272839943073082   0.00978290148731677   0
0.0700668312028595   0.0250572397275523   0.00383086555118348   -0.0192940909092789   0
0.0541412065526804   0.0434343016063917   -0.0159256246501791   0.0183770618788394   0
0.0449804588881661   0.0622824427076564   -0.00916074766451428   0.0188481411012647   0
0.0620229919614493   0.0544167209030919   0.0170425330732832   -0.00786572180456448   0
0.0510470315773601   0.0708261130862763   -0.0109759603840892   0.0164093921831844   0
0.0637046754511786   0.0934439905051578   0.0126576438738185   0.0226178774188815   0
0.0801697619743254   0.0983929831948524   0.0164650865231468   0.00494899268969458   0
0.120750709155185   0.0817040262983563   0.0405809471808592   -0.016688956896496   0
0.0951047520293303   0.0956675172878705   -0.0256459571258544   0.0139634909895142   0
0.0397188170020206   0.0982715034573604   -0.0553859350273097   0.00260398616948991   0
0.0392816734698778   0.115660652484434   -0.000437143532142803   0.0173891490270736   0
0.033989330809682   0.121428973149286   -0.00529234266019576   0.00576832066485194   0
0.047180430542122   0.129193242152129   0.01319109973244   0.00776426900284291   0
0.0358477162597229   0.113882399358121   -0.0113327142823991   -0.0153108427940081   0
0.091775696039093   0.144773959248433   0.0559279797793702   0.0308915598903126   0
0.0662929439175845   0.140525048986871   -0.0254827521215086   -0.00424891026156227   0
0.0930937608909426   0.146026514262256   0.0268008169733581   0.00550146527538545   0
0.0512230468417303   0.0979902452773872   -0.0418707140492123   -0.0480362689848693   0
0.0630088740954796   0.0913671515746359   0.0117858272537493   -0.00662309370275123   0
0.0711263677751254   0.0984670542164357   0.00811749367964583   0.0070999026417998   0
0.0712754297286239   0.111961859423154   0.000149061953498439   0.0134948052067178   0
0.0976786192528846   0.109899737789724   0.0264031895242607   -0.00206212163342995   0
0.0860642708683481   0.113230311218728   -0.0116143483845365   0.00333057342900439   0
0.0858788881229258   0.0923109809011907   -0.000185382745422388   -0.0209193303175373   0
0.0937713899773705   0.117545700946738   0.00789250185444473   0.0252347200455474   0
0.130417658899629   0.10946019248591   0.0366462689222586   -0.00808550846082802   0
0.122830801730836   0.124754323608202   -0.00758685716879287   0.0152941311222919   0
0.116708515203819   0.109939610676157   -0.00612228652701746   -0.0148147129320449   0
0.0997693146527027   0.0938988583084081   -0.016939200551116   -0.016040752367749   0
0.108794627790622   0.104983262894806   0.00902531313791938   0.0110844045863981   0
0.123683021694894   0.144836467818545   0.0148883939042718   0.039853204923739   0
0.150208876023523   0.145510644035892   0.0265258543286287   0.000674176217346473   0
0.135192239081428   0.165370191491877   -0.0150166369420946   0.019859547455985   0
0.155957591695339   0.156382356576757   0.0207653526139107   -0.0089878349151197   0
0.119923273355508   0.167645770173482   -0.0360343183398303   0.0112634135967251   0
0.1295845525736   0.119590074722612   0.00966127921809115   -0.0480556954508699   0
0.0915505746424652   0.102313645010087   -0.0380339779311344   -0.0172764297125258   0
0.120599243309152   0.10156549501307   0.0290486686666866   -0.000748149997016265   0
0.080521772285883   0.134123450263638   -0.0400774710232688   0.0325579552505675   0
0.100965394732255   0.149171220534291   0.0204436224463722   0.015047770270653   0
0.0911310849437013   0.144513649331992   -0.00983430978855389   -0.00465757120229854   0
0.0916531601894883   0.167743761539468   0.000522075245786999   0.0232301122074761   0
0.0798029104844554   0.169333840466259   -0.0118502497050329   0.00159007892679083   0
0.113764091834374   0.174761729789455   0.0339611813499191   0.00542788932319591   0
0.0736591611522287   0.182399083583505   -0.0401049306821458   0.00763735379405014   0
0.0614464870936704   0.15790411835956   -0.0122126740585583   -0.024494965223945   0
0.0942054987312636   0.173449696087223   0.0327590116375932   0.0155455777276627   0
0.0654023072083852   0.165175537882157   -0.0288031915228783   -0.00827415820506558   0
0.0574124006394089   0.175100753478276   -0.00798990656897632   0.00992521559611872   0
0.0810784386555859   0.172063991341884   0.0236660380161769   -0.00303676213639187   0
0.0775475538295052   0.19055345120375   -0.0035308848260807   0.018489459861866   0
0.0871617871090881   0.178843819383876   0.00961423327958297   -0.0117096318198741   0
0.0751597525422676   0.185826557589302   -0.0120020345668205   0.00698273820542544   0
0.0791909769935944   0.179507758838643   0.00403122445132682   -0.00631879875065833   0
0.0689284214043815   0.186735003837684   -0.0102625555892129   0.00722724499904115   0
0.0691361166904361   0.200408908970535   0.000207695286054591   0.0136739051328501   0
0.0701452084597373   0.215431324613924   0.00100909176930118   0.0150224156433897   0
0.101311752840428   0.201100253163466   0.0311665443806909   -0.0143310714504585   0
0.0892389375296457   0.218370841707799   -0.0120728153107825   0.0172705885443331   0
0.064372282211834   0.199454027374236   -0.0248666553178117   -0.0189168143335627   0
0.0655702867031249   0.194358796570988   0.0011980044912909   -0.00509523080324856   0
0.0761149495262265   0.188995905983437   0.0105446628231015   -0.00536289058755093   0
0.0887478940217738   0.21573090863599   0.0126329444955474   0.0267350026525538   0
0.0856288136861652   0.207902983865071   -0.00311908033560859   -0.00782792477091926   0
0.087719409894846   0.227769223975832   0.00209059620868071   0.0198662401107604   0
0.135907915893262   0.22521386626993   0.0481885059984161   -0.00255535770590135   0
0.125940771342802   0.213910969063066   -0.00996714455045983   -0.0113028972068641   0
0.144453251234024   0.240134212011741   0.0185124798912215   0.0262232429486754   0
0.124391954147766   0.252044957447079   -0.0200612970862575   0.0119107454353378   0
0.174833791047869   0.263389405153757   0.050441836900103   0.0113444477066778   0
0.177484828839679   0.286118914149781   0.00265103779180931   0.0227295089960243   0
0.232140856104241   0.294910049614285   0.0546560272645626   0.0087911354645035   0
0.189305599206812   0.297535790590813   -0.0428352568974295   0.0026257409765279   0
0.231671987046881   0.313041138027017   0.0423663878400689   0.0155053474362043   0
0.1924272797325   0.330696314582957   -0.0392447073143801   0.0176551765559398   0
0.214278380838595   0.321165976434693   0.0218511011060946   -0.00953033814826365   0
0.278018844756538   0.3598993642402   0.063740463917943   0.0387333878055065   0
0.268860302685038   0.367415002843175   -0.00915854207150057   0.00751563860297483   0
0.295487086120934   0.380841528588336   0.0266267834358961   0.0134265257451609   0
0.274882962422192   0.387250291386269   -0.020604123698742   0.00640876279793318   0
0.32469417548735   0.40048249633567   0.0498112130651583   0.0132322049494014   0
0.328934565672506   0.399672661510016   0.00424039018515587   -0.000809834825653888   0
0.437040026468103   0.456957732797302   0.108105460795597   0.0572850712872854   0
0.368191306010462   0.439505036129565   -0.0688487204576403   -0.0174526966677369   0
0.45370008998659   0.412667809581448   0.0855087839761277   -0.0268372265481169   0
0.438455133793927   0.427337597067588   -0.0152449561926636   0.01466978748614   0
0.493461417948769   0.436115395898264   0.0550062841548427   0.00877779883067675   0
0.450730536180366   0.436293750685533   -0.0427308817684035   0.000178354787268409   0
0.534351010193908   0.474573181889   0.0836204740135422   0.0382794312034673   0
0.487314285618727   0.482605684808519   -0.0470367245751813   0.00803250291951912   0
0.557295967870072   0.516664822511171   0.069981682251345   0.0340591377026519   0
0.541745449997653   0.513525699614196   -0.0155505178724185   -0.00313912289697471   0
0.535893698352845   0.534204875102708   -0.00585175164480845   0.0206791754885116   0
0.474365624177174   0.508326557342325   -0.0615280741756707   -0.0258783177603831   0
0.554089619429285   0.523565095449936   0.0797239952521109   0.0152385381076106   0
0.435926360822158   0.500214863809043   -0.118163258607127   -0.0233502316408921   0
0.583860023884972   0.538466739321474   0.147933663062814   0.0382518755124304   0
0.555459193023214   0.549874458176819   -0.028400830861758   0.011407718855345   0
0.627051800456741   0.613038742748164   0.0715926074335267   0.0631642845713456   0
0.613831544735198   0.616748635279804   -0.0132202557215422   0.00370989253163911   0
0.674199649288814   0.625335781397882   0.0603681045536157   0.00858714611807876   0
0.664835821588308   0.633841128949124   -0.00936382770050648   0.00850534755124166   0
0.616477568787616   0.621212411725852   -0.0483582528006915   -0.0126287172232715   0
0.620428958833032   0.627788802431996   0.00395139004541578   0.0065763907061438   0
0.639180765266204   0.631621939762624   0.018751806433172   0.00383313733062796   0
0.634587077105806   0.643422325798927   -0.00459368816039807   0.0118003860363024   0
0.688534316070376   0.659359447774315   0.0539472389645698   0.0159371219753888   0
0.710579139296961   0.685072621132424   0.0220448232265854   0.025713173358109   0
0.660536720996532   0.628874089343209   -0.0500424183004292   -0.0561985317892155   0
0.699645153971783   0.593642094349365   0.0391084329752512   -0.0352319949938441   0
0.712713278823048   0.639774854887639   0.013068124851265   0.0461327605382746   0
0.702087549177765   0.653484244823469   -0.0106257296452834   0.01370938993583   0
0.751499335761975   0.663768439394718   0.0494117865842106   0.0102841945712491   0
0.757347791272253   0.677480918436268   0.00584845551027757   0.01371247904155   0
0.793579829197605   0.660156158268633   0.0362320379253523   -0.0173247601676357   0
0.750178805440336   0.653715942055301   -0.043401023757269   -0.00644021621333146   0
0.738492156731851   0.675441359212071   -0.0116866487084857   0.0217254171567698   0
0.704580203405184   0.657276263509112   -0.0339119533266669   -0.0181650957029587   0
0.811950544719677   0.703943176462774   0.107370341314493   0.0466669129536614   0
0.83045678699526   0.717952195341027   0.0185062422755828   0.014009018878253   0
0.899502265143174   0.731025520889832   0.0690454781479138   0.0130733255488051   0
0.888231506564978   0.739535285305069   -0.0112707585781959   0.00850976441523699   0
0.896780305749078   0.752296135228176   0.00854879918410045   0.0127608499231071   0
0.754060264906333   0.723271267841638   -0.142720040842745   -0.0290248673865383   0
0.938371212882455   0.760854903097825   0.184310947976122   0.0375836352561868   0
0.909010666655788   0.772868117570844   -0.0293605462266673   0.0120132144730195   0
0.961748833077763   0.772812232282202   0.0527381664219756   -5.5885288642199e-05   0
0.953468305677457   0.779677593632939   -0.00828052740030671   0.00686536135073679   0
0.916471813443561   0.804467606682519   -0.0369964922338953   0.0247900130495803   0
0.880459925354641   0.791587953992638   -0.0360118880889204   -0.0128796526898813   0
0.959236464345281   0.74560924524596   0.07877653899064   -0.0459787087466776   0
0.839668094651839   0.633469438728499   -0.119568369693442   -0.112139806517461   0
0.784747951533007   0.640016948598629   -0.0549201431188325   0.00654750987012975   0
0.832516399182959   0.618940512321661   0.0477684476499523   -0.0210764362769681   0
0.813095085511284   0.606382279045158   -0.0194213136716745   -0.012558233276503   0
0.49561015990954   0.758743300116219   -0.317484925601744   0.152361021071061   0
0.662059589880888   0.898160668139197   0.166449429971348   0.139417368022979   0
0.704888999799571   0.936483031532072   0.042829409918683   0.0383223633928745   0
0.782322103534369   0.920010292832776   0.0774331037347978   -0.0164727386992963   0
0.65355262040356   0.837787657972621   -0.128769483130809   -0.0822226348601544   0
0.688500748381649   0.82661109956814   0.0349481279780883   -0.0111765584044811   0
0.708294728946249   0.837108361077137   0.0197939805646002   0.0104972615089965   0
0.708584516193241   0.798930774774167   0.000289787246992579   -0.0381775863029703   0
0.733598980005534   0.792264145359677   0.0250144638122928   -0.00666662941448926   0
0.789771662966512   0.811221014420238   0.056172682960978   0.0189568690605608   0
0.874311665195135   0.838544620230939   0.0845400022286229   0.0273236058107009   0
0.847464541451883   0.848116742332387   -0.0268471237432523   0.00957212210144776   0
0.935059987673129   0.865460228480344   0.0875954462212464   0.0173434861479577   0
0.949266231572371   0.855260292031613   0.0142062438992419   -0.0101999364487314   0
0.946299258364414   0.849277247106326   -0.00296697320795691   -0.00598304492528678   0
0.947316476548492   0.85695421869199   0.00101721818407807   0.00767697158566416   0
0.967714008703403   0.854086313091511   0.0203975321549109   -0.00286790560047978   0
0.998214979888822   0.86478455474196   0.0305009711854185   0.0106982416504494   0
0.991854353786885   0.863367267386974   -0.00636062610193622   -0.00141728735498636   0
1.03352281167278   0.865551270662952   0.0416684578858952   0.0021840032759779   0
1.02629397429591   0.862006795021507   -0.00722883737687274   -0.00354447564144467   0
1.04554706338453   0.861625007305382   0.01925308908862   -0.000381787716124626   0
1.03311395375006   0.873066847381831   -0.0124331096344634   0.0114418400764491   0
1.09452465326506   0.856696203526664   0.0614106995150001   -0.016370643855167   0
1.03042336603566   0.852437092939708   -0.0641012872294091   -0.0042591105869566   0
1.10663834842443   0.838429593034054   0.0762149823887792   -0.0140074999056534   0
1.11184193165085   0.827953323538229   0.0052035832264139   -0.010476269495825   0
1.15047840610678   0.827551294590402   0.0386364744559329   -0.000402028947827593   0
1.10536436489082   0.845563752593203   -0.0451140412159641   0.0180124580028015   0
1.11814379001093   0.825508798438575   0.0127794251201101   -0.0200549541546282   0
1.07209258376486   0.829115506913844   -0.046051206246069   0.00360670847526867   0
1.08623325005296   0.825158293106541   0.0141406662880987   -0.00395721380730274   0
1.18129630077251   0.805354607542075   0.09506305071955   -0.0198036855644658   0
1.18954382353457   0.812140229271553   0.00824752276206508   0.0067856217294775   0
1.24859164354894   0.830762411812487   0.0590478200143703   0.0186221825409342   0
1.31409184708257   0.819873419973626   0.065500203533631   -0.0108889918388607   0
1.26651733618216   0.813774513797434   -0.0475745109004113   -0.00609890617619213   0
1.35725986147486   0.810224176524621   0.0907425252926992   -0.00355033727281318   0
1.37488345697845   0.81744099876199   0.0176235955035837   0.00721682223736941   0
1.40437421296827   0.880631061939959   0.0294907559898254   0.0631900631779687   0
1.41631238472424   0.870460381227227   0.0119381717559646   -0.0101706807127318   0
1.46515854390439   0.870927109080031   0.0488461591801577   0.000466727852803661   0
1.45736057853663   0.950002534905697   -0.00779796536776645   0.079075425825666   0
1.48877234734921   0.916380157744317   0.0314117688125881   -0.0336223771613796   0
1.64434239808966   1.89748339272706   0.155570050740441   0.981103234982744   1
1.7374873880946   2.6692471569761   0.0931449900049484   0.77176376424904   1
1.77587797840043   2.68538047098079   0.0383905903058293   0.0161333140046871   0
1.67989785231293   2.69920321168118   -0.0959801260875011   0.0138227407003915   0
1.66540748625583   2.55965198932882   -0.014490366057103   -0.139551222352357   0
1.79792895506025   2.54997096786414   0.13252146880442   -0.00968102146467897   0
1.81206425733151   2.49802643027451   0.014135302271264   -0.0519445375896366   0
1.83135897480703   2.51418864042657   0.0192947174755149   0.0161622101520615   0
1.75005513901705   2.5430002867725   -0.0813038357899745   0.0288116463459271   0
1.81961525570364   2.53687363326398   0.0695601166865905   -0.0061266535085136   0
1.72830200178817   2.45328907306599   -0.0913132539154731   -0.0835845601979894   0
1.82840471608088   2.45292974217057   0.10010271429271   -0.000359330895418619   0
1.78914152187462   2.32304651613996   -0.0392631942062593   -0.129883226030616   0
1.74411496281827   2.15862334111929   -0.045026559056357   -0.16442317502067   0
1.80312567066784   2.10862703023199   0.0590107078495781   -0.0499963108872938   0
1.77253666906865   2.07184671452789   -0.0305890015991894   -0.0367803157041076   0
1.82034560903611   2.06584904006198   0.0478089399674542   -0.00599767446590782   0
1.78772286326328   1.99444932350386   -0.0326227457728312   -0.0713997165581204   0
1.91695853637172   1.90335779360293   0.129235673108446   -0.0910915299009323   0
1.86779278341213   1.86694479846546   -0.0491657529595912   -0.0364129951374632   0
1.91551618932214   1.85759401546032   0.0477234059100071   -0.00935078300514203   0
1.77193769882246   1.83175452083576   -0.143578490499675   -0.0258394946245601   0
1.88768517040311   1.85072509518303   0.115747471580644   0.0189705743472728   0
1.860563765749   1.83942785732962   -0.0271214046541106   -0.01129723785341   0
1.91795728961145   1.85405895052322   0.0573935238624503   0.0146310931935922   0
1.88202513738491   1.83681240267814   -0.0359321522265377   -0.0172465478450736   0
1.9100727479954   1.84160331178901   0.0280476106104877   0.00479090911086733   0
1.89342082090544   1.82704591501972   -0.0166519270899552   -0.0145573967692885   0
1.85567380688513   1.81887890740622   -0.03774701402031   -0.00816700761349987   0
1.8010673085402   1.77127458790273   -0.0546064983449299   -0.0476043195034876   0
1.83913865515921   1.8032334813354   0.038071346619003   0.0319588934326702   0
1.76139647717828   1.78156892588534   -0.0777421779809297   -0.0216645554500625   0
1.83523244610289   1.80217345236668   0.0738359689246177   0.0206045264813419   0
1.77092583110139   1.84574558778722   -0.0643066150015004   0.0435721354205394   0
1.83554468138258   1.82597965802607   0.0646188502811886   -0.0197659297611539   0
1.84470355056249   1.80714909557845   0.00915886917990361   -0.0188305624476217   0
1.86256518070503   1.80351214117732   0.0178616301425443   -0.0036369544011281   0
1.85777699070521   1.80283924353705   -0.00478818999982411   -0.000672897640267234   0
1.8367782205384   1.80546251589143   -0.020998770166806   0.00262327235437487   0
