0.23238409251926   0.207819059210771   0   0   0
0.196362069264917   0.185461894243373   -0.0360220232543432   -0.0223571649673983   0
0.168615214141548   0.149361476498368   -0.0277468551233691   -0.0361004177450049   0
0.118090777865632   0.182296598181789   -0.0505244362759159   0.0329351216834208   0
0.167492652029096   0.203234250804681   0.0494018741634647   0.0209376526228924   0
0.181520559887909   0.158800208383183   0.0140279078588126   -0.0444340424214976   0
0.143968351792933   0.129106940044726   -0.0375522080949765   -0.0296932683384574   0
0.189638644712231   0.318171448152172   0.0456702929192979   0.189064508107445   0
0.233390866797825   0.281082652517373   0.0437522220855943   -0.0370887956347982   0
0.231040580551643   0.238768017236967   -0.0023502862461823   -0.0423146352804066   0
0.221071993308627   0.221572991891098   -0.00996858724301553   -0.017195025345869   0
0.206153110277823   0.185427449590642   -0.0149188830308043   -0.036145542300456   0
0.183967342387718   0.167680077829486   -0.0221857678901043   -0.0177473717611557   0
0.184112529439498   0.121829022825392   0.000145187051779599   -0.0458510550040936   0
0.152864976322054   0.15124244568795   -0.0312475531174441   0.0294134228625575   0
0.162360273923096   0.118678367674874   0.00949529760104253   -0.0325640780130763   0
0.148444441640939   0.0663560820618954   -0.0139158322821579   -0.0523222856129782   0
0.0794571561256128   0.052812544155654   -0.0689872855153258   -0.0135435379062415   0
0.0873564998065971   0.0448667855644841   0.00789934368098434   -0.00794575859116985   0
0.100969787885832   0.0240180664835348   0.0136132880792354   -0.0208487190809493   0
0.0573652493568188   0.0268539950507369   -0.0436045385290137   0.00283592856720202   0
0.0741661193078079   0.0307636679523938   0.0168008699509891   0.00390967290165692   0
0.1164305227817   0.0196547461534946   0.0422644034738923   -0.0111089217988992   0
0.0954686324808835   0.0312860364707244   -0.0209618903008167   0.0116312903172299   0
0.110355354140975   0.018320303858015   0.0148867216600915   -0.0129657326127094   0
0.1348746443341   0.021676917569041   0.0245192901931251   0.00335661371102601   0
0.0943360894593368   0.0366293761127937   -0.0405385548747633   0.0149524585437526   0
0.111427539264582   0.0466356938515983   0.0170914498052453   0.0100063177388046   0
0.11418364703389   0.0347948305400745   0.00275610776930794   -0.0118408633115238   0
0.0992730414520981   0.0484506852922123   -0.014910605581792   0.0136558547521378   0
0.131205678095614   0.0275579356285812   0.0319326366435163   -0.0208927496636311   0
0.136356033602661   0.0257550315376918   0.00515035550704648   -0.00180290409088938   0
0.116342153488972   0.0531900830951833   -0.0200138801136886   0.0274350515574914   0
0.143108439735503   0.0435128268803867   0.0267662862465303   -0.00967725621479659   0
0.134897484476917   0.0551467630789197   -0.00821095525858589   0.011633936198533   0
0.132681414708655   0.0643476075529425   -0.00221606976826211   0.00920084447402279   0
0.157744276276637   0.0521655359455838   0.0250628615679824   -0.0121820716073586   0
0.129678450025322   0.058254614485335   -0.0280658262513148   0.00608907853975114   0
0.151400714448248   0.0584518841829329   0.021722264422926   0.000197269697597903   0
0.137572152601062   0.0604543673207836   -0.0138285618471858   0.00200248313785068   0
0.185284156108638   0.0640755356997895   0.0477120035075752   0.00362116837900595   0
0.102412939456057   0.0617807371434859   -0.0828712166525806   -0.00229479855630361   0
0.137041320139913   0.0630957802369937   0.0346283806838555   0.00131504309350776   0
0.152254902076386   0.0758402168032404   0.0152135819364738   0.0127444365662467   0
0.1525165246035   0.0735747333952696   0.000261622527113592   -0.00226548340797074   0
0.175426539213769   0.0597333071250873   0.022910014610269   -0.0138414262701823   0
0.171708214514798   0.0781753671784789   -0.00371832469897057   0.0184420600533917   0
0.180939334434611   0.0903841972048903   0.00923111991981262   0.0122088300264114   0
0.190813764836948   0.0852926238740637   0.00987443040233682   -0.0050915733308266   0
0.181919368090509   0.09518183649468   -0.0088943967464391   0.00988921262061633   0
0.18055078879476   0.0964774539835085   -0.00136857929574877   0.00129561748882848   0
0.188440240726046   0.0916117444785465   0.00788945193128562   -0.00486570950496197   0
0.175101088096791   0.0923860050126777   -0.013339152629255   0.000774260534131141   0
0.180448292880759   0.0929806551262277   0.00534720478396794   0.00059465011355006   0
0.203758643064386   0.0890447751376239   0.0233103501836278   -0.00393587998860384   0
0.202425190981582   0.107421723635876   -0.00133345208280425   0.018376948498252   0
0.211603044057145   0.103459357829343   0.00917785307556276   -0.00396236580653309   0
0.207480283030099   0.10698953160194   -0.00412276102704581   0.00353017377259709   0
0.219656199217436   0.105778689112233   0.0121759161873371   -0.00121084248970661   0
0.223188936018074   0.128649638213726   0.00353273680063798   0.0228709491014924   0
0.24053750169961   0.136282535307069   0.0173485656815361   0.0076328970933433   0
0.256395146463345   0.130110308561245   0.0158576447637345   -0.00617222674582349   0
0.237634689057743   0.138493754949962   -0.0187604574056021   0.00838344638871608   0
0.267243561630884   0.145743065726126   0.0296088725731413   0.00724931077616486   0
0.266288129713549   0.130716718129664   -0.000955431917334715   -0.0150263475964625   0
0.258956207259915   0.14057572118916   -0.00733192245363423   0.0098590030594963   0
0.285344019693352   0.144170753762127   0.026387812433437   0.00359503257296728   0
0.263916601759609   0.144649278710058   -0.021427417933743   0.000478524947930409   0
0.274684361257153   0.138926551837077   0.0107677594975438   -0.00572272687298103   0
0.285215703713873   0.157932382837055   0.0105313424567207   0.0190058309999778   0
0.247734626923408   0.14413007813882   -0.0374810767904657   -0.0138023046982342   0
0.261836992006401   0.152519865412313   0.0141023650829931   0.00838978727349229   0
0.263573503067531   0.148591225913881   0.00173651106113065   -0.00392863949843184   0
0.244608759294286   0.169366650029131   -0.0189647437732454   0.0207754241152497   0
0.176528744160519   0.31438895482243   -0.068080015133767   0.1450223047933   0
0.173460130148256   0.384671729111005   -0.00306861401226277   0.0702827742885744   0
0.171689568307483   0.23324369785484   -0.0017705618407729   -0.151428031256164   0
0.137443636428537   0.177881739949608   -0.0342459318789459   -0.0553619579052322   0
0.100859029153418   0.178163896689256   -0.0365846072751196   0.000282156739648237   0
0.171048137806788   0.162587042157177   0.0701891086533703   -0.0155768545320797   0
0.131141486286911   0.15910156872028   -0.0399066515198774   -0.00348547343689626   0
0.187235290629785   0.158362057778181   0.0560938043428741   -0.000739510942099147   0
0.160246227233374   0.162380837692167   -0.0269890633964113   0.00401877991398614   0
0.170082102392462   0.171107685010054   0.00983587515908863   0.00872684731788709   0
0.198179840427552   0.180070233057132   0.0280977380350898   0.00896254804707802   0
0.141013731525728   0.181584285196297   -0.0571661089018244   0.0015140521391642   0
0.15233450504088   0.191103221179681   0.0113207735151527   0.00951893598338413   0
0.16538744488848   0.182118010346314   0.0130529398475996   -0.00898521083336712   0
0.138072385376295   0.187641928227675   -0.0273150595121854   0.0055239178813615   0
0.181617928955266   0.191245227413   0.0435455435789713   0.00360329918532462   0
0.159624209961021   0.198339646288885   -0.0219937189942452   0.00709441887588519   0
0.189372425323752   0.212141121025604   0.0297482153627313   0.0138014747367191   0
0.209582994128818   0.223495694355059   0.0202105688050657   0.011354573329455   0
0.198006721080775   0.226285286343368   -0.0115762730480422   0.00278959198830878   0
0.238167307792232   0.244185517988373   0.040160586711457   0.0179002316450051   0
0.245546325295249   0.244331804031424   0.00737901750301603   0.000146286043050614   0
0.184199633757101   0.24036222518836   -0.0613466915381479   -0.00396957884306334   0
0.231488456370939   0.22509062988161   0.0472888226138381   -0.0152715953067501   0
0.188803012578711   0.237631972125622   -0.0426854437922277   0.0125413422440121   0
0.219155526931652   0.245790719446443   0.0303525143529409   0.00815874732082061   0
0.205261984963339   0.237095554142317   -0.0138935419683129   -0.00869516530412556   0
0.200539167859648   0.232088562366982   -0.00472281710369116   -0.00500699177533526   0
0.196996819877885   0.226228002869014   -0.00354234798176248   -0.00586055949796827   0
0.207483535686112   0.231142019563968   0.0104867158082264   0.00491401669495473   0
0.233347628558766   0.252215639585455   0.0258640928726546   0.0210736200214862   0
0.225222589821714   0.242843645359519   -0.00812503873705245   -0.00937199422593535   0
0.22290796468148   0.251253979057546   -0.00231462514023376   0.00841033369802716   0
0.229495934413336   0.246075127045075   0.00658796973185535   -0.00517885201247106   0
0.225831382057528   0.269171441168658   -0.00366455235580784   0.023096314123583   0
0.349412066209798   0.26615180581437   0.12358068415227   -0.00301963535428862   0
0.242540457936985   0.299794862622344   -0.106871608272812   0.033643056807974   0
0.337467041232177   0.467011815360704   0.0949265832951919   0.16721695273836   0
0.320663213969673   0.386335343223992   -0.0168038272625046   -0.0806764721367112   0
0.337937272041262   0.363122846420464   0.0172740580715895   -0.0232124968035283   0
0.329841954766764   0.367563997579333   -0.00809531727449814   0.00444115115886895   0
0.30492078879873   0.371765242028151   -0.0249211659680335   0.00420124444881831   0
0.305717917653202   0.370512060717327   0.000797128854471529   -0.00125318131082475   0
0.285387008312992   0.361199053442143   -0.0203309093402095   -0.0093130072751838   0
0.294595491906937   0.371298665854727   0.00920848359394422   0.0100996124125838   0
0.292682236988667   0.374087301293966   -0.0019132549182701   0.0027886354392393   0
0.265672441517162   0.386615914415202   -0.0270097954715043   0.0125286131212357   0
0.264786373590561   0.390878315381018   -0.000886067926601508   0.00426240096581626   0
0.281739841655454   0.392927187504517   0.0169534680648927   0.00204887212349925   0
0.26964587826275   0.419220079576659   -0.0120939633927031   0.0262928920721415   0
0.287602564939884   0.396654049848858   0.0179566866771332   -0.022566029727801   0
0.346844940884252   0.427344145293346   0.059242375944368   0.0306900954444879   0
0.266841357617335   0.430084427418617   -0.0800035832669166   0.00274028212527183   0
0.316816270514694   0.465707933290276   0.0499749128973593   0.0356235058716585   0
0.333912808880717   0.49015673266543   0.0170965383660223   0.0244487993751544   0
0.368401991996515   0.526417764104708   0.034489183115798   0.0362610314392778   0
0.346721844488129   0.538717342429451   -0.021680147508386   0.0122995783247425   0
0.360155459128471   0.554103772663794   0.0134336146403428   0.0153864302343438   0
0.352588075213896   0.556809749207258   -0.00756738391457534   0.00270597654346405   0
0.379787130115069   0.555842917409901   0.0271990549011726   -0.000966831797357459   0
0.404745290073893   0.582411838851598   0.0249581599588247   0.0265689214416972   0
0.389613076005529   0.558140819505929   -0.0151322140683645   -0.0242710193456691   0
0.376257060792073   0.583416143064708   -0.0133560152134555   0.025275323558779   0
0.357394894346925   0.58312239013028   -0.018862166445148   -0.000293752934428571   0
0.369062502973412   0.601643735248694   0.011667608626487   0.018521345118414   0
0.343801466046033   0.593741997863129   -0.0252610369273793   -0.00790173738556443   0
0.352935455144422   0.601277489160163   0.00913398909838847   0.00753549129703401   0
0.347746851973328   0.601277489160163   -0.00518860317109304   0   0
0.338914902972251   0.614040513338697   -0.00883194900107798   0.0127630241785335   0
0.356747655473726   0.629507700284317   0.017832752501475   0.0154671869456208   0
0.327142697504331   0.627346027740871   -0.0296049579693948   -0.00216167254344601   0
0.356058678296148   0.642667428382869   0.0289159807918175   0.0153214006419977   0
0.340618425208385   0.616393605941042   -0.0154402530877634   -0.0262738224418275   0
0.368083304523704   0.615089394942922   0.0274648793153195   -0.00130421099811939   0
0.354330599739974   0.596148194200486   -0.0137527047837298   -0.0189412007424365   0
0.363784521924298   0.615876521855843   0.00945392218432339   0.0197283276553569   0
0.383137138202498   0.624697054303924   0.0193526162782001   0.00882053244808156   0
0.367409591745901   0.625503591827017   -0.0157275464565965   0.000806537523093342   0
0.400894616075098   0.622807023631317   0.0334850243291963   -0.0026965681957003   0
0.384327163735495   0.617672336208487   -0.0165674523396028   -0.0051346874228303   0
0.407637994202012   0.628915507565404   0.0233108304665175   0.0112431713569175   0
0.418650157212439   0.626403678084867   0.0110121630104266   -0.00251182948053708   0
0.400495351127888   0.651368501845345   -0.0181548060845514   0.0249648237604781   0
0.410234691000603   0.661289642600162   0.00973933987271514   0.00992114075481643   0
0.433318543542323   0.66240910725095   0.0230838525417201   0.00111946465078772   0
0.420974987249421   0.69913893656769   -0.0123435562929021   0.03672982931674   0
0.442072490728172   0.702168707562684   0.0210975034787515   0.00302977099499446   0
0.42664533806887   0.709763307056303   -0.0154271526593028   0.00759459949361918   0
0.422991148016563   0.713015217459102   -0.00365419005230644   0.00325191040279837   0
0.425530260191787   0.737849301862684   0.00253911217522401   0.0248340844035823   0
0.415108592086215   0.760355258722033   -0.0104216681055717   0.0225059568593494   0
0.46470690533045   0.791762827704263   0.0495983132442349   0.0314075689822295   0
0.460352987397019   0.792913839896398   -0.00435391793343115   0.00115101219213476   0
0.439374272910749   0.803990637769651   -0.0209787144862706   0.0110767978732534   0
0.466897119867161   0.849697161830172   0.0275228469564123   0.0457065240605214   0
0.444851252610589   0.852873753061964   -0.022045867256572   0.0031765912317917   0
0.466692202143109   0.86183232827868   0.0218409495325205   0.00895857521671573   0
0.432351129328235   0.831573245631586   -0.0343410728148746   -0.030259082647094   0
0.461269052497227   0.837769974432272   0.0289179231689927   0.00619672880068634   0
0.472448832252224   0.835925315921973   0.0111797797549965   -0.00184465851029936   0
0.475964801375784   0.825915052210123   0.00351596912356056   -0.01001026371185   0
0.505637317698526   0.852606362503236   0.0296725163227414   0.0266913102931136   0
0.515328022945929   0.86506346079175   0.00969070524740323   0.0124570982885139   0
0.538475106265137   0.902208720914401   0.0231470833192075   0.0371452601226511   0
0.574984578623253   0.958578703065116   0.0365094723581165   0.0563699821507145   0
0.538091243775756   0.966923355525271   -0.0368933348474971   0.00834465246015537   0
0.538764268208221   0.970405892461113   0.000673024432465197   0.00348253693584211   0
0.570954505721086   0.974827867212591   0.0321902375128653   0.00442197475147788   0
0.579858780614867   0.994501064400888   0.00890427489378032   0.019673197188297   0
0.641217387539515   0.884368031787813   0.0613586069246478   -0.110133032613075   0
0.540655556884242   0.698114352736892   -0.100561830655272   -0.18625367905092   0
0.572435220751737   0.693286084744242   0.0317796638674949   -0.00482826799265057   0
0.610213278668803   0.724674273267288   0.0377780579170657   0.0313881885230465   1
0.55822834592722   0.570965813844183   -0.0519849327415827   -0.153708459423106   1
0.742457679727942   0.572650836321095   0.184229333800722   0.00168502247691271   0
