0.0440753725704049   0.122337620174877   0   0   0
0.106749123346096   0.107447332978488   0.062673750775691   -0.0148902871963895   0
0.0521466246134877   0.107864809444508   -0.0546024987326082   0.000417476466020236   0
0.0477319169649617   0.0914614546246669   -0.00441470764852598   -0.016403354819841   0
0.0405811312735673   0.083601649966149   -0.00715078569139444   -0.0078598046585179   0
0.0574973784228464   0.0795239486949057   0.0169162471492791   -0.00407770127124325   0
0.0578799586747434   0.0701350331033108   0.000382580251896997   -0.00938891559159497   0
0.0539123090368062   0.0835210151937972   -0.00396764963793714   0.0133859820904864   0
0.0654805160924225   0.0699559884210246   0.0115682070556162   -0.0135650267727726   0
0.0707698300303879   0.064333914043488   0.00528931393796547   -0.00562207437753662   0
0.0664214010367893   0.0680600907789212   -0.00434842899359861   0.00372617673543327   0
0.0588513024116714   0.0567355517227514   -0.00757009862511794   -0.0113245390561698   0
0.0695690200385919   0.0633513491258276   0.0107177176269205   0.0066157974030762   0
0.0601325833100491   0.0447806399094969   -0.00943643672854277   -0.0185707092163307   0
0.0627044216480784   0.0680615169453708   0.00257183833802923   0.0232808770358739   0
0.0613883477028011   0.0618887515196843   -0.00131607394527731   -0.00617276542568651   0
0.0789033773875998   0.0522868299544685   0.0175150296847988   -0.00960192156521585   0
0.0578766381827763   0.0484283902537603   -0.0210267392048235   -0.00385843970070814   0
0.0682605678928911   0.0470662680596999   0.0103839297101148   -0.00136212219406043   0
0.0646552852142808   0.0492619422475044   -0.00360528267861031   0.00219567418780453   0
0.0477789008013998   0.0427867343189455   -0.0168763844128811   -0.00647520792855895   0
0.0694203302662124   0.027868357560569   0.0216414294648126   -0.0149183767583764   0
0.0595237311566572   0.0408621434222512   -0.00989659910955519   0.0129937858616821   0
0.0397038333286598   0.0303485762315669   -0.0198198978279973   -0.0105135671906843   0
0.067947499197395   0.04088361071628   0.0282436658687352   0.0105350344847131   0
0.0773521820520275   0.0311961288812334   0.00940468285463242   -0.00968748183504659   0
0.0508962501870226   0.0584392039846457   -0.0264559318650048   0.0272430751034123   0
0.06428663541888   0.0403337815494791   0.0133903852318574   -0.0181054224351666   0
0.0691808969208264   0.0428489141140417   0.00489426150194633   0.00251513256456264   0
0.0453695710172578   0.0579956305244981   -0.0238113259035685   0.0151467164104564   0
0.0551698082334387   0.0566618581791466   0.00980023721618088   -0.00133377234535151   0
0.0609438149901604   0.04335122099382   0.00577400675672172   -0.0133106371853266   0
0.0475180209371139   0.0532339920343111   -0.0134257940530465   0.00988277104049107   0
0.0526805882668597   0.0510230556217667   0.00516256732974579   -0.00221093641254441   0
0.0814451530362612   0.0413284963799749   0.0287645647694014   -0.00969455924179181   0
0.0615906537535526   0.0646632655275969   -0.0198544992827086   0.023334769147622   0
0.0852054674439381   0.038228935282911   0.0236148136903855   -0.0264343302446859   0
0.0461398837559221   0.0475994988746373   -0.0390655836880161   0.00937056359172628   0
0.0863872095313305   0.02988561183584   0.0402473257754084   -0.0177138870387973   0
0.0747293585636194   0.0468078981561071   -0.0116578509677111   0.0169222863202671   0
0.0681636872098803   0.0683461823721706   -0.00656567135373913   0.0215382842160634   0
0.0536913022480215   0.0624889735232745   -0.0144723849618588   -0.00585720884889609   0
0.0547769769653273   0.0486827078948678   0.00108567471730581   -0.0138062656284067   0
0.0695923824113212   0.0834126782783199   0.0148154054459938   0.0347299703834521   0
0.0357352222622163   0.0825893510103603   -0.0338571601491048   -0.000823327267959612   0
0.0725507965432496   0.0586200566548259   0.0368155742810333   -0.0239692943555344   0
0.0724768612801355   0.0667629945556294   -7.39352631141665e-05   0.00814293790080348   0
0.0317383265032689   0.0703934402510276   -0.0407385347768666   0.00363044569539825   0
0.0699045715498636   0.0658608104368789   0.0381662450465947   -0.00453262981414872   0
0.0814701753785396   0.0606698669070775   0.011565603828676   -0.00519094352980139   0
0.0700401329468327   0.0520526383464614   -0.0114300424317069   -0.00861722856061617   0
0.0765950328666788   0.0747033884256993   0.00655489991984606   0.0226507500792379   0
0.0637955008242744   0.0708391724613225   -0.0127995320424043   -0.00386421596437674   0
0.0501541776543602   0.066960204050615   -0.0136413231699143   -0.00387896841070752   0
0.0795288659811643   0.071322450064303   0.0293746883268042   0.00436224601368801   0
0.0385071210416982   0.0815301147960218   -0.0410217449394661   0.0102076647317188   0
0.0653902303904612   0.0821172578549371   0.026883109348763   0.000587143058915232   0
0.0757086812086963   0.070653824471291   0.010318450818235   -0.0114634333836461   0
0.0578855321752336   0.0720242304275617   -0.0178231490334627   0.00137040595627065   0
0.0764956974514907   0.0726110141939825   0.0186101652762571   0.000586783766420795   0
0.0840440614999656   0.0751429524646357   0.00754836404847491   0.00253193827065323   0
0.0972725311446659   0.0864348722152558   0.0132284696447003   0.0112919197506201   0
0.11707462028591   0.0739779907524961   0.0198020891412441   -0.0124568814627597   0
0.12865029639243   0.0993811171238661   0.0115756761065197   0.02540312637137   0
0.125929218245965   0.113577134675967   -0.00272107814646419   0.0141960175521008   0
0.133921208030179   0.115210553474565   0.00799198978421364   0.00163341879859806   0
0.126238772961347   0.112414265203057   -0.00768243506883259   -0.00279628827150805   0
0.126331719946942   0.114768073495594   9.29469855951437e-05   0.00235380829253674   0
0.138399862077199   0.110693297577315   0.0120681421302569   -0.00407477591827876   0
0.129137171676787   0.107793868496786   -0.00926269040041147   -0.00289942908052845   0
0.11291122671875   0.110297377649063   -0.0162259449580374   0.0025035091522764   0
0.135767587639245   0.115968805500704   0.022856360920495   0.00567142785164063   0
0.12519977433518   0.10642079562407   -0.0105678133040647   -0.00954800987663389   0
0.137936643692856   0.11632670049159   0.0127368693576763   0.00990590486751999   0
0.130523427153826   0.097328917781459   -0.00741321653903079   -0.0189977827101307   0
0.143776487099734   0.125764562961472   0.0132530599459085   0.0284356451800128   0
0.119668029102096   0.111675118586416   -0.0241084579976385   -0.0140894443750561   0
0.123885031846596   0.114163945442902   0.00421700274450036   0.00248882685648678   0
0.144537731498664   0.120859852479059   0.0206526996520684   0.00669590703615697   0
0.127029722037836   0.111771047847329   -0.0175080094608279   -0.00908880463172999   0
0.163695487249496   0.114746486993339   0.0366657652116598   0.00297543914600952   0
0.154644164544576   0.114121763113637   -0.00905132270492001   -0.000624723879702277   0
0.126584831469651   0.114262478985404   -0.0280593330749251   0.000140715871767824   0
0.141275602176871   0.1358286111576   0.0146907707072201   0.0215661321721955   0
0.14038267805203   0.125815445152066   -0.000892924124840933   -0.0100131660055341   0
0.138307730307456   0.128418120518689   -0.00207494774457426   0.00260267536662298   0
0.147562892605411   0.134415256669249   0.00925516229795503   0.0059971361505598   0
0.120800836774006   0.136477724629562   -0.0267620558314053   0.00206246796031315   0
0.141993750414687   0.147036368534123   0.0211929136406808   0.0105586439045614   0
0.12972130671081   0.132957921255458   -0.0122724437038768   -0.0140784472786655   0
0.125574154153609   0.128489609994943   -0.00414715255720069   -0.00446831126051495   0
0.14750454574758   0.143195898636876   0.0219303915939711   0.0147062886419333   0
0.132913501003021   0.152447087186186   -0.0145910447445595   0.00925118854930959   0
0.165149135647273   0.170988804415786   0.0322356346442521   0.0185417172296005   0
0.145806034638008   0.159570277223713   -0.0193431010092648   -0.0114185271920736   0
0.125775435280185   0.15966467577881   -0.0200305993578231   9.43985550973248e-05   0
0.145560330434952   0.173243329432629   0.0197848951547673   0.0135786536538193   0
0.131230005606835   0.167113279171413   -0.0143303248281171   -0.00613005026121657   0
0.119808159438906   0.165761431876176   -0.0114218461679289   -0.00135184729523707   0
0.145789325785155   0.176910452562476   0.0259811663462485   0.0111490206863002   0
0.131829642683654   0.165522743143027   -0.0139596831015004   -0.0113877094194487   0
0.13784860534486   0.173616386131328   0.00601896266120533   0.00809364298830134   0
0.140805325347735   0.176747223884005   0.00295672000287558   0.00313083775267639   0
0.14938704026886   0.175890804175694   0.00858171492112467   -0.000856419708310296   0
0.141204023606447   0.172504053488904   -0.00818301666241314   -0.00338675068679092   0
0.153673983405845   0.163193014175738   0.0124699597993984   -0.00931103931316593   0
0.135533961461694   0.180777517207284   -0.0181400219441511   0.0175845030315468   0
0.134479094592059   0.175739723513389   -0.00105486686963499   -0.00503779369389512   0
0.145310753895918   0.177363505808248   0.0108316593038586   0.00162378229485896   0
0.128316948073979   0.188914218731843   -0.0169938058219393   0.0115507129235944   0
0.148696259264112   0.193589439671977   0.0203793111901334   0.00467522094013426   0
0.125766141174841   0.182330872187248   -0.0229301180892711   -0.0112585674847291   0
0.130340054249835   0.188449581873269   0.00457391307499444   0.00611870968602143   0
0.140858508219348   0.189439408163646   0.0105184539695123   0.000989826290376861   0
0.128374716865783   0.185842069537713   -0.0124837913535643   -0.0035973386259335   0
0.14795035528157   0.195080596723796   0.0195756384157872   0.00923852718608384   0
0.131433412882303   0.183309313001768   -0.0165169423992671   -0.0117712837220288   0
0.124314718841809   0.192722077371723   -0.00711869404049395   0.0094127643699557   0
0.141731924444565   0.200617020898714   0.0174172056027561   0.00789494352699058   0
0.126662010720697   0.199295840058567   -0.0150699137238683   -0.00132118084014668   0
0.138717635108518   0.211226602404361   0.012055624387821   0.0119307623457938   0
0.138528515105483   0.204164579772533   -0.000189120003035281   -0.00706202263182798   0
0.128599428733646   0.202229346016015   -0.00992908637183726   -0.00193523375651833   0
0.147078425468081   0.214522618055912   0.0184789967344358   0.0122932720398968   0
0.137550203121551   0.215257937132664   -0.00952822234653025   0.000735319076752644   0
0.125369297077714   0.217616634615928   -0.0121809060438376   0.00235869748326428   0
0.146255742790798   0.225976517073102   0.0208864457130846   0.0083598824571737   0
0.126584796986565   0.230890370630821   -0.0196709458042326   0.00491385355771928   0
0.127364794456121   0.222432741064535   0.000779997469555704   -0.00845762956628637   0
0.151753105713458   0.225429071859743   0.0243883112573369   0.00299633079520756   0
0.132369721519462   0.229288689871088   -0.0193833841939958   0.00385961801134546   0
0.141711412999271   0.234616343013019   0.00934169147980887   0.00532765314193068   0
0.150068533315016   0.230401070195176   0.00835712031574459   -0.00421527281784259   0
0.132934392378308   0.237290391949091   -0.0171341409367076   0.00688932175391466   0
0.1434091324046   0.234736366182069   0.0104747400262915   -0.0025540257670216   0
0.140659969368296   0.225332906086084   -0.00274916303630357   -0.00940346009598514   0
0.134843658889286   0.235151974891016   -0.00581631047901054   0.00981906880493186   0
0.122780603768266   0.241305970652547   -0.0120630551210193   0.00615399576153153   0
0.125829193011717   0.234912535106609   0.003048589243451   -0.0063934355459383   0
0.107169578327947   0.235969802230948   -0.0186596146837701   0.0010572671243384   0
0.116673066657005   0.229173537765516   0.00950348832905813   -0.0067962644654313   0
0.135640229674164   0.235514781319268   0.0189671630171589   0.00634124355375146   0
0.108397684560234   0.24901114738072   -0.0272425451139301   0.013496366061452   0
0.143171685962344   0.259349694774314   0.0347740014021098   0.0103385473935946   0
0.109159453405099   0.251767551579905   -0.0340122325572447   -0.00758214319440964   0
0.133447627958874   0.249051238793069   0.0242881745537747   -0.00271631278683526   0
0.131252316786067   0.244594565918511   -0.00219531117280716   -0.00445667287455806   0
0.120248321854943   0.250888569490152   -0.0110039949311235   0.00629400357164092   0
0.139751458174718   0.264657866077361   0.019503136319775   0.0137692965872089   0
0.133336056349249   0.248393134307966   -0.00641540182546954   -0.0162647317693957   0
0.136589304517338   0.256858142261444   0.00325324816808906   0.00846500795347802   0
0.152942034638748   0.267001594039928   0.0163527301214103   0.0101434517784844   0
0.153085829206233   0.255732253042122   0.0001437945674852   -0.0112693409978059   0
0.124829585007321   0.258357885404095   -0.0282562441989121   0.00262563236197311   0
0.151668437084879   0.267749484598127   0.0268388520775583   0.00939159919403154   0
0.142820519450323   0.256007775315722   -0.00884791763455667   -0.0117417092824052   0
0.141964130236373   0.269147305106782   -0.000856389213949232   0.0131395297910605   0
0.15258024090966   0.272157610449277   0.0106161106732869   0.00301030534249463   0
0.121484581074884   0.264568114615594   -0.0310956598347766   -0.00758949583368285   0
0.132061890374854   0.28282388734131   0.0105773092999704   0.0182557727257162   0
0.134270798083202   0.278063269054113   0.00220890770834781   -0.00476061828719698   0
0.134952282490886   0.267421255978353   0.000681484407684396   -0.0106420130757596   0
0.150563679762584   0.288276905818971   0.0156113972716978   0.0208556498406179   0
0.124476891231465   0.288122173352365   -0.026086788531119   -0.000154732466606744   0
0.136315504656294   0.291619777988847   0.0118386134248284   0.00349760463648247   0
