0.104527829627234   0.11137930061955   0   0   0
0.126761242088108   0.0596827186754466   0.0222334124608746   -0.051696581944103   0
0.106920236298901   0.068254489953299   -0.019841005789207   0.00857177127785247   0
0.133355363685043   0.0442681370798738   0.0264351273861414   -0.0239863528734252   0
0.109849663264527   0.0460874965032274   -0.0235057004205156   0.00181935942335359   0
0.100178726008969   0.0459580749891409   -0.00967093725555854   -0.000129421514086507   0
0.0981214583870929   0.0324754085859978   -0.00205726762187571   -0.0134826664031431   0
0.0914603606768528   0.0568721595230039   -0.00666109771024009   0.0243967509370061   0
0.100078220520701   0.0515693751279042   0.00861785984384793   -0.00530278439509971   0
0.0984323883502783   0.0539192658604742   -0.00164583217042244   0.00234989073257005   0
0.0885398833534069   0.0443088117904893   -0.00989250499687137   -0.00961045406998496   0
0.110023931215895   0.0412423988071135   0.0214840478624881   -0.00306641298337573   0
0.0522420119498666   0.0826078750474191   -0.0577819192660285   0.0413654762403055   0
0.12756828203523   0.0344310290616618   0.0753262700853635   -0.0481768459857572   0
0.0524394559583955   0.0799516045913558   -0.0751288260768346   0.045520575529694   0
0.113221407287668   0.0539427158151358   0.0607819513292725   -0.02600888877622   0
0.0710241910975408   0.045824054854826   -0.0421972161901272   -0.00811866096030981   0
0.103713845712566   0.047446591046934   0.0326896546150254   0.00162253619210807   0
0.0535436850847978   0.0600953989256457   -0.0501701606277684   0.0126488078787117   0
0.101445774571098   0.0391124861201957   0.0479020894863   -0.02098291280545   0
0.053423291502209   0.0352198807083798   -0.0480224830688888   -0.00389260541181593   0
0.0813191755185085   0.0492830039020614   0.0278958840162995   0.0140631231936817   0
0.0424516915429762   0.0522487211176752   -0.0388674839755323   0.00296571721561382   0
0.134151883482156   0.0798728487345669   0.0917001919391799   0.0276241276168916   0
0.0806386097548811   0.047944926642477   -0.0535132737272751   -0.0319279220920899   0
0.103790452500459   0.0575934080728863   0.0231518427455778   0.00964848143040927   0
0.0801243933454101   0.0383092405540099   -0.0236660591550487   -0.0192841675188763   0
0.100104754081412   0.0662237511608373   0.019980360736002   0.0279145106068274   0
0.0886413586456119   0.056909314979909   -0.0114633954358002   -0.00931443618092827   0
0.0932865410795684   0.0652700224563313   0.00464518243395647   0.00836070747642231   0
0.0862994233155124   0.0487053833225343   -0.00698711776405603   -0.0165646391337971   0
0.100470852676834   0.0609325347037404   0.0141714293613212   0.0122271513812061   0
0.0825219865341958   0.0437798522243395   -0.0179488661426378   -0.0171526824794009   0
0.0962778067238759   0.0890568875668293   0.0137558201896801   0.0452770353424899   0
0.0384554132185574   0.0769407860771028   -0.0578223935053185   -0.0121161014897265   0
0.0955816320618664   0.11240415384164   0.057126218843309   0.0354633677645368   0
0.0391737063565206   0.0799436394849522   -0.0564079257053458   -0.0324605143566875   0
0.0828793196297484   0.100032286946828   0.0437056132732278   0.0200886474618757   0
0.0460775538567316   0.0676110891491986   -0.0368017657730168   -0.0324211977976292   0
0.141179073105648   0.0778679158370763   0.0951015192489167   0.0102568266878777   0
0.142598256382398   0.0384050127625613   0.00141918327674928   -0.039462903074515   0
0.105878978985255   0.0457070337119463   -0.036719277397143   0.00730202094938499   0
0.118263282235696   0.0918055679870916   0.0123843032504418   0.0460985342751453   0
0.0767206407096552   0.0651571155553628   -0.0415426415260413   -0.0266484524317288   0
0.1061786049202   0.0811012040765943   0.0294579642105452   0.0159440885212315   0
0.0678088221503847   0.0604578834471775   -0.0383697827698157   -0.0206433206294168   0
0.134636976527773   0.0946034889615621   0.0668281543773879   0.0341456055143846   0
0.123585605969506   0.094575907009313   -0.0110513705582666   -2.75819522491394e-05   0
0.0987888293908274   0.0892496270788664   -0.0247967765786786   -0.00532627993044654   0
0.106744044230861   0.104996394602351   0.00795521484003357   0.0157467675234841   0
0.0916891315283333   0.0988169996760387   -0.0150549127025277   -0.00617939492631185   0
0.146176615784673   0.131476575526443   0.05448748425634   0.0326595758504048   0
0.119021793617892   0.1058005597596   -0.0271548221667816   -0.0256760157668433   0
0.148807222255541   0.138591744548707   0.0297854286376494   0.0327911847891067   0
0.131530228293613   0.112161060142391   -0.0172769939619279   -0.0264306844063161   0
0.173631295227358   0.139288953068836   0.042101066933745   0.0271278929264456   0
0.156595075584324   0.131324057812202   -0.0170362196430346   -0.00796489525663463   0
0.187671009291393   0.161676945403651   0.0310759337070692   0.0303528875914488   0
0.184077358065419   0.117540876426895   -0.00359365122597391   -0.044136068976756   0
0.194370618839114   0.153887268940006   0.0102932607736949   0.0363463925131115   0
0.17686940297926   0.12874045115896   -0.0175012158598533   -0.0251468177810464   0
0.190124386405348   0.150600397873993   0.0132549834260874   0.0218599467150333   0
0.191512259519294   0.116175580434089   0.0013878731139467   -0.0344248174399044   0
0.209328667213189   0.157490141919129   0.0178164076938945   0.0413145614850404   0
0.1945080863062   0.138015614089533   -0.0148205809069893   -0.0194745278295959   0
0.211465232501823   0.13841727950915   0.0169571461956232   0.00040166541961642   0
0.221941790897456   0.166415766142351   0.0104765583956329   0.0279984866332014   0
0.224572688309376   0.176821565181002   0.00263089741191988   0.010405799038651   0
0.248181033856679   0.187052319983594   0.0236083455473032   0.0102307548025923   0
0.245083027285694   0.190725159572125   -0.00309800657098536   0.00367283958853071   0
0.249373322553255   0.190022679003047   0.00429029526756197   -0.000702480569078207   0
0.243356714175405   0.159849074345302   -0.00601660837785001   -0.0301736046577443   0
0.253043819127933   0.19784180271333   0.00968710495252736   0.0379927283680271   0
0.262592171662847   0.191169877397885   0.00954835253491398   -0.00667192531544419   0
0.315314977295164   0.235706827136684   0.0527228056323175   0.0445369497387984   0
0.25831590540501   0.19462340399888   -0.0569990718901545   -0.0410834231378038   0
0.285571845490553   0.190763081982947   0.0272559400855427   -0.00386032201593306   0
0.27469130997246   0.165878614211025   -0.0108805355180925   -0.024884467771922   0
0.29072304492207   0.212397462498202   0.0160317349496102   0.0465188482871769   0
0.293982349260036   0.194351167448642   0.00325930433796617   -0.0180462950495599   0
0.33391918824807   0.240828412664079   0.0399368389880337   0.0464772452154374   0
0.276091448148073   0.177109854983736   -0.0578277400999972   -0.0637185576803432   0
0.284980221306988   0.188377105377225   0.0088887731589154   0.0112672503934895   0
0.289279460978497   0.208112846441386   0.00429923967150914   0.0197357410641601   0
0.307968028931239   0.218114019906361   0.0186885679527415   0.0100011734649756   0
0.276089056030079   0.215564711874416   -0.0318789729011601   -0.00254930803194509   0
0.277647981904785   0.221430280896923   0.00155892587470652   0.00586556902250651   0
0.277947548910334   0.202572454665318   0.000299567005548618   -0.0188578262316041   0
0.318034587986747   0.202127779329958   0.0400870390764131   -0.000444675335360911   0
0.325221082627772   0.18939620827675   0.00718649464102472   -0.0127315710532077   0
0.335200513266388   0.214971452012383   0.00997943063861628   0.0255752437356337   0
0.298957319167218   0.206764352630863   -0.0362431940991699   -0.00820709938152014   0
0.347041891211205   0.22067089097201   0.048084572043987   0.0139065383411462   0
0.298341545004734   0.167522840999698   -0.0487003462064714   -0.0531480499723118   0
0.339260394164782   0.18451131038699   0.0409188491600487   0.0169884693872918   0
0.332090201715392   0.18238351817126   -0.00717019244939016   -0.00212779221572984   0
0.344761941294279   0.172687529836125   0.0126717395788868   -0.00969598833513491   0
0.365340862252951   0.195111274294613   0.0205789209586722   0.0224237444584879   0
0.369091710694104   0.206582690507202   0.00375084844115242   0.0114714162125888   0
0.387934441999573   0.213117821499523   0.0188427313054691   0.00653513099232131   0
0.325679886893875   0.167510212564369   -0.0622545551056984   -0.0456076089351541   0
0.361324711094287   0.200945995569612   0.0356448242004125   0.0334357830052432   0
0.320064145188836   0.149937984347138   -0.0412605659054515   -0.0510080112224743   0
0.344563355971641   0.197414196659848   0.0244992107828058   0.0474762123127105   0
0.326889215914179   0.146546978724746   -0.0176741400574628   -0.0508672179351027   0
0.321210499141737   0.147092528887806   -0.00567871677244103   0.000545550163060349   0
0.35943314214524   0.189831753538248   0.0382226430035021   0.0427392246504424   0
0.348854240054644   0.16322969326597   -0.010578902090596   -0.0266020602722787   0
0.359512910252191   0.185608440617231   0.0106586701975475   0.022378747351261   0
0.369043570348635   0.160187305988185   0.00953066009644399   -0.0254211346290452   0
0.366084481111953   0.132780236483644   -0.00295908923668176   -0.0274070695045411   0
0.396696357526623   0.123504550098124   0.0306118764146693   -0.00927568638552034   0
0.382294937215771   0.0765421417894417   -0.0144014203108521   -0.0469624083086822   0
0.406059941510869   0.134903150945975   0.023765004295098   0.0583610091565332   0
0.346528735827472   0.121291091235723   -0.059531205683397   -0.0136120597102519   0
0.3735563073818   0.14795764799408   0.0270275715543288   0.0266665567583566   0
0.371020127330041   0.113597722988194   -0.00253618005175915   -0.0343599250058856   0
0.406980988014428   0.159231610762601   0.0359608606843868   0.0456338877744069   0
0.351720374879862   0.126955991590393   -0.0552606131345665   -0.0322756191722078   0
0.393450052933638   0.171625715915193   0.0417296780537763   0.0446697243247997   0
0.398823477263814   0.150494440337509   0.00537342433017624   -0.0211312755776841   0
0.383497056308418   0.167537330355663   -0.0153264209553964   0.017042890018154   0
0.381803739610575   0.172070344712192   -0.00169331669784278   0.00453301435652892   0
0.414819346940629   0.182445841941691   0.0330156073300543   0.0103754972294993   0
0.417396429672955   0.187414222430296   0.00257708273232582   0.00496838048860507   0
0.440381388987012   0.186076194634053   0.022984959314057   -0.00133802779624301   0
0.454300694462038   0.18469129082339   0.013919305475026   -0.00138490381066317   0
0.470691874878301   0.19888444357654   0.0163911804162629   0.0141931527531503   0
0.517429954728956   0.204349639041154   0.0467380798506556   0.00546519546461396   0
0.53430454770144   0.206368893446299   0.0168745929724833   0.00201925440514508   0
0.501795588737137   0.221275399927895   -0.0325089589643027   0.0149065064815961   0
0.506931084913226   0.195999445601257   0.00513549617608855   -0.0252759543266386   0
0.531210785699613   0.227254538877665   0.0242797007863872   0.0312550932764079   0
0.529611288676455   0.190403094628869   -0.0015994970231582   -0.0368514442487958   0
0.553194581439705   0.224562425091671   0.02358329276325   0.0341593304628024   0
0.565108568544444   0.207629647783018   0.0119139871047393   -0.0169327773086536   0
0.570531704337989   0.268777414535062   0.0054231357935447   0.0611477667520442   0
0.512437991802166   0.215226072579718   -0.0580937125358222   -0.0535513419553439   0
0.529230002058623   0.252941110861921   0.0167920102564565   0.0377150382822029   0
0.524778684025466   0.271999255211296   -0.00445131803315679   0.0190581443493757   0
0.522866604574054   0.246702103491742   -0.00191207945141225   -0.0252971517195549   0
0.522203111459909   0.270866120372224   -0.000663493114145042   0.0241640168804821   0
0.560273817631388   0.278508061311518   0.0380707061714793   0.00764194093929382   0
0.55078015234321   0.309787405195079   -0.00949366528817785   0.0312793438835614   0
0.577286113931567   0.303853795330501   0.0265059615883565   -0.00593360986457792   0
0.543691689084071   0.297952560569632   -0.033594424847496   -0.00590123476086934   0
0.667518786656615   0.332005816941887   0.123827097572545   0.0340532563722556   0
0.757634191458681   0.275245147160218   0.0901154048020661   -0.0567606697816694   0
0.438148552671077   0.135748230519827   -0.319485638787604   -0.139496916640391   0
0.501109284951257   0.198457764339676   0.0629607322801793   0.0627095338198491   0
0.575156564722598   0.285901697424937   0.0740472797713411   0.0874439330852603   0
0.552237688578012   0.24841137959383   -0.0229188761445857   -0.0374903178311063   0
0.600926393835684   0.303051154363764   0.0486887052576721   0.0546397747699339   0
0.538624124194609   0.284403076846177   -0.062302269641075   -0.0186480775175871   0
0.56279285026331   0.313531539600261   0.0241687260687002   0.0291284627540839   0
0.546033770794481   0.281541782173552   -0.0167590794688284   -0.0319897574267086   0
0.589120009775165   0.336984154027237   0.0430862389806834   0.0554423718536845   0
0.587028476562602   0.274509021242331   -0.00209153321256217   -0.0624751327849059   0
0.630311787222871   0.291228004651811   0.0432833106602687   0.0167189834094796   0
0.607396051456453   0.259712631072797   -0.0229157357664183   -0.0315153735790131   0
0.641856730120484   0.317530858392472   0.0344606786640312   0.0578182273196743   0
0.621976971489749   0.262381185814765   -0.0198797586307352   -0.0551496725777063   0
0.670206716519881   0.282631110677244   0.0482297450301319   0.0202499248624785   0
0.6513666680417   0.253072378217181   -0.0188400484781807   -0.0295587324600629   0
0.701642779849547   0.288060068276132   0.050276111807847   0.0349876900589511   0
0.694229864617942   0.255650794343573   -0.00741291523160492   -0.0324092739325589   0
0.731246631106366   0.296082094192641   0.0370167664884239   0.0404312998490677   0
0.728414862570918   0.307859961776048   -0.00283176853544764   0.0117778675834074   0
0.743763681845347   0.298215519464112   0.0153488192744289   -0.00964444231193673   0
0.770230008512555   0.334527784025856   0.0264663266672073   0.0363122645617446   0
0.767577344833626   0.29176224639636   -0.00265266367892814   -0.0427655376294968   0
0.813800642944702   0.318139786802123   0.0462232981110753   0.026377540405763   0
0.82710543246634   0.267717483617787   0.0133047895216383   -0.0504223031843356   0
0.798449972822944   0.205604134902499   -0.0286554596433961   -0.0621133487152879   0
0.867898439633348   0.294155907163111   0.0694484668104037   0.0885517722606115   0
0.854810005835361   0.217946775416663   -0.0130884337979865   -0.0762091317464474   0
0.882377705713948   0.240963147948919   0.0275676998785865   0.0230163725322556   0
0.905318965586747   0.261915249025415   0.0229412598727988   0.0209521010764958   0
0.912513533984587   0.287300414872347   0.0071945683978405   0.0253851658469321   0
0.971167495332281   0.30316275640197   0.0586539613476944   0.015862341529623   0
0.971332474262031   0.299559899586877   0.000164978929749982   -0.00360285681509243   0
1.04589969063747   0.355425869348381   0.0745672163754406   0.0558659697615039   0
1.0253304087968   0.315248951053802   -0.0205692818406733   -0.0401769182945791   0
1.02540488256359   0.385609876702153   7.4473766791483e-05   0.0703609256483514   0
0.939550974451902   0.198721247370532   -0.085853908111688   -0.186888629331622   0
0.917074417315824   0.128046335769488   -0.022476557136078   -0.0706749116010434   0
0.9070424459622   0.173308712010116   -0.0100319713536243   0.0452623762406276   0
0.85227727758945   0.128504496146925   -0.0547651683727496   -0.0448042158631909   0
0.91712342332812   0.155913506911949   0.0648461457386698   0.0274090107650246   0
