0.594638441937754   0.445652396590942   0   0   0
0.588411443036426   0.417496775116587   -0.0062269989013285   -0.0281556214743547   0
0.546949744384948   0.366004555897191   -0.0414616986514778   -0.051492219219396   0
0.506954689256594   0.348315923249641   -0.0399950551283538   -0.0176886326475497   0
0.452624909441405   0.329928693125499   -0.0543297798151894   -0.018387230124142   0
0.448077678021345   0.314924106287928   -0.00454723142005997   -0.0150045868375716   0
0.425556729405329   0.324521495387825   -0.0225209486160163   0.00959738909989699   0
0.401207473136095   0.297547473764272   -0.0243492562692341   -0.026974021623553   0
0.341288284667449   0.269787530075521   -0.0599191884686451   -0.027759943688751   0
0.309285416850638   0.266879770943158   -0.0320028678168114   -0.00290775913236274   0
0.298277970246899   0.219859020966783   -0.0110074466037389   -0.0470207499763746   0
0.237198926422634   0.19184769057417   -0.0610790438242653   -0.0280113303926136   0
0.239675907222274   0.186139212705061   0.00247698079964009   -0.00570847786910864   0
0.224176887091645   0.208230580425018   -0.0154990201306289   0.0220913677199571   0
0.192540484301094   0.162602203585937   -0.0316364027905504   -0.0456283768390812   0
0.194330724144794   0.178338250770194   0.0017902398436995   0.0157360471842567   0
0.163237293347966   0.155616690386379   -0.0310934307968277   -0.0227215603838152   0
0.19478501908422   0.122996530258134   0.0315477257362539   -0.0326201601282448   0
0.175214176952808   0.0919713408763567   -0.0195708421314119   -0.031025189381777   0
0.117240256634656   0.131254260558755   -0.0579739203181522   0.0392829196823986   0
0.0944696587915723   0.127805365791347   -0.0227705978430837   -0.00344889476740831   0
0.128665831418407   0.107549379340015   0.0341961726268349   -0.0202559864513317   0
0.0919186066357623   0.11964048012667   -0.036747224782645   0.0120911007866542   0
0.133767565651656   0.114204251913501   0.0418489590158934   -0.00543622821316807   0
0.143047921848519   0.111341539960654   0.00928035619686335   -0.00286271195284706   0
0.164169487288229   0.130634039985335   0.0211215654397101   0.0192925000246802   0
0.169425706458082   0.117669630915373   0.00525621916985247   -0.0129644090699621   0
0.174510923617979   0.115712050958068   0.00508521715989718   -0.00195757995730467   0
0.179143648188291   0.113664773360362   0.00463272457031183   -0.0020472775977057   0
0.160243614418159   0.148377813028296   -0.0189000337701316   0.0347130396679339   0
0.193596147549583   0.129949467879403   0.0333525331314243   -0.0184283451488931   0
0.178791736129078   0.150409487953187   -0.0148044114205048   0.0204600200737843   0
0.184763610417365   0.150098145193403   0.00597187428828705   -0.000311342759783922   0
0.179866816748949   0.16821214590017   -0.00489679366841647   0.0181140007067664   0
0.199256379763384   0.16089878906008   0.0193895630144352   -0.00731335684009013   0
0.221148178600006   0.200167231209931   0.0218917988366215   0.0392684421498515   0
0.228303135247526   0.218934228001813   0.00715495664751994   0.0187669967918823   0
0.265580644961658   0.214568355090517   0.0372775097141319   -0.00436587291129678   0
0.24926090681581   0.225883418423088   -0.0163197381458474   0.0113150633325718   0
0.277693071569836   0.25456056899194   0.0284321647540258   0.0286771505688512   0
0.259546937155113   0.260328577415638   -0.0181461344147232   0.00576800842369884   0
0.287853995335205   0.272575166719659   0.0283070581800919   0.0122465893040208   0
0.259468169130601   0.264692480182192   -0.0283858262046038   -0.00788268653746743   0
0.282703519230607   0.291181579881008   0.0232353501000058   0.0264890996988165   0
0.13737397661657   0.246296634202033   -0.145329542614036   -0.0448849456789753   0
0.176106937321873   0.127546585360017   0.0387329607053024   -0.118750048842016   0
0.214673377109063   0.156032934886357   0.0385664397871904   0.02848634952634   0
0.168743659371249   0.207213466247949   -0.0459297177378144   0.0511805313615926   0
0.196792644819617   0.239796497481198   0.0280489854483685   0.0325830312332483   0
0.180117666530105   0.231557785387363   -0.0166749782895125   -0.0082387120938347   0
0.198425027289705   0.239837542377127   0.0183073607595998   0.00827975698976371   0
0.228427642066388   0.266331148775824   0.0300026147766837   0.0264936063986972   0
0.218086509012548   0.284494119066634   -0.0103411330538407   0.01816297029081   0
0.228869396414221   0.300796069557932   0.0107828874016737   0.0163019504912977   0
0.240547603946204   0.32178281889265   0.011678207531983   0.0209867493347185   0
0.256378514243784   0.317317119642953   0.0158309102975793   -0.00446569924969725   0
0.256187827239295   0.325427238471213   -0.000190687004488599   0.00811011882826057   0
0.264515773659193   0.321929754214332   0.00832794641989826   -0.00349748425688168   0
0.276968549382434   0.340579592360949   0.0124527757232411   0.0186498381466171   0
0.28101530198644   0.336500425834426   0.0040467526040055   -0.00407916652652279   0
0.297032967726715   0.330095456715554   0.0160176657402755   -0.00640496911887228   0
0.331637151603978   0.343193319665826   0.0346041838772627   0.0130978629502725   0
0.326826519279097   0.360745389973663   -0.0048106323248811   0.0175520703078365   0
0.352521977906683   0.377479451905663   0.0256954586275862   0.0167340619320006   0
0.370018573223359   0.393522553876522   0.0174965953166755   0.0160431019708584   0
0.372247697826608   0.403461316686619   0.00222912460324981   0.00993876281009692   0
0.377002438114981   0.375943094109667   0.00475474028837242   -0.0275182225769516   0
0.391103185108483   0.376015764052852   0.0141007469935017   7.26699431848887e-05   0
0.413036108328548   0.381313069840912   0.0219329232200655   0.00529730578805976   0
0.4317622749859   0.404849700086649   0.0187261666573521   0.0235366302457378   0
0.446996493863218   0.41455323760013   0.015234218877318   0.00970353751348069   0
0.456237084969471   0.433398209786623   0.00924059110625253   0.0188449721864932   0
0.475411993635215   0.419153739949317   0.0191749086657446   -0.0142444698373059   0
0.500549859558626   0.430845315381286   0.0251378659234104   0.0116915754319689   0
0.691050418082501   0.5495642333741   0.190500558523876   0.118718917992814   1
0.684873519762773   0.336856056602817   -0.00617689831972801   -0.212708176771284   1
0.715707574154417   0.418176667758078   0.0308340543916434   0.0813206111552614   0
0.723435771765006   0.489814249799095   0.00772819761058963   0.0716375820410167   0
0.576355043427365   0.485937466632796   -0.147080728337641   -0.00387678316629853   0
0.584952824393976   0.500167022233074   0.00859778096661101   0.0142295556002774   0
0.569297168268041   0.510738124378091   -0.0156556561259353   0.0105711021450171   0
0.591562996166089   0.513064039611528   0.0222658278980479   0.00232591523343773   0
0.582468238075171   0.500695893027644   -0.0090947580909182   -0.0123681465838844   0
0.622956721419402   0.549138059783011   0.0404884833442312   0.0484421667553672   0
0.622383838957118   0.535424813360616   -0.000572882462283486   -0.0137132464223957   0
0.614982430576061   0.549866162785773   -0.00740140838105696   0.0144413494251572   0
0.634142071618813   0.559596815409318   0.019159641042752   0.009730652623545   0
0.64695847214717   0.580994969760281   0.0128164005283564   0.0213981543509635   0
0.647121214490462   0.577646676462567   0.000162742343291833   -0.0033482932977138   0
0.677480998693875   0.626274783545729   0.0303597842034132   0.0486281070831618   0
0.693941619697082   0.658822013330611   0.0164606210032074   0.0325472297848819   0
0.701322968248042   0.638318383245579   0.0073813485509594   -0.020503630085032   0
0.726279293554656   0.663777082535997   0.0249563253066143   0.0254586992904181   0
0.737889725466644   0.687081122437882   0.0116104319119885   0.0233040399018849   0
0.76846104795819   0.721756857694127   0.0305713224915458   0.0346757352562447   0
0.756107244864484   0.694270869190117   -0.0123538030937067   -0.0274859885040102   0
0.773760145537362   0.674733415098141   0.0176529006728787   -0.0195374540919757   0
0.750195696405945   0.682914996358441   -0.0235644491314178   0.00818158126030055   0
0.769608581938897   0.681376463098961   0.0194128855329525   -0.00153853325948028   0
0.751777247246257   0.722474394425159   -0.0178313346926399   0.0410979313261977   0
0.772213714333772   0.7184560336863   0.0204364670875146   -0.00401836073885875   0
0.786177162655467   0.754204427021116   0.0139634483216948   0.0357483933348159   0
0.740463000776197   0.787036361046934   -0.0457141618792698   0.0328319340258181   0
0.759047442038375   0.750462380399577   0.0185844412621781   -0.0365739806473567   0
0.776291173742276   0.775813272824395   0.0172437317039008   0.0253508924248181   0
0.770546448994478   0.771025237059235   -0.00574472474779741   -0.00478803576516018   0
0.75653223004414   0.764430020777246   -0.0140142189503381   -0.00659521628198978   0
0.813510701144736   0.812734711268228   0.0569784711005958   0.0483046904909825   0
0.712909489372817   0.678388628945275   -0.100601211771919   -0.134346082322953   0
0.672438840422681   0.670578121373826   -0.0404706489501355   -0.00781050757144874   0
0.663367233679814   0.672079226992994   -0.00907160674286756   0.00150110561916761   0
0.665256973051775   0.687141729505093   0.00188973937196146   0.015062502512099   0
0.724063542717689   0.730824698215653   0.0588065696659136   0.04368296871056   0
0.717097010087199   0.751233326105978   -0.00696653263048985   0.0204086278903248   0
0.693303865844472   0.7209536081845   -0.0237931442427264   -0.0302797179214773   0
0.698139809359845   0.713722310825611   0.0048359435153722   -0.00723129735888939   0
0.697917928124282   0.737103944577188   -0.000221881235562882   0.023381633751577   0
0.735973156774756   0.78470557740754   0.0380552286504746   0.0476016328303517   0
0.720960035159238   0.772500302004148   -0.015013121615518   -0.0122052754033916   0
0.764351861533679   0.807907135673556   0.0433918263744406   0.0354068336694082   0
0.744548215185558   0.795490126080928   -0.0198036463481207   -0.0124170095926287   0
0.763302430005276   0.788172715597445   0.0187542148197183   -0.007317410483483   0
0.76119875344354   0.828841841186996   -0.00210367656173593   0.0406691255895518   0
0.777079582386779   0.846939999173495   0.0158808289432381   0.0180981579864989   0
0.793604962815254   0.86874781147192   0.0165253804284751   0.0218078122984243   0
0.813535942558096   0.915719730314494   0.0199309797428424   0.0469719188425747   0
0.811030459976689   0.88663394992931   -0.00250548258140681   -0.0290857803851843   0
0.822584284519684   0.875176444544756   0.0115538245429944   -0.0114575053845543   0
0.834842383206555   0.889615985335246   0.0122580986868711   0.0144395407904899   0
0.836191268150415   0.869574756974494   0.00134888494386065   -0.0200412283607518   0
0.867281186907683   0.897611234834436   0.0310899187572681   0.0280364778599417   0
0.906286283331597   0.971480770734166   0.0390050964239137   0.073869535899731   0
0.872948855388012   0.918857120184635   -0.0333374279435852   -0.0526236505495319   0
0.900157673620155   0.943642894852841   0.0272088182321434   0.0247857746682064   0
0.898963113368396   0.950110658706264   -0.00119456025175912   0.00646776385342251   0
0.890341403268432   0.927105627827811   -0.00862171009996437   -0.0230050308784523   0
0.904461526369834   0.957663291484669   0.0141201231014021   0.0305576636568577   0
0.982639711992651   1.02027587844771   0.078178185622817   0.0626125869630427   0
0.95560682625178   1.05544786259246   -0.0270328857408709   0.035171984144752   0
0.943963863400501   1.06081658893385   -0.011642962851279   0.00536872634138685   0
0.973904591652591   1.04772210783251   0.0299407282520902   -0.0130944811013394   0
0.995325896424884   1.06846393718974   0.0214213047722933   0.0207418293572286   0
1.00571622928637   1.09575595801129   0.0103903328614884   0.0272920208215546   0
1.01928581342154   1.11902552247357   0.0135695841351671   0.0232695644622773   0
0.979369674805688   1.09405147198258   -0.0399161386158514   -0.0249740504909919   0
0.983776547336335   1.09855807532431   0.00440687253064664   0.00450660334172892   0
0.912220528550525   1.04069800121313   -0.0715560187858096   -0.0578600741111808   1
0.8688722221564   1.02881816429046   -0.0433483063941257   -0.011879836922664   0
0.929467767575078   1.10488706175111   0.0605955454186786   0.0760688974606456   0
0.924621838103859   1.12002152855425   -0.00484592947121898   0.0151344668031412   0
0.914065095975248   1.10348657710459   -0.010556742128611   -0.0165349514496629   0
0.944846254773315   1.14153803920413   0.0307811587980666   0.0380514620995378   0
0.93140497389847   1.10852247480599   -0.0134412808748448   -0.033015564398134   0
0.848904848518496   0.941711446330562   -0.0825001253799748   -0.166811028475429   0
0.86251192757028   0.828982698357601   0.0136070790517845   -0.112728747972961   0
0.85787836377708   0.876320912456732   -0.00463356379320012   0.0473382140991309   0
0.91175918552008   0.918685338335303   0.0538808217430002   0.0423644258785706   0
0.941127754831404   0.9539158294395   0.0293685693113241   0.0352304911041975   0
0.965471953318692   0.969286800135027   0.0243441984872873   0.0153709706955267   0
0.975174730811868   1.0075758549484   0.00970277749317683   0.0382890548133731   0
1.0188286752747   1.08241319211242   0.0436539444628313   0.0748373371640205   0
1.06089851974117   1.1311099169842   0.0420698444664676   0.0486967248717776   0
1.05753236117976   1.14930422504542   -0.00336615856140665   0.0181943080612204   0
1.10109484206441   1.14436808044757   0.0435624808846458   -0.0049361445978513   0
1.12664132044238   1.17476632003816   0.0255464783779784   0.0303982395905924   0
1.130546039854   1.19050039747589   0.00390471941161419   0.0157340774377293   0
1.16011791469628   1.19033209796059   0.0295718748422831   -0.000168299515303172   0
1.17962578281388   1.21596510993542   0.019507868117594   0.0256330119748307   0
1.13928370049167   1.20125602431372   -0.0403420823222032   -0.0147090856216985   0
1.17406498736314   1.211252938292   0.0347812868714668   0.00999691397828029   0
1.18132667520965   1.21053675310211   0.00726168784651193   -0.000716185189887808   0
1.16930267233424   1.22082563643309   -0.0120240028754093   0.0102888833309758   0
1.20551303231201   1.22808170613604   0.0362103599777646   0.0072560697029509   0
1.18304515163539   1.24246435888077   -0.0224678806766183   0.0143826527447317   0
1.18085017562062   1.21657823051469   -0.00219497601477259   -0.0258861283660807   0
1.19295389827143   1.21777855475493   0.0121037226508134   0.00120032424023941   0
1.18570590766306   1.24374126524862   -0.00724799060836556   0.0259627104936972   0
1.21342631262903   1.26524719142387   0.0277204049659685   0.0215059261752486   0
1.21708496290358   1.27504809102598   0.00365865027454393   0.00980089960210817   0
1.20122733035595   1.26485768982364   -0.0158576325476234   -0.0101904012023399   0
1.24001943766646   1.28907597305444   0.0387921073105058   0.024218283230798   0
1.20716728850933   1.27988477334876   -0.0328521491571319   -0.00919119970568216   0
1.24888051108713   1.28954702195975   0.0417132225778027   0.00966224861098874   0
1.2104206410518   1.29040605771875   -0.0384598700353296   0.000859035759005256   0
1.24501939595293   1.29847966019534   0.0345987549011346   0.00807360247658662   0
1.22478570553438   1.32262260651366   -0.0202336904185503   0.0241429463183265   0
1.28245886226008   1.32787071269985   0.0576731567256925   0.00524810618618243   0
1.28880934608636   1.3279852534426   0.00635048382628689   0.000114540742750524   0
1.26969736637075   1.32709585425696   -0.019111979715617   -0.000889399185641571   0
1.30854486925374   1.32253161290194   0.0388475028829947   -0.00456424135501865   0
1.27037913743929   1.35366731585017   -0.038165731814449   0.0311357029482315   0
1.31342980887827   1.35973092525911   0.0430506714389742   0.00606360940894302   0
1.31741504088803   1.3773531503929   0.00398523200975953   0.0176222251337892   0
1.31244814525841   1.36692780810327   -0.00496689562961627   -0.0104253422896348   0
1.31822773749189   1.35994965642813   0.0057795922334849   -0.00697815167513216   0
1.29232044175192   1.36039289884063   -0.0259072957399697   0.000443242412491163   0
1.29089957230981   1.36456837244136   -0.00142086944211917   0.00417547360073023   0
1.25574445021151   1.36898100903592   -0.0351551220982986   0.00441263659456248   0
1.25530091350901   1.32953532675744   -0.000443536702495306   -0.0394456822784828   0
1.25094543104326   1.33371311321073   -0.00435548246575501   0.0041777864532917   0
1.28825834517764   1.31127339095066   0.0373129141343864   -0.0224397222600639   0
1.27217201856431   1.33045316270143   -0.01608632661333   0.0191797717507713   0
1.30395880743565   1.35734035317933   0.0317867888713357   0.0268871904779   0
1.28634579765382   1.34482224626491   -0.0176130097818299   -0.0125181069144238   0
1.32155620293825   1.34199900768639   0.0352104052844289   -0.00282323857852251   0
1.30422286611683   1.30770860912561   -0.0173333368214175   -0.0342903985607732   0
1.32936887663434   1.30370375574745   0.0251460105175068   -0.00400485337816758   0
1.30819283682835   1.31473129772789   -0.0211760398059895   0.011027541980438   0
1.3505245532551   1.32164035626007   0.0423317164267534   0.00690905853218671   0
1.30291921259259   1.31809845277591   -0.047605340662513   -0.0035419034841615   0
1.34342391104619   1.34114366833871   0.0405046984536013   0.0230452155627952   0
1.34297345274879   1.34242567740909   -0.000450458297401868   0.00128200907038289   0
1.34421367687689   1.33465673952153   0.0012402241281031   -0.00776893788755517   0
1.35018081649163   1.35620929600154   0.00596713961473783   0.0215525564800092   0
1.35897872790756   1.3346170410201   0.00879791141593156   -0.0215922549814416   0
1.38069635061551   1.34548825141108   0.0217176227079545   0.0108712103909807   0
1.36376178464459   1.34086892812842   -0.0169345659709235   -0.00461932328266457   0
1.35556658638077   1.32909497377313   -0.0081951982638222   -0.0117739543552862   0
1.39186004540902   1.33022731226885   0.0362934590282515   0.00113233849571559   0
1.3613642359004   1.33712957874779   -0.0304958095086167   0.00690226647894621   0
1.37650332049425   1.32984691745225   0.0151390845938442   -0.00728266129554345   0
1.32983675097608   1.34321833840863   -0.0466665695181703   0.013371420956384   0
1.38378156346441   1.35355977487596   0.0539448124883335   0.0103414364673229   0
1.35823405005581   1.3423208694649   -0.0255475134086043   -0.0112389054110582   0
1.3367979664926   1.33421084006998   -0.0214360835632033   -0.00811002939491479   0
1.38162134253245   1.34484591680088   0.0448233760398429   0.0106350767308969   0
1.39887948305063   1.35312920920186   0.0172581405181844   0.00828329240097925   0
1.43461979179211   1.35827770265178   0.0357403087414803   0.00514849344992174   0
1.41849537460825   1.35649690458263   -0.0161244171838608   -0.00178079806915377   0
1.42080798608969   1.33746623982075   0.00231261148144291   -0.0190306647618796   0
1.4378263013352   1.35596954154297   0.0170183152455028   0.0185033017222214   0
1.41860345960561   1.37361171671401   -0.0192228417295879   0.0176421751710374   0
1.42207762408562   1.36367868190201   0.00347416448001159   -0.0099330348119977   0
1.44751269478786   1.39089966921594   0.0254350707022362   0.0272209873139271   0
1.44616268921066   1.36054982772306   -0.00135000557719867   -0.0303498414928751   0
1.4673090776065   1.3716347318933   0.0211463883958436   0.0110849041702374   0
1.45197603010684   1.36536965000325   -0.0153330474996638   -0.00626508189004737   0
1.39487531614084   1.37782383901172   -0.0571007139659998   0.0124541890084713   0
1.41313781160969   1.36946144091838   0.0182624954688482   -0.0083623980933405   0
1.35364669149154   1.38059778439821   -0.0594911201181425   0.0111363434798297   0
1.31187161040912   1.35999669443495   -0.041775081082426   -0.0206010899632578   0
1.33771291237732   1.36896429220862   0.0258413019681989   0.00896759777366718   0
1.36600130366199   1.37767920603646   0.0282883912846719   0.00871491382783884   0
1.36302672113463   1.38488450893531   -0.00297458252736127   0.00720530289885235   0
1.34796670330502   1.39207574555598   -0.0150600178296076   0.00719123662067256   0
