0.142094237644353   0.210958659644633   0   0   0
0.218315550536282   0.197431925466533   0.0762213128919287   -0.0135267341781   0
0.114196325170165   0.15838761853835   -0.104119225366117   -0.0390443069281823   0
0.180274366022183   0.106455053215383   0.0660780408520183   -0.0519325653229675   0
0.108831545155024   0.1668135421816   -0.0714428208671591   0.0603584889662173   0
0.0975262630274533   0.169667938522758   -0.0113052821275706   0.00285439634115814   0
0.158548387565721   0.158006789580511   0.0610221245382675   -0.011661148942247   0
0.137195936578056   0.191765382917258   -0.0213524509876647   0.0337585933367464   0
0.176656376935479   0.19705127539638   0.0394604403574228   0.00528589247912226   0
0.125965129891465   0.189029619903628   -0.0506912470440141   -0.00802165549275224   0
0.131989860996745   0.198494449073519   0.00602473110527993   0.00946482916989166   0
0.131123774656887   0.137785798300523   -0.000866086339858019   -0.0607086507729961   0
0.250617457235644   0.0945819034826166   0.119493682578758   -0.0432038948179068   0
0.225779472554991   0.139378689631647   -0.0248379846806531   0.0447967861490305   0
0.260562425338037   0.141033345036954   0.0347829527830456   0.00165465540530688   0
0.189085501107964   0.0806205765703149   -0.0714769242300723   -0.0604127684666391   0
0.127906354532564   0.126102770306851   -0.0611791465754002   0.0454821937365365   0
0.190493723159846   0.0365791197306606   0.0625873686272817   -0.0895236505761908   0
0.169398811771777   0.0530148571728268   -0.0210949113880687   0.0164357374421662   0
0.201977585322951   0.0515454964571106   0.0325787735511739   -0.0014693607157162   0
0.0867952710528056   0.0481187464725807   -0.115182314270145   -0.00342674998452986   0
0.186005878980343   0.0285370565110524   0.0992106079275374   -0.0195816899615283   0
0.0832981202757301   0.0489819745279322   -0.102707758704613   0.0204449180168798   0
0.167507807274198   0.0337884330904453   0.0842096869984683   -0.0151935414374869   0
0.0942085402540555   0.0524875806728363   -0.0732992670201429   0.018699147582391   0
0.12443742556486   0.0417801425701852   0.0302288853108042   -0.0107074381026511   0
0.0993648898839022   0.0490671046573975   -0.0250725356809576   0.00728696208721232   0
0.136600540964412   0.0528244879999324   0.0372356510805098   0.00375738334253489   0
0.107505323828404   0.0391680334533016   -0.029095217136008   -0.0136564545466307   0
0.134295429468914   0.0498813673034832   0.0267901056405098   0.0107133338501815   0
0.115507478477543   0.0308666568086058   -0.0187879509913711   -0.0190147104948774   0
0.190983656650772   0.0465474394109386   0.0754761781732293   0.0156807826023328   0
0.0888052002866949   0.0376499832559392   -0.102178456364077   -0.00889745615499943   0
0.168308815524826   0.0832741567108007   0.0795036152381313   0.0456241734548616   0
0.0610927474172671   0.111660139449219   -0.107216068107559   0.0283859827384182   0
0.172636181712699   0.0379247963494532   0.111543434295432   -0.0737353430997657   0
0.0711442384301076   0.0947667998667914   -0.101491943282591   0.0568420035173382   0
0.165998927816417   0.0554725983559676   0.0948546893863093   -0.0392942015108238   0
0.0832467653722047   0.0820148088638265   -0.0827521624442122   0.0265422105078589   0
0.192729893319433   0.0534508263115267   0.109483127947228   -0.0285639825522998   0
0.131053020311247   0.0537598457794709   -0.0616768730081864   0.000309019467944205   0
0.0914880733126455   0.129264540778446   -0.039564946998601   0.075504694998975   0
0.103354550559808   0.092193523590665   0.0118664772471629   -0.0370710171877809   0
0.182511417382831   0.0790194168346299   0.0791568668230227   -0.013174106756035   0
0.137107986956632   0.0626396682422568   -0.0454034304261991   -0.0163797485923731   0
0.202162877705231   0.0971355959131358   0.0650548907485984   0.034495927670879   0
0.190584942626667   0.07479212555778   -0.0115779350785634   -0.0223434703553558   0
0.0954100465135093   0.164177363799947   -0.0951748961131578   0.0893852382421665   0
0.128813569719653   0.127385942918537   0.0334035232061441   -0.036791420881409   0
0.169513841224043   0.144983471288261   0.0407002715043894   0.0175975283697238   0
0.195588289296675   0.0785266418033939   0.0260744480726326   -0.0664568294848675   0
0.285405830418721   0.156345354411388   0.089817541122046   0.077818712607994   0
0.266698779566836   0.0794155362173549   -0.018707050851885   -0.0769298181940331   0
0.240459929139971   0.155713051304097   -0.0262388504268652   0.0762975150867426   0
0.249813135919631   0.134710475841942   0.0093532067796597   -0.0210025754621552   0
0.304408486964473   0.151033231538832   0.0545953510448424   0.0163227556968899   0
0.278346049029549   0.109487181945205   -0.0260624379349246   -0.0415460495936268   0
0.355563607109895   0.152320692346157   0.0772175580803465   0.0428335104009513   0
0.377103481069852   0.103904293692092   0.0215398739599564   -0.0484163986540647   0
0.365637221518816   0.0999443326435396   -0.0114662595510354   -0.00395996104855233   0
0.328666593788614   0.136343192589042   -0.036970627730202   0.036398859945502   0
0.374054900848793   0.127961608298437   0.0453883070601782   -0.00838158429060515   0
0.350942506191556   0.114585890732945   -0.023112394657237   -0.0133757175654911   0
0.492282454398895   0.174444064720615   0.141339948207339   0.0598581739876693   0
0.542540582103311   0.214696073427089   0.0502581277044165   0.0402520087064744   0
0.589829094370064   0.252935003575029   0.0472885122667527   0.0382389301479401   0
0.567295963844271   0.256443005062528   -0.0225331305257934   0.0035080014874993   0
0.677129569523441   0.33028597265438   0.10983360567917   0.0738429675918518   0
0.697266954870945   0.330519783891222   0.020137385347504   0.00023381123684163   0
0.774722302111537   0.376192223140312   0.0774553472405927   0.0456724392490897   0
0.708750971889281   0.39252593650643   -0.0659713302222564   0.0163337133661185   0
0.764965100760159   0.372167978004892   0.056214128870878   -0.0203579585015378   0
0.786505074080263   0.403758040027997   0.0215399733201043   0.0315900620231051   0
0.714418107744338   0.38296719038842   -0.0720869663359255   -0.0207908496395779   0
0.731079844824763   0.377447633697047   0.0166617370804257   -0.00551955669137277   0
0.735761698079616   0.409400276686216   0.00468185325485271   0.031952642989169   0
0.730850833678802   0.385019096039729   -0.0049108644008139   -0.0243811806464869   0
0.700541485511743   0.413646877387585   -0.0303093481670588   0.0286277813478564   0
0.69665959607975   0.354913549257069   -0.00388188943199363   -0.0587333281305162   0
0.739190551398623   0.319945956779032   0.0425309553188731   -0.0349675924780374   0
0.691135760517425   0.306226575812976   -0.0480547908811974   -0.0137193809660561   0
0.801903407865311   0.32059683959141   0.110767647347886   0.0143702637784341   0
0.681374000897451   0.280021152297911   -0.12052940696786   -0.0405756872934984   0
0.8051599398989   0.243179671939803   0.123785939001449   -0.0368414803581087   0
0.783567417621483   0.249443794683412   -0.0215925222774166   0.00626412274360902   0
0.924178114513647   0.260192192105643   0.140610696892164   0.0107483974222317   0
0.873650285145034   0.244406687450758   -0.0505278293686128   -0.0157855046548853   0
0.875412412606767   0.246119795440762   0.00176212746173232   0.0017131079900039   0
0.806393837005839   0.241107583868177   -0.0690185756009275   -0.00501221157258497   0
0.849762457655667   0.238812429438676   0.0433686206498282   -0.00229515442950118   0
0.73257971449802   0.235789769247395   -0.117182743157648   -0.00302266019128034   0
0.918602596893238   0.268771793840983   0.186022882395218   0.0329820245935878   0
0.812302362762783   0.245219906574772   -0.106300234130454   -0.023551887266211   0
0.901383931374972   0.284321327283938   0.0890815686121887   0.0391014207091655   0
1.096914387313   0.137091956700092   0.195530455938026   -0.147229370583845   0
1.17110857192117   0.113535509277979   0.0741941846081708   -0.0235564474221136   0
1.13144076618884   0.115632421598583   -0.0396678057323241   0.00209691232060451   0
1.18716994102264   0.167738699881959   0.0557291748337916   0.052106278283376   0
1.15782262907616   0.130267293817184   -0.0293473119464724   -0.0374714060647754   0
1.1753307323018   0.114183869085403   0.0175081032256379   -0.0160834247317806   0
1.15281474195866   0.154094529194104   -0.0225159903431427   0.0399106601087006   0
1.05105580615282   0.134266061848527   -0.101758935805837   -0.0198284673455767   0
1.11106909345684   0.152132919165782   0.06001328730402   0.0178668573172554   0
1.14138548838346   0.0985573847296589   0.0303163949266221   -0.0535755344361235   0
1.07355411926977   0.129920916309317   -0.0678313691136951   0.0313635315796579   0
1.06641651919044   0.133817977541893   -0.00713760007933129   0.00389706123257594   0
0.953040238936426   0.150551136447961   -0.113376280254012   0.016733158906068   0
1.02035714627289   0.180316029876714   0.067316907336466   0.0297648934287532   0
0.915838894487453   0.149875035621314   -0.104518251785439   -0.0304409942554004   0
1.05150388276879   0.133559678079651   0.135664988281337   -0.0163153575416626   0
1.07547291154442   0.135852756178334   0.0239690287756342   0.00229307809868351   0
1.17964564396074   0.141939447199325   0.104172732416321   0.00608669102099066   0
1.17338489799532   0.126834785554378   -0.00626074596542359   -0.0151046616449474   0
1.20494588980812   0.172695315610391   0.0315609918128024   0.0458605300560131   0
1.19787412961976   0.174920743027378   -0.00707176018836653   0.00222542741698717   0
1.36608198882214   0.179383833475177   0.168207859202382   0.00446309044779894   0
1.31985792118175   0.126333176457028   -0.0462240676403889   -0.0530506570181492   0
1.40184277820323   0.181868215296743   0.0819848570214838   0.0555350388397154   0
1.32271610632653   0.150089325879832   -0.0791266718767061   -0.0317788894169108   0
1.34790337922737   0.244650984912819   0.0251872729008411   0.0945616590329869   0
1.38916107220237   0.197900020042318   0.0412576929750019   -0.0467509648705009   0
1.53757305331301   0.261122857905048   0.148411981110639   0.0632228378627298   0
1.49590083297636   0.240964086190245   -0.0416722203366517   -0.0201587717148028   0
1.50613157091106   0.31148639941296   0.0102307379347   0.0705223132227145   0
1.53361757503161   0.265817279317015   0.0274860041205538   -0.0456691200959449   0
1.45809981995042   0.311923276070014   -0.0755177550811938   0.0461059967529986   0
1.47881245549352   0.248888603449917   0.020712635543098   -0.0630346726200968   0
1.49977763732492   0.279954244713757   0.0209651818314025   0.0310656412638398   0
1.53127133254039   0.249627043663642   0.0314936952154734   -0.0303272010501144   0
1.4497153663689   0.29312387663708   -0.0815559661714877   0.0434968329734375   0
1.3855011044584   0.22813834968501   -0.0642142619105057   -0.0649855269520696   0
1.48100713074693   0.274223221399556   0.0955060262885274   0.0460848717145459   0
1.48237532054505   0.280659041624352   0.00136818979812503   0.00643582022479627   0
1.42962069945772   0.293399195640087   -0.052754621087326   0.0127401540157345   0
1.41760082133548   0.256198736914334   -0.0120198781222425   -0.0372004587257532   0
1.43311348724483   0.347659721854934   0.0155126659093492   0.0914609849406002   0
1.302564267888   0.268860907679045   -0.130549219356828   -0.0787988141758889   0
1.23532285848099   0.323248857464725   -0.0672414094070148   0.0543879497856798   0
1.19261051854267   0.345416989818828   -0.0427123399383211   0.0221681323541026   0
1.26015223714877   0.368230402624838   0.067541718606102   0.0228134128060101   0
1.316664817982   0.353558664003939   0.0565125808332259   -0.0146717386208989   0
1.30944624438985   0.464264096110447   -0.00721857359214972   0.110705432106508   0
1.40971881294664   0.414399370130434   0.100272568556797   -0.049864725980013   0
1.36450089032665   0.446334289126995   -0.0452179226199938   0.0319349189965615   0
1.36258660483729   0.452802649470495   -0.00191428548935946   0.00646836034349996   0
1.30395993312755   0.488583747155746   -0.0586266717097408   0.035781097685251   0
1.36541100916709   0.451005319614969   0.0614510760395415   -0.0375784275407775   0
1.37651226131857   0.462591452429139   0.0111012521514793   0.0115861328141701   0
1.41595186135668   0.442223345689144   0.0394396000381101   -0.0203681067399948   0
1.3236764354194   0.461760037110727   -0.0922754259372787   0.0195366914215832   0
1.34953851538145   0.466662287838593   0.0258620799620468   0.00490225072786621   0
1.2618262936128   0.442627381735473   -0.0877122217686495   -0.0240349061031204   0
1.3209823810498   0.482060998669774   0.0591560874370025   0.0394336169343014   0
1.28752911688344   0.473557143564005   -0.0334532641663645   -0.00850385510576879   0
1.44604344477408   0.456632811329026   0.158514327890645   -0.0169243322349792   0
1.39199356344734   0.444458510175584   -0.0540498813267456   -0.0121743011534419   0
1.48458771074398   0.473334948174387   0.0925941472966409   0.028876437998803   0
1.49128688104421   0.450668186538056   0.0066991703002317   -0.0226667616363314   0
1.56509420255626   0.485187908590837   0.0738073215120505   0.0345197220527806   0
1.48470436955889   0.398822774727071   -0.0803898329973718   -0.0863651338637657   0
1.50011263898315   0.492729426890154   0.0154082694242668   0.0939066521630835   0
1.48845279315281   0.442537118529904   -0.0116598458303405   -0.0501923083602508   0
1.44662708042821   0.447057511352566   -0.0418257127246018   0.0045203928226627   0
1.44839823806274   0.40332895568165   0.0017711576345294   -0.0437285556709168   0
1.50850160280307   0.444094398623198   0.0601033647403326   0.0407654429415487   0
1.69209981686078   0.361542707779109   0.183598214057708   -0.0825516908440894   0
1.75805397906499   0.387864355026664   0.0659541622042104   0.0263216472475552   0
1.77087028315104   0.409667521040233   0.0128163040860472   0.0218031660135694   0
1.6618013618115   0.450521376213715   -0.109068921339537   0.0408538551734821   0
1.74943759492549   0.46030123791817   0.0876362331139908   0.00977986170445483   0
1.83458738563366   0.442601919867334   0.0851497907081711   -0.0176993180508361   0
1.78251605430789   0.447550078135956   -0.0520713313257757   0.00494815826862149   0
1.84038843827906   0.418592618439755   0.0578723839711761   -0.0289574596962009   0
1.78002601297363   0.440048531862112   -0.0603624253054351   0.0214559134223571   0
1.76371337766317   0.472567531827463   -0.016312635310455   0.032518999965351   0
1.61649536837003   0.489457083765778   -0.147218009293143   0.0168895519383154   0
1.64480360439666   0.486850673726811   0.0283082360266316   -0.002606410038967   0
1.69547752600335   0.480484705171247   0.050673921606688   -0.00636596855556437   0
1.72096417934467   0.511312371623013   0.0254866533413249   0.030827666451766   0
1.85131877345583   0.501234391176922   0.130354594111155   -0.0100779804460904   0
1.85522695868387   0.496562776253668   0.00390818522804226   -0.00467161492325469   0
1.85679372415609   0.492959806899356   0.0015667654722169   -0.00360296935431204   0
1.79835724482346   0.488137408054587   -0.0584364793326253   -0.00482239884476904   0
1.80999457232932   0.46714843514107   0.0116373275058592   -0.0209889729135171   0
1.76327316560389   0.477030586233734   -0.046721406725434   0.0098821510926646   0
1.76794087968833   0.474851341294305   0.00466771408444466   -0.00217924493942961   0
1.78266553367047   0.444666158542563   0.0147246539821411   -0.0301851827517413   0
1.73858436150387   0.441765074924162   -0.0440811721666077   -0.00290108361840169   0
1.76166412973444   0.430040903144108   0.0230797682305723   -0.0117241717800536   0
1.70506511782943   0.434404418448408   -0.056599011905009   0.00436351530430057   0
1.73077051428548   0.405130209943976   0.0257053964560539   -0.0292742085044326   0
1.69880449884029   0.432804174068654   -0.0319660154451971   0.0276739641246784   0
1.69191085644043   0.424600430464042   -0.00689364239985424   -0.00820374360461196   0
1.64424491093336   0.429980648504674   -0.0476659455070769   0.00538021804063166   0
1.6396313395615   0.426332288436203   -0.0046135713718527   -0.00364836006847069   0
1.62901725248476   0.406994133565215   -0.0106140870767424   -0.0193381548709883   0
1.65040981828079   0.439873064317992   0.0213925657960321   0.0328789307527767   0
1.58022011809506   0.407475099162206   -0.0701897001857346   -0.0323979651557852   0
1.64403431279716   0.422273915647474   0.0638141947021045   0.0147988164852675   0
1.21239087480857   0.464516141513403   -0.431643437988593   0.0422422258659292   1
1.02261888968846   0.694082651883045   -0.189771985120108   0.229566510369642   1
0.965700521062981   0.722027630432693   -0.0569183686254817   0.0279449785496486   1
1.01252438552274   0.692991702599137   0.0468238644597632   -0.0290359278335568   0
1.00797738429106   0.627519072419317   -0.00454700123168261   -0.0654726301798196   0
1.12787515359109   0.65734854481774   0.11989776930003   0.0298294723984229   0
1.18137374624606   0.583595108198312   0.053498592654964   -0.0737534366194275   0
1.29303981919177   0.548344910549236   0.111666072945716   -0.0352501976490762   0
1.3179082483318   0.560008642446034   0.0248684291400307   0.0116637318967979   0
1.23025175579391   0.593364961961018   -0.0876564925378918   0.0333563195149835   0
1.26688350359652   0.581663549703778   0.0366317478026117   -0.0117014122572392   0
1.29062356106419   0.605901101141927   0.0237400574676632   0.0242375514381489   0
1.19963342721027   0.579434237244616   -0.090990133853919   -0.0264668638973113   0
1.29755735948498   0.609671942434003   0.0979239322747159   0.0302377051893868   0
1.25395318628779   0.561177527170101   -0.043604173197197   -0.0484944152639013   0
1.30535950567991   0.553125899420964   0.0514063193921208   -0.00805162774913781   0
1.19881822643364   0.526975390853548   -0.10654127924627   -0.0261505085674154   0
1.24422194284109   0.613270593169728   0.0454037164074508   0.0862952023161796   0
1.29547543023717   0.591040186177937   0.0512534873960839   -0.0222304069917912   0
1.42937307347508   0.608615256060428   0.13389764323791   0.017575069882491   0
1.43435685117606   0.562418089185883   0.00498377770097447   -0.0461971668745444   0
1.45724737314275   0.576227426868289   0.0228905219666926   0.0138093376824062   0
1.45954263652029   0.495457692712001   0.00229526337754526   -0.0807697341562881   0
1.44292785753986   0.551521100608581   -0.0166147789804374   0.0560634078965792   0
1.4801090430301   0.534078547696404   0.0371811854902475   -0.0174425529121767   0
1.46693103931801   0.555767855571461   -0.0131780037120963   0.0216893078750569   0
1.5407899902274   0.531901184954969   0.073858950909395   -0.0238666706164918   0
1.52950926182102   0.537908039860439   -0.0112807284063798   0.00600685490547037   0
1.51798512748436   0.52444150681606   -0.0115241343366617   -0.0134665330443787   0
1.48213336743503   0.534612057754499   -0.0358517600493351   0.0101705509384388   0
1.5004539712611   0.510593001702187   0.0183206038260753   -0.0240190560523118   0
1.44383448856689   0.53507352080929   -0.0566194826942121   0.0244805191071028   0
1.49379656733644   0.503751560399817   0.0499620787695465   -0.0313219604094737   0
1.47386936432949   0.522452462660001   -0.0199272030069504   0.0187009022601847   0
1.47020781929114   0.503796569042257   -0.00366154503834082   -0.018655893617744   0
1.45633192466423   0.515981246264096   -0.013875894626918   0.0121846772218389   0
1.3894930969561   0.520082851921211   -0.0668388277081313   0.00410160565711459   0
1.37381086853461   0.537766044586538   -0.0156822284214886   0.0176831926653268   0
1.35300470721718   0.505951380157471   -0.0208061613174291   -0.0318146644290663   0
1.34800603196864   0.492151165221622   -0.00499867524853648   -0.0138002149358496   0
1.39781055105908   0.541041355845142   0.0498045190904395   0.0488901906235206   0
1.43094280754587   0.524208762117012   0.0331322564867873   -0.0168325937281304   0
1.38369836346113   0.567114744769081   -0.047244444084741   0.0429059826520691   0
1.49734867674169   0.530098185800046   0.113650313280563   -0.0370165589690352   0
1.46318811935976   0.521194475736745   -0.0341605573819261   -0.00890371006330126   0
1.48036027801184   0.482013866797678   0.0171721586520754   -0.0391806089390662   0
