0.157650892994775   0.101830489346377   0   0   0
0.160853026966731   0.0831133474410248   0.00320213397195629   -0.0187171419053517   0
0.13703350496229   0.0599420298169198   -0.0238195220044412   -0.023171317624105   0
0.108536000527152   0.0782742051836523   -0.0284975044351379   0.0183321753667325   0
0.138017060698632   0.0780981060344135   0.0294810601714802   -0.000176099149238773   0
0.0939864764114497   0.0560168301069866   -0.0440305842871827   -0.0220812759274269   0
0.133071738245542   0.0651366781005525   0.0390852618340921   0.00911984799356593   0
0.123676417134149   0.0700601716770128   -0.00939532111139296   0.00492349357646024   0
0.0901204404624167   0.043580920357738   -0.0335559766717322   -0.0264792513192748   0
0.118681321570877   0.0587603684216879   0.0285608811084606   0.0151794480639499   0
0.0976470014406997   0.0553606279872709   -0.0210343201301777   -0.00339974043441704   0
0.112873074577288   0.0480430142955636   0.0152260731365883   -0.00731761369170732   0
0.136165493508965   0.0786118381149589   0.0232924189316771   0.0305688238193953   0
0.110191147003968   0.048565801784898   -0.0259743465049974   -0.0300460363300609   0
0.0926712240697186   0.0779973598550938   -0.017519922934249   0.0294315580701958   0
0.0869509991198491   0.0701763242488704   -0.00572022494986953   -0.00782103560622339   0
0.0955911430045169   0.0437502867740316   0.00864014388466779   -0.0264260374748389   0
0.170381835560602   0.0655901131650381   0.074790692556085   0.0218398263910065   0
0.129116357138552   0.0475493532991512   -0.0412654784220504   -0.0180407598658869   0
0.121071712981563   0.038213750616303   -0.00804464415698841   -0.00933560268284816   0
0.0704227106357743   0.0555832601347069   -0.0506490023457888   0.0173695095184039   0
0.098076846470561   0.0286361569037275   0.0276541358347867   -0.0269471032309794   0
0.0884085622596024   0.0411125087449966   -0.00966828421095861   0.0124763518412691   0
0.0874376606330476   0.0371489944782147   -0.000970901626554832   -0.00396351426678195   0
0.133984898422173   0.0544867671967002   0.0465472377891253   0.0173377727184855   0
0.120803728701285   0.0454034615287755   -0.0131811697208882   -0.00908330566792463   0
0.113276216605694   0.0408403550797798   -0.00752751209559119   -0.00456310644899569   0
0.179791158578085   0.0304508274381009   0.0665149419723912   -0.0103895276416789   0
0.138996361589   0.0447974521100043   -0.0407947969890848   0.0143466246719033   0
0.172912169557322   0.040984176895907   0.0339158079683219   -0.00381327521409722   0
0.177350459446825   0.0460463758894769   0.00443828988950343   0.00506219899356986   0
0.171963272997725   0.0527076574775905   -0.00538718644910052   0.00666128158811358   0
0.2291041871692   0.0588557824657442   0.0571409141714757   0.0061481249881537   0
0.214168145702483   0.0576526547837402   -0.0149360414667173   -0.00120312768200396   0
0.167907910112329   0.0515197656792235   -0.0462602355901539   -0.00613288910451669   0
0.221063734223187   0.0760262000948522   0.0531558241108582   0.0245064344156286   0
0.187870708522484   0.0671642214220302   -0.0331930257007037   -0.00886197867282197   0
0.191780880807368   0.0659860822216701   0.00391017228488469   -0.00117813920036014   0
0.211546930481276   0.0655727338884082   0.0197660496739081   -0.000413348333261843   0
0.156060413223271   0.059366533835192   -0.0554865172580054   -0.00620620005321619   0
0.167939494021686   0.0488719336652951   0.0118790807984153   -0.010494600169897   0
0.236778773801158   0.0679750839438614   0.0688392797794718   0.0191031502785663   0
0.199178930288321   0.0462915447033797   -0.0375998435128367   -0.0216835392404817   0
0.255974720180607   0.0615672873565378   0.0567957898922855   0.0152757426531581   0
0.277200352298874   0.0514305418801173   0.0212256321182673   -0.0101367454764205   0
0.244275360480749   0.063307348401943   -0.032924991818125   0.0118768065218257   0
0.27394529491977   0.0710512938199976   0.0296699344390212   0.00774394541805451   0
0.278035668320829   0.0710819477335484   0.00409037340105856   3.06539135507961e-05   0
0.242756529567695   0.0731519619073371   -0.0352791387531341   0.00207001417378876   0
0.31556284363811   0.0904398267430616   0.0728063140704147   0.0172878648357245   0
0.308095998951561   0.0750722519541841   -0.00746684468654907   -0.0153675747888775   0
0.258713216137193   0.0754819220384093   -0.0493827828143674   0.000409670084225183   0
0.339224580167844   0.0849725955519132   0.0805113640306508   0.00949067351350394   0
0.340856363890202   0.0832811616452366   0.00163178372235834   -0.00169143390667666   0
0.264172737706695   0.0542313676516497   -0.0766836261835078   -0.0290497939935869   0
0.311817850367246   0.0933258206001447   0.0476451126605511   0.039094452948495   0
0.304544691608128   0.0757966394910091   -0.00727315875911727   -0.0175291811091356   0
0.287986943899407   0.0713009381162864   -0.0165577477087217   -0.00449570137472272   0
0.348258920972672   0.0908381008043156   0.0602719770732656   0.0195371626880292   0
0.243127298071233   0.0684657977787576   -0.105131622901439   -0.022372303025558   0
0.356384565885744   0.112408033782434   0.113257267814511   0.043942236003676   0
0.3395701777234   0.097596381646143   -0.0168143881623435   -0.0148116521362905   0
0.35192857373308   0.107451152811696   0.01235839600968   0.00985477116555324   0
0.426644525067474   0.126651904452963   0.0747159513343934   0.0192007516412669   0
0.380871336176996   0.0954702803592563   -0.0457731888904779   -0.0311816240937068   0
0.393444824204526   0.11639348806746   0.01257348802753   0.0209232077082039   0
0.489596879749831   0.134023018060528   0.0961520555453049   0.0176295299930674   0
0.406394313849289   0.104608882574581   -0.0832025659005415   -0.0294141354859465   0
0.4737242740321   0.133428614179165   0.0673299601828108   0.028819731604584   0
0.518279632595928   0.134275010112642   0.0445553585638281   0.000846395933476435   0
0.452619250680393   0.126760485069885   -0.0656603819155354   -0.00751452504275671   0
0.509946183479885   0.1387224340125   0.057326932799492   0.0119619489426155   0
0.551719401169834   0.165078668971766   0.0417732176899492   0.026356234959266   0
0.514790584983525   0.143389960218629   -0.0369288161863085   -0.0216887087531374   0
0.545176799962177   0.159764322576326   0.0303862149786521   0.0163743623576975   0
0.559127287358934   0.153934886663972   0.0139504873967566   -0.00582943591235416   0
0.545708416147671   0.157027150698088   -0.0134188712112626   0.00309226403411558   0
0.543311334779406   0.155001693922397   -0.00239708136826511   -0.00202545677569069   0
0.656731530084174   0.18725402827659   0.113420195304767   0.0322523343541929   0
0.597455627085828   0.158880403656532   -0.0592759029983457   -0.0283736246200583   0
0.554647121477575   0.157687207541552   -0.0428085056082528   -0.00119319611497981   0
0.624388684851719   0.183453148757994   0.0697415633741443   0.0257659412164415   0
0.594921381833138   0.163265919043971   -0.0294673030185818   -0.0201872297140225   0
0.570236475003625   0.165155732788185   -0.0246849068295126   0.00188981374421437   0
0.614447033995356   0.187999742344112   0.0442105589917308   0.0228440095559266   0
0.548909603993599   0.140717831998116   -0.0655374300017565   -0.047281910345996   0
0.508973388016771   0.154753185476301   -0.0399362159768285   0.0140353534781853   0
0.605864940040138   0.188993574808881   0.0968915520233673   0.0342403893325794   0
0.529678190499895   0.164803409231788   -0.0761867495402436   -0.0241901655770926   0
0.641891983705553   0.204500971100806   0.112213793205659   0.0396975618690174   0
0.56306694475968   0.173364048324155   -0.0788250389458736   -0.0311369227766504   0
0.504664672151559   0.162980554255224   -0.058402272608121   -0.0103834940689312   0
0.354761165295766   0.114373198368324   -0.149903506855792   -0.0486073558868999   0
0.387788000378106   0.127010376384806   0.0330268350823398   0.0126371780164816   0
0.449464267890118   0.142703784734008   0.0616762675120122   0.015693408349202   0
0.4499134084875   0.139235627517373   0.000449140597381714   -0.00346815721663421   0
0.554517231927918   0.163646995412768   0.104603823440418   0.0244113678953947   0
0.49147277025346   0.15622628772916   -0.0630444616744579   -0.00742070768360842   0
0.605733803753629   0.184470230951872   0.114261033500169   0.028243943222712   0
0.59975098426617   0.183379672738863   -0.00598281948745893   -0.00109055821300869   0
0.58312152467022   0.166279883236067   -0.0166294595959503   -0.0170997895027963   0
0.728529179533154   0.193669476098997   0.145407654862934   0.0273895928629303   0
0.575302420334349   0.158639645973106   -0.153226759198805   -0.0350298301258908   0
0.617611088490969   0.176587513723543   0.0423086681566205   0.0179478677504367   0
0.656813881140228   0.195351779895967   0.0392027926492589   0.0187642661724244   0
0.614632913407255   0.184842417013256   -0.0421809677329735   -0.0105093628827112   0
0.707279082623797   0.202487376466436   0.0926461692165422   0.0176449594531794   0
0.672060581609731   0.179511765331475   -0.035218501014066   -0.0229756111349607   0
0.699521501186347   0.195765663681096   0.0274609195766156   0.0162538983496211   0
0.754902748986931   0.200042134843512   0.0553812478005841   0.00427647116241642   0
0.708128649223437   0.197772929675676   -0.0467740997634939   -0.0022692051678361   0
0.860203835768383   0.223884798363466   0.152075186544947   0.0261118686877901   0
0.724264374592897   0.198241736800049   -0.135939461175486   -0.0256430615634172   0
0.875751431911339   0.239638662617805   0.151487057318442   0.0413969258177554   0
0.760015163488262   0.212425545965522   -0.115736268423076   -0.0272131166522828   0
0.769009485197003   0.212563992908606   0.00899432170874104   0.000138446943084458   0
0.810458955113268   0.221991312971364   0.0414494699162649   0.00942732006275762   0
0.83576839708683   0.232264524535065   0.0253094419735624   0.0102732115637016   0
0.778186271164198   0.223595732905393   -0.0575821259226321   -0.00866879162967207   0
0.90121631455888   0.247242039020976   0.123030043394682   0.023646306115583   0
0.796363710457106   0.220136077164785   -0.104852604101774   -0.0271059618561917   0
0.858868948232406   0.259999754768154   0.0625052377752999   0.039863677603369   0
0.887973623605454   0.267951003921426   0.0291046753730475   0.00795124915327233   0
0.834122707670076   0.249571411504303   -0.0538509159353775   -0.0183795924171232   0
0.897546020436729   0.277009245303293   0.063423312766653   0.0274378337989904   0
0.883235023100171   0.254255288891401   -0.0143109973365581   -0.0227539564118917   0
0.848098385748281   0.264564648293191   -0.0351366373518904   0.0103093594017899   0
0.955958678133532   0.304677781369925   0.107860292385251   0.040113133076734   0
0.871541969288479   0.274445755807045   -0.0844167088450531   -0.0302320255628806   0
0.857179791746726   0.287738936872471   -0.0143621775417534   0.0132931810654266   0
0.927691896974615   0.307913535040277   0.0705121052278895   0.0201745981678059   0
0.907025937583711   0.292886747942357   -0.0206659593909041   -0.0150267870979198   0
0.86744434651351   0.277244664639827   -0.0395815910702013   -0.0156420833025306   0
1.01032758446348   0.312934461033377   0.14288323794997   0.03568979639355   0
0.87767308549289   0.270943386874915   -0.13265449897059   -0.0419910741584615   0
1.03559773163642   0.330729129893331   0.157924646143526   0.0597857430184161   0
0.933751791213209   0.296532477864567   -0.101845940423207   -0.0341966520287642   0
0.959759585512065   0.317668070626007   0.0260077942988559   0.0211355927614402   0
0.995397197661662   0.352047436528446   0.0356376121495977   0.0343793659024383   0
0.925725892048769   0.348435471857057   -0.0696713056128928   -0.00361196467138858   0
0.907348182463761   0.34584269278315   -0.0183777095850088   -0.00259277907390754   0
0.997138672762299   0.375115392020909   0.0897904902985388   0.0292726992377591   0
0.975207612782858   0.350999880662017   -0.0219310599794418   -0.0241155113588919   0
0.883458822119068   0.346301175395421   -0.09174879066379   -0.00469870526659594   0
1.06097596243478   0.382406208898993   0.177517140315713   0.0361050335035718   0
0.951577286687214   0.349372913521498   -0.109398675747567   -0.0330332953774948   0
1.11846546435954   0.380610803620641   0.166888177672325   0.0312378900991431   0
1.03432115502434   0.347032973650199   -0.084144309335197   -0.0335778299704415   0
1.03075000819646   0.370977104825217   -0.0035711468278834   0.0239441311750175   0
1.09143244185137   0.386066759546196   0.0606824336549092   0.0150896547209788   0
1.00463577289573   0.392591104304784   -0.0867966689556336   0.00652434475858854   0
0.983728157491774   0.393485920049562   -0.0209076154039608   0.000894815744777455   0
1.02318259568075   0.449704974799312   0.0394544381889778   0.0562190547497504   0
1.01952036528558   0.428862454671075   -0.00366223039517255   -0.020842520128237   0
1.08753473712441   0.444838644530239   0.0680143718388266   0.0159761898591635   0
1.17788994096562   0.449194564161511   0.0903552038412181   0.00435591963127258   0
1.03664093333807   0.391997929518129   -0.141249007627555   -0.0571966346433822   0
1.16637667053572   0.426000783020994   0.129735737197655   0.034002853502865   0
1.09959620167993   0.413913995556142   -0.0667804688557978   -0.012086787464852   0
1.09063885358852   0.448408700440235   -0.00895734809140225   0.0344947048840925   0
1.16508738464591   0.492877614607572   0.0744485310573832   0.0444689141673372   0
1.08248418232754   0.449384924932401   -0.082603202318366   -0.0434926896751703   0
1.17184165457506   0.45972164263851   0.0893574722475172   0.0103367177061087   0
1.17349411684535   0.490815486748839   0.00165246227028826   0.0310938441103292   0
1.02062306085082   0.442664133928027   -0.152871055994529   -0.0481513528208126   0
