0.386311975462786   0.251703894246638   0   0   0
0.304134829100927   0.179954661814921   -0.0821771463618589   -0.0717492324317168   0
0.348774766423834   0.209103143475869   0.0446399373229071   0.0291484816609486   0
0.308552767262927   0.202033799437767   -0.040221999160907   -0.00706934403810203   0
0.40678185658119   0.218808388090429   0.0982290893182632   0.0167745886526612   0
0.299305820456202   0.159242569508156   -0.107476036124989   -0.0595658185822722   0
0.369127662406775   0.207132891891564   0.0698218419505734   0.0478903223834081   0
0.315993669890648   0.185352322139487   -0.0531339925161267   -0.0217805697520778   0
0.295720512309867   0.181398331262342   -0.0202731575807816   -0.00395399087714421   0
0.329529445542337   0.195620235735749   0.0338089332324703   0.0142219044734066   0
0.365777231983745   0.18767430121315   0.0362477864414076   -0.00794593452259912   0
0.314146442174171   0.148311420376419   -0.0516307898095731   -0.0393628808367308   0
0.373698752947665   0.242289787136191   0.0595523107734937   0.0939783667597717   0
0.38934644649443   0.216555654786858   0.0156476935467649   -0.0257341323493323   0
0.326027551476865   0.189144469989701   -0.0633188950175648   -0.0274111847971572   0
0.361725172645048   0.203765065307709   0.0356976211681831   0.014620595318008   0
0.389137535297342   0.153223696820743   0.0274123626522936   -0.0505413684869661   0
0.320508029942293   0.131860417639885   -0.0686295053550485   -0.0213632791808577   0
0.300796837023995   0.120466510626657   -0.019711192918298   -0.0113939070132282   0
0.319675599735357   0.131860417639885   0.0188787627113614   0.0113939070132282   0
0.064990007310432   0.0700939617565415   -0.254685592424925   -0.0617664558833439   0
0.360183208804908   0.0350852144270917   0.295193201494476   -0.0350087473294498   0
0.435344849436228   0.0485780503759414   0.0751616406313195   0.0134928359488497   0
0.385691271148946   0.0655383260592037   -0.0496535782872813   0.0169602756832623   0
0.264957268646007   0.0650861807103745   -0.120734002502939   -0.000452145348829217   0
0.142734320321813   0.0974499270548276   -0.122222948324194   0.0323637463444531   0
0.136657074523641   0.091825707611499   -0.00607724579817215   -0.00562421944332868   0
0.0864895122066884   0.117452867042316   -0.0501675623169527   0.0256271594308172   0
0.157521004926581   0.0864459879336514   0.0710314927198927   -0.0310068791086648   0
0.0976769249211399   0.141552446668649   -0.0598440800054412   0.0551064587349973   0
0.176077410667865   0.22798372429979   0.0784004857467252   0.0864312776311409   0
0.29285679059344   0.172623871134332   0.116779379925575   -0.0553598531654575   0
0.430091089994945   0.125054304850423   0.137234299401505   -0.0475695662839092   0
0.310613705718743   0.119831336580462   -0.119477384276202   -0.00522296826996076   0
0.238728990892372   0.138787882399352   -0.0718847148263717   0.01895654581889   0
0.107294976810522   0.194303860119299   -0.13143401408185   0.0555159777199466   0
0.111166819541894   0.185226339480438   0.00387184273137214   -0.00907752063886064   0
0.176981695446874   0.235529889842033   0.0658148759049799   0.0503035503615945   0
0.521032486491975   0.23150569346582   0.344050791045101   -0.00402419637621304   1
0.546079364230878   0.211523245470261   0.0250468777389032   -0.019982447995558   0
0.561040996818843   0.25161319216458   0.0149616325879648   0.0400899466943188   0
0.366563342934397   0.285121382453404   -0.194477653884446   0.0335081902888232   0
0.194970387908241   0.279408943961785   -0.171592955026155   -0.00571243849161834   0
0.169445838279235   0.289433378819444   -0.0255245496290065   0.0100244348576592   0
0.156315396935491   0.282006295463133   -0.0131304413437439   -0.00742708335631115   0
0.147062817373427   0.274882724279082   -0.00925257956206346   -0.00712357118405088   0
0.157109112860394   0.30594176565948   0.0100462954869667   0.0310590413803974   0
0.144446943889616   0.313016014695878   -0.0126621689707775   0.00707424903639808   0
0.266171076633732   0.425214270909973   0.121724132744115   0.112198256214095   0
0.246876253181737   0.464899746716698   -0.0192948234519953   0.0396854758067248   0
0.372572728791628   0.443654516211376   0.125696475609891   -0.0212452305053222   0
0.317112215625069   0.277943328513656   -0.0554605131665594   -0.16571118769772   0
0.202207705012134   0.271498754726886   -0.114904510612935   -0.00644457378676949   0
0.117669101854395   0.341871599781994   -0.0845386031577387   0.0703728450551078   0
0.106243920741632   0.331174130119262   -0.0114251811127634   -0.0106974696627319   0
0.0984687532004443   0.32568099997889   -0.00777516754118736   -0.00549313014037189   0
0.148255526704437   0.367216508387423   0.0497867735039926   0.0415355084085323   0
0.0990477062138241   0.339964325940605   -0.0492078204906128   -0.0272521824468175   0
0.0641731826400359   0.352921539195683   -0.0348745235737881   0.0129572132550779   0
0.0854689169294311   0.371877376336945   0.0212957342893952   0.0189558371412621   0
0.153036311080769   0.359115521171461   0.0675673941513382   -0.0127618551654843   0
0.126939246721453   0.393437970319338   -0.026097064359316   0.0343224491478767   0
0.171783687410941   0.398391051592841   0.044844440689488   0.00495308127350369   0
0.186421343154157   0.39653006745769   0.0146376557432158   -0.00186098413515157   0
0.121717966142801   0.418932713154213   -0.0647033770113564   0.0224026456965231   0
0.121327456676014   0.418872032346694   -0.000390509466786995   -6.06808075186982e-05   0
0.11526572390134   0.457678934105012   -0.00606173277467351   0.038806901758318   0
0.145898183557301   0.431206643786364   0.0306324596559611   -0.0264722903186486   0
0.140176569949118   0.437065003441708   -0.00572161360818327   0.00585835965534415   0
0.147030876595802   0.445784129787894   0.00685430664668404   0.00871912634618621   0
0.120348665933196   0.4367823716927   -0.0266822106626062   -0.00900175809519393   0
0.133426074251849   0.457793419791886   0.0130774083186533   0.021011048099186   0
0.15126746201639   0.452829255550588   0.0178413877645407   -0.00496416424129781   0
0.150734443891965   0.485781411289841   -0.000533018124424828   0.0329521557392531   0
0.190599777347719   0.45986555911402   0.0398653334557537   -0.0259158521758217   0
0.158582320928312   0.462601019057189   -0.0320174564194073   0.00273545994316959   0
0.137050811510549   0.471791047346969   -0.0215315094177626   0.00919002828977972   0
0.151223052166295   0.469621635723377   0.0141722406557462   -0.00216941162359241   0
0.14708471050116   0.491506598185874   -0.00413834166513521   0.0218849624624972   0
0.161664247768144   0.471257460160845   0.0145795372669846   -0.0202491380250292   0
0.155064075087752   0.498217184137601   -0.0066001726803924   0.0269597239767562   0
0.156540485669906   0.488621212990441   0.00147641058215384   -0.00959597114715977   0
0.102887144881613   0.502636440195595   -0.053653340788293   0.014015227205154   0
0.15000169231342   0.524208738950907   0.0471145474318074   0.0215722987553117   0
0.177457438851602   0.528043881798189   0.0274557465381816   0.00383514284728237   0
0.184952327466431   0.498384346423019   0.00749488861482936   -0.02965953537517   0
0.181894329447072   0.519098901759819   -0.0030579980193591   0.0207145553367996   0
0.186401942715654   0.503809085776795   0.00450761326858201   -0.0152898159830238   0
0.139852792402619   0.501487370157515   -0.0465491503130353   -0.00232171561928041   0
0.18689652678287   0.514838747616669   0.047043734380251   0.0133513774591543   0
0.191780986692868   0.530110646730709   0.00488445990999811   0.0152718991140397   0
0.183968832823063   0.542590429872524   -0.00781215386980522   0.0124797831418152   0
0.190065782213975   0.540097233294617   0.00609694939091177   -0.0024931965779067   0
0.17268732942402   0.538035376498144   -0.0173784527899545   -0.00206185679647253   0
0.118472761356778   0.560585697525365   -0.0542145680672423   0.0225503210272207   0
0.2843426139769   0.66963190174696   0.165869852620122   0.109046204221595   0
0.32914061054364   0.57305908876245   0.0447979965667403   -0.0965728129845094   0
0.328174504685007   0.551458672581183   -0.000966105858632327   -0.0216004161812676   0
0.302742602793545   0.548985746061999   -0.0254319018914627   -0.0024729265191834   0
0.294623186283582   0.539861830111418   -0.00811941650996317   -0.00912391595058093   0
0.237455337494949   0.522077834854153   -0.0571678487886328   -0.0177839952572657   0
0.277749507248402   0.5485302917228   0.040294169753453   0.0264524568686472   0
0.272568085614402   0.510251858600731   -0.00518142163399976   -0.0382784331220692   0
0.2800951857768   0.535547702229456   0.00752710016239772   0.0252958436287254   0
0.304543137955085   0.547529338351837   0.0244479521782853   0.0119816361223806   0
0.326093848619519   0.542091064913682   0.0215507106644343   -0.0054382734381544   0
0.303268854405064   0.529120004013504   -0.0228249942144552   -0.0129710609001786   0
0.341888879669111   0.565246648115891   0.0386200252640471   0.0361266441023875   0
0.338412331409909   0.528922809554003   -0.00347654825920229   -0.0363238385618883   0
0.322436235484615   0.525890727888646   -0.015976095925294   -0.00303208166535673   0
0.348955029235588   0.565947056933111   0.026518793750973   0.0400563290444649   0
0.386260042802359   0.588435508277033   0.0373050135667708   0.022488451343922   0
0.322168056551872   0.530182993368328   -0.064091986250487   -0.0582525149087054   0
0.359735157583881   0.570932683453356   0.0375671010320097   0.0407496900850285   0
0.387220097189247   0.532152002919513   0.0274849396053657   -0.0387806805338425   0
0.333655237423662   0.616376024905585   -0.0535648597655856   0.0842240219860712   0
0.218812307849759   0.707644037915047   -0.114842929573903   0.0912680130094624   0
0.256416907226883   0.769578394268894   0.0376045993771243   0.0619343563538474   0
0.344344022648644   0.724691410702978   0.0879271154217611   -0.0448869835659164   0
0.363623707010269   0.711170815286641   0.0192796843616248   -0.0135205954163375   0
0.356061995951548   0.682230644244131   -0.00756171105872128   -0.0289401710425091   0
0.386552742603762   0.701415360626255   0.0304907466522139   0.0191847163821239   0
0.398776797547751   0.691034940576924   0.0122240549439894   -0.0103804200493315   0
0.388966177906576   0.682114642737387   -0.00981061964117524   -0.00892029783953718   0
0.348991445301013   0.65099326478489   -0.0399747326055628   -0.0311213779524966   0
0.407871618737183   0.713669353429249   0.05888017343617   0.0626760886443593   0
0.458327219603156   0.665406560115851   0.0504556008659734   -0.048262793313398   0
0.402179429176096   0.662636463379561   -0.0561477904270609   -0.00277009673629003   0
0.401459819876323   0.720129609869955   -0.000719609299772217   0.0574931464903933   0
0.457818376993279   0.709533034077873   0.0563585571169555   -0.0105965757920813   0
0.474638111265836   0.706163232833245   0.016819734272557   -0.00336980124462816   0
0.409749975175362   0.661398391529803   -0.0648881360904736   -0.0447648413034425   0
0.461792836949438   0.705778842251743   0.0520428617740755   0.04438045072194   0
0.457728593172428   0.690646130713993   -0.00406424377700992   -0.0151327115377494   0
0.4091330579063   0.686695071687793   -0.0485955352661276   -0.00395105902620052   0
0.483413452461803   0.768711462839219   0.0742803945555029   0.0820163911514268   0
0.410066852173411   0.825483914901546   -0.0733466002883922   0.0567724520623265   0
0.440895523825089   0.8077326287776   0.0308286716516786   -0.0177512861239457   0
0.444007138225907   0.791228663871135   0.00311161440081792   -0.0165039649064656   0
0.443907111695014   0.751443488439423   -0.000100026530892916   -0.0397851754317112   0
0.434196605904295   0.750544737452156   -0.00971050579071903   -0.000898750987267882   0
0.452747479262602   0.77509933876391   0.0185508733583063   0.024554601311754   0
0.463138309976502   0.767029516267138   0.0103908307138998   -0.00806982249677157   0
0.411371987295246   0.741098290121061   -0.0517663226812555   -0.0259312261460773   0
0.713512578884185   0.872274263865799   0.302140591588939   0.131175973744739   0
1.20102879745866   0.818104359665226   0.487516218574477   -0.0541699042005731   0
1.12231762096532   0.795055418647971   -0.0787111764933444   -0.0230489410172555   0
0.999635891855129   0.797174781336947   -0.122681729110188   0.00211936268897661   0
0.963769945229363   0.808516417379772   -0.0358659466257661   0.0113416360428249   0
0.87162169405262   0.77854574623692   -0.0921482511767427   -0.0299706711428523   0
0.903495466925546   0.777735610249396   0.0318737728729253   -0.000810135987524219   0
0.839788448010146   0.760697441738133   -0.0637070189153994   -0.0170381685112628   0
0.756746175113014   0.740574332752797   -0.0830422728971324   -0.0201231089853362   0
0.753987520204556   0.776038519547329   -0.0027586549084575   0.0354641867945322   0
0.811929381520339   0.825895915769203   0.0579418613157824   0.0498573962218739   0
0.784657257632248   0.793215878312209   -0.0272721238880906   -0.0326800374569934   0
0.817502186157101   0.813639780772378   0.0328449285248533   0.0204239024601682   0
0.774204361642642   0.79319425134702   -0.04329782451446   -0.0204455294253576   0
0.777967923293248   0.857893556839635   0.00376356165060698   0.0646993054926148   0
0.697153526087907   0.880337495667657   -0.0808143972053418   0.0224439388280224   0
0.460085336121257   0.987832770761379   -0.23706818996665   0.107495275093722   0
0.679328075425424   1.0213021076105   0.219242739304167   0.0334693368491165   0
0.794232821581833   0.9609751346224   0.11490474615641   -0.0603269729880953   0
0.772304976671237   0.915715179001604   -0.0219278449105962   -0.045259955620796   0
0.780166351124739   0.93004049928178   0.00786137445350243   0.0143253202801756   0
0.79034773068173   0.908143346876175   0.0101813795569903   -0.0218971524056051   0
0.77539012763251   0.882136447908111   -0.01495760304922   -0.0260068989680633   0
0.729222542982593   0.896252555028157   -0.0461675846499164   0.014116107120046   0
0.763110488356444   0.893243647134376   0.0338879453738504   -0.00300890789378083   0
0.785614298012383   0.88653119843524   0.0225038096559398   -0.00671244869913667   0
0.771168374111964   0.881542309256801   -0.0144459239004195   -0.00498888917843909   0
0.767765474899236   0.893670651837746   -0.00340289921272774   0.0121283425809458   0
0.810634453251581   0.936380098386067   0.042868978352345   0.0427094465483202   0
0.803529355343195   0.925592004745984   -0.00710509790838654   -0.0107880936400824   0
0.808957701695268   0.935789159782074   0.00542834635207301   0.0101971550360896   0
0.818818484617495   0.914953840149055   0.00986078292222681   -0.0208353196330189   0
0.801437626267422   0.902253513518469   -0.0173808583500726   -0.0127003266305857   0
0.813280184284045   0.910787424867385   0.011842558016623   0.00853391134891546   0
0.830383406124358   0.927098480598496   0.0171032218403127   0.0163110557311114   0
0.819877144865016   0.927027821907586   -0.0105062612593417   -7.06586909104967e-05   0
0.794420741096813   0.927185760115658   -0.0254564037682026   0.000157938208071973   0
0.802745278998264   0.916106617688274   0.00832453790145027   -0.0110791424273832   0
0.82181574763751   0.907262675109034   0.0190704686392468   -0.00884394257924059   0
0.61507213515074   0.829426856051267   -0.206743612486771   -0.0778358190577666   0
0.607556712248174   0.894597917209236   -0.00751542290256613   0.0651710611579683   0
0.587689379677258   0.935852778866788   -0.0198673325709158   0.0412548616575529   0
0.409642255374626   1.06241141304074   -0.178047124302632   0.126558634173952   0
0.90458403813355   1.17977697473929   0.494941782758924   0.117365561698554   1
1.23566425240647   1.25466680080012   0.331080214272924   0.0748898260608228   0
1.08520641642394   1.1428208069119   -0.150457835982534   -0.111845993888219   0
1.04547930325104   1.15292257921911   -0.0397271131728956   0.0101017723072148   0
0.966886588504857   1.15359281023074   -0.0785927147461881   0.000670231011630662   0
0.831004398456476   1.12107399177131   -0.13588219004838   -0.0325188184594316   0
0.90405035550253   1.13123212446628   0.0730459570460533   0.0101581326949671   0
0.887214338417161   1.11369741369211   -0.016836017085369   -0.0175347107741706   0
0.891471459532407   1.11369672038932   0.00425712111524634   -6.93302789844807e-07   0
0.903144487489267   1.12708125200929   0.0116730279568596   0.013384531619977   0
0.86599765269996   1.10854691459016   -0.0371468347893069   -0.0185343374191367   0
0.92061770201134   1.12977262974112   0.0546200493113802   0.0212257151509645   0
0.937215889723899   1.11795410327985   0.0165981877125592   -0.0118185264612745   0
0.897405213819961   1.11424254693705   -0.0398106759039381   -0.00371155634279452   0
0.903086983430063   1.11594283925174   0.00568176961010158   0.00170029231468849   0
0.944329216262639   1.11568063154003   0.0412422328325764   -0.000262207711715812   0
0.898038808326544   1.05323241585369   -0.0462904079360945   -0.0624482156863366   0
0.864546806527119   1.05186256230029   -0.0334920017994255   -0.00136985355339592   0
0.890409877548475   1.05130410927155   0.0258630710213558   -0.0005584530287428   0
0.881443438235653   1.04658166243693   -0.00896643931282159   -0.00472244683462009   0
0.884821835030313   1.03142222353227   0.00337839679465946   -0.0151594389046619   0
0.958915424341417   1.0314407518326   0.0740935893111044   1.8528300331333e-05   0
1.86944862294401   0.921045622611334   0.910533198602589   -0.110395129221266   1
1.65929012646255   0.926939984698713   -0.210158496481461   0.00589436208737859   0
0.830999782701662   0.742674514491375   -0.828290343760883   -0.184265470207338   1
0.850496774802592   0.79334254163007   0.0194969921009291   0.0506680271386951   0
0.862135724937576   0.798353805655458   0.0116389501349846   0.00501126402538732   0
0.859636068328109   0.819892306890362   -0.00249965660946683   0.0215385012349045   0
0.800229186935118   0.815677911788103   -0.0594068813929916   -0.00421439510225941   0
0.842251316592132   0.860203607527311   0.0420221296570142   0.0445256957392079   0
0.785440272870961   0.826925410041619   -0.0568110437211709   -0.0332781974856917   0
0.756899846961809   0.852507547883595   -0.0285404259091521   0.0255821378419758   0
0.84348768879478   0.919503129305986   0.0865878418329712   0.0669955814223907   0
0.873669120448788   0.904212547053236   0.0301814316540081   -0.0152905822527497   0
0.855830333555226   0.892476596571305   -0.0178387868935621   -0.0117359504819308   0
0.87044651476803   0.910824779640958   0.0146161812128034   0.0183481830696532   0
0.862841626510966   0.881102662364892   -0.00760488825706329   -0.0297221172760668   0
0.785968207651913   0.885091146263621   -0.0768734188590539   0.0039884838987293   0
0.553491094599218   0.920974115341502   -0.232477113052695   0.0358829690778811   0
0.40756920779421   1.10795919234431   -0.145921886805008   0.186985077002806   0
0.577510747276698   0.961769412728696   0.169941539482488   -0.146189779615612   0
0.430342988083412   1.01152725977578   -0.147167759193286   0.0497578470470803   0
0.566298348781188   1.05251731469962   0.135955360697776   0.0409900549238458   0
0.916400059803152   1.1340387237803   0.350101711021964   0.0815214090806775   0
0.921541695028548   1.05549718428717   0.00514163522539646   -0.078541539493125   0
0.934930543401707   1.08074685035026   0.0133888483731585   0.0252496660630825   0
0.897050930788013   1.03769786714029   -0.0378796126136939   -0.0430489832099699   0
0.868854809518576   1.05896312384769   -0.0281961212694372   0.0212652567073994   0
0.871539987337018   1.0453332891136   0.00268517781844269   -0.0136298347340837   0
0.854337787706034   1.05131899198957   -0.0172021996309843   0.00598570287596512   0
0.871075975344723   1.07496800912783   0.0167381876386888   0.023649017138262   0
0.865342057467774   1.06272270693359   -0.00573391787694877   -0.012245302194243   0
0.822762103502003   1.06088281618956   -0.0425799539657714   -0.00183989074402735   0
0.876031215804214   1.12277783241354   0.0532691123022118   0.061895016223982   0
0.879242038127051   1.09125491107142   0.00321082232283632   -0.0315229213421178   0
0.990912058826357   1.24483962539678   0.111670020699307   0.153584714325358   0
0.917528285100623   1.14147705953843   -0.0733837737257345   -0.103362565858352   0
0.909104818140769   1.15129484741279   -0.00842346695985419   0.00981778787436483   0
