0.128491796676442   0.20153369939659   0   0   0
0.0803262059436396   0.190560511150822   -0.048165590732802   -0.0109731882457678   0
0.106410481811004   0.199820180714124   0.0260842758673644   0.00925966956330174   0
0.0966703412413032   0.169761328705009   -0.00974014056970078   -0.030058852009115   0
0.123254116973917   0.174822275794619   0.0265837757326138   0.00506094708961083   0
0.0715139274087223   0.147880728326961   -0.0517401895651947   -0.0269415474676583   0
0.110268944882455   0.125156542012993   0.0387550174737332   -0.0227241863139685   0
0.074395955414679   0.113114834189273   -0.0358729894677765   -0.0120417078237197   0
0.092527095699422   0.0314346140008908   0.018131140284743   -0.0816802201883822   0
0.0871424391571064   0.0658901318522161   -0.00538465654231556   0.0344555178513253   0
0.0811359596254953   0.0284910222448423   -0.00600647953161117   -0.0373991096073738   0
0.0700805460196337   0.0524669070411293   -0.0110554136058615   0.023975884796287   0
0.0493339361726794   0.0586766544818244   -0.0207466098469544   0.00620974744069509   0
0.0559175827799056   0.07278640003038   0.00658364660722629   0.0141097455485556   0
0.101090043345228   0.0408298640163915   0.045172460565322   -0.0319565360139885   0
0.071374137416118   0.0531373645368539   -0.0297159059291096   0.0123075005204624   0
0.104359492474188   0.0502759758199431   0.0329853550580695   -0.00286138871691085   0
0.0903774046217305   0.0340088683681918   -0.013982087852457   -0.0162671074517512   0
0.0643536437636596   0.0566131273081448   -0.026023760858071   0.0226042589399529   0
0.0882821330160866   0.0346723074814484   0.023928489252427   -0.0219408198266964   0
0.0565201128893069   0.0322889632043948   -0.0317620201267796   -0.00238334427705358   0
0.103631325972652   0.0709404540886228   0.0471112130833448   0.038651490884228   0
0.0966830120938523   0.0596221488612766   -0.00694831387879938   -0.0113183052273462   0
0.0926887917937223   0.0790580085365722   -0.00399422030013007   0.0194358596752956   0
0.084241888700634   0.0316076540179547   -0.00844690309308831   -0.0474503545186175   0
0.0847383795810375   0.0713351738314452   0.000496490880403572   0.0397275198134905   0
0.0651223429291361   0.0654828478047399   -0.0196160366519015   -0.00585232602670531   0
0.0812136318391192   0.022159602629842   0.0160912889099831   -0.0433232451748979   0
0.0667191625098817   0.0617445465161904   -0.0144944693292375   0.0395849438863484   0
0.0873900018534981   0.0727902128827683   0.0206708393436164   0.0110456663665779   0
0.0601719485712404   0.0575785314211706   -0.0272180532822577   -0.0152116814615977   0
0.069651318296951   0.0453363964290833   0.00947936972571063   -0.0122421349920872   0
0.0982840435262001   0.070221675060269   0.0286327252292491   0.0248852786311856   0
0.100842594924665   0.0899841179496693   0.00255855139846455   0.0197624428894004   0
0.0779404841939027   0.0643484481387275   -0.0229021107307619   -0.0256356698109419   0
0.101059026465656   0.0564047271701805   0.023118542271753   -0.00794372096854695   0
0.0974353645443481   0.0931924340955987   -0.00362366192130764   0.0367877069254181   0
0.115707356940905   0.106288373653577   0.018271992396557   0.0130959395579788   0
0.0968103027860671   0.0727319741380124   -0.0188970541548379   -0.0335563995155651   0
0.0737902986578182   0.0712979776462138   -0.023020004128249   -0.00143399649179858   0
0.107099560751545   0.119648883567253   0.0333092620937265   0.0483509059210389   0
0.12045060815658   0.0941967316260628   0.0133510474050354   -0.0254521519411899   0
0.139574268401988   0.0854356946510795   0.0191236602454076   -0.00876103697498325   0
0.141952070457056   0.114435866527381   0.00237780205506835   0.0290001718763012   0
0.0767759512264746   0.0978744655106223   -0.0651761192305815   -0.0165614010167584   0
0.0859171277132796   0.121828401795404   0.00914117648680504   0.0239539362847821   0
0.123250574957659   0.129841092535347   0.0373334472443797   0.00801269073994242   0
0.107546625662826   0.0989021361768541   -0.0157039492948335   -0.0309389563584927   0
0.119103328435439   0.110092883487365   0.0115567027726129   0.0111907473105107   0
0.144139652835644   0.131677123626467   0.0250363244002053   0.0215842401391026   0
0.132529822714927   0.0962871733646933   -0.011609830120717   -0.0353899502617742   0
0.112659618545555   0.111112782379616   -0.0198702041693719   0.0148256090149231   0
0.141770401984088   0.128685559823199   0.0291107834385332   0.0175727774435821   0
0.139776629422447   0.0933893128072078   -0.00199377256164163   -0.0352962470159908   0
0.122872079573311   0.0928411785392802   -0.016904549849136   -0.000548134267927575   0
0.126886651718703   0.117669199771276   0.0040145721453919   0.024828021231996   0
0.144135801237583   0.0991023953094096   0.0172491495188803   -0.0185668044618665   0
0.154191135192948   0.0882075501402941   0.0100553339553652   -0.0108948451691155   0
0.155259866651245   0.124155217054138   0.00106873145829731   0.0359476669138434   0
0.150194111544028   0.102466841891463   -0.00506575510721716   -0.0216883751626749   0
0.138488661902699   0.103833152543588   -0.0117054496413295   0.00136631065212531   0
0.148417770546172   0.120761045928478   0.00992910864347307   0.0169278933848902   0
0.142521429593904   0.082220355758413   -0.00589634095226826   -0.0385406901700651   0
0.132622531251782   0.0861179270910099   -0.00989889834212115   0.00389757133259691   0
0.15505719096168   0.123073542759248   0.0224346597098976   0.0369556156682383   0
0.145961003330136   0.0790070803564624   -0.00909618763154396   -0.0440664624027859   0
0.0962642233460593   0.113938721134738   -0.0496967799840767   0.0349316407782757   0
0.154267403502263   0.128831031940571   0.0580031801562036   0.0148923108058332   0
0.126698260438492   0.0757443991398044   -0.0275691430637707   -0.0530866328007669   0
0.135696013638021   0.0672138274667506   0.00899775319952884   -0.00853057167305375   0
0.118644251917234   0.0853167109188464   -0.0170517617207874   0.0181028834520957   0
0.162290550071038   0.0645622672327459   0.0436462981538041   -0.0207544436861005   0
0.152680276307256   0.0699652512054201   -0.00961027376378187   0.00540298397267421   0
0.146227468740897   0.0682939864218659   -0.00645280756635888   -0.00167126478355425   0
0.14518623719134   0.0747398629411054   -0.00104123154955713   0.00644587651923954   0
0.146312765229627   0.0736867340161418   0.00112652803828733   -0.00105312892496366   0
0.136660579469355   0.0843206600997051   -0.0096521857602718   0.0106339260835634   0
0.123006439898487   0.0731833767363934   -0.0136541395708688   -0.0111372833633117   0
0.135322058075402   0.0885025456103276   0.0123156181769155   0.0153191688739342   0
0.142302092242314   0.0877955038065767   0.00698003416691173   -0.000707041803750946   0
0.137506243404218   0.0730354891453338   -0.00479584883809603   -0.0147600146612429   0
0.147621329741504   0.0639934988504621   0.0101150863372867   -0.00904199029487168   0
0.147517926987875   0.0746255070525321   -0.00010340275362955   0.01063200820207   0
0.155157859977121   0.0786446040572715   0.00763993298924642   0.00401909700473936   0
0.135812649929747   0.0801040973789887   -0.0193452100473744   0.00145949332171717   0
0.179812444865087   0.0731035042763194   0.0439997949353402   -0.00700059310266926   0
0.138278480076764   0.0744604460855896   -0.0415339647883232   0.00135694180927022   0
0.137921499732855   0.0739681487344722   -0.000356980343908658   -0.000492297351117443   0
0.139397812998025   0.0724336257497172   0.00147631326516989   -0.00153452298475494   0
0.140233205710024   0.0541509488108902   0.000835392711999144   -0.018282676938827   0
0.130341580574351   0.0552936728051131   -0.00989162513567346   0.00114272399422287   0
0.131282296147424   0.0502575898230944   0.000940715573073403   -0.00503608298201868   0
0.141099830175518   0.0459460254511204   0.00981753402809366   -0.00431156437197402   0
0.138615583734874   0.0419492316264959   -0.00248424644064346   -0.00399679382462451   0
0.132801914722228   0.041630807150107   -0.00581366901264616   -0.000318424476388857   0
0.148499439016583   0.0755486683473971   0.0156975242943552   0.0339178611972901   0
0.146305244815693   0.0339663167769925   -0.00219419420089001   -0.0415823515704046   0
0.122907596081853   0.0378509087042174   -0.0233976487338402   0.00388459192722493   0
0.145276434912962   0.0343618994878048   0.0223688388311084   -0.00348900921641259   0
0.124405641287001   0.0413434371701994   -0.0208707936259606   0.0069815376823946   0
0.147162961722065   0.0503679661146596   0.022757320435064   0.00902452894446022   0
0.214182288396496   0.0869638263107713   0.0670193266744314   0.0365958601961117   0
0.0855130470642346   0.0362400962601885   -0.128669241332262   -0.0507237300505828   0
0.127167422322897   0.0347051290512227   0.0416543752586623   -0.00153496720896571   0
0.119557005671594   0.0479749808174011   -0.00761041665130267   0.0132698517661783   0
0.132970051577827   0.0371465421366932   0.0134130459062329   -0.0108284386807078   0
0.144497363836473   0.0352156209724108   0.0115273122586457   -0.00193092116428242   0
0.16747075728213   0.0339850925384572   0.0229733934456569   -0.00123052843395358   0
0.152200132079082   0.0420913294150318   -0.0152706252030477   0.00810623687657463   0
0.151074424244377   0.0302017623530896   -0.001125707834705   -0.0118895670619423   0
0.130173981356107   0.0294280198211246   -0.0209004428882703   -0.000773742531965032   0
0.159267563385926   0.0261142638886878   0.0290935820298195   -0.00331375593243674   0
0.166753920837292   0.0316425806041562   0.00748635745136636   0.00552831671546842   0
0.161193005434077   0.0513730635810733   -0.00556091540321541   0.0197304829769171   0
0.170030399459538   0.0337774893813173   0.00883739402546072   -0.017595574199756   0
0.136098792548795   0.0302945556313655   -0.0339316069107425   -0.00348293374995174   0
0.162828466058764   0.0478084755565893   0.0267296735099685   0.0175139199252238   0
0.118413874945211   0.102428874288583   -0.0444145911135531   0.054620398731994   0
0.167980044122985   0.049131767394458   0.0495661691777743   -0.0532971068941253   0
0.157605019109196   0.0451071532586019   -0.0103750250137891   -0.00402461413585608   0
0.143507643578243   0.0632258580906578   -0.014097375530953   0.0181187048320559   0
0.193682232842767   0.0529281355634458   0.0501745892645246   -0.010297722527212   0
0.150388232958068   0.0668783350948011   -0.0432939998846999   0.0139501995313552   0
0.14878629745447   0.0563098486768523   -0.00160193550359766   -0.0105684864179488   0
0.157685887943246   0.0843081333689846   0.00889959048877631   0.0279982846921324   0
0.177250605406526   0.0777855161641934   0.0195647174632798   -0.00652261720479118   0
0.169106334260311   0.0521446151619465   -0.00814427114621516   -0.025640901002247   0
0.161485414912493   0.0610809621123063   -0.00762091934781792   0.00893634695035982   0
0.18549822891451   0.0375343576059668   0.0240128140020172   -0.0235466045063395   0
0.160610614141438   0.0248591514104504   -0.0248876147730717   -0.0126752061955164   0
0.152201627085127   0.0564132876130482   -0.0084089870563116   0.0315541362025978   0
0.142148187487565   0.0361337236648287   -0.0100534395975615   -0.0202795639482196   0
0.153103322169214   0.0403573670655384   0.0109551346816483   0.00422364340070968   0
0.137452359158546   0.0543279319802438   -0.0156509630106673   0.0139705649147055   0
0.156690704021968   0.0499243458498206   0.0192383448634218   -0.00440358613042321   0
0.150890701948828   0.061239743962582   -0.00580000207314019   0.0113153981127614   0
0.123582503199846   0.0903007354972821   -0.0273081987489816   0.0290609915347   0
0.124891446598956   0.0973981167225532   0.00130894339911025   0.00709738122527115   0
0.131815002002731   0.0746302322633395   0.00692355540377459   -0.0227678844592137   0
0.129065360395421   0.0959715886356478   -0.00274964160730973   0.0213413563723083   0
0.111998847351122   0.110222153927874   -0.017066513044299   0.0142505652922264   0
0.120251917758928   0.0916602937263459   0.00825307040780573   -0.0185618602015284   0
0.125195872756174   0.10495158051697   0.00494395499724549   0.013291286790624   0
0.123605996104518   0.105486317115788   -0.00158987665165605   0.000534736598817739   0
0.130882641573281   0.0792998560728832   0.00727664546876372   -0.0261864610429043   0
0.169870464660605   0.0752205348452801   0.0389878230873242   -0.00407932122760313   0
0.139477640841462   0.0847790393085018   -0.030392823819143   0.00955850446322171   0
0.128746328531186   0.0875993856645696   -0.0107313123102768   0.00282034635606776   0
0.145795780313423   0.123777628516906   0.0170494517822377   0.0361782428523366   0
0.112625356700745   0.12767029816872   -0.0331704236126786   0.00389266965181431   0
0.098834289534149   0.13542791565534   -0.0137910671665958   0.00775761748661993   0
0.156922379646754   0.0917852467684764   0.058088090112605   -0.0436426688868641   0
0.142352241705496   0.10955712224082   -0.0145701379412579   0.0177718754723438   0
0.124425624040107   0.122097412510554   -0.0179266176653894   0.0125402902697343   0
0.14118131837591   0.110430212358768   0.016755694335803   -0.0116672001517869   0
0.182553642791728   0.0895145211427174   0.0413723244158187   -0.0209156912160502   0
0.162845869296706   0.110867382480196   -0.019707773495022   0.0213528613374783   0
0.149911125516154   0.123434730594159   -0.0129347437805527   0.0125673481139629   0
0.166126236209245   0.119498905376116   0.0162151106930916   -0.00393582521804227   0
0.191724683824723   0.116386941051563   0.0255984476154776   -0.00311196432455328   0
0.170805465328718   0.126470811175781   -0.0209192184960047   0.0100838701242178   0
0.155474137529172   0.134415176634086   -0.015331327799546   0.00794436545830507   0
0.154329618006428   0.120126135935316   -0.0011445195227443   -0.0142890406987699   0
0.170424350847642   0.124826551770407   0.0160947328412135   0.00470041583509066   0
0.134986887635392   0.131610398848267   -0.0354374632122493   0.00678384707786071   0
0.154104988324519   0.142273236351184   0.0191181006891264   0.0106628375029172   0
0.170566002137032   0.130985399715389   0.0164610138125134   -0.011287836635796   0
0.152877806017126   0.136451781549418   -0.017688196119906   0.00546638183402917   0
0.149463675448318   0.114523575582814   -0.00341413056880849   -0.0219282059666037   0
0.166827770220968   0.0854888996148044   0.0173640947726502   -0.0290346759680096   0
0.174703454339546   0.0854504005782887   0.00787568411857875   -3.84990365157045e-05   0
0.156745273362803   0.0978572617571128   -0.017958180976743   0.0124068611788242   0
0.165988647032651   0.0989511208567771   0.00924337366984751   0.00109385909966422   0
0.162406210464409   0.10484824762924   -0.00358243656824175   0.00589712677246328   0
0.170016575254767   0.0992803841512008   0.00761036479035818   -0.00556786347803954   0
0.166413114465447   0.0907048732086099   -0.00360346078932031   -0.00857551094259086   0
0.16066814777522   0.0994664277264445   -0.00574496669022689   0.00876155451783454   0
0.18804311199233   0.0887769709812742   0.0273749642171099   -0.0106894567451703   0
0.197519290029835   0.101339288384071   0.0094761780375047   0.0125623174027973   0
0.193635094356705   0.0959401444196328   -0.00388419567312992   -0.00539914396443865   0
0.185512985593381   0.0793121552159724   -0.00812210876332384   -0.0166279892036604   0
0.16287893213562   0.0944176620840084   -0.0226340534577607   0.015105506868036   0
0.158182795768851   0.0935765717295734   -0.00469613636676938   -0.000841090354434984   0
