0   0   0   0   0
0.12169462483709   0.050439   0.12169462483709   0.050439   0
0.148211468860139   0.0839317633114693   0.0265168440230495   0.0334927633114693   0
0.156248263972052   0.0796208389560328   0.00803679511191271   -0.00431092435543652   0
0.154311314039185   0.0776323256595634   -0.0019369499328668   -0.00198851329646939   0
0.524403392854442   0.44755687475169   0.370092078815257   0.369924549092127   1
0.84000325783973   0.338340184256157   0.315599864985288   -0.109216690495533   1
0.853720738000249   0.283148567065172   0.0137174801605191   -0.055191617190985   0
0.915610725222592   0.218412210755122   0.0618899872223423   -0.0647363563100493   0
0.869704848274062   0.231905922283525   -0.0459058769485292   0.013493711528403   0
0.95666421829919   0.193268477171169   0.0869593700251277   -0.0386374451123568   0
0.884810830717188   0.211946669848461   -0.0718533875820022   0.0186781926772924   0
0.958843376903673   0.164552344400984   0.0740325461864857   -0.0473943254474771   0
0.886126958297534   0.183238448974969   -0.0727164186061392   0.0186861045739856   0
0.969186103253864   0.165992027064826   0.08305914495633   -0.0172464219101433   0
0.922456086734214   0.183489825154891   -0.0467300165196504   0.0174977980900649   0
0.986970030081263   0.169305288317111   0.0645139433470493   -0.0141845368377803   0
0.962578908763973   0.187077043293539   -0.0243911213172907   0.0177717549764278   0
1.00844506888412   0.182139756789944   0.0458661601201439   -0.00493728650359446   0
0.992772413534562   0.179165053220487   -0.015672655349554   -0.00297470356945698   0
1.01728032373096   0.195751398178915   0.0245079101963942   0.0165863449584275   0
1.02993455809103   0.19647369443325   0.0126542343600706   0.000722296254335092   0
1.07219222883689   0.182335744765666   0.0422576707458591   -0.014137949667584   0
1.04941130600952   0.1737609385528   -0.0227809228273645   -0.00857480621286555   0
1.05475683993324   0.187155990668212   0.00534553392372072   0.0133950521154122   0
1.08755237997023   0.17234518193222   0.0327955400369833   -0.0148108087359924   0
1.18041210816731   0.180250202167709   0.0928597281970855   0.00790502023548911   0
1.1682100199214   0.1530444103994   -0.0122020882459104   -0.027205791768309   0
1.26078731561118   0.136086920867694   0.0925772956897801   -0.0169574895317061   0
1.23774871065294   0.138965976543721   -0.0230386049582423   0.00287905567602698   0
1.26224184142398   0.168908475401621   0.0244931307710443   0.0299424988579   0
1.22064541745158   0.175364103496839   -0.0415964239723989   0.00645562809521785   0
1.26058343623941   0.154486286183434   0.0399380187878262   -0.0208778173134044   0
1.23067698724262   0.165330037628527   -0.0299064489967937   0.0108437514450921   0
1.28282699455642   0.177914250815526   0.0521500073138017   0.0125842131869997   0
1.25855170757735   0.181591612368936   -0.0242752869790712   0.00367736155340995   0
1.35749296429235   0.213226184088634   0.0989412567150061   0.0316345717196977   0
1.33884519807079   0.206238008603531   -0.0186477662215645   -0.00698817548510322   0
1.29599308228054   0.208349821349815   -0.0428521157902504   0.00211181274628472   0
1.39996707559595   0.143694430537765   0.103973993315416   -0.0646553908120507   0
1.30935568323716   0.175267129364693   -0.0906113923587986   0.0315726988269281   0
1.39845901161484   0.210836755330991   0.0891033283776856   0.0355696259662977   0
1.4884642139478   0.216846061020739   0.0900052023329574   0.0060093056897482   0
1.46024032832449   0.202741851090765   -0.0282238856233108   -0.0141042099299737   0
1.54123553021211   0.204075863658475   0.0809952018876234   0.0013340125677099   0
1.62307081155957   0.203287687539629   0.0818352813474579   -0.000788176118845685   0
1.55213932619539   0.207215659651057   -0.0709314853641765   0.00392797211142715   0
1.64583634424588   0.185609206963178   0.0936970180504859   -0.0216064526878781   0
1.57585468977137   0.175387869765443   -0.0699816544745124   -0.0102213371977354   0
1.60911097396676   0.185558849977581   0.0332562841953883   0.0101709802121382   0
1.53678827983727   0.175127197781041   -0.0723226941294801   -0.0104316521965398   0
1.62515229928614   0.18730393746179   0.0883640194488688   0.0121767396807482   0
1.58257638485204   0.168287564149293   -0.0425759144341014   -0.0190163733124963   0
1.64263952791667   0.161102072127774   0.0600631430646243   -0.00718549202151927   0
1.57676563065715   0.179019585893555   -0.0658738972595128   0.0179175137657812   0
1.6597683987286   0.174213319515903   0.0830027680714427   -0.00480626637765255   0
1.59262390685805   0.170412736182628   -0.067144491870551   -0.0038005833332746   0
1.64717494366476   0.173660056097135   0.0545510368067113   0.00324731991450669   0
1.57456106122929   0.19084719806497   -0.0726138824354621   0.0171871419678355   0
1.63398419363933   0.175293526910579   0.0594231324100354   -0.0155536711543909   0
1.53734945895468   0.194602817077503   -0.0966347346846494   0.0193092901669234   0
1.60595478199317   0.174337245669134   0.0686053230384847   -0.0202655714083687   0
1.53894758426977   0.179479366181046   -0.067007197723393   0.00514212051191196   0
1.59724576306954   0.168417895635203   0.0582981787997674   -0.0110614705458434   0
1.52188423275466   0.185553518221833   -0.0753615303148767   0.0171356225866301   0
1.57793718653697   0.169588927182024   0.0560529537823076   -0.0159645910398082   0
1.55138681606363   0.168999764955635   -0.026550370473343   -0.000589162226389134   0
1.56088039390036   0.168872944846858   0.00949357783673199   -0.000126820108777181   0
1.55306697078341   0.163928807237593   -0.00781342311694511   -0.00494413760926493   0
1.61089733095823   0.182554272161048   0.0578303601748151   0.0186254649234548   0
1.58370095976864   0.183497611367287   -0.0271963711895893   0.000943339206239235   0
1.52859128560778   0.190852101035068   -0.0551096741608623   0.00735448966778121   0
1.56335098428755   0.178167887275597   0.0347596986797682   -0.0126842137594711   0
1.41124638675649   0.188137934879572   -0.152104597531059   0.00997004760397438   0
1.46102630612879   0.176373573995653   0.0497799193723065   -0.0117643608839191   0
1.23981434477756   0.229281006802243   -0.221211961351234   0.0529074328065898   0
1.42196147399823   0.133028586530396   0.182147129220666   -0.0962524202718467   0
1.44994002033195   0.177254295916206   0.0279785463337214   0.0442257093858104   0
1.50297565039864   0.205997347697731   0.0530356300666903   0.0287430517815251   0
1.5250869302775   0.190196779740089   0.022111279878859   -0.0158005679576421   0
1.55703432901777   0.183245135671455   0.0319473987402705   -0.00695164406863405   0
1.55832534774714   0.18075759984103   0.00129101872937043   -0.00248753583042494   0
1.5678610200051   0.176811816894184   0.00953567225796403   -0.00394578294684608   0
1.56474765461656   0.172233634076282   -0.00311336538854734   -0.00457818281790243   0
1.53228555525146   0.176419599697709   -0.0324620993650904   0.00418596562142765   0
1.54288886281539   0.18431275834909   0.0106033075639229   0.00789315865138052   0
1.42566963982833   0.210117178211349   -0.117219222987054   0.0258044198622596   0
1.38254828963657   0.195007431819976   -0.0431213501917649   -0.0151097463913737   0
1.32499081664268   0.244356069614098   -0.0575574729938868   0.0493486377941224   0
1.48347694442926   0.224080029855965   0.158486127786574   -0.0202760397581336   0
1.50931658194464   0.280597694326325   0.0258396375153807   0.0565176644703609   0
1.51567822111228   0.330046853859418   0.00636163916764532   0.0494491595330925   0
1.58744519339137   0.299434757361683   0.0717669722790872   -0.0306120964977349   0
1.51494348038476   0.348167309850451   -0.0725017130066086   0.048732552488768   0
1.54710484443346   0.341337103026099   0.0321613640487028   -0.0068302068243517   0
1.60129350443353   0.302668848767097   0.0541886600000625   -0.0386682542590021   0
1.61993583874396   0.333178759377755   0.0186423343104323   0.0305099106106578   0
1.69137143676186   0.30111685303425   0.0714355980179056   -0.0320619063435052   0
1.65437772160539   0.340239089169293   -0.0369937151564736   0.039122236135043   0
1.6871301726337   0.35116686281382   0.0327524510283079   0.0109277736445267   0
1.73361349906   0.334048872802693   0.0464833264262976   -0.0171179900111262   0
1.76264800220663   0.328501843490642   0.029034503146631   -0.00554702931205175   0
1.80141836119632   0.324332782950629   0.0387703589896982   -0.00416906054001231   0
1.75056574888016   0.345045765694929   -0.050852612316163   0.0207129827442999   0
1.80746174721376   0.322897939105764   0.0568959983335966   -0.0221478265891648   0
1.76551005753039   0.356423627825443   -0.0419516896833685   0.0335256887196786   0
1.82558223710581   0.326432800014413   0.0600721795754193   -0.0299908278110297   0
1.75932480367608   0.347885123301141   -0.0662574334297255   0.0214523232867275   0
1.79820177989993   0.325292185982848   0.0388769762238503   -0.0225929373182925   0
1.72986304949873   0.3467207455756   -0.0683387304012051   0.0214285595927518   0
1.70204802872344   0.28734663906987   -0.0278150207752852   -0.0593741065057303   0
1.57752252584233   0.270237501345113   -0.124525502881115   -0.0171091377247566   0
1.44352192798567   0.39908514667612   -0.134000597856657   0.128847645331007   0
1.67867413066141   0.380394774089695   0.235152202675738   -0.0186903725864249   0
1.69184951572424   0.423690181103185   0.0131753850628349   0.0432954070134904   0
1.65708722412618   0.684809563818475   -0.0347622915980641   0.26111938271529   0
1.81034772354954   0.548766099615765   0.153260499423362   -0.13604346420271   0
1.91943336239214   0.465057139578031   0.109085638842599   -0.0837089600377345   0
1.99780853620961   0.437942369930965   0.0783751738174727   -0.027114769647066   0
2.04459886552059   0.426006757696107   0.0467903293109779   -0.0119356122348574   0
2.03486522607272   0.427016142579528   -0.00973363944786731   0.00100938488342078   0
2.01834388799922   0.42942399594515   -0.0165213380735039   0.00240785336562149   0
2.02051380462136   0.421042433430409   0.00216991662214117   -0.00838156251474115   0
1.99527166105952   0.448466168904077   -0.0252421435618431   0.0274237354736684   0
1.97165013256944   0.448257666683181   -0.0236215284900789   -0.00020850222089569   0
1.94354682972735   0.470381243289685   -0.0281033028420878   0.0221235766065039   0
2.00028966658619   0.463434348292183   0.0567428368588374   -0.00694689499750262   0
1.95600322990446   0.486620584715906   -0.0442864366817266   0.0231862364237232   0
2.02060170996538   0.494697754655557   0.0645984800609154   0.00807716993965157   0
1.98382804010195   0.497671785273186   -0.036773669863424   0.00297403061762852   0
2.00545972021322   0.499062033014935   0.0216316801112666   0.00139024774174912   0
1.97672823141296   0.507726820415024   -0.0287314888002632   0.00866478740008897   0
1.94734445787366   0.505118793851011   -0.0293837735392997   -0.00260802656401304   0
1.95491043744727   0.510345890583289   0.0075659795736156   0.00522709673227773   0
1.90076697490041   0.530073823638274   -0.0541434625468673   0.0197279330549853   0
1.90242087666132   0.529834211599015   0.00165390176090963   -0.000239612039258819   0
1.8460618041768   0.54498954476531   -0.0563590724845191   0.015155333166295   0
1.9474579941552   0.530968005076106   0.101396189978407   -0.0140215396892038   0
1.91871369903016   0.557028225770696   -0.0287442951250436   0.0260602206945901   0
1.95340644373054   0.532833654588841   0.0346927447003806   -0.0241945711818559   0
1.91103068571157   0.533601452489121   -0.0423757580189668   0.000767797900280587   0
1.96118051190857   0.544743225650627   0.0501498261969959   0.0111417731615059   0
1.87730458726619   0.56084582622054   -0.0838759246423775   0.0161026005699128   0
1.83103301920885   0.564642263670547   -0.0462715680573391   0.00379643745000768   0
1.87241912602589   0.559073550905871   0.0413861068170369   -0.00556871276467608   0
1.86712771666093   0.579210283471599   -0.00529140936496542   0.0201367325657276   0
1.97854448745147   0.561690254073586   0.111416770790547   -0.0175200293980126   0
1.86174844625902   0.58326694917379   -0.116796041192448   0.0215766951002031   0
1.87644744705829   0.550550655393534   0.0146990007992622   -0.0327162937802554   0
1.89607840777095   0.558867332649932   0.0196309607126608   0.00831667725639818   0
1.88918776914869   0.597924214295173   -0.00689063862225803   0.0390568816452408   0
1.91445454053448   0.609619754601383   0.0252667713857917   0.0116955403062097   0
1.89311013625567   0.624766502511338   -0.0213444042788111   0.0151467479099555   0
1.934912453603   0.634621208033777   0.0418023173473352   0.00985470552243839   0
1.88703273497107   0.625250619767986   -0.0478797186319313   -0.00937058826579107   0
1.90985568587175   0.623162550146629   0.022822950900673   -0.00208806962135644   0
1.84295262881303   0.622714525174457   -0.0669030570587215   -0.000448024972171779   0
1.85103603704326   0.630747605311546   0.00808340823023279   0.00803308013708881   0
1.85497461900221   0.632276743135077   0.00393858195895636   0.0015291378235307   0
1.80205439744233   0.63588064704648   -0.0529202215598814   0.00360390391140297   0
1.84965010382775   0.631208991720848   0.0475957063854155   -0.00467165532563152   0
1.75608854646785   0.635171412636384   -0.0935615573599005   0.003962420915536   0
1.81613254437238   0.629104322077229   0.0600439979045304   -0.00606709055915533   0
1.76328117369211   0.639900300589084   -0.0528513706802642   0.010795978511855   0
1.72092766450571   0.643267826680303   -0.0423535091864007   0.00336752609121871   0
1.70978019268904   0.654302471225656   -0.0111474718166766   0.011034644545353   0
1.68671986102121   0.647414789545698   -0.0230603316678268   -0.00688768167995801   0
1.72288035302547   0.647938820492529   0.0361604920042577   0.000524030946831622   0
1.48659297735532   0.930707813573761   -0.236287375670146   0.282768993081231   0
1.73487220197755   0.77879295558014   0.248279224622231   -0.151914857993621   0
1.82944516781783   0.722345544290958   0.0945729658402756   -0.0564474112891823   0
1.89794637617169   0.669707846776115   0.0685012083538621   -0.052637697514843   0
1.83327133468703   0.655048756649648   -0.0646750414846609   -0.0146590901264665   0
1.92389722692997   0.654233099895786   0.0906258922429439   -0.00081565675386186   0
1.90923515488339   0.677167737850453   -0.0146620720465807   0.0229346379546667   0
1.91157706190366   0.675287919804953   0.00234190702027015   -0.00187981804550053   0
1.93689626954745   0.665922352441522   0.0253192076437829   -0.00936556736343086   0
1.84929350490175   0.682975529924023   -0.0876027646456925   0.0170531774825013   0
1.89959707760725   0.664939180603384   0.0503035727054959   -0.0180363493206388   0
1.86358033597676   0.687638261894472   -0.03601674163049   0.0226990812910876   0
1.89571488586916   0.654073562721541   0.0321345498923964   -0.0335646991729305   0
1.8377874327533   0.677091288515441   -0.0579274531158567   0.0230177257938997   0
1.87995191512875   0.666006809585495   0.0421644823754501   -0.0110844789299458   0
1.77916626349706   0.689747899335692   -0.100785651631689   0.0237410897501968   0
1.81867077662968   0.676694594976198   0.039504513132617   -0.0130533043594945   0
1.73821888222377   0.709606186278875   -0.0804518944059078   0.0329115913026778   0
1.77372304020642   0.684904755429541   0.0355041579826465   -0.024701430849334   0
1.7382795253851   0.716963861770592   -0.0354435148213181   0.0320591063410501   0
1.71914212690476   0.709408649955193   -0.0191373984803411   -0.00755521181539831   0
