0.830291935234228   0.574205731497866   0   0   0
0.761136759394132   0.546514178558068   -0.0691551758400969   -0.0276915529397984   0
0.64577663426064   0.512682466746526   -0.115360125133492   -0.0338317118115422   0
0.547886777911723   0.493133315198631   -0.0978898563489166   -0.0195491515478946   0
0.190082255157968   0.260781428080514   -0.357804522753755   -0.232351887118117   1
0.273917631997979   0.259802566372091   0.0838353768400104   -0.000978861708422929   1
0.326114667412725   0.280729075795779   0.0521970354147469   0.020926509423688   0
0.214152658733016   0.185396871352546   -0.111962008679709   -0.0953322044432334   0
0.174532344205451   0.183740276008181   -0.0396203145275648   -0.00165659534436541   0
0.15291346632573   0.148449626418905   -0.0216188778797214   -0.0352906495892754   0
0.153950925863439   0.122164063757033   0.0010374595377089   -0.0262855626618718   0
0.107878838902951   0.101871871525522   -0.0460720869604875   -0.0202921922315111   0
0.112539749722395   0.105843018459533   0.00466091081944377   0.00397114693401059   0
0.0945363130856075   0.100417688708704   -0.0180034366367875   -0.00542532975082906   0
0.0916073276305995   0.110804995216022   -0.00292898545500797   0.0103873065073186   0
0.140870101603889   0.0733216337392996   0.0492627739732895   -0.0374833614767227   0
0.160494345322744   0.0637317084481697   0.0196242437188547   -0.00958992529112994   0
0.119922210850576   0.0257366861702318   -0.0405721344721677   -0.0379950222779379   0
0.0468708884342936   0.0550408592168913   -0.0730513224162823   0.0293041730466595   0
0.0728780869983564   0.0686409395638849   0.0260071985640627   0.0136000803469936   0
0.0582545985374545   0.0321327205499398   -0.0146234884609018   -0.0365082190139451   0
0.10181279844386   0.0846966072779335   0.0435581999064052   0.0525638867279937   0
0.0692325350282654   0.0687247072832799   -0.0325802634155943   -0.0159718999946536   0
0.0710616109917303   0.0683101025567267   0.00182907596346485   -0.000414604726553122   0
0.0700793219939377   0.0863893335502711   -0.000982288997792582   0.0180792309935444   0
0.0669472384157853   0.101407588204596   -0.00313208357815238   0.0150182546543248   0
0.0977760662421024   0.0202864409398994   0.0308288278263171   -0.0811211472646965   0
0.0616196367474687   0.106642665120476   -0.0361564294946337   0.0863562241805768   0
0.0335777799468637   0.0911343288903694   -0.0280418568006051   -0.0155083362301067   0
0.0724213423781968   0.0862445281369346   0.0388435624313331   -0.00488980075343486   0
0.0441547025501248   0.092877330023397   -0.0282666398280719   0.00663280188646241   0
0.0425137004869595   0.113939877100022   -0.00164100206316534   0.0210625470766246   0
0.0405291599631463   0.098812880475758   -0.00198454052381316   -0.0151269966242636   0
0.171176192977996   0.218548300325197   0.130647033014849   0.119735419849439   0
0.0819103177533209   0.182101083832105   -0.0892658752246747   -0.0364472164930918   0
0.0772257315409547   0.0966319992299679   -0.00468458621236625   -0.0854690846021373   0
0.0784442435023756   0.0848107060682252   0.00121851196142098   -0.0118212931617427   0
0.106582858471942   0.123323739548535   0.0281386149695663   0.0385130334803102   0
0.111043451872724   0.092933860996477   0.0044605934007822   -0.0303898785520584   0
0.0425333131688422   0.138274174173542   -0.068510138703882   0.0453403131770649   0
0.0530389018808836   0.127619677616238   0.0105055887120414   -0.010654496557304   0
0.0554276403960836   0.123347299331623   0.00238873851519997   -0.00427237828461492   0
0.038497016391275   0.125019256744911   -0.0169306240048085   0.00167195741328811   0
0.0743018526030139   0.1280841542686   0.0358048362117388   0.0030648975236888   0
0.0818201259416044   0.121537316782974   0.00751827333859048   -0.00654683748562578   0
0.0469157773084919   0.130610143589462   -0.0349043486331125   0.00907282680648834   0
0.0340099798830064   0.131666275168103   -0.0129057974254855   0.00105613157864007   0
0.0574683610346632   0.143478394403147   0.0234583811516568   0.0118121192350445   0
0.0590135207579585   0.16152199722797   0.00154515972329527   0.0180436028248235   0
0.0494679649674413   0.132144087195323   -0.0095455557905172   -0.0293779100326479   0
0.0590986222752274   0.143085730100402   0.00963065730778605   0.0109416429050792   0
0.0775350954737337   0.143670560261802   0.0184364731985063   0.000584830161400041   0
0.0356335625241499   0.140944788001869   -0.0419015329495838   -0.00272577225993301   0
0.0404440074854199   0.132715723334577   0.00481044496127004   -0.0082290646672917   0
0.0210783811687639   0.138118338429126   -0.0193656263166561   0.00540261509454867   0
0.053570714913613   0.14817127364578   0.0324923337448491   0.0100529352166539   0
0.0527482174106386   0.185253936057841   -0.00082249750297439   0.037082662412061   0
0.0537469027693513   0.154747415339619   0.000998685358712656   -0.0305065207182218   0
0.054715205682926   0.152996220853752   0.000968302913574734   -0.00175119448586702   0
0.052223746055354   0.151342198641832   -0.00249145962757204   -0.00165402221191943   0
0.0291311861842682   0.136103679038239   -0.0230925598710858   -0.0152385196035938   0
0.0632163958410316   0.136491791939225   0.0340852096567634   0.000388112900986226   0
0.0558763346952187   0.148596598035567   -0.00734006114581293   0.0121048060963421   0
0.0563546322664138   0.149993410683086   0.000478297571195122   0.00139681264751945   0
0.0631031401192872   0.159448956116409   0.00674850785287344   0.00945554543332255   0
0.0714893104958357   0.17113703859799   0.00838617037654842   0.0116880824815813   0
0.0366007414064647   0.164282583093408   -0.034888569089371   -0.00685445550458227   0
0.0490387105917356   0.150222287489024   0.0124379691852709   -0.0140602956043839   0
0.108880411929649   0.112622264537191   0.0598417013379132   -0.0376000229518333   0
0.0893250862047163   0.0926799838653957   -0.0195553257249325   -0.0199422806717952   0
0.119628152043238   0.0937238900533103   0.0303030658385214   0.00104390618791465   0
0.121014590079916   0.0894680314467268   0.00138643803667789   -0.00425585860658348   0
0.100523400647859   0.151516633001801   -0.0204911894320565   0.0620486015550743   0
0.0311673185935268   0.154997952733205   -0.0693560820543323   0.00348131973140434   0
0.0374713063836864   0.149469094421832   0.00630398779015966   -0.00552885831137356   0
0.050492519657074   0.156465806523103   0.0130212132733875   0.00699671210127076   0
0.0487524989650787   0.176941073753277   -0.00174002069199526   0.020475267230174   0
0.068694308008961   0.162726801080646   0.0199418090438823   -0.0142142726726311   0
0.0865779849632111   0.174642264344185   0.0178836769542501   0.0119154632635391   0
0.339694316945059   0.0920516391878629   0.253116331981848   -0.0825906251563218   0
0.306429816234468   0.102945417331771   -0.0332645007105903   0.0108937781439081   0
0.151847910381934   0.157714948641854   -0.154581905852534   0.0547695313100825   0
0.106123377340056   0.194399625974364   -0.0457245330418781   0.0366846773325101   0
0.0935082080112521   0.236851501152014   -0.0126151693288043   0.0424518751776503   0
0.202789417327458   0.210936464635278   0.109281209316206   -0.0259150365167357   0
0.182732015869579   0.247587744365553   -0.0200574014578794   0.0366512797302748   0
0.145872369812724   0.201730637692053   -0.0368596460568552   -0.0458571066734998   0
0.112912472204491   0.217575790412256   -0.0329598976082324   0.015845152720203   0
0.140649071959327   0.218196015160058   0.027736599754836   0.000620224747801323   0
0.16212226241627   0.193677478490924   0.0214731904569431   -0.0245185366691333   0
0.245644206094119   0.0745345343803126   0.0835219436778487   -0.119142944110612   0
0.22597419760008   0.158650710071197   -0.019670008494039   0.0841161756908844   0
0.229362076849334   0.143702521321305   0.00338787924925446   -0.0149481887498924   0
0.125807620015482   0.140437297251985   -0.103554456833852   -0.0032652240693192   0
0.139371691191289   0.152554849654695   0.0135640711758065   0.01211755240271   0
0.192057440586742   0.175238830958816   0.0526857493954533   0.0226839813041206   0
0.182099124424529   0.154556621010886   -0.00995831616221343   -0.0206822099479305   0
0.177579798014301   0.15566996542992   -0.00451932641022759   0.00111334441903452   0
0.190170947617374   0.139107704694465   0.0125911496030728   -0.016562260735455   0
0.164430192944605   0.142414792685416   -0.0257407546727691   0.00330708799095089   0
0.14834644144495   0.142664876792958   -0.0160837514996549   0.000250084107542459   0
0.198242478755614   0.120334667215364   0.0498960373106637   -0.022330209577594   0
0.212739697024191   0.0948848278515196   0.0144972182685768   -0.0254498393638449   0
0.179079754512931   0.114720379165212   -0.0336599425112596   0.0198355513136924   0
0.231232050620151   0.0950027121350491   0.0521522961072199   -0.0197176670301629   0
0.202207795910049   0.108391648358038   -0.0290242547101019   0.0133889362229886   0
0.206759789189388   0.103368725161204   0.00455199327933867   -0.00502292319683384   0
0.177661224585333   0.102835754746598   -0.029098564604055   -0.000532970414605649   0
0.243356082639432   0.0727459318901236   0.0656948580540992   -0.0300898228564746   0
0.314844383009146   0.0373927627499293   0.0714883003697144   -0.0353531691401943   0
0.410952799656566   0.0428297771141469   0.0961084166474201   0.00543701436421759   0
0.345834960584395   0.0922743812173915   -0.0651178390721715   0.0494446041032447   0
0.33512300342704   0.0873439784458551   -0.0107119571573547   -0.00493040277153642   0
0.324216358731326   0.130638862547865   -0.010906644695714   0.04329488410201   0
0.331475120344137   0.118174940278438   0.00725876161281064   -0.0124639222694266   0
0.338384620838241   0.0973777576058953   0.00690950049410394   -0.0207971826725432   0
0.323094760888892   0.0787308440583009   -0.0152898599493492   -0.0186469135475943   0
0.34467186460953   0.0964016987696529   0.0215771037206382   0.017670854711352   0
0.332217936076441   0.106804956798561   -0.0124539285330891   0.0104032580289082   0
0.351994464566362   0.119287738761754   0.0197765284899216   0.012482781963193   0
0.29293372912932   0.0922207624742932   -0.0590607354370419   -0.0270669762874609   0
0.301249767032873   0.0835110406897944   0.00831603790355229   -0.00870972178449875   0
0.323537266663919   0.0752748971446325   0.0222874996310466   -0.00823614354516196   0
0.356221270034862   0.100342536256266   0.0326840033709427   0.0250676391116332   0
0.31351727278056   0.0879210258116908   -0.0427039972543021   -0.0124215104445749   0
0.330411282423951   0.0869332747751113   0.0168940096433913   -0.000987751036579512   0
0.580971048301893   0.100411873020537   0.250559765877941   0.013478598245426   0
0.520829723122404   0.136329309985967   -0.0601413251794886   0.0359174369654302   0
0.472878975473641   0.209802071093805   -0.0479507476487634   0.0734727611078375   0
0.344623063804499   0.200074432817514   -0.128255911669141   -0.00972763827629078   0
0.326531668744396   0.199600176867407   -0.0180913950601033   -0.000474255950107555   0
0.318727928034131   0.179705837901819   -0.00780374071026535   -0.0198943389655872   0
0.31666930391972   0.211055208923601   -0.00205862411441066   0.0313493710217818   0
0.318750905678227   0.194568564224318   0.00208160175850708   -0.0164866446992834   0
0.34431804276134   0.172440711137488   0.0255671370831129   -0.0221278530868301   0
0.287684060583568   0.178725374726142   -0.056633982177772   0.00628466358865457   0
0.272239119728668   0.157334891379821   -0.0154449408549001   -0.0213904833463215   0
0.307925691301067   0.130402466584858   0.0356865715723991   -0.0269324247949628   0
0.301667656636505   0.163806295730399   -0.00625803466456254   0.0334038291455412   0
0.264994724390977   0.185870017657202   -0.0366729322455273   0.0220637219268029   0
0.249235247066241   0.192442722102929   -0.0157594773247366   0.00657270444572658   0
0.342426490460318   0.17702904781711   0.093191243394077   -0.0154136742858189   0
0.541033831038254   0.108428615671475   0.198607340577936   -0.0686004321456344   0
0.47749214340457   0.21234050943723   -0.0635416876336846   0.103911893765755   0
0.450236002246999   0.185275456673874   -0.0272561411575702   -0.0270650527633565   0
0.399718323524204   0.189603815146874   -0.0505176787227956   0.00432835847300025   0
0.388003780955856   0.161059365248664   -0.0117145425683476   -0.0285444498982103   0
0.388819986634188   0.157003966553476   0.000816205678331683   -0.00405539869518787   0
0.402021331903681   0.167449901148948   0.0132013452694936   0.0104459345954722   0
0.421221738980801   0.15670821210215   0.0192004070771195   -0.0107416890467979   0
0.418563903191185   0.159024096167154   -0.00265783578961554   0.00231588406500335   0
0.358345443220868   0.166307326455196   -0.0602184599703178   0.00728323028804204   0
0.391370345699173   0.17976758088032   0.0330249024783053   0.0134602544251247   0
0.352585727971071   0.173246556655132   -0.0387846177281019   -0.00652102422518788   0
0.347178008238843   0.187958197241993   -0.00540771973222809   0.0147116405868607   0
0.344660550849223   0.186913417947515   -0.00251745738961962   -0.00104477929447785   0
0.36030119226543   0.142169589779436   0.0156406414162063   -0.0447438281680792   0
0.376009166752621   0.196360047444745   0.015707974487191   0.054190457665309   0
0.438587107538514   0.169367857927124   0.0625779407858935   -0.0269921895176209   0
0.405815138049334   0.191350436089576   -0.0327719694891799   0.0219825781624522   0
0.380850187179946   0.201371036449268   -0.0249649508693879   0.0100206003596919   0
0.331205845410373   0.182244366349284   -0.0496443417695729   -0.019126670099984   0
0.361955038502036   0.16349726253557   0.0307491930916624   -0.0187471038137145   0
0.361170698384517   0.171718431332727   -0.000784340117518212   0.0082211687971574   0
0.357601669543432   0.1856816922421   -0.00356902884108518   0.0139632609093731   0
0.334239913089999   0.180521834106362   -0.0233617564534332   -0.00515985813573785   0
0.333228026849498   0.189451035551175   -0.00101188624050053   0.00892920144481252   0
0.349062120689498   0.132550238508584   0.0158340938400001   -0.0569007970425909   0
0.362835295613809   0.187210364015484   0.0137731749243103   0.0546601255068999   0
0.361346175571293   0.172956577138519   -0.00148912004251528   -0.0142537868769649   0
0.364524001925799   0.156101897400296   0.0031778263545057   -0.0168546797382232   0
0.330401377199672   0.186232337093669   -0.034122624726127   0.0301304396933733   0
0.330712458687679   0.179695472380226   0.000311081488007181   -0.00653686471344334   0
0.333099825726463   0.169373051136389   0.00238736703878367   -0.0103224212438363   0
0.349476754028304   0.178638566891538   0.0163769283018415   0.00926551575514853   0
0.366743106779064   0.142329037184037   0.0172663527507597   -0.036309529707501   0
0.332958873055953   0.166838129199971   -0.0337842337231115   0.024509092015934   0
0.377937169970777   0.0823439879934322   0.0449782969148244   -0.0844941412065389   0
0.426088618364819   0.113897447954531   0.0481514483940416   0.0315534599610984   0
0.425386538228468   0.162014413920868   -0.000702080136350369   0.0481169659663379   0
0.520461553647337   0.420089139936859   0.0950750154188689   0.258074726015991   1
0.511147820229139   0.0965292388794711   -0.00931373341819841   -0.323559901057388   1
0.612101158546886   0.118943664922948   0.100953338317747   0.0224144260434767   0
0.568221777178031   0.127107920097294   -0.0438793813688549   0.00816425517434585   0
0.560058562887847   0.148925427370412   -0.0081632142901843   0.0218175072731188   0
0.531891693391615   0.101956851816553   -0.0281668694962315   -0.0469685755538597   0
0.760132137334687   0.192780949397496   0.228240443943072   0.0908240975809435   0
0.684273901921592   0.0518016478642813   -0.0758582354130958   -0.140979301533215   0
0.664331687531914   0.0638540579819521   -0.0199422143896781   0.0120524101176708   0
0.662667660486009   0.0482003166311327   -0.00166402704590496   -0.0156537413508194   0
0.550790539600128   0.0673516089568208   -0.111877120885881   0.019151292325688   0
0.755825556024411   0.0407909866427257   0.205035016424283   -0.0265606223140951   0
0.687358494887464   0.0523189755467603   -0.0684670611369469   0.0115279889040346   0
0.689382223897317   0.0811657915405407   0.00202372900985248   0.0288468159937804   0
0.682586519020849   0.0740185428536999   -0.00679570487646752   -0.0071472486868408   0
0.635852699553324   0.024682220214375   -0.0467338194675248   -0.0493363226393249   0
0.621837696471427   0.0499316276731492   -0.0140150030818977   0.0252494074587742   0
0.609477485690193   0.0639827997297125   -0.0123602107812331   0.0140511720565633   0
0.538842412268086   0.0896138777919609   -0.0706350734221074   0.0256310780622484   0
0.524309455440811   0.116321713826622   -0.0145329568272747   0.0267078360346609   0
0.544191270598344   0.130862372470229   0.0198818151575326   0.014540658643607   0
0.59229747109033   0.12515987000775   0.0481062004919858   -0.00570250246247869   0
0.581773572078734   0.12085062332302   -0.0105238990115956   -0.00430924668472996   0
0.559550613308939   0.0943112238888352   -0.022222958769795   -0.0265393994341849   0
0.521601613177145   0.0736224737964061   -0.0379490001317941   -0.0206887500924291   0
0.514615506442081   0.0447157465764299   -0.00698610673506361   -0.0289067272199762   0
0.530847368554277   0.0599737142440128   0.0162318621121953   0.0152579676675829   0
0.553318848566981   0.0601077484213558   0.0224714800127046   0.000134034177343027   0
0.562678847018439   0.0832869989517609   0.00935999845145774   0.0231792505304051   0
0.763419124196932   0.0185651594770958   0.200740277178493   -0.0647218394746651   0
0.594190765826094   0.0992798353776461   -0.169228358370838   0.0807146759005503   0
0.54278608496626   0.101150768562787   -0.051404680859834   0.00187093318514096   0
0.56095717031695   0.0479598764009302   0.0181710853506902   -0.0531908921618568   0
0.501605270726983   0.0693122575037778   -0.0593518995899671   0.0213523811028476   0
0.508515952852848   0.098529241645742   0.00691068212586499   0.0292169841419642   0
0.51040921665546   0.109310316048269   0.00189326380261157   0.0107810744025272   0
0.501185086264546   0.12158385221706   -0.00922413039091408   0.0122735361687913   0
0.506737366903616   0.0776220706404798   0.00555228063907043   -0.0439617815765807   0
0.478691973582177   0.111568978324667   -0.0280453933214387   0.0339469076841872   0
0.493526535448257   0.0957934789728425   0.01483456186608   -0.0157754993518244   0
0.476457199716827   0.103954687217556   -0.0170693357314307   0.00816120824471395   0
0.525666895251166   0.0998333399716247   0.0492096955343391   -0.00412134724593176   0
0.523133823556229   0.126737366082383   -0.00253307169493644   0.0269040261107584   0
0.509836928192731   0.128531173531793   -0.0132968953634982   0.0017938074494103   0
0.5371919673962   0.105154558886633   0.0273550392034689   -0.0233766146451603   0
0.532537198485702   0.119695326543175   -0.00465476891049788   0.0145407676565416   0
0.497815238533334   0.119587069347568   -0.0347219599523684   -0.000108257195606878   0
0.498125788095377   0.121567067141393   0.00031054956204285   0.00197999779382535   0
0.587936491741319   0.110826039146595   0.0898107036459425   -0.0107410279947987   0
0.628298417638474   0.133505494486791   0.0403619258971548   0.0226794553401962   0
0.553862754165651   0.120823562850505   -0.0744356634728232   -0.0126819316362854   0
0.697119920874278   0.115248591811885   0.143257166708628   -0.0055749710386202   0
0.91318083138719   0.0800542856636202   0.216060910512912   -0.0351943061482649   0
0.685915422638243   0.0954501516003118   -0.227265408748947   0.0153958659366916   0
0.579405213551794   0.103825610515963   -0.106510209086449   0.00837545891565147   0
0.65240282935392   0.0747149478469503   0.0729976158021259   -0.029110662669013   0
0.633717871464108   0.0774544334877569   -0.0186849578898117   0.00273948564080667   0
0.574500745665312   0.0858355817001494   -0.0592171257987958   0.00838114821239248   0
0.591905312489895   0.0620706869305069   0.0174045668245824   -0.0237648947696425   0
0.635100073483668   0.0240353711557571   0.043194760993773   -0.0380353157747498   0
0.586693558583184   0.0821634127821502   -0.0484065149004838   0.0581280416263931   0
0.559284491696856   0.0797699256903878   -0.0274090668863284   -0.00239348709176238   0
0.555443884308757   0.0706703216386837   -0.00384060738809833   -0.00909960405170418   0
0.591677105993632   0.0360360645758607   0.0362332216848751   -0.034634257062823   0
0.594442651222975   0.0860664376755103   0.00276554522934302   0.0500303730996497   0
