0.834968744179739   0.319719945441319   0   0   0
0.792433852068865   0.303495450522841   -0.0425348921108735   -0.0162244949184776   0
0.743285037112251   0.278779907411366   -0.0491488149566143   -0.0247155431114751   0
0.766091351766752   0.260421344790514   0.0228063146545016   -0.0183585626208519   0
0.643607184019103   0.228298247173412   -0.122484167747649   -0.0321230976171021   0
0.618264937008796   0.202075649313667   -0.0253422470103077   -0.0262225978597457   0
0.628292692098993   0.193894371755403   0.0100277550901974   -0.00818127755826348   0
0.588482970685338   0.191544151648151   -0.0398097214136552   -0.00235022010725183   0
0.540782011134681   0.171963168065868   -0.0477009595506566   -0.0195809835822832   0
0.505407189666075   0.163949753010496   -0.0353748214686062   -0.00801341505537254   0
0.567167195181112   0.179990030415722   0.0617600055150374   0.0160402774052263   0
0.504900719287465   0.172337154965789   -0.0622664758936469   -0.00765287544993251   0
0.429521761088353   0.128910091304764   -0.0753789581991128   -0.0434270636610257   0
0.434704483103062   0.115899458688134   0.00518272201470893   -0.0130106326166296   0
0.347192648830617   0.103913408174559   -0.0875118342724448   -0.0119860505135751   0
0.328548068131621   0.096648186864382   -0.0186445806989963   -0.00726522131017698   0
0.363817059646603   0.0891989881873107   0.0352689915149826   -0.00744919867707126   0
0.319690100899105   0.0849037181715412   -0.0441269587474981   -0.0042952700157695   0
0.218255768654027   0.0615138650997277   -0.101434332245078   -0.0233898530718135   0
0.22282417840129   0.0654971193137179   0.00456840974726355   0.0039832542139902   0
0.0731381269151733   0.0369726838123093   -0.149686051486117   -0.0285244355014086   0
0.178667605531593   0.0284847883230401   0.10552947861642   -0.00848789548926924   0
0.115604261606136   0.0546057430391255   -0.0630633439254566   0.0261209547160854   0
0.105011607996878   0.036301231243754   -0.0105926536092582   -0.0183045117953715   0
0.163711116974566   0.0448029983551324   0.0586995089776878   0.00850176711137846   0
0.12802081902429   0.0473996810630884   -0.0356902979502759   0.00259668270795595   0
0.106016382669567   0.0366233206901904   -0.0220044363547233   -0.010776360372898   0
0.148445896281642   0.0467215458515662   0.0424295136120752   0.0100982251613758   0
0.114561029847021   0.0445338174691155   -0.0338848664346211   -0.00218772838245063   0
0.109566604668074   0.0540148017142986   -0.00499442517894691   0.00948098424518311   0
0.146782096181142   0.0548673249494289   0.037215491513068   0.000852523235130263   0
0.112481178922387   0.064662536035192   -0.0343009172587551   0.00979521108576306   0
0.12728172916939   0.0723355494066714   0.0148005502470034   0.00767301337147944   0
0.154992662984704   0.0683413764080187   0.0277109338153137   -0.00399417299865266   0
0.136455561999539   0.0760888647379661   -0.018537100985165   0.00774748832994734   0
0.17603764926106   0.0779639957459531   0.0395820872615212   0.00187513100798706   0
0.165158630695341   0.0862693977060377   -0.0108790185657192   0.00830540196008454   0
0.163085158919566   0.0814568271805532   -0.00207347177577519   -0.00481257052548453   0
0.146741005194458   0.110017235665702   -0.0163441537251075   0.0285604084851484   0
0.173665719438121   0.0974914861654596   0.0269247142436623   -0.0125257495002419   0
0.16485398795337   0.091046609394598   -0.00881173148475012   -0.0064448767708616   0
0.152814085845514   0.135406884463088   -0.0120399021078568   0.0443602750684898   0
0.198760214937497   0.0969901941499758   0.0459461290919834   -0.038416690313112   0
0.190042231952416   0.117067192410224   -0.0087179829850807   0.0200769982602486   0
0.211934995137967   0.113409231123573   0.0218927631855505   -0.00365796128665138   0
0.22509448482424   0.108614959581128   0.0131594896862732   -0.00479427154244536   0
0.208833635712593   0.0877494796262206   -0.016260849111647   -0.0208654799549071   0
0.216445260871427   0.114135817148923   0.00761162515883407   0.0263863375227029   0
0.204559236322514   0.128769114411221   -0.0118860245489133   0.014633297262297   0
0.239975638337228   0.115229620947741   0.0354164020147142   -0.0135394934634798   0
0.234182834640308   0.108762526780148   -0.00579280369691956   -0.00646709416759228   0
0.241335791482133   0.108177266363467   0.00715295684182474   -0.000585260416681346   0
0.267209774817127   0.0694547365899548   0.0258739833349944   -0.0387225297735123   0
0.27096372757002   0.0469284404472384   0.00375395275289248   -0.0225262961427164   0
0.268087040047761   0.052139185228866   -0.00287668752225867   0.00521074478162762   0
0.28860886161683   0.0757294994846295   0.0205218215690687   0.0235903142557635   0
0.271861790268364   0.0923581746325819   -0.0167470713484659   0.0166286751479524   0
0.292284605147449   0.0753352419714206   0.0204228148790846   -0.0170229326611613   0
0.342070445777065   0.0905237370502898   0.0497858406296163   0.0151884950788691   0
0.358897673952855   0.0958074222027709   0.0168272281757902   0.00528368515248116   0
0.381811331814206   0.115810846997939   0.0229136578613506   0.0200034247951679   0
0.377107655151165   0.107666769158327   -0.00470367666304083   -0.0081440778396117   0
0.385515271193308   0.128655100135556   0.00840761604214318   0.0209883309772291   0
0.387761810591734   0.122274864837883   0.00224653939842612   -0.00638023529767347   0
0.375680719230639   0.11604640101761   -0.0120810913610956   -0.00622846382027258   0
0.406104484528781   0.13428465852845   0.0304237652981422   0.0182382575108401   0
0.39477954267674   0.137971280463146   -0.0113249418520404   0.00368662193469535   0
0.412879957676187   0.156889675832454   0.0181004149994466   0.0189183953693083   0
0.412223438572154   0.156314510424664   -0.000656519104033526   -0.000575165407789652   0
0.446536290636539   0.161398481268031   0.0343128520643859   0.00508397084336701   0
0.436013395245479   0.146195773082179   -0.0105228953910608   -0.0152027081858519   0
0.449923121068522   0.176947267123492   0.0139097258230434   0.0307514940413127   0
0.455162864653346   0.185340868507164   0.00523974358482376   0.00839360138367221   0
0.444017808512778   0.182607560450553   -0.0111450561405678   -0.00273330805661104   0
0.433308053340623   0.174439589145498   -0.0107097551721552   -0.00816797130505575   0
0.45710646749531   0.196508449803921   0.0237984141546872   0.022068860658423   0
0.448017466246974   0.182352655637202   -0.00908900124833606   -0.0141557941667186   0
0.455496043671688   0.1954200872833   0.00747857742471375   0.0130674316460977   0
0.445767144797191   0.194907650861248   -0.00972889887449646   -0.000512436422052148   0
0.457243511548464   0.177399241383665   0.0114763667512724   -0.0175084094775822   0
0.488354995043606   0.17805208939679   0.0311114834951419   0.000652848013124568   0
0.495907642786195   0.190604863154282   0.00755264774258901   0.0125527737574918   0
0.509695712792508   0.208599281338743   0.0137880700063131   0.017994418184461   0
0.505022452194603   0.186746344238816   -0.00467326059790474   -0.0218529370999265   0
0.506846132667006   0.176868162863084   0.00182368047240278   -0.00987818137573207   0
0.47760063970252   0.180672065866759   -0.0292454929644856   0.00380390300367472   0
0.483949419334025   0.186899812856708   0.00634877963150493   0.00622774698994907   0
0.530956622719785   0.200839979113871   0.0470072033857599   0.0139401662571626   0
0.554711259372435   0.208186585759175   0.0237546366526498   0.00734660664530473   0
0.547716473911849   0.204565559343918   -0.0069947854605853   -0.00362102641525749   0
0.532733643380489   0.209561632325129   -0.0149828305313605   0.00499607298121096   0
0.513403961113073   0.216758317583092   -0.019329682267416   0.00719668525796294   0
0.55451967218995   0.262121762646561   0.0411157110768774   0.0453634450634691   0
0.573803144848911   0.255172462856834   0.0192834726589605   -0.00694929978972653   0
0.562711913932552   0.247988253940585   -0.0110912309163588   -0.00718420891624949   0
0.536853834145142   0.230027941273446   -0.0258580797874096   -0.0179603126671387   0
0.521362985492833   0.225701193762904   -0.0154908486523093   -0.00432674751054204   0
0.534986297552504   0.228112436820639   0.0136233120596712   0.00241124305773482   0
0.570970918378896   0.196279735790459   0.035984620826392   -0.0318327010301797   0
0.574353161920094   0.198857994181778   0.0033822435411982   0.00257825839131859   0
0.562321548118379   0.186101586907017   -0.0120316138017157   -0.0127564072747609   0
0.567053398831794   0.186780809295441   0.00473185071341564   0.0006792223884243   0
0.59200904901128   0.200363962470176   0.0249556501794856   0.0135831531747345   0
0.587839805939007   0.219841890415589   -0.00416924307227251   0.0194779279454136   0
0.612971022951534   0.205870601870447   0.0251312170125265   -0.0139712885451426   0
0.613950624802549   0.210213561752685   0.000979601851014755   0.00434295988223848   0
0.630548637364708   0.229567781298356   0.0165980125621593   0.0193542195456712   0
0.655061692264935   0.244244606979356   0.0245130549002267   0.0146768256809994   0
0.67211013124148   0.227789659878362   0.0170484389765457   -0.0164549471009935   0
0.630139144246261   0.249712783331671   -0.0419709869952195   0.0219231234533085   0
0.651741183205419   0.265895503984648   0.0216020389591584   0.0161827206529772   0
0.661787486966927   0.28561589015713   0.0100463037615073   0.0197203861724824   0
0.667641730374158   0.286781475888437   0.00585424340723151   0.00116558573130621   0
0.67662843071881   0.319720858564154   0.00898670034465232   0.0329393826757177   0
0.669377344877312   0.30501456067211   -0.00725108584149847   -0.0147062978920449   0
0.693451095759463   0.321142236263388   0.0240737508821511   0.0161276755912789   0
0.733880249354239   0.332814819463091   0.0404291535947758   0.0116725831997028   0
0.758740935626225   0.358295943865194   0.0248606862719866   0.0254811244021024   0
0.739076386510894   0.353304693912351   -0.0196645491153318   -0.00499124995284267   0
0.741941865693667   0.317592958200824   0.00286547918277369   -0.0357117357115275   0
0.78651364563748   0.333138178663899   0.044571779943813   0.0155452204630757   0
0.773106923494415   0.360104996766568   -0.0134067221430649   0.0269668181026689   0
0.773334817968259   0.340173732690738   0.000227894473843304   -0.0199312640758296   0
0.784884501563765   0.337554639960333   0.0115496835955063   -0.00261909273040556   0
0.811562349903567   0.372457418176226   0.026677848339802   0.0349027782158929   0
0.820340177276476   0.37609194838829   0.00877782737290878   0.00363453021206395   0
0.813028905366839   0.372975204727137   -0.0073112719096371   -0.00311674366115244   0
0.835183987390587   0.390621420045995   0.0221550820237481   0.0176462153188581   0
0.832788634742334   0.380960085849226   -0.0023953526482533   -0.0096613341967689   0
0.823931462781341   0.410600468206017   -0.00885717196099278   0.0296403823567901   0
0.8380370892735   0.385595886463082   0.0141056264921591   -0.0250045817429346   0
0.845033406550297   0.401617280458025   0.00699631727679739   0.0160213939949431   0
0.84253639630048   0.412146796712652   -0.00249701024981697   0.0105295162546268   0
0.810461348017288   0.405526807726382   -0.0320750482831921   -0.00661998898626998   0
0.817752015434386   0.401649228968201   0.00729066741709761   -0.0038775787581814   0
0.880463954610863   0.424454631421015   0.0627119391764773   0.0228054024528148   0
0.845036871255923   0.430892802604952   -0.0354270833549399   0.00643817118393653   0
0.825265978978293   0.410686255035702   -0.0197708922776304   -0.0202065475692495   0
0.823202219770452   0.413255927244849   -0.00206375920784063   0.00256967220914667   0
0.822279240583149   0.40285044515583   -0.00092297918730333   -0.0104054820890195   0
0.841829706656186   0.439957817564934   0.0195504660730371   0.0371073724091048   0
0.831517932227562   0.451413895540999   -0.0103117744286242   0.0114560779760647   0
0.804742033504526   0.436638619081043   -0.0267758987230355   -0.0147752764599562   0
0.85999437897291   0.424272323264787   0.0552523454683833   -0.0123662958162557   0
0.906118242088194   0.489746112485337   0.0461238631152849   0.0654737892205495   0
0.939140883678269   0.518591557236039   0.0330226415900746   0.0288454447507024   0
0.951928845823048   0.526821357551353   0.0127879621447788   0.00822980031531351   0
0.94488987678512   0.520860753618709   -0.00703896903792756   -0.00596060393264308   0
0.943007053272138   0.535602070284227   -0.00188282351298286   0.0147413166655174   0
0.946803499364044   0.539622054609057   0.00379644609190677   0.00401998432483008   0
0.958600117635086   0.558861206237067   0.0117966182710414   0.0192391516280105   0
0.946402223149333   0.554093514781801   -0.0121978944857525   -0.00476769145526634   0
0.919243414411004   0.550388759851843   -0.0271588087383297   -0.00370475492995781   0
0.927625364484499   0.561504157060524   0.00838195007349551   0.0111153972086812   0
0.898967876336524   0.554994680267748   -0.028657488147975   -0.00650947679277625   0
0.890386868365095   0.553180188870453   -0.00858100797142958   -0.00181449139729506   0
0.967663796865936   0.579763292514497   0.0772769285008417   0.0265831036440437   0
0.940093955098638   0.579475279449003   -0.0275698417672983   -0.000288013065493864   0
0.917189511687197   0.57313517760538   -0.0229044434114405   -0.00634010184362321   0
0.887936620671768   0.573995927909336   -0.0292528910154291   0.000860750303956492   0
0.886198200513858   0.538320986880969   -0.00173842015791037   -0.0356749410283674   0
0.858772741442112   0.514420082015905   -0.0274254590717463   -0.0239009048650641   0
0.898827406916923   0.51019801932828   0.0400546654748112   -0.00422206268762459   0
0.880358958254529   0.512797945091924   -0.0184684486623936   0.0025999257636441   0
0.844294284609934   0.517972885057461   -0.0360646736445954   0.0051749399655372   0
