0.138345691433741   0.0985248210215705   0   0   0
0.109035301997197   0.0758996799857878   -0.0293103894365442   -0.0226251410357827   0
0.139742677515204   0.0894560692147967   0.0307073755180071   0.0135563892290089   0
0.113429895646606   0.0822295711296277   -0.026312781868598   -0.00722649808516902   0
0.116889143318772   0.0776527310077534   0.00345924767216559   -0.00457684012187434   0
0.106474190414448   0.0591818976287936   -0.010414952904324   -0.0184708333789598   0
0.103966747882051   0.0602493852967397   -0.00250744253239667   0.00106748766794618   0
0.113779858909826   0.0548564559644761   0.00981311102777518   -0.00539292933226368   0
0.0911480693191578   0.0476928460425932   -0.0226317895906686   -0.00716360992188284   0
0.100052100387148   0.0452516866039844   0.00890403106799047   -0.00244115943860879   0
0.0888124630446651   0.0453793886451132   -0.0112396373424832   0.000127702041128719   0
0.0948970286720296   0.0558501991789199   0.00608456562736447   0.0104708105338068   0
0.102222969715275   0.0558696316122053   0.00732594104324528   1.94324332853518e-05   0
0.0684268029899103   0.0561157437818924   -0.0337961667253645   0.000246112169687188   0
0.0844739188581304   0.0609639759333004   0.0160471158682201   0.00484823215140791   0
0.0754674268132947   0.0498329819772508   -0.00900649204483567   -0.0111309939560496   0
0.0675723656120607   0.0627864395844158   -0.00789506120123408   0.0129534576071651   0
0.0880887443271273   0.0323193680892081   0.0205163787150666   -0.0304670714952077   0
0.0735642714408292   0.0239566403322231   -0.0145244728862981   -0.00836272775698501   0
0.0579244246081046   0.0316569470091479   -0.0156398468327246   0.0077003066769248   0
0.0506457775350522   0.0235815133841368   -0.00727864707305242   -0.00807543362501109   0
0.0577751305423017   0.054748732133128   0.00712935300724946   0.0311672187489911   0
0.0291658441511326   0.0547910937409996   -0.0286092863911691   4.23616078715772e-05   0
0.06007981793786   0.0539162816296478   0.0309139737867274   -0.000874812111351722   0
0.0760089564431061   0.0339901953417015   0.0159291385052461   -0.0199260862879463   0
0.0594488916436631   0.0560361780797683   -0.016560064799443   0.0220459827380668   0
0.0584677989639596   0.0484142272497197   -0.000981092679703491   -0.00762195083004857   0
0.0331482794674173   0.0489599153506468   -0.0253195194965423   0.000545688100927109   0
0.0984199821122215   0.0437012683657466   0.0652717026448042   -0.00525864698490024   0
0.11329707066425   0.0327447958483863   0.0148770885520283   -0.0109564725173602   0
0.0942684357800107   0.0269854176535754   -0.0190286348842391   -0.00575937819481093   0
0.105245734869875   0.0313054665825715   0.0109772990898642   0.00432004892899606   0
0.11513078956426   0.0203300451193548   0.00988505469438541   -0.0109754214632167   0
0.125733302989502   0.0164713294248863   0.010602513425242   -0.00385871569446846   0
0.125930122104682   0.0243243518880771   0.000196819115179159   0.00785302246319081   0
0.12756322461168   0.0157855379768211   0.00163310250699877   -0.00853881391125603   0
0.11605600236946   0.018295305917208   -0.0115072222422208   0.0025097679403869   0
0.14661823071559   0.0210194278486594   0.0305622283461305   0.00272412193145147   0
0.176575946386505   0.0273970604976173   0.0299577156709153   0.00637763264895782   0
0.132989197046489   0.0263257341281302   -0.0435867493400159   -0.00107132636948704   0
0.0953646549947097   0.081731910755561   -0.0376245420517798   0.0554061766274308   0
0.177494528139264   0.0655289719018428   0.0821298731445544   -0.0162029388537183   0
0.164741775313678   0.0731113228646562   -0.0127527528255857   0.00758235096281343   0
0.172496110449772   0.0580138564513686   0.0077543351360938   -0.0150974664132876   0
0.176364320923423   0.0609694119212454   0.00386821047365041   0.0029555554698768   0
0.243633339387942   0.0867956856035771   0.0672690184645192   0.0258262736823317   0
0.243178726196865   0.0652406782487927   -0.000454613191076425   -0.0215550073547843   0
0.21835536599864   0.0746749182987333   -0.0248233601982254   0.00943424004994059   0
0.202029137840312   0.126868732082781   -0.0163262281583275   0.0521938137840478   0
0.211454881026402   0.146733489909299   0.00942574318608994   0.0198647578265184   0
0.18076024118124   0.119801438147482   -0.0306946398451626   -0.0269320517618173   0
0.227060967364186   0.0850954938290066   0.0463007261829463   -0.0347059443184756   0
0.239002619737128   0.0778099127727702   0.0119416523729414   -0.00728558105623642   0
0.18639266106529   0.0684110359741943   -0.0526099586718378   -0.0093988767985759   0
0.211547235018599   0.0788374940974312   0.0251545739533093   0.0104264581232369   0
0.255630571601295   0.0799709061885946   0.0440833365826961   0.00113341209116342   0
0.207704880913082   0.174686438077008   -0.0479256906882131   0.0947155318884138   0
0.502998767426283   0.238358617033473   0.295293886513201   0.0636721789564649   1
1.19754044134561   0.365950878910302   0.694541673919328   0.127592261876829   1
1.38693377385644   0.2638887552232   0.189393332510829   -0.102062123687102   0
1.27912072840954   0.321286344926142   -0.107813045446896   0.0573975897029421   0
1.26649839616322   0.353097766314798   -0.0126223322463224   0.0318114213886562   0
1.30003969844115   0.371985846040951   0.0335413022779307   0.0188880797261531   0
1.26920246007141   0.356950090926589   -0.0308372383697459   -0.0150357551143627   0
1.30608857104284   0.349576248352611   0.0368861109714334   -0.00737384257397827   0
1.29732222778645   0.346795649190662   -0.00876634325638403   -0.00278059916194889   0
1.09400288184027   0.693031074921067   -0.203319345946187   0.346235425730406   0
1.06918070698061   0.69683007915847   -0.024822174859656   0.00379900423740309   0
1.07568826002222   0.697203409565853   0.00650755304161277   0.000373330407382189   0
1.01586989751787   0.718882901699748   -0.059818362504358   0.0216794921338956   0
1.01334772805802   0.712802382043228   -0.00252216945984163   -0.00608051965652023   0
0.960459216521394   0.770396004887259   -0.0528885115366307   0.0575936228440314   0
0.945099119935264   0.768960437063247   -0.0153600965861302   -0.00143556782401233   0
0.941347849600502   0.74695645779473   -0.00375127033476141   -0.022003979268517   0
0.741010769295993   0.751111713446475   -0.200337080304509   0.00415525565174524   0
0.813611427813671   0.872391009307467   0.0726006585176774   0.121279295860991   0
0.988614698026188   0.772455821731483   0.175003270212517   -0.0999351875759841   0
0.997501344062999   0.83953087895245   0.00888664603681155   0.0670750572209671   0
0.971902394268278   0.838677527188639   -0.0255989497947217   -0.00085335176381085   0
0.982541786854666   0.864249039143521   0.0106393925863885   0.0255715119548827   0
0.977635740100622   0.82648060222004   -0.00490604675404438   -0.0377684369234814   0
1.02613562658593   0.833154689831516   0.0484998864853038   0.00667408761147614   0
0.904628550163679   0.800373165514062   -0.121507076422247   -0.0327815243174542   0
0.823226540786216   0.791898782819023   -0.0814020093774623   -0.0084743826950392   0
0.87454535151486   0.846360472177783   0.0513188107286435   0.0544616893587604   0
0.86019371953081   0.845151268892883   -0.01435163198405   -0.00120920328490037   0
0.868518340223302   0.854830473217936   0.00832462069249218   0.00967920432505287   0
0.848051517645155   0.832722873359589   -0.0204668225781476   -0.0221075998583468   0
0.862487620507124   0.844467518351801   0.0144361028619689   0.0117446449922124   0
0.843216747494789   0.823428746940043   -0.0192708730123349   -0.021038771411758   0
0.868765605463315   0.822597010048055   0.0255488579685261   -0.000831736891988233   0
0.910846946758395   0.815586427818352   0.0420813412950798   -0.00701058222970308   0
0.865482244049663   0.77508512336017   -0.0453647027087317   -0.040501304458182   0
0.884759537563111   0.794414831503825   0.0192772935134481   0.0193297081436548   0
0.939606234872353   0.841224007875429   0.0548466973092423   0.0468091763716044   0
1.10651234163203   0.945518024368653   0.166906106759678   0.104294016493224   0
1.2284544516349   0.901530447634883   0.121942110002868   -0.04398757673377   0
1.04223881472392   0.816492394728403   -0.18621563691098   -0.0850380529064796   0
1.03530091400136   0.800642169394838   -0.00693790072255962   -0.0158502253335653   0
0.985063891684743   0.775435932490396   -0.0502370223166171   -0.025206236904442   0
0.953546996859599   0.837609200465527   -0.0315168948251434   0.0621732679751312   0
0.966400908677289   0.825401549530439   0.01285391181769   -0.0122076509350879   0
0.963597253933924   0.863505511538432   -0.00280365474336464   0.0381039620079932   0
0.928326836138006   0.845478040641063   -0.0352704177959186   -0.0180274708973699   0
0.951298529832439   0.885176298305739   0.0229716936944334   0.0396982576646762   0
0.976476686206097   0.890004163199813   0.0251781563736574   0.00482786489407461   0
0.986486224450418   0.880378600127383   0.010009538244321   -0.00962556307243057   0
0.98215523517499   0.860676447436114   -0.00433098927542785   -0.019702152691269   0
0.961392085438033   0.876444718255664   -0.0207631497369569   0.0157682708195501   0
0.954835895640523   0.904160290490713   -0.00655618979750983   0.0277155722350487   0
0.766946415270324   0.959807074057203   -0.187889480370199   0.0556467835664907   1
0.246668230586774   1.05239497415098   -0.52027818468355   0.0925879000937806   1
0.304394841178378   0.978403182713676   0.0577266105916038   -0.0739917914373084   0
0.325673046519803   0.863023887957374   0.0212782053414253   -0.115379294756301   0
0.341409128682289   0.830703961279444   0.0157360821624861   -0.0323199266779302   0
0.413051494900878   0.808207016953461   0.0716423662185885   -0.0224969443259827   0
0.414118097373744   0.77230990578734   0.00106660247286633   -0.0358971111661213   0
0.447387978432588   0.78809767124767   0.0332698810588433   0.0157877654603298   0
0.463543135114781   0.779705649722541   0.0161551566821933   -0.00839202152512841   0
0.481531469189554   0.797336717701656   0.0179883340747727   0.0176310679791145   0
0.48177612428734   0.750227537447473   0.00024465509778604   -0.0471091802541824   0
0.47422974630684   0.719177863701324   -0.0075463779804994   -0.0310496737461495   0
0.512943172922693   0.695832081151947   0.038713426615853   -0.0233457825493767   0
0.49599108308389   0.695757816835894   -0.0169520898388034   -7.42643160527301e-05   0
0.485070842566289   0.670741779194684   -0.0109202405176003   -0.0250160376412107   0
0.535212867054278   0.712464586745194   0.0501420244879883   0.0417228075505102   0
0.539314917156437   0.667327184396267   0.00410205010215892   -0.0451374023489264   0
0.528693908526344   0.641520454967143   -0.0106210086300927   -0.0258067294291247   0
0.545424106209409   0.655565217051858   0.0167301976830649   0.0140447620847154   0
0.543051860379077   0.650862803318987   -0.00237224583033191   -0.00470241373287139   0
0.551202971215958   0.648202118783563   0.00815111083688091   -0.00266068453542423   0
0.572055503533783   0.649591427317972   0.0208525323178251   0.00138930853440933   0
0.562781130335017   0.643228847757157   -0.00927437319876556   -0.00636257956081476   0
0.581596467419843   0.669050430653961   0.0188153370848252   0.0258215828968034   0
0.573265506919298   0.667830806815806   -0.00833096050054427   -0.00121962383815477   0
0.550252770544636   0.586115977475448   -0.0230127363746622   -0.0817148293403576   0
0.556856876886528   0.621863512446292   0.00660410634189157   0.035747534970844   0
0.522341500121628   0.56984266981554   -0.0345153767649   -0.0520208426307521   0
0.559528591335708   0.61684542503039   0.0371870912140801   0.04700275521485   0
0.543592193803121   0.593978081629198   -0.0159363975325868   -0.0228673434011917   0
0.570238245885394   0.644259106847798   0.0266460520822733   0.0502810252185998   0
0.583643492932905   0.620041747658575   0.0134052470475102   -0.0242173591892232   0
0.838191787790902   0.708726831975656   0.254548294857997   0.0886850843170813   0
0.73256471968913   0.664304098317367   -0.105627068101772   -0.0444227336582892   0
0.670075718940897   0.637312213918147   -0.0624890007482326   -0.0269918843992201   0
0.617514774218153   0.621134468254057   -0.052560944722744   -0.0161777456640901   0
0.52159148306624   0.551939132670442   -0.0959232911519127   -0.0691953355836147   0
0.806372201121165   0.84331261849737   0.284780718054924   0.291373485826927   1
0.835039330583159   0.826380759818906   0.028667129461994   -0.0169318586784637   0
0.706990290372088   0.738898268722894   -0.12804904021107   -0.087482491096012   0
0.715295094237057   0.744846164283767   0.00830480386496835   0.00594789556087272   0
0.709462172026831   0.733067458325475   -0.00583292221022536   -0.0117787059582914   0
0.707621020796846   0.69065765389515   -0.00184115122998574   -0.0424098044303256   0
0.708283603430081   0.674986821244541   0.000662582633235154   -0.0156708326506085   0
0.744669332955406   0.658068895189934   0.0363857295253256   -0.0169179260546073   0
0.796251039243284   0.685756366271032   0.0515817062878776   0.0276874710810983   0
0.858433543762707   0.717366141827625   0.0621825045194234   0.0316097755565931   0
0.906203284395196   0.846947200785675   0.0477697406324884   0.12958105895805   0
0.848505062049774   0.786671845299074   -0.0576982223454222   -0.0602753554866009   0
0.832281185428512   0.752380805696989   -0.0162238766212613   -0.0342910396020852   0
0.839829469706375   0.770083386577876   0.00754828427786225   0.0177025808808872   0
0.81411607912423   0.72635074490629   -0.0257133905821442   -0.0437326416715854   0
0.816474502202126   0.740974624605323   0.00235842307789602   0.014623879699033   0
0.783991635909855   0.700179615768106   -0.0324828662922717   -0.0407950088372173   0
0.799892869419132   0.720711136488033   0.0159012335092776   0.0205315207199273   0
0.789214181451531   0.694182160836277   -0.0106786879676014   -0.0265289756517565   0
0.775098074790539   0.684879506997627   -0.0141161066609922   -0.00930265383864981   0
0.77303106950034   0.648655315679925   -0.00206700529019843   -0.0362241913177025   0
0.755714924731251   0.624253735169004   -0.0173161447690895   -0.0244015805109209   0
0.793500283277177   0.659364428593113   0.0377853585459265   0.0351106934241094   0
0.732906266312037   0.755953563568102   -0.0605940169651406   0.0965891349749889   0
0.53483396639948   0.748115444142587   -0.198072299912557   -0.00783811942551493   0
0.584630642972279   0.738012334021053   0.0497966765727988   -0.010103110121534   0
0.575836693356068   0.717698902739201   -0.00879394961621094   -0.0203134312818525   0
0.595347429099387   0.702182861367244   0.0195107357433195   -0.0155160413719566   0
0.573022667248897   0.63280510089857   -0.0223247618504905   -0.0693777604686736   0
0.570754070148253   0.597579390582174   -0.00226859710064387   -0.0352257103163962   0
0.53167913403614   0.519665197514842   -0.0390749361121127   -0.0779141930673318   0
0.515996155747356   0.486370018196188   -0.0156829782887841   -0.0332951793186545   0
0.551590064103524   0.498216100758637   0.035593908356168   0.011846082562449   0
0.551871877430264   0.526564660737967   0.000281813326740155   0.0283485599793299   0
0.560823694121735   0.549758212219017   0.00895181669147016   0.0231935514810505   0
0.587764592677464   0.558225047173497   0.0269408985557292   0.00846683495447931   0
0.609055371170315   0.548204477712297   0.021290778492851   -0.0100205694611994   0
0.644014809388821   0.540292224169708   0.0349594382185067   -0.00791225354258906   0
0.696448283134185   0.583801185488262   0.0524334737453633   0.043508961318554   0
0.692002231036722   0.557119494574099   -0.00444605209746329   -0.0266816909141626   0
0.690732158552192   0.560583982825054   -0.00127007248452982   0.00346448825095425   0
0.70638963763043   0.554104059829923   0.0156574790782381   -0.00647992299513089   0
