0.0885821385212617   0.142809059953317   0   0   0
0.0941283396994763   0.128504663877425   0.00554620117821455   -0.0143043960758916   0
0.102492666016843   0.118238914112783   0.00836432631736662   -0.0102657497646424   0
0.0938102390460236   0.127251613927889   -0.00868242697081924   0.00901269981510626   0
0.0992587196379744   0.16055433044219   0.00544848059195073   0.0333027165143012   0
0.207202662026487   0.388201092700294   0.107943942388512   0.227646762258104   0
0.141635759270073   0.240853911479843   -0.065566902756414   -0.147347181220451   0
0.119971639984373   0.203950479460953   -0.0216641192856998   -0.0369034320188902   0
0.0973189900587239   0.177106885842201   -0.0226526499256491   -0.0268435936187515   0
0.0859440637723165   0.158341023784773   -0.0113749262864074   -0.0187658620574284   0
0.0776420824482445   0.144831935331792   -0.00830198132407196   -0.0135090884529804   0
0.0875902631356363   0.126793663999665   0.00994818068739176   -0.0180382713321272   0
0.0662949059145761   0.114192638234695   -0.0212953572210601   -0.0126010257649699   0
0.0678412563447199   0.109593200698869   0.0015463504301438   -0.00459943753582671   0
0.0520469430965931   0.11372444666835   -0.0157943132481268   0.00413124596948186   0
0.0498359326239612   0.0881671150296074   -0.00221101047263191   -0.0255573316387431   0
0.0360893747249367   0.0556384300176146   -0.0137465578990245   -0.0325286850119928   0
0.05281267355045   0.0509800146913719   0.0167232988255133   -0.00465841532624268   0
0.0706244452754144   0.0354392832151276   0.0178117717249644   -0.0155407314762443   0
0.0419259039859608   0.037284661156835   -0.0286985412894536   0.00184537794170739   0
0.0365912528871314   0.0368991677258783   -0.00533465109882938   -0.000385493430956667   0
0.0530272526124449   0.0538683490176282   0.0164359997253136   0.0169691812917498   0
0.0674507741984479   0.0600814605339802   0.0144235215860029   0.00621311151635207   0
0.0674051238516776   0.0613721055957949   -4.56503467702457e-05   0.00129064506181467   0
0.0736103175628254   0.0390805311571504   0.00620519371114778   -0.0222915744386445   0
0.074507539999184   0.0364880635998267   0.000897222436358591   -0.00259246755732364   0
0.06354110144859   0.0323826906051813   -0.010966438550594   -0.00410537299464538   0
0.0450199849095932   0.0593164219741253   -0.0185211165389967   0.026933731368944   0
0.031541033413357   0.0782023682395393   -0.0134789514962363   0.0188859462654139   0
0.019204551364601   0.0907297915999067   -0.0123364820487559   0.0125274233603675   0
0.0536241319592215   0.0842269680587815   0.0344195805946204   -0.0065028235411252   0
0.0508839235135224   0.0717580500391419   -0.00274020844569907   -0.0124689180196396   0
0.0289699635704224   0.0850152179299242   -0.0219139599431   0.0132571678907823   0
0.0493743690848805   0.0844434324459428   0.0204044055144581   -0.00057178548398143   0
0.0620137053621214   0.0654739801783352   0.0126393362772409   -0.0189694522676076   0
0.031431367138634   0.0881917026447569   -0.0305823382234874   0.0227177224664217   0
0.0482485334372973   0.09241050781567   0.0168171662986634   0.00421880517091305   0
0.0501488675366653   0.0927317257407221   0.00190033409936793   0.000321217925052117   0
0.0569230110002098   0.0706798626299599   0.00677414346354448   -0.0220518631107622   0
0.079616436622911   0.0598100877416377   0.0226934256227012   -0.0108697748883222   0
0.0764010874395123   0.0677111906370727   -0.00321534918339871   0.00790110289543499   0
0.0580997411525077   0.0836398318220003   -0.0183013462870045   0.0159286411849276   0
0.0498173678838304   0.095907974768577   -0.00828237326867728   0.0122681429465767   0
0.0873127126180375   0.0646736833317463   0.037495344734207   -0.0312342914368307   0
0.089541443405498   0.0673284993578139   0.00222873078746051   0.00265481602606762   0
0.0890622105983368   0.0646367518023802   -0.000479232807161153   -0.00269174755543372   0
0.104944290140007   0.0557692805370035   0.0158820795416703   -0.00886747126537669   0
0.107954283271624   0.0709553243375189   0.00300999313161668   0.0151860438005154   0
0.102330701777738   0.0633031008033177   -0.00562358149388559   -0.00765222353420121   0
0.107668404859086   0.076034288587288   0.00533770308134753   0.0127311877839704   0
0.118636525565022   0.0803294381509979   0.0109681207059358   0.00429514956370987   0
0.127475001005687   0.0922535885388341   0.00883847544066586   0.0119241503878362   0
0.122271746132825   0.0939853075339039   -0.0052032548728624   0.00173171899506985   0
0.128201581904632   0.101287803550391   0.00592983577180677   0.00730249601648657   0
0.13345848848406   0.101587608697579   0.00525690657942834   0.000299805147188845   0
0.150536113111007   0.110906276690636   0.0170776246269473   0.00931866799305704   0
0.161606159945251   0.111452189630801   0.0110700468342435   0.00054591294016447   0
0.15062669512437   0.107956147184829   -0.0109794648208805   -0.00349604244597169   0
0.156808913281516   0.110071487992179   0.00618221815714567   0.00211534080735026   0
0.170011948459072   0.103302923275772   0.0132030351775555   -0.00676856471640763   0
0.16317808178864   0.107709770336133   -0.00683386667043179   0.00440684706036112   0
0.163213216145293   0.106213119492453   3.51343566528384e-05   -0.00149665084367991   0
0.179503594921244   0.116393128459651   0.0162903787759513   0.0101800089671976   0
0.189778095221235   0.116820823230202   0.0102745002999908   0.000427694770551837   0
0.191082603171116   0.144467877458944   0.00130450794988091   0.0276470542287419   0
0.203372989546424   0.141338139575143   0.0122903863753088   -0.00312973788380175   0
0.217847798556171   0.142718326452848   0.0144748090097466   0.00138018687770547   0
0.214411057722427   0.170217061823492   -0.00343674083374371   0.0274987353706439   0
0.202877568361445   0.167103916293283   -0.0115334893609819   -0.00311314553020911   0
0.212906564663204   0.17545908390907   0.0100289963017583   0.00835516761578692   0
0.202317898898367   0.180771122622392   -0.0105886657648362   0.0053120387133225   0
0.19279482280689   0.191875529976232   -0.00952307609147768   0.0111044073538399   0
0.180231620778514   0.198787075742891   -0.0125632020283759   0.00691154576665906   0
0.190562378959647   0.206615072706857   0.0103307581811329   0.00782799696396616   0
0.138147716626349   0.234692958887053   -0.0524146623332974   0.0280778861801956   0
0.217705040672305   0.4666724921138   0.0795573240459558   0.231979533226747   0
0.239132776256706   0.445427123448553   0.0214277355844013   -0.0212453686652472   0
0.21097814801749   0.409206485607587   -0.0281546282392162   -0.0362206378409658   0
0.148491181951017   0.384734950612509   -0.0624869660664733   -0.0244715349950779   0
0.140397973608774   0.378030858915896   -0.00809320834224289   -0.0067040916966134   0
0.131283906801291   0.346687812293726   -0.0091140668074832   -0.0313430466221696   0
0.119451301513085   0.357163003987549   -0.0118326052882055   0.0104751916938228   0
0.121028164453279   0.361936421913435   0.00157686294019396   0.00477341792588587   0
0.124804561526452   0.34799991448176   0.00377639707317301   -0.0139365074316747   0
0.126294736540241   0.361292505715646   0.00149017501378884   0.0132925912338856   0
0.127963835152813   0.356677525204929   0.00166909861257233   -0.00461498051071718   0
0.118754384774906   0.347555546736234   -0.00920945037790749   -0.00912197846869478   0
0.115565774338574   0.336868438148871   -0.00318861043633237   -0.0106871085873625   0
0.10085708659653   0.324689028047469   -0.0147086877420433   -0.0121794101014026   0
0.0846202041546816   0.32906605214185   -0.0162368824418486   0.00437702409438079   0
0.0842148173307406   0.317751934224892   -0.000405386823941076   -0.0113141179169578   0
0.0688992854314905   0.312169190390504   -0.0153155318992501   -0.00558274383438817   0
0.0644206340106957   0.312798753492817   -0.00447865142079483   0.000629563102313158   0
0.0600037643945778   0.309861738082665   -0.00441686961611789   -0.00293701541015201   0
0.0580328693719344   0.296058906137292   -0.00197089502264339   -0.0138028319453726   0
0.0607506877266875   0.306012130589393   0.00271781835475315   0.00995322445210123   0
0.0684143734753158   0.317707885063564   0.0076636857486283   0.01169575447417   0
0.0687771577636791   0.306545722589881   0.000362784288363227   -0.0111621624736822   0
0.0680647402845996   0.29986661143942   -0.00071241747907945   -0.00667911115046149   0
0.0763069976021203   0.299649239007047   0.00824225731752072   -0.000217372432372631   0
0.0769556389523861   0.293698288387862   0.000648641350265711   -0.00595095061918477   0
0.0727653305969264   0.296056098098333   -0.00419030835545961   0.00235780971047095   0
0.0502741215244981   0.291764569361279   -0.0224912090724284   -0.00429152873705452   0
0.0601616818722682   0.287915598703531   0.00988756034777009   -0.0038489706577482   0
0.0762514850143917   0.281881570038026   0.0160898031421235   -0.00603402866550479   0
0.0710961431799925   0.309440953856483   -0.00515534183439917   0.0275593838184571   0
0.0600846258705511   0.302750158097812   -0.0110115173094414   -0.00669079575867121   0
0.0529280359949243   0.311059167903295   -0.00715658987562683   0.00830900980548277   0
0.0843884868077684   0.293930556987429   0.0314604508128441   -0.017128610915866   0
0.0767596398545485   0.277955123887243   -0.00762884695321986   -0.0159754331001857   0
0.107887867972817   0.277578708974608   0.0311282281182685   -0.000376414912635015   0
0.101934451992101   0.271636994368445   -0.00595341598071575   -0.005941714606163   0
0.103622233912021   0.274043483420921   0.00168778191991974   0.00240648905247604   0
0.0792145650002126   0.299804187137042   -0.0244076689118085   0.0257607037161212   0
0.0769900895965507   0.291758928336568   -0.00222447540366187   -0.00804525880047419   0
0.0790443696426893   0.303648158598089   0.00205428004613861   0.0118892302615209   0
0.0795089172062008   0.30073940356917   0.000464547563511553   -0.00290875502891885   0
0.0810125149675808   0.311170465141572   0.00150359776137991   0.0104310615724026   0
0.0835764438771027   0.323062917517815   0.00256392890952194   0.0118924523762425   0
0.0742143518908984   0.324850765546755   -0.00936209198620427   0.00178784802893966   0
0.0668869237096527   0.331064611810176   -0.00732742818124572   0.00621384626342136   0
0.0759499537944455   0.330969206690305   0.00906303008479277   -9.54051198707173e-05   0
0.080305092111226   0.327475246211943   0.00435513831678055   -0.00349396047836259   0
0.0579010006663348   0.325581670958087   -0.0224040914448912   -0.00189357525385569   0
0.0551599053511887   0.322000470308259   -0.00274109531514603   -0.00358120064982798   0
0.0824263395691183   0.337511275800413   0.0272664342179296   0.0155108054921541   0
0.0747694842735992   0.331454871892468   -0.0076568552955191   -0.00605640390794493   0
0.0581122467978136   0.327986184910695   -0.0166572374757856   -0.00346868698177333   0
0.0767484619442631   0.333151209526935   0.0186362151464495   0.00516502461624058   0
0.0848552370730882   0.338327549532435   0.00810677512882509   0.00517634000549994   0
0.0639656589026487   0.339858832993995   -0.0208895781704395   0.00153128346155945   0
0.070325159866793   0.338925964203231   0.00635950096414435   -0.000932868790763541   0
0.0796183584019414   0.341484670793511   0.0092931985351484   0.00255870659027962   0
0.0685085285985621   0.334920792978538   -0.0111098298033794   -0.00656387781497314   0
0.0699893201273594   0.335955987854377   0.00148079152879735   0.00103519487583881   0
0.0925643568690455   0.344377297615424   0.022575036741686   0.00842130976104771   0
0.103589017498044   0.354067067912973   0.0110246606289982   0.00968977029754897   0
0.101986331808042   0.362886052323164   -0.00160268569000187   0.00881898441019069   0
0.0900017231393377   0.357646657527035   -0.0119846086687041   -0.00523939479612928   0
0.0942546479683098   0.350519119352283   0.00425292482897205   -0.00712753817475165   0
0.10606938728851   0.348586711823332   0.0118147393202006   -0.0019324075289513   0
0.0897822213223754   0.356151014256509   -0.0162871659661349   0.00756430243317718   0
0.0995127408872351   0.357134409322908   0.00973051956485974   0.000983395066399273   0
0.128689579057824   0.364401253920469   0.0291768381705891   0.00726684459756066   0
0.115143318431683   0.363403815461619   -0.0135462606261411   -0.000997438458849698   0
0.114243651801752   0.358336830401579   -0.000899666629931004   -0.00506698506004011   0
0.119541550656247   0.359986258381306   0.00529789885449451   0.00164942797972717   0
0.169304573621683   0.355410448947485   0.0497630229654366   -0.00457580943382163   0
0.149019217948995   0.347062378961621   -0.0202853556726886   -0.00834806998586329   0
0.154466343341519   0.358363040284918   0.00544712539252415   0.0113006613232971   0
0.158364992383797   0.368463266597907   0.00389864904227782   0.0101002263129883   0
0.143030846057205   0.362295363909407   -0.0153341463265913   -0.0061679026884992   0
0.128310160753309   0.381998316657613   -0.0147206853038964   0.0197029527482057   0
0.124614712740471   0.386665102679955   -0.00369544801283844   0.00466678602234172   0
0.121842226030305   0.390614186190479   -0.00277248671016532   0.00394908351052392   0
0.108088408581633   0.40434091377855   -0.0137538174486724   0.0137267275880709   0
0.115816937631635   0.400100195701339   0.00772852905000199   -0.00424071807721033   0
0.134321117952874   0.401709083482375   0.0185041803212396   0.00160888778103607   0
0.117486391309207   0.403283026417183   -0.0168347266436679   0.00157394293480773   0
0.128677998559699   0.39790717265394   0.0111916072504929   -0.00537585376324301   0
0.142778188332147   0.405964720347606   0.0141001897724475   0.00805754769366601   0
0.121059390135627   0.409831258483598   -0.0217187981965196   0.00386653813599219   0
0.105208832441293   0.399994689983583   -0.0158505576943345   -0.00983656850001557   0
0.107761280597532   0.391968126087441   0.00255244815623919   -0.00802656389614176   0
0.125896642251054   0.410176142213808   0.0181353616535226   0.0182080161263675   0
0.105117562475592   0.410216905233914   -0.0207790797754624   4.07630201055276e-05   0
0.115090960767647   0.419143059751369   0.00997339829205467   0.00892615451745538   0
0.122842454284095   0.419860501633843   0.00775149351644838   0.000717441882473802   0
0.117003165509571   0.418193791287846   -0.00583928877452439   -0.00166671034599719   0
0.102831137450482   0.420151142057477   -0.0141720280590883   0.00195735076963133   0
0.116164931972003   0.409058391130108   0.0133337945215203   -0.0110927509273692   0
0.119140889103993   0.405456719648599   0.00297595713199052   -0.00360167148150925   0
0.113204571755517   0.404427425037623   -0.00593631734847617   -0.00102929461097551   0
0.112052836269592   0.402876489661397   -0.00115173548592495   -0.00155093537622608   0
0.127280245049968   0.416341357654032   0.0152274087803763   0.0134648679926346   0
0.117634423020517   0.411834005810363   -0.00964582202945113   -0.00450735184366907   0
0.120772806885201   0.408108034471707   0.00313838386468353   -0.00372597133865582   0
0.130750489137364   0.410312566067516   0.00997768225216346   0.0022045315958093   0
0.148277359687445   0.420394435031257   0.017526870550081   0.010081868963741   0
0.153829162867449   0.418468181057297   0.00555180318000331   -0.00192625397396062   0
0.14155726488418   0.426494444948656   -0.0122718979832682   0.00802626389135974   0
0.146374143163709   0.439085340416587   0.00481687827952876   0.0125908954679306   0
0.150827463255768   0.429090663890512   0.00445332009205876   -0.00999467652607544   0
0.139297680424263   0.409168197029351   -0.0115297828315052   -0.0199224668611603   0
0.15057169368809   0.391527376761077   0.0112740132638273   -0.0176408202682746   0
0.183377798437025   0.409027035493878   0.0328061047489346   0.0174996587328013   0
0.161884473235514   0.379680556595818   -0.02149332520151   -0.0293464788980601   0
0.175245289165815   0.392922142721188   0.0133608159303001   0.0132415861253707   0
0.166210257903205   0.373577254567914   -0.00903503126260941   -0.0193448881532745   0
