0.25124845741417   0.15856317200426   0   0   0
0.235355212944179   0.15296651503781   -0.0158932444699907   -0.00559665696645004   0
0.242243565425379   0.156920300439594   0.0068883524811999   0.00395378540178437   0
0.246430908877113   0.165271339625485   0.0041873434517338   0.00835103918589108   0
0.250873123985432   0.155818415284106   0.00444221510831905   -0.00945292434137968   0
0.232767462996893   0.124792610294981   -0.018105660988539   -0.0310258049891246   0
0.235859234843582   0.132907685941117   0.00309177184668893   0.00811507564613564   0
0.217935640122399   0.134255540609848   -0.0179235947211826   0.00134785466873119   0
0.21467583546289   0.135504780026112   -0.00325980465950901   0.00124923941626415   0
0.166877827394444   0.125047603645392   -0.047798008068446   -0.0104571763807202   0
0.132348468181577   0.109336120293753   -0.0345293592128671   -0.0157114833516389   0
0.111350995988226   0.122219584118637   -0.020997472193351   0.0128834638248838   0
0.0829902470305397   0.128111818454641   -0.0283607489576867   0.00589223433600478   0
0.0533925071509327   0.111584738499279   -0.029597739879607   -0.0165270799553623   0
0.0372174266776318   0.0837677272734255   -0.0161750804733009   -0.0278170112258535   0
0.0444089325340072   0.06913080786773   0.00719150585637536   -0.0146369194056955   0
0.0529196885458749   0.0731952274007671   0.0085107560118677   0.00406441953303706   0
0.0422450390747333   0.0548548866343282   -0.0106746494711416   -0.0183403407664388   0
0.0582327723074808   0.0511967216141083   0.0159877332327475   -0.00365816502021995   0
0.0675639347755147   0.0488942953482817   0.0093311624680339   -0.00230242626582657   0
0.0474108746502319   0.0319277160422179   -0.0201530601252828   -0.0169665793060638   0
0.0998833686679664   0.0324886931741645   0.0524724940177346   0.00056097713194652   0
0.0891296595009905   0.0297230856307854   -0.010753709166976   -0.00276560754337908   0
0.0962222802593038   0.0198159959922741   0.00709262075831331   -0.00990708963851122   0
0.0979908343972537   0.0399816457868482   0.00176855413794993   0.0201656497945741   0
0.101964561403705   0.0467958402626262   0.00397372700645164   0.00681419447577793   0
0.113241217600218   0.0184016810386307   0.011276656196513   -0.0283941592239955   0
0.106658149913497   0.0397597895911438   -0.00658306768672089   0.0213581085525131   0
0.0984721715428724   0.0458412290830536   -0.00818597837062501   0.00608143949190982   0
0.0893930583316736   0.0406046073808998   -0.00907911321119885   -0.00523662170215378   0
0.0942192514061219   0.0555003335510887   0.00482619307444829   0.0148957261701888   0
0.0925235483825064   0.0645506848317661   -0.00169570302361548   0.00905035128067745   0
0.103203101840836   0.0395835376811181   0.0106795534583298   -0.024967147150648   0
0.0825447063340224   0.064698461140548   -0.0206583955068138   0.0251149234594299   0
0.0850383708298201   0.0537341821036898   0.00249366449579769   -0.0109642790368582   0
0.0729731138998467   0.0609174809603533   -0.0120652569299734   0.00718329885666343   0
0.0548877221531929   0.0713147781313418   -0.0180853917466538   0.0103972971709885   0
0.0840771826895383   0.076722184745939   0.0291894605363454   0.00540740661459728   0
0.101583126344755   0.0667215031654339   0.0175059436552164   -0.0100006815805052   0
0.0806387956628353   0.0724279092563771   -0.0209443306819194   0.00570640609094326   0
0.0839927489423343   0.0723243969576657   0.00335395327949903   -0.000103512298711445   0
0.0860524579681464   0.0812752238917402   0.00205970902581208   0.00895082693407452   0
0.0719276845039377   0.0872166163163448   -0.0141247734642087   0.00594139242460456   0
0.0816696990913674   0.0910037965365319   0.0097420145874297   0.00378718022018716   0
0.0881770592778082   0.094309108565928   0.00650736018644081   0.0033053120293961   0
0.0748136975653984   0.106477143862192   -0.0133633617124098   0.0121680352962643   0
0.102224503594833   0.117737168186176   0.0274108060294345   0.0112600243239841   0
0.136191301153561   0.10056492758119   0.0339667975587283   -0.0171722406049864   0
0.0962531383312773   0.146895657779902   -0.0399381628222839   0.0463307301987116   0
0.0909980086699703   0.15193560255517   -0.00525512966130692   0.00503994477526803   0
0.0909227671477282   0.141888924804336   -7.52415222421698e-05   -0.0100466777508333   0
0.106667952538755   0.14548001284753   0.0157451853910264   0.00359108804319397   0
0.116123373799915   0.15312363948327   0.00945542126116093   0.00764362663573981   0
0.0951692144799462   0.139081852710158   -0.0209541593199693   -0.0140417867731125   0
0.103317265532195   0.14853336198384   0.00814805105224838   0.00945150927368252   0
0.101687930956333   0.158171493753023   -0.0016293345758613   0.00963813176918249   0
0.114238050087112   0.144454933024326   0.0125501191307791   -0.0137165607286968   0
0.107789121096751   0.158369605939563   -0.00644892899036159   0.0139146729152372   0
0.104987756097318   0.155553771273995   -0.00280136499943248   -0.00281583466556765   0
0.139716889225319   0.161093862999254   0.0347291331280005   0.00554009172525879   0
0.136298259145082   0.154117063700301   -0.00341863008023652   -0.0069767992989537   0
0.164328283327034   0.136686108742266   0.0280300241819519   -0.0174309549580348   0
0.177000067501004   0.163855992340836   0.0126717841739699   0.0271698835985699   0
0.168547589221709   0.146710190784323   -0.00845247827929493   -0.0171458015565125   0
0.174274381604555   0.155312982303806   0.00572679238284571   0.00860279151948329   0
0.166579363937824   0.148013675023627   -0.00769501766673089   -0.007299307280179   0
0.174633862982527   0.163271162980952   0.00805449904470304   0.0152574879573242   0
0.183628706169488   0.148066340429932   0.00899484318696059   -0.0152048225510198   0
0.193586998676151   0.168465334153091   0.00995829250666316   0.0203989937231587   0
0.218198772326175   0.169857383979178   0.0246117736500244   0.00139204982608757   0
0.232259152343325   0.18010111598627   0.0140603800171502   0.0102437320070921   0
0.211834691473729   0.18070337636165   -0.0204244608695962   0.000602260375379304   0
0.220460540550775   0.217731512837147   0.00862584907704605   0.0370281364754969   0
0.250297559400446   0.205265944719284   0.0298370188496712   -0.0124655681178629   0
0.281077639728617   0.189481006057335   0.0307800803281702   -0.0157849386619481   0
0.261002397166482   0.198518074782247   -0.0200752425621346   0.009037068724912   0
0.190597448940981   0.159082534108871   -0.0704049482255006   -0.0394355406733768   0
0.256781596195716   0.217222842230047   0.0661841472547351   0.0581403081211765   0
0.299530378211176   0.245306356647912   0.0427487820154593   0.0280835144178646   0
0.292440140722867   0.230827396087943   -0.00709023748830923   -0.0144789605599691   0
0.295146581367937   0.254303016933048   0.00270644064506997   0.0234756208451051   0
0.298882136055151   0.264295774038292   0.00373555468721487   0.00999275710524439   0
0.320142951228822   0.259809900999269   0.0212608151736708   -0.00448587303902309   0
0.327547238002429   0.273857275377613   0.00740428677360699   0.0140473743783444   0
0.320949206520284   0.274268051429163   -0.00659803148214511   0.000410776051549544   0
0.325949340977843   0.289761400218783   0.0050001344575587   0.0154933487896204   0
0.330098364686952   0.29109678189822   0.00414902370910925   0.00133538167943675   0
0.326073243329302   0.28972685493668   -0.00402512135765032   -0.0013699269615402   0
0.332290375237216   0.299372280770114   0.00621713190791462   0.00964542583343408   0
0.34813045824893   0.316700421315239   0.0158400830117137   0.0173281405451251   0
0.350764532491756   0.318484799817432   0.0026340742428258   0.00178437850219321   0
0.352813532761656   0.324744768962488   0.00204900026990001   0.00625996914505605   0
0.334422259381758   0.343162594996162   -0.0183912733798975   0.0184178260336736   0
0.362969377211081   0.357588791297001   0.0285471178293227   0.0144261963008387   0
0.361326323986905   0.383256552145557   -0.00164305322417574   0.0256677608485562   0
0.375885236231167   0.401321120706972   0.0145589122442615   0.018064568561415   0
0.344639062104704   0.443623758373579   -0.0312461741264628   0.0423026376666073   0
0.412484436673628   0.437815303501945   0.0678453745689237   -0.00580845487163456   0
0.411456012061909   0.457683442744819   -0.00102842461171837   0.0198681392428742   0
0.417460321871205   0.455009991664194   0.00600430980929562   -0.00267345108062489   0
0.425283513757776   0.457618359070907   0.0078231918865706   0.00260836740671344   0
0.437798845288564   0.469415304993616   0.0125153315307885   0.0117969459227089   0
0.455458850208227   0.496896198568927   0.0176600049196628   0.0274808935753101   0
0.458678630852801   0.503746034812682   0.00321978064457412   0.00684983624375557   0
0.453635880113115   0.508859998927259   -0.00504275073968641   0.00511396411457687   0
0.445434459416871   0.513870101540263   -0.00820142069624363   0.00501010261300383   0
0.462856954219119   0.55139734724448   0.0174224948022485   0.0375272457042176   0
0.441411147671873   0.544723772046438   -0.0214458065472465   -0.00667357519804213   0
0.444856189335385   0.553622782949952   0.00344504166351223   0.00889901090351408   0
0.444207238022975   0.558976283852902   -0.000648951312410051   0.00535350090294962   0
0.475260880041688   0.523451229621729   0.0310536420187131   -0.035525054231173   0
0.45341572332407   0.49036167790577   -0.0218451567176177   -0.0330895517159586   0
0.50361981351313   0.520454201601592   0.0502040901890596   0.0300925236958212   0
0.528154543114986   0.505873286226156   0.0245347296018562   -0.0145809153754358   0
0.506813387677358   0.502231452191368   -0.0213411554376283   -0.00364183403478813   0
0.562128273188211   0.530276374945415   0.055314885510853   0.0280449227540471   0
0.575683657875573   0.535416125164577   0.0135553846873622   0.00513975021916235   0
0.578883759159816   0.518291638992228   0.00320010128424286   -0.017124486172349   0
0.587881017621262   0.552783959178448   0.0089972584614455   0.0344923201862198   0
0.584133897483274   0.560220008185623   -0.0037471201379875   0.00743604900717543   0
0.576781828906737   0.563192675070976   -0.00735206857653736   0.00297266688535303   0
0.552290907327832   0.555221918808146   -0.0244909215789046   -0.00797075626282995   0
0.59863613855079   0.575421049964502   0.0463452312229575   0.0201991311563557   0
0.609969703923892   0.583163837925715   0.011333565373102   0.00774278796121319   0
0.629041686938155   0.596430867024838   0.0190719830142636   0.0132670290991227   0
0.653772391884209   0.613977085089908   0.0247307049460539   0.0175462180650698   0
0.655071511364217   0.618076548481254   0.00129911948000838   0.00409946339134615   0
0.667998288300951   0.618716334963972   0.0129267769367333   0.000639786482717897   0
0.664040013798114   0.597052845132866   -0.00395827450283648   -0.021663489831106   0
0.67307864734591   0.622098104909507   0.00903863354779577   0.0250452597766411   0
0.639645990550242   0.618770041479062   -0.0334326567956682   -0.00332806343044512   0
0.656836846302862   0.614334054849843   0.0171908557526205   -0.00443598662921885   0
0.680204245830618   0.620733353151939   0.0233673995277558   0.00639929830209618   0
0.650654855079096   0.58228373498772   -0.0295493907515216   -0.0384496181642188   0
0.618233790336633   0.587092323613799   -0.0324210647424633   0.0048085886260788   0
0.633175358489858   0.591776533344514   0.0149415681532248   0.00468420973071426   0
0.671688004519397   0.617338308286672   0.0385126460295395   0.0255617749421584   0
0.687022383661551   0.63125809528235   0.015334379142154   0.0139197869956776   0
0.647450096887783   0.61284887669494   -0.0395722867737681   -0.0184092185874094   0
0.659812912353653   0.625415674922087   0.01236281546587   0.0125667982271471   0
0.656951137720303   0.617637036047467   -0.0028617746333508   -0.00777863887462038   0
0.651364304381197   0.639408351356353   -0.00558683333910603   0.0217713153088864   0
0.647712667250688   0.656307372784468   -0.00365163713050898   0.0168990214281143   0
0.631114060727227   0.653701676420521   -0.0165986065234605   -0.00260569636394625   0
0.640555418517399   0.647737245745719   0.00944135779017163   -0.00596443067480223   0
0.642184271608236   0.649532201619666   0.00162885309083682   0.00179495587394651   0
0.619173305447877   0.607166552076529   -0.0230109661603585   -0.0423656495431369   0
0.652083158248379   0.610505072064412   0.0329098528005015   0.00333851998788304   0
0.642066123945159   0.612191436544854   -0.0100170343032199   0.00168636448044257   0
0.645987611406202   0.623142239599829   0.00392148746104315   0.0109508030549742   0
0.645607598125285   0.641688946851923   -0.000380013280916414   0.0185467072520945   0
0.634157573959737   0.616193021412386   -0.011450024165548   -0.0254959254395372   0
0.624534281473235   0.620498353550745   -0.0096232924865024   0.00430533213835882   0
0.58790347038405   0.590691917677805   -0.0366308110891848   -0.02980643587294   0
0.57688624007584   0.589405906040489   -0.01101723030821   -0.00128601163731557   0
0.594813662505671   0.586952578015303   0.0179274224298305   -0.00245332802518639   0
0.604797547299367   0.591767808236451   0.00998388479369616   0.00481523022114783   0
0.607528095705244   0.608163751961928   0.00273054840587694   0.0163959437254778   0
0.583481767256698   0.616592343300053   -0.0240463284485455   0.00842859133812424   0
0.5997464153582   0.62666052706988   0.0162646481015012   0.0100681837698274   0
0.613058278452905   0.621639414048852   0.0133118630947057   -0.00502111302102803   0
0.61455964249547   0.604360377578229   0.00150136404256473   -0.0172790364706227   0
0.607256134767069   0.608732526387616   -0.00730350772840149   0.00437214880938697   0
0.575829030238178   0.600334802099837   -0.031427104528891   -0.00839772428777974   0
0.614444237598702   0.602149995915677   0.0386152073605243   0.00181519381584061   0
0.63077202449878   0.583683658145403   0.0163277869000785   -0.0184663377702738   0
0.615778620518973   0.585500567997163   -0.0149934039798069   0.00181690985175931   0
0.630400613891674   0.618708511102967   0.014621993372701   0.0332079431058042   0
0.64000690169295   0.606035171737788   0.00960628780127604   -0.012673339365179   0
0.597447356711945   0.593905641328084   -0.0425595449810054   -0.0121295304097041   0
0.60644357469223   0.595150172307377   0.00899621798028483   0.00124453097929289   0
0.612879365497812   0.604430292796448   0.00643579080558165   0.00928012048907145   0
0.606348629340448   0.600619881200456   -0.00653073615736355   -0.00381041159599216   0
0.598063656274899   0.607152474638373   -0.00828497306554943   0.00653259343791701   0
0.583171922496034   0.609723655576696   -0.0148917337788648   0.00257118093832343   0
0.584466678103688   0.636749708422472   0.00129475560765413   0.0270260528457752   0
0.604095186061203   0.629082997389255   0.0196285079575156   -0.00766671103321614   0
0.601476928147705   0.600523724862307   -0.00261825791349801   -0.0285592725269483   0
0.613611257749253   0.617146346009599   0.0121343296015473   0.0166226211472922   0
0.600428619812389   0.626597471778533   -0.013182637936864   0.00945112576893414   0
0.581139727391649   0.625711227491293   -0.0192888924207398   -0.000886244287240823   0
0.575119286268092   0.64233785919895   -0.00602044112355649   0.0166266317076573   0
0.604237013955583   0.651811640694611   0.029117727687491   0.00947378149566058   0
0.610286181500065   0.640771902388588   0.00604916754448137   -0.0110397383060226   0
0.585491791526448   0.643920567868858   -0.0247943899736165   0.00314866548027004   0
0.559794662007186   0.59249543618451   -0.0256971295192618   -0.0514251316843483   0
0.601316614181248   0.590375524335435   0.0415219521740616   -0.00211991184907456   0
0.59333320124066   0.602302969479597   -0.00798341294058769   0.0119274451441617   0
0.558703602884078   0.604240655231591   -0.0346295983565819   0.00193768575199416   0
