0.263397054812938   0.183199414596663   0   0   0
0.248567652625638   0.19012903655857   -0.0148294021872999   0.00692962196190694   0
0.23446694179805   0.202658728071733   -0.0141007108275887   0.0125296915131628   0
0.25447328095085   0.176985051923355   0.0200063391527999   -0.0256736761483781   0
0.255081335404318   0.182695958201194   0.000608054453468065   0.00571090627783966   0
0.233089560290653   0.209072979184638   -0.0219917751136645   0.0263770209834436   0
0.229181103849968   0.151775564842994   -0.00390845644068466   -0.0572974143416434   0
0.176896970457948   0.164068842846892   -0.0522841333920208   0.0122932780038972   0
0.212776794832801   0.106346777012388   0.0358798243748537   -0.057722065834504   0
0.179099392138388   0.12859740404771   -0.0336774026944135   0.0222506270353224   0
0.185631170411114   0.116887310428346   0.00653177827272608   -0.0117100936193641   0
0.178201531624955   0.134966830606829   -0.00742963878615843   0.0180795201784832   0
0.170248272440721   0.120195503066338   -0.00795325918423431   -0.0147713275404914   0
0.175351815100415   0.0949396161100044   0.00510354265969351   -0.0252558869563334   0
0.0923310908087091   0.138832307514714   -0.0830207242917055   0.0438926914047092   0
0.131328832168949   0.0819414777878853   0.0389977413602399   -0.0568908297268283   0
0.0727959945707867   0.121228628865504   -0.0585328375981624   0.0392871510776183   0
0.111431624338919   0.0454912224472615   0.0386356297681325   -0.0757374064182421   0
0.0667525423737553   0.0680140294465965   -0.0446790819651638   0.0225228069993351   0
0.0724119926427861   0.0514881979353036   0.00565945026903072   -0.016525831511293   0
0.0593176901913755   0.0253375308663847   -0.0130943024514106   -0.0261506670689188   0
0.0495830694225357   0.0460628900191086   -0.00973462076883971   0.0207253591527239   0
0.0508050796796934   0.0499844786292705   0.00122201025715769   0.00392158861016187   0
0.0704798877571467   0.0352673245555287   0.0196748080774533   -0.0147171540737418   0
0.0632400849212744   0.0564649056117382   -0.00723980283587231   0.0211975810562094   0
0.0850149379518353   0.0401653900440416   0.0217748530305608   -0.0162995155676965   0
0.0730209859531491   0.0565014019853711   -0.0119939519986862   0.0163360119413295   0
0.113883395954547   0.0434768072221846   0.0408624100013978   -0.0130245947631865   0
0.0907636478432858   0.0655465868956958   -0.0231197481112611   0.0220697796735112   0
0.133144744589592   0.038152672163952   0.0423810967463059   -0.0273939147317438   0
0.110061622105301   0.0625571162112873   -0.0230831224842911   0.0244044440473352   0
0.143686620114125   0.0576336017482423   0.0336249980088245   -0.00492351446304495   0
0.126745207368878   0.0766026966905376   -0.0169414127452466   0.0189690949422953   0
0.16659365141028   0.0512975397007985   0.0398484440414019   -0.0253051569897391   0
0.158470877887705   0.0720339284490996   -0.00812277352257504   0.0207363887483011   0
0.17219470416476   0.0862127536299009   0.0137238262770547   0.0141788251808013   0
0.179108716497023   0.0822502306242511   0.00691401233226288   -0.0039625230056498   0
0.174182431889029   0.106239705615203   -0.00492628460799419   0.0239894749909519   0
0.184774189347621   0.0826588701070551   0.0105917574585926   -0.0235808355081479   0
0.0652322831381824   0.135531842754987   -0.119541906209439   0.0528729726479319   0
0.138024899764616   0.0864558128577975   0.0727926166264339   -0.0490760298971894   0
0.141320899238931   0.138572772555948   0.0032959994743143   0.0521169596981505   0
0.176403061980794   0.123106317207891   0.0350821627418637   -0.0154664553480565   0
0.151304273534127   0.152070217431751   -0.0250987884466672   0.0289639002238594   0
0.200292228237565   0.123263064924859   0.0489879547034379   -0.0288071525068919   0
0.175600379977778   0.163804063159198   -0.0246918482597872   0.0405409982343389   0
0.214613885284422   0.14936142105271   0.0390135053066437   -0.0144426421064876   0
0.194410321609862   0.157955573079498   -0.0202035636745596   0.00859415202678732   0
0.224143150633845   0.150342229862147   0.0297328290239826   -0.00761334321735108   0
0.22693219268277   0.162136193254598   0.00278904204892569   0.011793963392452   0
0.236074683895791   0.16911335828652   0.00914249121302041   0.00697716503192189   0
0.269446037383735   0.161795558495899   0.0333713534879438   -0.007317799790621   0
0.253594012783918   0.194929432068076   -0.0158520245998165   0.0331338735721763   0
0.298248381261072   0.155471631510157   0.0446543684771543   -0.0394578005579188   0
0.27932842469714   0.184562041271682   -0.0189199565639327   0.029090409761525   0
0.324619736764064   0.166673443554312   0.045291312066924   -0.0178885977173697   0
0.3176160004698   0.18650314044309   -0.00700373629426343   0.0198296968887779   0
0.304259996785675   0.171761789101636   -0.0133560036841253   -0.0147413513414538   0
0.342156882401299   0.132640798600054   0.0378968856156242   -0.0391209905015827   0
0.328555465400633   0.176296341077247   -0.0136014170006663   0.0436555424771933   0
0.369559317102654   0.158543787179165   0.0410038517020212   -0.0177525538980816   0
0.312455548901913   0.192499836594905   -0.0571037682007412   0.0339560494157392   0
0.349756978351912   0.168544853495724   0.0373014294499995   -0.0239549830991809   0
0.34036646471211   0.224768758352874   -0.00939051363980214   0.0562239048571498   0
0.38653443469638   0.189799020622849   0.0461679699842698   -0.034969737730025   0
0.37055778415051   0.213030974821321   -0.0159766505458697   0.0232319541984729   0
0.388481138603922   0.198097837074399   0.0179233544534123   -0.0149331377469228   0
0.403526211767762   0.192195549650714   0.0150450731638392   -0.00590228742368482   0
0.392410967512576   0.234193925925001   -0.0111152442551855   0.0419983762742875   0
0.423102115706031   0.206271835920449   0.0306911481934553   -0.0279220900045526   0
0.394401378071637   0.245707530631771   -0.0287007376343947   0.039435694711322   0
0.440440253395452   0.208145852306099   0.0460388753238153   -0.0375616783256714   0
0.416139512745106   0.252699767190005   -0.0243007406503461   0.0445539148839052   0
0.458822144071589   0.190433396750071   0.0426826313264831   -0.0622663704399334   0
0.295747869806321   0.16871033888058   -0.163074274265268   -0.0217230578694915   0
0.293867527137127   0.17392433769171   -0.00188034266919374   0.00521399881113049   0
0.245964934583797   0.219881290886696   -0.0479025925533298   0.0459569531949864   0
0.319825278605131   0.200323709059237   0.0738603440213344   -0.019557581827459   0
0.316564811598589   0.224246478189714   -0.00326046700654276   0.0239227691304769   0
0.383009642624478   0.233026897761288   0.0664448310258888   0.00878041957157419   0
0.40121117805809   0.277231713085823   0.018201535433612   0.0442048153245344   0
0.425417409821519   0.280025719204504   0.0242062317634291   0.00279400611868158   0
0.429085746993279   0.278743523295161   0.00366833717176007   -0.00128219590934342   0
0.443275407811543   0.301272802747361   0.0141896608182646   0.0225292794521995   0
0.450980001262506   0.262846057692996   0.00770459345096275   -0.0384267450543641   0
0.442231776240308   0.322257731491814   -0.00874822502219857   0.0594116737988175   0
0.474455026386833   0.287952127259137   0.0322232501465251   -0.0343056042326764   0
0.479180693840038   0.32114135027765   0.00472566745320518   0.0331892230185128   0
0.483247720367236   0.280795462019194   0.00406702652719793   -0.0403458882584565   0
0.459735691185979   0.319317905835626   -0.0235120291812565   0.0385224438164326   0
0.496162849261752   0.275424540634091   0.0364271580757728   -0.0438933652015355   0
0.474518955267595   0.325248990429256   -0.0216438939941569   0.0498244497951646   0
0.507047007747171   0.300086099286105   0.0325280524795762   -0.0251628911431507   0
0.489078729297411   0.318826639780148   -0.0179682784497607   0.0187405404940428   0
0.495233759302291   0.310583123834864   0.00615503000488077   -0.00824351594528355   0
0.460431316585362   0.282152028007212   -0.0348024427169293   -0.0284310958276522   0
0.476418888463299   0.300316303224438   0.0159875718779364   0.018164275217226   0
0.502161579825458   0.281844633544303   0.0257426913621596   -0.0184716696801348   0
0.49044425242273   0.30920513825028   -0.0117173274027278   0.0273605047059772   0
0.520885339291528   0.283467172420551   0.0304410868687974   -0.0257379658297291   0
0.502861496849694   0.32922749373344   -0.0180238424418342   0.0457603213128892   0
0.528448985280822   0.300199298920734   0.025587488431128   -0.0290281948127067   0
0.504325965310866   0.343956152183589   -0.0241230199699559   0.0437568532628549   0
0.541441484130889   0.293492763041374   0.0371155188200235   -0.0504633891422148   0
0.518973162148709   0.335879496237002   -0.0224683219821803   0.0423867331956287   0
0.54397815973572   0.316174755437954   0.0250049975870107   -0.0197047407990485   0
0.519804109080763   0.32973548382596   -0.0241740506549563   0.0135607283880061   0
0.547968661356505   0.326339773543331   0.0281645522757416   -0.00339571028262919   0
0.537779438542615   0.314884787808954   -0.0101892228138901   -0.0114549857343769   0
0.556239953071999   0.340449204640094   0.0184605145293846   0.0255644168311399   0
0.433048840136537   0.403897030391178   -0.123191112935462   0.0634478257510844   0
0.293666609291898   0.375124385525655   -0.139382230844639   -0.0287726448655236   0
0.337095935829327   0.268693241457615   0.0434293265374298   -0.10643114406804   0
0.360742843832237   0.397252244937961   0.0236469080029101   0.128559003480347   0
0.438023598921611   0.355049843724441   0.0772807550893732   -0.0422024012135202   0
0.423177434091703   0.425436106312393   -0.0148461648299076   0.0703862625879523   0
0.480144051101125   0.405904536884598   0.0569666170094223   -0.0195315694277953   0
0.467568860127009   0.414616747024587   -0.0125751909741167   0.00871221013998846   0
0.480084973403761   0.41371591816789   0.0125161132767525   -0.000900828856696845   0
0.49482832901878   0.412648034617409   0.0147433556150185   -0.00106788355048115   0
0.507971252633888   0.433059917722505   0.013142923615108   0.0204118831050961   0
0.524891302634039   0.433621008770738   0.0169200500001512   0.000561091048233375   0
0.519543644599027   0.458113444939747   -0.00534765803501192   0.0244924361690088   0
0.551392822944813   0.422880198250828   0.0318491783457862   -0.0352332466889184   0
0.522457219421712   0.471653345252777   -0.0289356035231011   0.0487731470019484   0
0.537014355905324   0.405349510885412   0.0145571364836121   -0.0663038343673651   0
0.508933044064787   0.464152886314752   -0.0280813118405373   0.0588033754293401   0
0.573981857143351   0.427197717320461   0.0650488130785642   -0.0369551689942907   0
0.510742754764725   0.461885342538062   -0.0632391023786261   0.0346876252176005   0
0.555804119643351   0.40707988515152   0.0450613648786257   -0.0548054573865414   0
0.530984766483691   0.456332995965789   -0.0248193531596593   0.0492531108142684   0
0.574866617886184   0.43898010489099   0.0438818514024928   -0.0173528910747981   0
0.552256186653586   0.460811174383339   -0.0226104312325984   0.021831069492349   0
0.546991782517613   0.418460990722982   -0.00526440413597262   -0.042350183660357   0
0.536059172731892   0.44174126507862   -0.0109326097857213   0.023280274355638   0
0.564408293273992   0.415406843828267   0.0283491205420999   -0.0263344212503531   0
0.556323319739673   0.430755550871286   -0.00808497353431881   0.0153487070430186   0
0.559197526354206   0.44257180218569   0.00287420661453286   0.0118162513144044   0
0.553924474710064   0.409947187848975   -0.00527305164414194   -0.0326246143367157   0
0.536496003040818   0.454072996177465   -0.0174284716692461   0.0441258083284902   0
0.574775209162591   0.431005004065617   0.0382792061217733   -0.0230679921118479   0
0.553269299621191   0.468140211362921   -0.0215059095413995   0.0371352072973037   0
0.595557552171986   0.425942223399609   0.0422882525507949   -0.0421979879633116   0
0.56921653857439   0.456182239464635   -0.0263410135975962   0.0302400160650263   0
0.627059498324282   0.404216260363329   0.0578429597498917   -0.051965979101306   0
0.606507810305259   0.460968826677925   -0.0205516880190227   0.0567525663145952   0
0.569968370299069   0.407924419232442   -0.0365394400061902   -0.0530444074454827   0
0.438835118635875   0.368699850007754   -0.131133251663194   -0.0392245692246883   0
0.499803424340859   0.379989393472673   0.0609683057049837   0.0112895434649196   0
0.535010738896767   0.438648146585547   0.0352073145559082   0.0586587531128737   0
0.553391568411638   0.406971261575628   0.018380829514871   -0.0316768850099191   0
0.54128370865866   0.424733747737668   -0.0121078597529781   0.0177624861620402   0
0.549086850576428   0.439135688476685   0.00780314191776865   0.0144019407390175   0
0.558572365385078   0.423337120473545   0.00948551480864945   -0.0157985680031409   0
0.553765124211755   0.449595355402472   -0.00480724117332321   0.0262582349289273   0
0.584307740711102   0.422461212299218   0.0305426164993479   -0.0271341431032538   0
0.554513483370561   0.46091163647167   -0.0297942573405414   0.0384504241724516   0
0.595255712237363   0.42349371583589   0.0407422288668017   -0.0374179206357792   0
0.566188784910774   0.468207273145922   -0.0290669273265891   0.0447135573100316   0
0.600140916344525   0.418987413182173   0.033952131433751   -0.0492198599637491   0
0.576232714997694   0.479412281248713   -0.0239082013468307   0.06042486806654   0
0.620882877767202   0.447959920845741   0.0446501627695085   -0.0314523604029719   0
0.594435367527318   0.479138874017171   -0.026447510239884   0.03117895317143   0
0.616019101765308   0.432063349130035   0.0215837342379892   -0.0470755248871361   0
0.58747086637359   0.472939646405937   -0.0285482353917176   0.040876297275902   0
0.621931111486202   0.427345449696174   0.0344602451126118   -0.0455941967097631   0
0.595648230258458   0.460972387975367   -0.0262828812277442   0.0336269382791933   0
0.621772374675545   0.44532594064467   0.0261241444170871   -0.0156464473306975   0
0.599429955540107   0.473731024451613   -0.0223424191354381   0.0284050838069436   0
0.618314649836617   0.430854696902625   0.0188846942965105   -0.0428763275489887   0
0.61383608210147   0.46444491492489   -0.00447856773514721   0.0335902180222655   0
0.639707233849098   0.447793373210282   0.0258711517476283   -0.0166515417146085   0
0.620803434518238   0.454349866429775   -0.0189037993308605   0.00655649321949348   0
0.623202306134316   0.44345611695946   0.00239887161607821   -0.0108937494703154   0
0.62302565324062   0.465877409134372   -0.000176652893696394   0.0224212921749122   0
0.628509942963126   0.473392329497955   0.00548428972250692   0.00751492036358264   0
0.630464733268003   0.476494973118769   0.00195479030487633   0.00310264362081419   0
0.647027867080468   0.46924151685647   0.0165631338124654   -0.00725345626229906   0
0.622565213821682   0.475656457912377   -0.024462653258786   0.00641494105590701   0
0.621058414544035   0.416967648136114   -0.00150679927764741   -0.0586888097762623   0
0.612390139258627   0.472666879305514   -0.00866827528540826   0.0556992311693998   0
0.656517448338344   0.456983077812037   0.0441273090797174   -0.015683801493477   0
0.625456434709861   0.49094930599566   -0.0310610136284833   0.0339662281836225   0
0.546459603778953   0.369237100250638   -0.0789968309309078   -0.121712205745021   0
0.471217604043323   0.475246179268779   -0.0752419997356297   0.106009079018141   0
0.503954769318686   0.440395995474641   0.0327371652753629   -0.0348501837941381   0
0.377507464261635   0.619557522528274   -0.126447305057051   0.179161527053633   0
0.389263842499056   0.583226342655727   0.0117563782374207   -0.0363311798725466   0
0.462449106040492   0.570934455088813   0.0731852635414356   -0.0122918875669139   0
