0.102156971154542   0.0767378993209516   0   0   0
0.0797215129158253   0.0883284910337684   -0.0224354582387171   0.0115905917128168   0
0.128830306189787   0.07259835560875   0.0491087932739622   -0.0157301354250184   0
0.0386546521548713   0.0946308089489887   -0.0901756540349161   0.0220324533402387   0
0.107174145796829   0.0689016745269845   0.0685194936419578   -0.0257291344220042   0
0.146143639406886   0.0600902889320157   0.0389694936100571   -0.00881138559496879   0
0.0689278177381237   0.0693609056381996   -0.0772158216687626   0.00927061670618392   0
0.0974685880851364   0.0662962126119962   0.0285407703470128   -0.00306469302620342   0
0.120984032901454   0.0593643183900447   0.0235154448163171   -0.00693189422195147   0
0.0717218926467365   0.0417026218286839   -0.049262140254717   -0.0176616965613608   0
0.0490007720957538   0.0589646895686308   -0.0227211205509828   0.0172620677399469   0
0.0948093431392181   0.0292909295965065   0.0458085710434643   -0.0296737599721243   0
0.0815209023120451   0.0294525030259353   -0.013288440827173   0.000161573429428758   0
0.056759813941996   0.0638239579358331   -0.0247610883700491   0.0343714549098979   0
0.0165415671813344   0.0910310862724377   -0.0402182467606615   0.0272071283366046   0
0.0730528519961514   0.0686784870667664   0.056511284814817   -0.0223525992056713   0
0.0898415945796823   0.0487693761740398   0.0167887425835309   -0.0199091108927266   0
0.0686714909439135   0.057274634148395   -0.0211701036357688   0.00850525797435526   0
0.0691877101822282   0.0506511556743032   0.00051621923831463   -0.00662347847409182   0
0.0626841419215418   0.030220677955443   -0.00650356826068633   -0.0204304777188602   0
0.0397023932924704   0.0412639776267994   -0.0229817486290714   0.0110432996713564   0
0.0578565856916047   0.0431659493270738   0.0181541923991343   0.00190197170027438   0
0.0799032286069218   0.03742885459081   0.022046642915317   -0.00573709473626374   0
0.0905105807160135   0.0395301969798406   0.0106073521090918   0.00210134238903059   0
0.0687537590805768   0.0189637115270357   -0.0217568216354367   -0.020566485452805   0
0.0450491644857038   0.0447530304314133   -0.023704594594873   0.0257893189043776   0
0.0908210748962486   0.0257207949568287   0.0457719104105448   -0.0190322354745845   0
0.0806542175012566   0.0325804007773159   -0.010166857394992   0.00685960582048718   0
0.0713952842045355   0.0597590469310087   -0.00925893329672105   0.0271786461536928   0
0.0443239208872591   0.0501555567267975   -0.0270713633172765   -0.00960349020421121   0
0.0743441528995529   0.0249292957106975   0.0300202320122938   -0.0252262610161   0
0.0794690014079075   0.0256349580657688   0.00512484850835457   0.000705662355071319   0
0.0652201117335749   0.0482708106908046   -0.0142488896743325   0.0226358526250358   0
0.0982608660486971   0.0493433485244212   0.0330407543151222   0.00107253783361655   0
0.0932239603978505   0.0129507696668264   -0.00503690565084663   -0.0363925788575948   0
0.110690997687978   0.0160080324072237   0.0174670372901277   0.00305726274039734   0
0.113254602576231   0.027785283541652   0.00256360488825265   0.0117772511344283   0
0.104611259138058   0.03083355467889   -0.00864334343817251   0.00304827113723797   0
0.0891152241395375   0.0456164496466157   -0.0154960349985209   0.0147828949677257   0
0.121023075092397   0.0429405397010215   0.0319078509528597   -0.00267590994559423   0
0.131321461456192   0.0607913546989471   0.0102983863637944   0.0178508149979257   0
0.0987855322339258   0.0664523130284605   -0.0325359292222657   0.00566095832951336   0
0.110253485895912   0.0350124231448282   0.0114679536619858   -0.0314398898836323   0
0.0984995416495935   0.0338748974570289   -0.0117539442463182   -0.00113752568779926   0
0.103450817632777   0.0278089943976764   0.00495127598318312   -0.00606590305935249   0
0.0834574113210445   0.0365903424107865   -0.0199934063117321   0.00878134801311004   0
0.111709895057734   0.0255993926703472   0.0282524837366898   -0.0109909497404393   0
0.110145968845709   0.0256256525087504   -0.00156392621202478   2.62598384032087e-05   0
0.114548161110556   0.0406292699951033   0.004402192264847   0.0150036174863529   0
0.11591571021915   0.0430442958528189   0.00136754910859373   0.00241502585771559   0
0.105101603428159   0.0376648191176129   -0.0108141067909912   -0.00537947673520596   0
0.108883755621948   0.0316462553858272   0.00378215219378861   -0.00601856373178568   0
0.125461017150548   0.0369108603831582   0.0165772615286   0.00526460499733099   0
0.130241560073004   0.041872448698667   0.00478054292245675   0.00496158831550877   0
0.120057172594102   0.0532967386270023   -0.0101843874789024   0.0114242899283353   0
0.127921085706149   0.0531140006130681   0.00786391311204732   -0.000182738013934196   0
0.164311429467368   0.0558525374551819   0.0363903437612191   0.0027385368421138   0
0.155059634339179   0.0857071169341409   -0.00925179512818911   0.029854579478959   0
0.150235065909694   0.0939488972174368   -0.00482456842948567   0.00824178028329592   0
0.14877387666889   0.0913608578405982   -0.00146118924080396   -0.00258803937683856   0
0.150966367902954   0.0997138159254273   0.00219249123406406   0.00835295808482905   0
0.175490517678307   0.118192187107482   0.0245241497753527   0.0184783711820546   0
0.166069351533298   0.114960678314903   -0.00942116614500882   -0.00323150879257932   0
0.167443764761218   0.116919484832341   0.00137441322792001   0.00195880651743839   0
0.178177653631369   0.121890236536033   0.010733888870151   0.00497075170369178   0
0.186190007190988   0.129979238698878   0.00801235355961885   0.00808900216284567   0
0.19264803909381   0.131497821602679   0.00645803190282207   0.00151858290380066   0
0.189332975521461   0.136402530551343   -0.00331506357234901   0.00490470894866374   0
0.171645065474776   0.127621837721214   -0.017687910046685   -0.00878069283012831   0
0.181214622744882   0.129114840822037   0.00956955727010661   0.00149300310082273   0
0.194925858006089   0.130966261295076   0.0137112352612068   0.00185142047303835   0
0.191945353063678   0.12377226386287   -0.00298050494241106   -0.0071939974322052   0
0.194286317719622   0.147411467824123   0.00234096465594424   0.0236392039612528   0
0.195129918307246   0.152171172862175   0.000843600587623755   0.00475970503805206   0
0.200710631617884   0.147834254726882   0.00558071331063817   -0.00433691813529366   0
0.199082544928504   0.140018736361424   -0.00162808668937969   -0.00781551836545741   0
0.185576380560135   0.146066748308992   -0.0135061643683696   0.00604801194756813   0
0.181581893471183   0.154191838034768   -0.003994487088952   0.0081250897257753   0
0.189049197472774   0.149755772192594   0.0074673040015914   -0.00443606584217393   0
0.207291270185408   0.14692751488439   0.0182420727126342   -0.0028282573082041   0
0.213153379320995   0.157947193258538   0.0058621091355866   0.0110196783741486   0
0.197978096419806   0.142861465987298   -0.015175282901189   -0.0150857272712398   0
0.206335289796995   0.14367525750626   0.00835719337718921   0.000813791518961243   0
0.216590572705854   0.157719644710329   0.0102552829088592   0.0140443872040697   0
0.209274905999549   0.147979869144725   -0.00731566670630554   -0.00973977556560407   0
0.199230899950911   0.1440641218693   -0.0100440060486376   -0.00391574727542529   0
0.215574397540895   0.146203551428385   0.0163434975899841   0.00213942955908536   0
0.223517591775614   0.155939470376457   0.00794319423471859   0.00973591894807199   0
0.2337878834858   0.159952564231939   0.010270291710186   0.00401309385548151   0
0.224278873917563   0.16269907650245   -0.00950900956823725   0.00274651227051095   0
0.218418470829301   0.151643534881387   -0.00586040308826222   -0.0110555416210625   0
0.221972507503249   0.152746550929154   0.00355403667394863   0.00110301604776633   0
0.220376426890174   0.150522398645526   -0.00159608061307565   -0.00222415228362804   0
0.225489956810497   0.147615481191032   0.00511352992032393   -0.00290691745449326   0
0.231964354598244   0.158423133973893   0.00647439778774681   0.0108076527828606   0
0.218902855289373   0.156825474425745   -0.0130614993088717   -0.00159765954814783   0
0.213771922957623   0.152908685464961   -0.00513093233174935   -0.0039167889607836   0
0.227738026280505   0.143014962138241   0.0139661033228818   -0.00989372332672045   0
0.233471988932291   0.155998362387887   0.00573396265178638   0.012983400249646   0
0.220667135588991   0.162444223721559   -0.0128048533433007   0.00644586133367234   0
0.21868242644824   0.153286050697185   -0.00198470914075047   -0.00915817302437422   0
0.226814682083281   0.156645789518495   0.00813225563504114   0.00335973882130949   0
0.251948120780469   0.156037479206119   0.025133438697188   -0.000608310312375654   0
0.246334996472081   0.174733566461914   -0.00561312430838873   0.0186960872557947   0
0.246118040173674   0.179503886270604   -0.000216956298407123   0.00477031980869053   0
0.248125227159695   0.17710289416184   0.00200718698602095   -0.00240099210876391   0
0.294669623984896   0.201775490040912   0.0465443968252015   0.0246725958790713   0
0.329548863593186   0.222411408247194   0.0348792396082895   0.0206359182062825   0
0.324172549068316   0.213663430977905   -0.00537631452486914   -0.00874797726928897   0
0.306322212385716   0.201337444762518   -0.0178503366825999   -0.012325986215387   0
0.312918285310878   0.203068030790152   0.00659607292516146   0.00173058602763371   0
0.261408959774488   0.190496507219293   -0.0515093255363897   -0.0125715235708591   0
0.258826530280901   0.236996489409126   -0.00258242949358756   0.0464999821898334   0
0.281746534179967   0.245649376995953   0.0229200038990663   0.00865288758682728   0
0.286485310462509   0.246477632525246   0.00473877628254171   0.000828255529292277   0
0.302656823596234   0.250096189425689   0.0161715131337256   0.00361855690044319   0
0.306274014653281   0.256403801895077   0.00361719105704689   0.00630761246938844   0
0.324237282056089   0.272125592389341   0.0179632674028081   0.0157217904942642   0
0.318134937416791   0.264482715352535   -0.00610234463929815   -0.00764287703680649   0
0.31697428483183   0.256920644772369   -0.00116065258496129   -0.00756207058016556   0
0.341915157692724   0.257840368971773   0.0249408728608937   0.00091972419940356   0
0.305164694640075   0.243494748848661   -0.0367504630526489   -0.0143456201231119   0
0.321266834085329   0.254170353054226   0.0161021394452538   0.0106756042055652   0
0.317900589905474   0.261292416052399   -0.00336624417985493   0.00712206299817286   0
0.301073959207983   0.251684990568568   -0.016826630697491   -0.00960742548383137   0
0.316562840021018   0.256466753536399   0.0154888808130351   0.00478176296783123   0
0.320120187524327   0.251868171044894   0.00355734750330888   -0.00459858249150491   0
0.341134038186004   0.266442761217583   0.0210138506616773   0.014574590172689   0
0.350130115060901   0.276746797056443   0.0089960768748974   0.0103040358388599   0
0.346038596085061   0.278501682254345   -0.00409151897584026   0.00175488519790179   0
0.340106232895319   0.271385273487712   -0.00593236318974161   -0.00711640876663316   0
0.355287798479655   0.277885450949218   0.0151815655843356   0.00650017746150594   0
0.353487923150325   0.275479126353069   -0.00179987532933007   -0.00240632459614881   0
0.349116421241253   0.281069526908379   -0.00437150190907198   0.00559040055531029   0
0.353578094722184   0.286649621424397   0.00446167348093146   0.00558009451601782   0
0.351629701030075   0.283987723446367   -0.00194839369210931   -0.00266189797803024   0
0.366339317728046   0.296129857338381   0.0147096166979706   0.0121421338920146   0
0.365989568740108   0.28860129563855   -0.000349748987937992   -0.00752856169983074   0
0.379651398678116   0.29563341470688   0.0136618299380086   0.00703211906832935   0
0.378407233487496   0.306398049313715   -0.00124416519062071   0.0107646346068356   0
0.374494296183226   0.303766056866958   -0.00391293730426928   -0.00263199244675738   0
0.385482442667951   0.305392403524957   0.0109881464847245   0.0016263466579986   0
0.408544213737032   0.334829860100992   0.0230617710690815   0.0294374565760355   0
0.382229403254446   0.313461329125699   -0.0263148104825863   -0.0213685309752928   0
0.376401725433027   0.315180214005416   -0.00582767782141896   0.001718884879717   0
0.375786714390144   0.311406763228177   -0.000615011042882752   -0.00377345077723912   0
0.376048495697789   0.308788095925831   0.000261781307644537   -0.0026186673023465   0
0.409654354661939   0.344982051159912   0.0336058589641505   0.0361939552340811   0
0.474690633270091   0.56865005481513   0.0650362786081515   0.223668003655218   1
0.636832116684609   0.560851017249902   0.162141483414518   -0.00779903756522771   0
0.528730901305191   0.504364734015722   -0.108101215379418   -0.0564862832341801   0
0.437071972943816   0.44016439169048   -0.0916589283613751   -0.0642003423252422   0
0.38430180692556   0.422921262965992   -0.0527701660182567   -0.0172431287244874   0
0.380783746033375   0.435540063442504   -0.00351806089218437   0.0126188004765112   0
0.369066140186281   0.429059154711212   -0.0117176058470937   -0.0064809087312912   0
0.361136959443713   0.430835720038682   -0.00792918074256854   0.00177656532747017   0
0.349044848395217   0.45389705695978   -0.0120921110484959   0.0230613369210977   0
0.350511703030104   0.437679648749231   0.00146685463488738   -0.0162174082105495   0
0.356635931519931   0.439395772273983   0.0061242284898268   0.00171612352475237   0
0.339159605059167   0.447801507153839   -0.0174763264607643   0.00840573487985619   0
0.350154327704   0.438213200977275   0.0109947226448328   -0.00958830617656387   0
0.361970363450394   0.419404117012757   0.0118160357463939   -0.0188090839645189   0
0.352556267635522   0.424567057429389   -0.00941409581487129   0.00516294041663229   0
0.343399455269064   0.426642565595898   -0.0091568123664581   0.00207550816650903   0
0.344926460162801   0.454243949403016   0.00152700489373636   0.0276013838071183   0
0.339152501160245   0.419422432878834   -0.00577395900255551   -0.0348215165241822   0
0.338805261859612   0.428134530611874   -0.000347239300633462   0.00871209773304038   0
0.339811320995619   0.432291298255297   0.00100605913600738   0.00415676764342249   0
0.338686976511365   0.41165721518941   -0.0011243444842538   -0.0206340830658871   0
0.338536813110849   0.407936138439891   -0.00015016340051599   -0.00372107674951866   0
0.341831441951966   0.413707983430644   0.00329462884111636   0.00577184499075289   0
0.327858725337744   0.428086339448306   -0.0139727166142219   0.0143783560176616   0
0.339897182127419   0.43465451337384   0.0120384567896756   0.00656817392553477   0
0.341342406310496   0.434269092429452   0.00144522418307713   -0.000385420944388315   0
0.342589997116349   0.446726924438465   0.00124759080585268   0.0124578320090128   0
0.352527772215538   0.455253203914316   0.00993777509918858   0.00852627947585127   0
0.355128397058247   0.444104631724608   0.00260062484270951   -0.0111485721897078   0
0.359730258586639   0.444049989601115   0.0046018615283917   -5.46421234937644e-05   0
0.352176164480292   0.465293239459268   -0.00755409410634644   0.0212432498581536   0
0.351462207162947   0.470416321107697   -0.000713957317345804   0.00512308164842884   0
0.350125805537324   0.455646799531721   -0.00133640162562254   -0.0147695215759765   0
0.360489059881503   0.453260674564317   0.0103632543441792   -0.00238612496740326   0
0.365629468005685   0.469707207468121   0.00514040812418143   0.0164465329038032   0
0.358492249809616   0.456480227423105   -0.00713721819606877   -0.0132269800450152   0
0.366077474991893   0.449579717164264   0.00758522518227706   -0.00690051025884092   0
0.357017537365449   0.482587594362412   -0.00905993762644358   0.0330078771981477   0
0.35039254738199   0.387525939625659   -0.00662498998345945   -0.095061654736753   0
0.397116831191641   0.40258604447093   0.0467242838096508   0.0150601048452714   0
0.405340460909098   0.535142159547115   0.00822362971745733   0.132556115076184   1
