0.0544734935875238   0.0304662673186674   0   0   0
0.0551274444485466   0.0408854397186651   0.000653950861022781   0.0104191723999977   0
0.0610356316730645   0.0315476540314014   0.00590818722451793   -0.00933778568726368   0
0.0990499394232021   0.0733591983918172   0.0380143077501375   0.0418115443604158   0
0.110932109035842   0.0841293796335888   0.0118821696126402   0.0107701812417715   0
0.156763124893101   0.122324593497179   0.0458310158572588   0.0381952138635899   0
0.187186400689927   0.112335043331867   0.0304232757968262   -0.00998955016531136   0
0.137092309766996   0.0958266156904751   -0.0500940909229312   -0.0165084276413922   0
0.147829500390315   0.118254700797685   0.0107371906233185   0.0224280851072099   0
0.170195781808481   0.110536395732175   0.0223662814181663   -0.00771830506550994   0
0.199701552097273   0.109797763285791   0.0295057702887926   -0.00073863244638446   0
0.249532677160315   0.095964632994609   0.0498311250630418   -0.0138331302911816   0
0.262823753892223   0.111016336920169   0.0132910767319082   0.0150517039255601   0
0.27558329856762   0.117653948270989   0.0127595446753967   0.00663761135081967   0
0.302509402427908   0.125365333694207   0.026926103860288   0.00771138542321874   0
0.317076916189132   0.130294223982886   0.0145675137612242   0.00492889028867866   0
0.318570358355011   0.145627174974839   0.00149344216587854   0.0153329509919533   0
0.21718052342031   0.115679894607663   -0.1013898349347   -0.0299472803671765   0
0.223055058960562   0.146590227116271   0.00587453554025208   0.0309103325086083   0
0.310709358016797   0.172372411346342   0.0876542990562343   0.0257821842300706   0
0.337687606370518   0.168183497021297   0.0269782483537214   -0.00418891432504528   0
0.338191361499211   0.166382374673792   0.000503755128692829   -0.00180112234750493   0
0.421388953710037   0.171578672600676   0.0831975922108264   0.00519629792688442   0
0.447270263525287   0.167553342950835   0.02588130981525   -0.00402532964984148   0
0.473118251831918   0.195079973022995   0.0258479883066304   0.0275266300721605   0
0.4641979178984   0.189968781793246   -0.00892033393351738   -0.00511119122974887   0
0.466405058817076   0.198682743166436   0.00220714091867547   0.00871396137318986   0
0.489691681615984   0.231478015755454   0.023286622798908   0.0327952725890175   0
0.44327893753031   0.21647449189956   -0.0464127440856743   -0.015003523855894   0
0.514232728625435   0.245106614464814   0.0709537910951252   0.0286321225652546   0
0.50270224034835   0.205618362794985   -0.0115304882770849   -0.0394882516698293   0
0.532146563641785   0.225342291711831   0.0294443232934349   0.0197239289168464   0
0.541561660221032   0.238670029029327   0.00941509657924688   0.0133277373174962   0
0.516028322946871   0.204576557586176   -0.0255333372741607   -0.0340934714431514   0
0.527475041385884   0.22667459187407   0.0114467184390131   0.022098034287894   0
0.573600227483184   0.226858682332972   0.0461251860972997   0.000184090458902386   0
0.588818168409026   0.237060355940681   0.0152179409258423   0.0102016736077088   0
0.531756351423478   0.192045353905197   -0.0570618169855475   -0.0450150020354839   0
0.603029358635059   0.255820590406974   0.0712730072115801   0.0637752365017762   0
0.562033493738905   0.211772373487012   -0.0409958648961534   -0.0440482169199615   0
0.586710947903863   0.236198307923893   0.0246774541649583   0.0244259344368806   0
0.563004164122647   0.255938983073603   -0.0237067837812169   0.0197406751497103   0
0.621294584152389   0.276572508289418   0.0582904200297424   0.0206335252158147   0
0.575196402788647   0.197574414625857   -0.0460981813637414   -0.0789980936635608   0
0.613247055325511   0.233475884761682   0.0380506525368632   0.0359014701358247   0
0.577748851243176   0.230678200382811   -0.0354982040823343   -0.00279768437887012   0
0.596087366374393   0.227019274782897   0.0183385151312166   -0.00365892559991443   0
0.613749261308924   0.234639071448576   0.017661894934531   0.00761979666567913   0
0.653375172935887   0.253826561500447   0.0396259116269627   0.0191874900518705   0
0.603088291708138   0.190890254135334   -0.0502868812277488   -0.0629363073651123   0
0.651475700884968   0.222150389143982   0.0483874091768298   0.0312601350086474   0
0.600689926417748   0.206669957234935   -0.0507857744672193   -0.0154804319090464   0
0.643195407804106   0.224174978196302   0.0425054813863573   0.0175050209613667   0
0.579544269345526   0.208161793841954   -0.0636511384585794   -0.0160131843543485   0
0.64032269727774   0.259153593655428   0.0607784279322134   0.0509917998134739   0
0.574066722799397   0.192552264359083   -0.0662559744783426   -0.066601329296345   0
0.55626755754411   0.185821397347695   -0.017799165255287   -0.00673086701138739   0
0.543387581025588   0.18666745374612   -0.0128799765185221   0.000846056398425304   0
0.544469865368837   0.205438132675631   0.00108228434324942   0.0187706789295102   0
0.577973291481267   0.225239296943273   0.0335034261124298   0.0198011642676426   0
0.627470867972371   0.215017788221952   0.0494975764911032   -0.0102215087213216   0
0.58402794053385   0.189598692022123   -0.0434429274385206   -0.0254190961998282   0
0.656626365903967   0.222326839666992   0.0725984253701168   0.0327281476448689   0
0.59672687156752   0.195417549246479   -0.0598994943364464   -0.0269092904205134   0
0.59458437895694   0.200414744997025   -0.00214249261058042   0.00499719575054591   0
0.605125219719266   0.236923444666732   0.0105408407623261   0.0365086996697072   0
0.620489132496291   0.232949856834711   0.0153639127770252   -0.00397358783202065   0
0.627724775145892   0.217368650761121   0.0072356426496003   -0.0155812060735908   0
0.6286016011078   0.230503657798504   0.000876825961908745   0.0131350070373838   0
0.657637554203111   0.243604886983513   0.0290359530953108   0.0131012291850083   0
0.643214130508309   0.230746718042749   -0.0144234236948021   -0.0128581689407635   0
0.625814625979323   0.238592830539164   -0.017399504528986   0.00784611249641431   0
0.513507403033773   0.155875680034603   -0.11230722294555   -0.0827171505045603   1
0.259821603124606   0.14150136863763   -0.253685799909168   -0.0143743113969731   0
0.315104776892068   0.0909634335788425   0.0552831737674626   -0.0505379350587876   0
0.392057503289926   0.123509407523162   0.0769527263978575   0.0325459739443194   0
0.446446325479435   0.0811974926489421   0.0543888221895099   -0.0423119148742199   0
0.504181063685418   0.126858570038646   0.0577347382059831   0.0456610773897037   0
0.499907140576217   0.113998920618794   -0.00427392310920105   -0.0128596494198522   0
0.510218363097566   0.115989246301112   0.0103112225213489   0.00199032568231831   0
0.488294657618696   0.109321112336547   -0.0219237054788698   -0.00666813396456456   0
0.48608542694799   0.124230213392315   -0.00220923067070616   0.0149091010557672   0
0.533139264223796   0.0998787907203526   0.0470538372758053   -0.0243514226719619   0
0.519756908559194   0.129085737547269   -0.0133823556646019   0.0292069468269167   0
0.556536890289727   0.119131686291893   0.0367799817305337   -0.00995405125537638   0
0.582787869966637   0.12050909044737   0.0262509796769099   0.00137740415547744   0
0.576209641179354   0.107471972927713   -0.00657822878728309   -0.0130371175196577   0
0.58935612522172   0.0880882866984879   0.0131464840423661   -0.0193836862292247   0
0.614705749471639   0.0951762248294184   0.0253496242499193   0.00708793813093049   0
0.595462963035695   0.0797675913091432   -0.019242786435944   -0.0154086335202752   0
0.604790157801332   0.096418525919763   0.00932719476563637   0.0166509346106197   0
0.620175052263673   0.0881328722780694   0.0153848944623416   -0.00828565364169355   0
0.623237918360525   0.0833959470272087   0.00306286609685125   -0.00473692525086072   0
0.616845372705154   0.0900678721282595   -0.00639254565537095   0.00667192510105076   0
0.642040737402145   0.0786432931879763   0.0251953646969911   -0.0114245789402831   0
0.562073444795473   0.0734426032428896   -0.0799672926066715   -0.00520068994508668   0
0.586597412625559   0.0652053378950872   0.0245239678300854   -0.00823726534780239   0
0.593127536741543   0.056314237876957   0.00653012411598397   -0.00889110001813024   0
0.573088095053073   0.0330402565208338   -0.0200394416884698   -0.0232739813561232   0
0.499711577759611   0.0368766232172565   -0.0733765172934617   0.0038363666964227   0
0.490629275823243   0.0601301263764471   -0.00908230193636805   0.0232535031591906   0
0.509786480452836   0.0473684306486134   0.0191572046295932   -0.0127616957278337   0
0.530286846817491   0.0255737249300918   0.0205003663646545   -0.0217947057185216   0
0.479989182773414   0.0780410839084933   -0.0502976640440767   0.0524673589784015   0
0.563561702170112   0.0143413143220906   0.0835725193966974   -0.0636997695864028   0
0.520215462974343   0.0570496172444706   -0.0433462391957686   0.0427083029223801   0
0.567918919303839   0.0322822386200601   0.0477034563294957   -0.0247673786244105   0
0.521056534815801   0.028432598674321   -0.0468623844880376   -0.00384963994573911   0
0.533474484084628   0.0304588164177061   0.0124179492688272   0.00202621774338514   0
0.517017028492679   0.0535301106272909   -0.0164574555919489   0.0230712942095847   0
0.540205606284618   0.0176959115149969   0.0231885777919385   -0.035834199112294   0
0.524413938203422   0.0305955414221174   -0.0157916680811959   0.0128996299071205   0
0.555110966856727   0.0299837304900925   0.0306970286533047   -0.000611810932024913   0
0.548499607501373   0.0180040189461964   -0.00661135935535395   -0.011979711543896   0
0.219307335885989   0.210873048870665   -0.329192271615384   0.192869029924469   0
0.280442288382637   0.111600291784128   0.0611349524966477   -0.0992727570865373   0
0.332965265473382   0.10888258433534   0.0525229770907457   -0.0027177074487876   0
0.343510741735233   0.120603064660905   0.0105454762618507   0.0117204803255649   0
0.414924477279709   0.0890592104726681   0.0714137355444762   -0.0315438541882372   0
0.538158022141648   0.0379524741735305   0.123233544861938   -0.0511067362991376   0
0.553544844840922   0.0454155262626395   0.015386822699274   0.00746305208910901   0
0.503162990152793   0.0582548174666053   -0.0503818546881283   0.0128392912039658   0
0.558205078408187   0.0427235804040345   0.0550420882553936   -0.0155312370625708   0
0.488764350037163   0.0975002209703778   -0.0694407283710243   0.0547766405663433   0
0.559426867378293   0.0470727948930962   0.0706625173411302   -0.0504274260772816   0
0.596221300716949   0.0532976922779495   0.0367944333386557   0.00622489738485336   0
0.595221489719088   0.0633496922165767   -0.00099981099786095   0.0100519999386272   0
0.626874152128041   0.0446089318912143   0.0316526624089531   -0.0187407603253624   0
0.563010553415662   0.0750945588517903   -0.0638635987123788   0.030485626960576   0
0.543292612568531   0.124220908034688   -0.0197179408471309   0.049126349182898   0
0.570757187239442   0.129138892165577   0.0274645746709113   0.00491798413088854   0
0.585337412721321   0.11129247383871   0.0145802254818784   -0.0178464183268667   0
0.615346712269018   0.0942248971347807   0.0300092995476974   -0.0170675767039295   0
0.594139330248731   0.109919438726835   -0.0212073820202877   0.0156945415920546   0
0.6450275611377   0.0714094393422011   0.0508882308889699   -0.0385099993846342   0
0.587562763046885   0.128802091858983   -0.0574647980908154   0.0573926525167823   0
0.669469380727424   0.0740970881931267   0.0819066176805385   -0.0547050036658567   0
0.624977291760621   0.0724928827063906   -0.0444920889668028   -0.00160420548673615   0
0.673084302580412   0.0604458653837672   0.0481070108197916   -0.0120470173226234   0
0.634183836321173   0.0888997072571811   -0.0389004662592396   0.028453841873414   0
0.658024285823738   0.0734980212227683   0.0238404495025649   -0.0154016860344128   0
0.651902753938622   0.0747691378019701   -0.00612153188511544   0.00127111657920181   0
0.625338332293615   0.0787249335469551   -0.0265644216450071   0.00395579574498499   0
0.649795406376684   0.0822892154917642   0.0244570740830687   0.00356428194480905   0
0.66273903574653   0.0673914185424227   0.0129436293698457   -0.0148977969493414   0
0.599837117100334   0.0895204540105919   -0.0629019186461955   0.0221290354681692   0
0.639713447844025   0.0747283811504873   0.0398763307436908   -0.0147920728601046   0
0.631841133746997   0.0824837244011508   -0.00787231409702838   0.00775534325066353   0
0.652570461942073   0.0704715110921605   0.020729328195076   -0.0120122133089903   0
0.641145915140228   0.0700411546124848   -0.0114245468018449   -0.000430356479675695   0
0.635379467245079   0.06536177317148   -0.00576644789514902   -0.00467938144100481   0
0.606515748611691   0.0928976683662728   -0.0288637186333877   0.0275358951947928   0
0.609081392089727   0.0827483754116055   0.00256564347803623   -0.0101492929546673   0
0.585418016740653   0.106735874459153   -0.0236633753490738   0.0239874990475472   0
0.53854327484944   0.130496738348857   -0.046874741891213   0.0237608638897041   0
0.600063109572027   0.12595822908398   0.0615198347225862   -0.00453850926487634   0
0.579998217160889   0.123156252699812   -0.0200648924111374   -0.00280197638416828   0
0.570926934785783   0.122441800010699   -0.0090712823751059   -0.000714452689113229   0
0.618701871331104   0.0957615665904255   0.0477749365453207   -0.0266802334202734   0
0.569570872865704   0.106049087365722   -0.0491309984653999   0.0102875207752963   0
0.596867479482305   0.100449680849929   0.0272966066166012   -0.0055994065157933   0
0.559441939222472   0.145548296873375   -0.0374255402598332   0.0450986160234461   0
0.610552031920696   0.130867683917039   0.0511100926982235   -0.0146806129563357   0
0.606285159153851   0.138870566128509   -0.0042668727668449   0.00800288221146975   0
0.606260534948268   0.128612234295274   -2.46242055825796e-05   -0.0102583318332345   0
0.643131692662872   0.0943579931023399   0.0368711577146035   -0.0342542411929343   0
0.617475913813843   0.12095340424158   -0.0256557788490289   0.02659541113924   0
0.60494080694663   0.103820182472171   -0.0125351068672126   -0.0171332217694088   0
0.505516325232766   0.158151644795007   -0.0994244817138636   0.054331462322836   0
0.514277206787351   0.153034233312558   0.00876088155458488   -0.00511741148244893   0
0.55574326139185   0.182443696604329   0.0414660546044986   0.0294094632917709   0
0.590450671391988   0.191551650770908   0.0347074100001387   0.00910795416657914   0
0.568246734864918   0.171341354242788   -0.022203936527071   -0.0202102965281204   0
0.603940872269596   0.179286324105528   0.0356941374046781   0.00794496986274038   0
0.295236608739499   0.42853188029371   -0.308704263530097   0.249245556188182   1
0.394365965765303   0.208306170914954   0.0991293570258038   -0.220225709378756   1
0.354708967473463   0.215514599395702   -0.0396569982918401   0.00720842848074824   0
0.328129063278842   0.256031007763225   -0.026579904194621   0.0405164083675226   0
0.418748803697396   0.214353871938023   0.090619740418554   -0.0416771358252015   0
0.428639235168177   0.204320124536847   0.00989043147078161   -0.0100337474011768   0
0.378656922850342   0.216909801091202   -0.0499823123178351   0.0125896765543559   0
0.348644709692045   0.241852295870336   -0.0300122131582977   0.0249424947791335   0
0.414919763426244   0.219554579280193   0.0662750537341991   -0.022297716590143   0
0.376975089613836   0.246880605515824   -0.0379446738124072   0.0273260262356313   0
0.43158720191039   0.2118010223465   0.0546121122965539   -0.0350795831693244   0
0.416744360643021   0.22644253635151   -0.0148428412673697   0.0146415140050104   0
0.43715313893216   0.198416991678661   0.0204087782891391   -0.0280255446728487   0
0.383327626447782   0.240521658977437   -0.053825512484378   0.0421046672987753   0
0.416861240707265   0.242901070081736   0.033533614259483   0.00237941110429943   0
0.477995390032122   0.204808581763825   0.0611341493248569   -0.0380924883179116   0
0.504666887339808   0.198865812008504   0.026671497307686   -0.00594276975532063   0
0.521467394846082   0.170730265009184   0.0168005075062748   -0.0281355469993203   0
0.563171209133209   0.180598578068295   0.0417038142871261   0.00986831305911118   0
0.578178867764475   0.170449555407164   0.0150076586312663   -0.0101490226611305   0
0.555031420204298   0.169736621894599   -0.0231474475601767   -0.000712933512565572   0
0.57877105505425   0.146713897989599   0.0237396348499521   -0.0230227239049997   0
0.631046978300895   0.136769072256166   0.0522759232466445   -0.00994482573343264   0
0.658236022107033   0.114824889894352   0.027189043806138   -0.0219441823618148   0
0.768253724316934   0.0736300311117176   0.110017702209901   -0.0411948587826342   0
0.731845104797757   0.091468223210427   -0.0364086195191771   0.0178381920987094   0
0.762318109889828   0.0543703613371752   0.030473005092071   -0.0370978618732518   0
0.726058686971825   0.0836908260627354   -0.0362594229180034   0.0293204647255601   0
0.738558498578285   0.0658162071661114   0.01249981160646   -0.0178746188966239   0
0.738710469619187   0.0904133064226444   0.000151971040902477   0.024597099256533   0
0.747875278881051   0.107488810892227   0.00916480926186414   0.0170755044695828   0
0.789147668487901   0.0495950963986612   0.0412723896068496   -0.057893714493566   0
0.761001701670344   0.0817978822402053   -0.0281459668175564   0.0322027858415441   0
0.795118754571391   0.0536508373700262   0.0341170529010465   -0.0281470448701791   0
0.793001446859493   0.0664736164945349   -0.00211730771189755   0.0128227791245087   0
0.799252560356293   0.0729997093968531   0.00625111349679952   0.0065260929023182   0
0.784392484456245   0.0765347604083328   -0.0148600759000482   0.00353505101147968   0
0.826935147523287   0.0749062186484206   0.042542663067042   -0.00162854175991212   0
0.795878029732327   0.0962870564954734   -0.0310571177909601   0.0213808378470528   0
0.845461236296195   0.0671061963786877   0.0495832065638681   -0.0291808601167857   0
0.812124626880407   0.0923249758228779   -0.033336609415788   0.0252187794441902   0
0.817843928304227   0.0669011555627031   0.00571930142382038   -0.0254238202601749   0
0.820709823887615   0.0914272051996833   0.0028658955833879   0.0245260496369802   0
0.809989260196973   0.0903200134283787   -0.0107205636906417   -0.00110719177130465   0
0.801005649882346   0.103264427420543   -0.0089836103146268   0.0129444139921639   0
0.861019995371704   0.0755068218514063   0.060014345489358   -0.0277576055691363   0
0.845468270870197   0.0831671766734028   -0.0155517245015079   0.00766035482199658   0
0.864726592634001   0.0661843682289481   0.0192583217638045   -0.0169828084444547   0
0.883684959473703   0.0598106500921249   0.0189583668397019   -0.00637371813682325   0
0.849805152248002   0.0810622376968771   -0.0338798072257008   0.0212515876047522   0
0.84836479189512   0.063779364237522   -0.00144036035288231   -0.0172828734593551   0
0.821906312888063   0.0971411862757116   -0.0264584790070572   0.0333618220381896   0
0.856261526023002   0.0881411892247887   0.0343552131349394   -0.00899999705092294   0
0.839543051881462   0.0905263480527769   -0.0167184741415395   0.00238515882798822   0
0.867173696757605   0.080975020186221   0.0276306448761421   -0.00955132786655587   0
0.79432553682455   0.0886771821738969   -0.0728481599330544   0.00770216198767591   0
0.814095963817067   0.110807829468364   0.0197704269925172   0.0221306472944669   0
0.874514580377417   0.0818037265932458   0.0604186165603497   -0.0290041028751181   0
0.861892831317212   0.105921420641684   -0.0126217490602054   0.024117694048438   0
0.88590341911021   0.107527289047293   0.0240105877929981   0.00160586840560883   0
0.841609545785336   0.119021670411117   -0.0442938733248737   0.0114943813638242   0
0.865125659749496   0.116257238475987   0.0235161139641594   -0.00276443193512979   0
0.836175336429203   0.134374468477126   -0.028950323320293   0.0181172300011386   0
0.864903706904416   0.125732554130822   0.0287283704752135   -0.00864191434630388   0
0.887923736070277   0.132101435208895   0.0230200291658613   0.00636888107807379   0
0.926360323369821   0.0948685536261753   0.0384365872995438   -0.0372328815827201   0
0.908337792458841   0.129075746540549   -0.0180225309109804   0.0342071929143735   0
0.886267246941892   0.147326862175572   -0.0220705455169491   0.0182511156350232   0
0.932238617490372   0.136635427980213   0.0459713705484802   -0.0106914341953586   0
0.921492911118691   0.136542147028271   -0.0107457063716808   -9.32809519423872e-05   0
0.977734267049534   0.147738423210958   0.0562413559308432   0.0111962761826865   0
