0   0   0   0   0
0.0346006671711688   0.0380510143171309   0.0346006671711688   0.0380510143171309   0
0.0695140955212682   0.0249907905469695   0.0349134283500994   -0.0130602237701614   0
0.0705173365374785   0.0368967826351733   0.00100324101621031   0.0119059920882038   0
0.0430632746885325   0.04190065   -0.027454061848946   0.00500386736482671   0
0.0551892147878551   0.00653543906935487   0.0121259400993226   -0.0353652109306451   0
0.0664128027538366   0.0292667994171724   0.0112235879659815   0.0227313603478175   0
0.0594529577254151   0.0482357636425301   -0.00695984502842141   0.0189689642253577   0
0.0427966332481435   0.0496713597791899   -0.0166563244772717   0.00143559613665985   0
0.0501128668970355   0.0483420283073942   0.00731623364889205   -0.00132933147179573   0
0.0447813672684299   0.04826525   -0.00533149962860568   -7.67783073941861e-05   0
0.0731609624715941   0.008187175189435   0.0283795952031642   -0.040078074810565   0
0.0699477754498311   0.0329817   -0.00321318702176296   0.024794524810565   0
0.0436979835627458   0.0364395   -0.0262497918870854   0.0034578   0
0.0408674973738655   0.04628325   -0.00283048618888031   0.00984375000000001   0
0.0532278296012528   0.0503956094405554   0.0123603322273873   0.00411235944055543   0
0.0284625725927383   0.0641264607139869   -0.0247652570085144   0.0137308512734314   0
0.0675930224891593   0.0103185607916027   0.039130449896421   -0.0538078999223842   0
0.0613882317980409   0.0266677142353938   -0.00620479069111844   0.0163491534437911   0
0.0309523370868389   0.0790373033830381   -0.030435894711202   0.0523695891476443   0
0.0304868374307667   0.0698358389605726   -0.000465499656072111   -0.00920146442246549   0
0.0613916917567027   0.0437308337609175   0.030904854325936   -0.0261050051996551   0
0.0726927864410906   0.0340006301627264   0.0113010946843878   -0.00973020359819108   0
0.0237273178117144   0.0890038655470227   -0.0489654686293761   0.0550032353842963   0
0.0307248430437   0.0672011133724732   0.00699752523198558   -0.0218027521745495   0
0.083057949637166   0.0176176606671317   0.052333106593466   -0.0495834527053415   0
0.0450684092615371   0.103921331694941   -0.0379895403756289   0.0863036710278095   0
0.0146734588854912   0.0997309701754676   -0.0303949503760459   -0.00419036151947369   0
0.0359012333071456   0.0956407526382582   0.0212277744216544   -0.00409021753720933   0
0.0326997523608498   0.0979019012382421   -0.00320148094629583   0.00226114859998383   0
0.0254310536230712   0.0991255179043847   -0.00726869873777852   0.00122361666614268   0
0.0537375388754686   0.0881673477407736   0.0283064852523974   -0.0109581701636111   0
0.0375522143821919   0.101084696268468   -0.0161853244932767   0.0129173485276942   0
0.0222537019948255   0.110931727878985   -0.0152985123873664   0.00984703161051735   0
0.0536813710280624   0.0882718315495096   0.0314276690332369   -0.0226598963294756   0
0.0425612770590416   0.109333713673151   -0.0111200939690208   0.0210618821236411   0
0.0694205350156566   0.100495990142356   0.026859257956615   -0.00883772353079477   0
0.0392957639211926   0.110050814483458   -0.030124771094464   0.00955482434110214   0
0.0401226009659456   0.119288235371306   0.000826837044753032   0.0092374208878475   0
0.0232492146653516   0.0988795955859954   -0.016873386300594   -0.0204086397853102   0
0.0737230231383148   0.107481905279272   0.0504738084729632   0.00860230969327709   0
0.0396108372403008   0.134522552602119   -0.034112185898014   0.027040647322847   0
0.0763459681809957   0.131553292214902   0.0367351309406949   -0.00296926038721748   0
0.0622166070342156   0.134343369967569   -0.0141293611467801   0.00279007775266701   0
0.0383669702772593   0.134734055960446   -0.0238496367569562   0.000390685992876616   0
0.068844714262607   0.11504177151987   0.0304777439853476   -0.0196922844405755   0
0.0642054258751548   0.134802707705975   -0.00463928838745215   0.0197609361861048   0
0.101463128652235   0.144397817934084   0.0372577027770802   0.00959511022810919   0
0.108685466721558   0.148676104253357   0.00722233806932297   0.00427828631927266   0
0.0720595941176059   0.142001904089259   -0.0366258726039522   -0.00667420016409812   0
0.0988485103724381   0.140777424879293   0.0267889162548322   -0.00122447920996557   0
0.112833205621971   0.150725598273128   0.013984695249533   0.00994817339383541   0
0.0733331473572491   0.157462160661046   -0.039500058264722   0.00673656238791734   0
0.115264584169683   0.148973759454862   0.0419314368124342   -0.00848840120618408   0
0.0940058898212426   0.159815552525388   -0.0212586943484407   0.0108417930705261   0
0.1251460087495   0.161414269004919   0.0311401189282577   0.00159871647953161   0
0.109054993784076   0.153415386028453   -0.0160910149654241   -0.00799888297646598   0
0.0962289908401309   0.15726867828138   -0.0128260029439453   0.00385329225292619   0
0.132409886874793   0.161090129461972   0.0361808960346625   0.00382145118059263   0
0.120537012021122   0.176869332488853   -0.0118728748536719   0.0157792030268809   0
0.12613426422064   0.170257448551107   0.00559725219951794   -0.00661188393774606   0
0.142145299258134   0.15968743555983   0.0160110350374941   -0.0105700129912767   0
0.14917317443951   0.173482174551709   0.00702787518137615   0.0137947389918786   0
0.131988880667615   0.18243383148067   -0.0171842937718944   0.00895165692896066   0
0.176325582304242   0.184265005881645   0.0443367016366266   0.00183117440097483   0
0.15711656293756   0.181545822495843   -0.019209019366682   -0.00271918338580163   0
0.171171880649584   0.193414343356937   0.0140553177120246   0.0118685208610938   0
0.17779429015126   0.204900143995777   0.00662240950167542   0.0114858006388399   0
0.170027415690562   0.205334029683391   -0.00776687446069754   0.000433885687614433   0
0.160735478486482   0.210373133490097   -0.00929193720408061   0.00503910380670572   0
0.208428692886874   0.233386068442233   0.0476932144003926   0.0230129349521359   0
0.218306137396691   0.235135210476908   0.00987744450981659   0.00174914203467574   0
0.169776831052089   0.232413841567132   -0.0485293063446015   -0.00272136890977601   0
0.187957752468791   0.240629951818789   0.0181809214167015   0.00821611025165619   0
0.200501964006522   0.238160858295381   0.012544211537731   -0.00246909352340766   0
0.177813005338473   0.255216651120185   -0.0226889586680484   0.0170557928248041   0
0.192470880190145   0.254120905198382   0.0146578748516711   -0.00109574592180306   0
0.159891512687353   0.220141518180169   -0.0325793675027915   -0.0339793870182131   0
0.176851657270889   0.234264036608039   0.0169601445835359   0.0141225184278699   0
0.160132514237736   0.240582132629544   -0.016719143033153   0.00631809602150554   0
0.182584909439014   0.248250135297607   0.0224523952012776   0.00766800266806233   0
0.194057821067248   0.247130172226809   0.0114729116282345   -0.00111996307079712   0
0.17695081210295   0.245792306809135   -0.0171070089642978   -0.00133786541767431   0
0.206273507881905   0.235818144594882   0.0293226957789548   -0.00997416221425354   0
0.171468558719132   0.259485878577588   -0.034804949162773   0.0236677339827059   0
0.192196099704208   0.259015816078758   0.0207275409850756   -0.000470062498829527   0
0.191819172041624   0.248588749746625   -0.000376927662583904   -0.0104270663321331   0
0.192088540927588   0.254472049666741   0.000269368885964044   0.00588329992011644   0
0.218449136174992   0.267320217423116   0.0263605952474037   0.0128481677563748   0
0.221702603704664   0.260958963494401   0.00325346752967259   -0.00636125392871523   0
0.201942279528641   0.255861323148067   -0.0197603241760231   -0.00509764034633386   0
0.200727062464996   0.260051741902883   -0.00121521706364525   0.00419041875481563   0
0.225724882055945   0.260350122465199   0.024997819590949   0.000298380562316292   0
0.22012654429264   0.278335052370529   -0.00559833776330476   0.0179849299053298   0
0.13044385896791   0.295639895759574   -0.08968268532473   0.0173048433890456   0
0.122869086948067   0.280637641266973   -0.00757477201984323   -0.0150022544926018   0
0.090694188683344   0.283268136249473   -0.0321748982647228   0.0026304949825004   0
0.110738835749163   0.286334918279277   0.0200446470658186   0.00306678202980359   0
0.134164207031294   0.284536056996666   0.0234253712821317   -0.00179886128261053   0
0.124383507215949   0.310027762767808   -0.00978069981534543   0.0254917057711423   0
0.124635140346734   0.304648691505544   0.000251633130784815   -0.00537907126226461   0
0.108444981720509   0.296563879278074   -0.0161901586262243   -0.00808481222746993   0
0.128750820400984   0.270724573523447   0.0203058386804749   -0.0258393057546264   0
0.11925157599523   0.292608678083033   -0.00949924440575475   0.0218841045595854   0
0.127879699692211   0.271720730102618   0.00862812369698124   -0.0208879479804144   0
0.115120983052613   0.274722558756102   -0.0127587166395978   0.00300182865348375   0
0.182948696709976   0.255518094642654   0.0678277136573634   -0.0192044641134478   0
0.133901616399459   0.283285397033186   -0.0490470803105177   0.0277673023905319   0
0.130324878994036   0.283381420963425   -0.00357673740542314   9.6023930238831e-05   0
0.108492216734704   0.285848576001351   -0.0218326622593315   0.00246715503792561   0
0.123804378127903   0.300142617161409   0.0153121613931994   0.014294041160058   0
0.132209798602556   0.300274978400632   0.00840542047465248   0.000132361239223167   0
0.135894557152974   0.302925704223412   0.003684758550418   0.00265072582277992   0
0.157879246102235   0.303494499038286   0.0219846889492608   0.000568794814873819   0
0.143282955144881   0.30780540006431   -0.0145962909573537   0.00431090102602444   0
0.118833784741488   0.309319785085355   -0.0244491704033927   0.00151438502104456   0
0.144974545703892   0.30225019200821   0.026140760962404   -0.00706959307714433   0
0.147729872613666   0.324528418586142   0.00275532690977362   0.0222782265779321   0
0.135835453402269   0.32053261093296   -0.011894419211397   -0.00399580765318291   0
0.154952258121074   0.336149767585075   0.0191168047188051   0.0156171566521155   0
0.127750884526723   0.335598677240018   -0.0272013735943516   -0.000551090345056682   0
0.126964461608948   0.347442121644383   -0.000786422917774671   0.0118434444043642   0
0.145040689730027   0.353222806650774   0.0180762281210791   0.00578068500639128   0
0.134372807595037   0.356084321343625   -0.0106678821349897   0.00286151469285112   0
0.116987342053104   0.344714284633303   -0.0173854655419331   -0.0113700367103218   0
0.148179575289174   0.338030645362591   0.0311922332360698   -0.00668363927071192   0
0.124081147654589   0.355487576237553   -0.0240984276345847   0.0174569308749616   0
0.127726453458123   0.361059227862272   0.00364530580353342   0.00557165162471901   0
0.131777343582499   0.336065163727587   0.00405089012437629   -0.0249940641346846   0
0.137377553168085   0.344688790604655   0.00560020958558588   0.00862362687706819   0
0.127379786304774   0.351199591108105   -0.0099977668633105   0.00651080050344932   0
0.144328683028565   0.35055108763845   0.0169488967237906   -0.00064850346965506   0
0.121338689737363   0.356802712217831   -0.0229899932912022   0.00625162457938083   0
0.110696195016315   0.348243182501108   -0.010642494721048   -0.00855952971672258   0
0.131190011299832   0.340790416794912   0.020493816283517   -0.00745276570619574   0
0.127829600019753   0.362999245830484   -0.003360411280079   0.0222088290355715   0
0.126377589771169   0.351422034380672   -0.00145201024858338   -0.0115772114498121   0
0.141478149733766   0.344912367674385   0.0151005599625968   -0.00650966670628689   0
0.136927467599091   0.358301753133096   -0.00455068213467574   0.0133893854587111   0
0.137648566115089   0.355855389019894   0.000721098515998303   -0.00244636411320198   0
0.140281548998149   0.337413848016794   0.00263298288305983   -0.0184415410031001   0
0.137372895317708   0.34655756806121   -0.00290865368044058   0.00914372004441599   0
0.150038711980775   0.34798400386045   0.012665816663067   0.00142643579924073   0
0.160757360066157   0.362281212257481   0.0107186480853817   0.0142972083970305   0
0.137366695365762   0.372894184667045   -0.0233906647003951   0.0106129724095637   0
0.12089094307354   0.369813121239296   -0.0164757522922213   -0.00308106342774894   0
0.10181829013144   0.381420444611324   -0.0190726529421009   0.0116073233720282   0
0.111919204750659   0.341370304315563   0.0101009146192197   -0.040050140295761   0
0.123922370952181   0.370641057338836   0.0120031662015219   0.0292707530232727   0
0.109932277312807   0.380257008080062   -0.0139900936393737   0.0096159507412259   0
0.115404187123215   0.381877506057571   0.00547190981040746   0.00162049797750929   0
0.103166552858569   0.387238877634013   -0.0122376342646455   0.00536137157644212   0
0.122326944977957   0.375244010143067   0.0191603921193871   -0.0119948674909462   0
0.129041649975037   0.377357298092935   0.0067147049970806   0.00211328794986798   0
0.121777649806399   0.382315259442387   -0.00726400016863793   0.0049579613494527   0
0.135471692085469   0.38834726421368   0.0136940422790694   0.00603200477129284   0
0.106774175202855   0.409158285447087   -0.0286975168826135   0.0208110212334068   0
0.0997699742329324   0.377920799385929   -0.00700420096992266   -0.0312374860611576   0
0.134480737168748   0.383755346300218   0.034710762935816   0.0058345469142882   0
0.104003861803397   0.392184642576682   -0.0304768753653519   0.00842929627646455   0
0.116243674400201   0.385069414418362   0.0122398125968047   -0.0071152281583205   0
0.106158124757411   0.387253118279892   -0.0100855496427904   0.00218370386153027   0
0.107254242586203   0.370144296669218   0.00109611782879179   -0.0171088216106741   0
0.108421544217051   0.355896538305025   0.00116730163084865   -0.0142477583641931   0
0.123885299040564   0.39135571802741   0.0154637548235129   0.0354591797223857   0
0.0850675725788623   0.386151624161093   -0.0388177264617019   -0.00520409386631748   0
0.11329631828996   0.389626961896248   0.0282287457110981   0.00347533773515457   0
0.099002989899548   0.386205134238593   -0.0142933283904124   -0.00342182765765409   0
0.104446552839438   0.382395927207325   0.00544356293989046   -0.00380920703126825   0
0.090254431816338   0.369928010050604   -0.0141921210231005   -0.012467917156721   0
0.103138361258021   0.388646790364014   0.0128839294416828   0.0187187803134099   0
0.164242305717193   0.324024439288536   0.0611039444591726   -0.0646223510754785   0
0.145323820880818   0.309891313217231   -0.0189184848363756   -0.0141331260713046   0
0.199351018636725   0.371835346297592   0.0540271977559076   0.0619440330803607   0
0.184873906058968   0.388250285588433   -0.0144771125777577   0.0164149392908415   0
0.153077152435556   0.414958076316451   -0.0317967536234118   0.0267077907280182   0
0.145756767491579   0.421806213663633   -0.00732038494397727   0.00684813734718104   0
0.119621066435099   0.378450247685545   -0.0261357010564795   -0.043355965978088   0
0.0808181845085636   0.359394247905417   -0.0388028819265355   -0.019055999780128   0
0.100365646658408   0.379220507234907   0.0195474621498444   0.0198262593294902   0
0.107717979445094   0.361455664905463   0.00735233278668559   -0.0177648423294442   0
0.113940208670776   0.358922050877694   0.00622222922568251   -0.00253361402776853   0
0.113961939205552   0.360740243482066   2.17305347762209e-05   0.0018181926043716   0
0.115516053894383   0.337954562380803   0.0015541146888307   -0.0227856811012627   0
0.148239315285285   0.354266507700065   0.0327232613909016   0.0163119453192618   0
0.121259853362686   0.35259014096859   -0.026979461922599   -0.00167636673147492   0
0.136329054376864   0.363235041540942   0.0150692010141787   0.0106449005723523   0
0.110478884604299   0.376512236621866   -0.0258501697725653   0.0132771950809238   0
0.100667015694616   0.382536775163186   -0.00981186890968326   0.00602453854132012   0
0.103256755806146   0.372638431493586   0.00258974011153   -0.00989834366960007   0
0.12912984083894   0.381423169806188   0.0258730850327944   0.00878473831260179   0
0.140427947052608   0.410245446199589   0.0112981062136676   0.0288222763934013   0
0.137077548717857   0.405008001252444   -0.00335039833475093   -0.00523744494714484   0
0.137835984980556   0.388348851540403   0.000758436262698975   -0.0166591497120413   0
0.149091276817324   0.390917451896497   0.0112552918367684   0.00256860035609396   0
0.145336244721061   0.397936587404639   -0.00375503209626366   0.00701913550814215   0
0.157029615154467   0.389886321294105   0.0116933704334064   -0.00805026611053428   0
0.170040246399375   0.425990888157834   0.0130106312449076   0.0361045668637288   0
0.174011924625067   0.393088067539578   0.00397167822569247   -0.0329028206182555   0
0.156338399698507   0.417940356740648   -0.0176735249265604   0.0248522892010697   0
0.144600438000581   0.419588490351559   -0.0117379616979251   0.00164813361091071   0
0.156828589226231   0.412441936573501   0.0122281512256499   -0.00714655377805734   0
0.150083707083114   0.427289438841226   -0.00674488214311719   0.014847502267725   0
0.160823935976116   0.40488996995758   0.0107402288930023   -0.0223994688836462   0
0.165689667221737   0.411202819755045   0.0048657312456207   0.00631284979746499   0
0.15706148651022   0.435953045936716   -0.00862818071151722   0.0247502261816706   0
0.159367427095031   0.424260565928829   0.00230594058481101   -0.0116924800078869   0
0.165980113822138   0.440491297372037   0.00661268672710741   0.016230731443208   0
0.156932056398334   0.430112192037729   -0.00904805742380396   -0.0103791053343079   0
0.17213718427115   0.432245941781123   0.0152051278728161   0.00213374974339431   0
0.136010764199934   0.474614275996308   -0.0361264200712166   0.0423683342151854   0
0.145403693887741   0.429774898411366   0.00939292968780758   -0.0448393775849424   0
0.149477600868659   0.425004980718462   0.0040739069809172   -0.0047699176929043   0
0.148981954851083   0.453697829956514   -0.00049564601757604   0.0286928492380524   0
0.148380334851118   0.439039977935951   -0.000601619999964192   -0.0146578520205635   0
0.161681468334531   0.444097364682847   0.0133011334834128   0.00505738674689682   0
0.151430939589669   0.458600690685263   -0.0102505287448621   0.0145033260024152   0
0.14383939566162   0.432211657969507   -0.00759154392804931   -0.0263890327157559   0
0.154211098897518   0.418094941332109   0.010371703235898   -0.0141167166373974   0
0.112381396569806   0.45369176235992   -0.0418297023277118   0.0355968210278105   0
0.0586424320467697   0.44519457732715   -0.0537389645230363   -0.00849718503276964   0
0.0988865670670188   0.442092197929629   0.0402441350202491   -0.00310237939752156   0
0.0971452372836157   0.461096924933902   -0.00174132978340305   0.0190047270042728   0
0.0867203547365323   0.43487707203588   -0.0104248825470834   -0.0262198528980215   0
0.113511800254026   0.446162739196697   0.0267914455174941   0.0112856671608171   0
0.0910337142398353   0.42752390961676   -0.0224780860141911   -0.0186388295799367   0
0.103761801790592   0.436349885873137   0.0127280875507562   0.00882597625637688   0
0.126166657201893   0.457877574244743   0.0224048554113016   0.0215276883716056   0
0.108766868202086   0.446810777389601   -0.0173997889998068   -0.0110667968551414   0
0.108913901443112   0.44217517242689   0.000147033241026148   -0.00463560496271131   0
0.129028675691297   0.468900705391344   0.020114774248185   0.0267255329644539   0
0.107238615690478   0.465761285776845   -0.0217900600008196   -0.00313941961449893   0
0.114639812326914   0.468407109645819   0.00740119663643592   0.00264582386897361   0
0.100336723480738   0.459964070380231   -0.0143030888461761   -0.00844303926558782   0
0.119382315597035   0.449348874619988   0.0190455921162971   -0.0106151957602426   0
0.118121628810011   0.484248248661004   -0.00126068678702382   0.0348993740410162   0
0.100364360544767   0.479347620264511   -0.0177572682652438   -0.0049006283964933   0
0.125273124499272   0.459387188446195   0.0249087639545045   -0.019960431818316   0
0.115499417866715   0.475170710528858   -0.00977370663255681   0.0157835220826631   0
0.0995071400063835   0.486118510955405   -0.0159922778603313   0.0109478004265465   0
0.116476567021998   0.471475647632781   0.0169694270156146   -0.014642863322624   0
0.113299635134011   0.479857289146992   -0.00317693188798712   0.00838164151421139   0
0.119030844317009   0.464655168727843   0.00573120918299794   -0.0152021204191493   0
0.0932490433266744   0.464846337909099   -0.0257818009903345   0.000191169181255946   0
0.111973553493492   0.462523568823795   0.018724510166818   -0.0023227690853036   0
