0.232833126970713   0.164818057084168   0   0   0
0.20863261409655   0.160461273544148   -0.0242005128741625   -0.00435678354001945   0
0.17893534154504   0.129869120509862   -0.0296972725515104   -0.0305921530342866   0
0.187313775760941   0.110325590516763   0.00837843421590137   -0.0195435299930986   0
0.151433341554395   0.0979350173867984   -0.0358804342065462   -0.0123905731299648   0
0.127353799786343   0.118717683295087   -0.0240795417680516   0.0207826659082883   0
0.131389822296592   0.108546831307379   0.0040360225102487   -0.0101708519877081   0
0.150374289342091   0.105172840460133   0.0189844670454991   -0.00337399084724598   0
0.136511325948875   0.106555326329811   -0.013862963393216   0.00138248586967833   0
0.11235465068385   0.113198824616347   -0.0241566752650248   0.00664349828653614   0
0.135292346711929   0.101071842057333   0.0229376960280792   -0.0121269825590139   0
0.158261781544156   0.0930506041681084   0.0229694348322262   -0.00802123788922474   0
0.139976022722251   0.0897388544047254   -0.018285758821905   -0.00331174976338307   0
0.126415682658332   0.0876375961051534   -0.0135603400639185   -0.00210125829957196   0
0.145513011452894   0.0664290674408613   0.0190973287945621   -0.0212085286642921   0
0.139095396820599   0.0358528929805183   -0.00641761463229482   -0.030576174460343   0
0.109397720279446   0.0428503112137181   -0.0296976765411529   0.00699741823319982   0
0.113371224302863   0.0297599591385388   0.00397350402341629   -0.0130903520751793   0
0.1258950543782   0.0179138833366749   0.0125238300753376   -0.0118460758018639   0
0.11910530694205   0.0496741026098107   -0.00678974743615003   0.0317602192731357   0
0.0726731060832685   0.0326594341423122   -0.0464322008587817   -0.0170146684674985   0
0.115391659298582   0.0173283430864004   0.0427185532153134   -0.0153310910559118   0
0.125382732698606   0.0251165503011665   0.00999107340002381   0.00778820721476607   0
0.0991850334607495   0.0216775726419034   -0.0261976992378562   -0.00343897765926303   0
0.0859620404101136   0.0582973614531473   -0.0132229930506359   0.0366197888112438   0
0.0915986531975225   0.0509453768191236   0.00563661278740893   -0.00735198463402362   0
0.0665694123411796   0.0453404608818338   -0.0250292408563429   -0.00560491593728984   0
0.0656241885829455   0.0395139745158456   -0.000945223758234096   -0.00582648636598814   0
0.0997208530238786   0.0357796943995473   0.0340966644409331   -0.0037342801162983   0
0.119142027568528   0.0249510139052504   0.0194211745446499   -0.0108286804942969   0
0.0910225331795924   0.0252995972200152   -0.0281194943889361   0.000348583314764759   0
0.100117912431151   0.0363584304117697   0.00909537925155851   0.0110588331917545   0
0.134205945093763   0.0565117557443803   0.0340880326626116   0.0201533253326106   0
0.118864366352959   0.0436985356993584   -0.0153415787408037   -0.0128132200450219   0
0.122994050490879   0.0491189061723643   0.00412968413792024   0.00542037047300588   0
0.138895152217959   0.0507513925545704   0.01590110172708   0.0016324863822061   0
0.167978929458429   0.0592756449047596   0.0290837772404704   0.00852425235018927   0
0.140182566155032   0.0695127032932471   -0.0277963633033971   0.0102370583884874   0
0.12527412476091   0.094392942040891   -0.014908441394122   0.0248802387476439   0
0.130154018767843   0.092836646030232   0.00487989400693264   -0.00155629601065894   0
0.133160436794455   0.08757971747775   0.00300641802661195   -0.00525692855248207   0
0.137427248829668   0.108422748880539   0.00426681203521298   0.0208430314027894   0
0.19788698664465   0.0893745673071764   0.0604597378149825   -0.019048181573363   0
0.191457902020079   0.0814681730759571   -0.00642908462457167   -0.00790639423121928   0
0.165534944320165   0.0855759558462545   -0.025922957699914   0.00410778277029743   0
0.175342609983683   0.080583939447774   0.00980766566351846   -0.00499201639848056   0
0.191114580113842   0.079947597415948   0.0157719701301585   -0.000636342031825929   0
0.196994961540413   0.10728869277114   0.00588038142657166   0.0273410953551916   0
0.242616418847385   0.106242455874568   0.0456214573069722   -0.00104623689657134   0
0.211349256421403   0.120350746995241   -0.0312671624259824   0.0141082911206726   0
0.158669885401893   0.13177808750423   -0.0526793710195097   0.011427340508989   0
0.221411510857069   0.125670807959566   0.0627416254551756   -0.00610727954466447   0
0.210763946273479   0.129219228652134   -0.0106475645835899   0.0035484206925685   0
0.264831782471006   0.146478063440614   0.0540678361975264   0.0172588347884798   0
0.286559622911533   0.131606313164196   0.0217278404405274   -0.0148717502764176   0
0.356515787601068   0.124406833523886   0.0699561646895353   -0.00719947964030981   0
0.316920330260036   0.133287214959613   -0.0395954573410327   0.00888038143572623   0
0.330300873837672   0.132418286086892   0.0133805435776368   -0.000868928872720581   0
0.37838445622538   0.133716920925738   0.0480835823877075   0.00129863483884565   0
0.36948756495548   0.117127938085838   -0.0088968912698999   -0.0165889828398993   0
0.313830352350003   0.141721844145151   -0.0556572126054772   0.0245939060593127   0
0.360738679506717   0.159528673297906   0.0469083271567144   0.0178068291527548   0
0.351361790427431   0.144374013784   -0.00937688907928608   -0.0151546595139063   0
0.332169731181109   0.167440573238687   -0.0191920592463224   0.0230665594546871   0
0.352682140809993   0.195682472860601   0.0205124096288847   0.0282418996219147   0
0.360409049742529   0.242534831236799   0.0077269089325353   0.0468523583761975   0
0.32640735664489   0.224531329035478   -0.0340016930976391   -0.0180035022013206   0
0.363676194344859   0.246419882035851   0.0372688376999699   0.0218885530003723   0
0.298002380518495   0.225072032470139   -0.0656738138263642   -0.0213478495657117   0
0.289473641498289   0.215794292030333   -0.00852873902020612   -0.00927774043980614   0
0.307656329736315   0.21467911323261   0.0181826882380257   -0.00111517879772219   0
0.331316776953311   0.239073030867249   0.0236604472169962   0.0243939176346383   0
0.327507877450116   0.224253378215   -0.0038088995031953   -0.0148196526522484   0
0.361423307915428   0.245442704094235   0.0339154304653119   0.0211893258792342   0
0.370698216870947   0.254908803010631   0.00927490895551986   0.00946609891639602   0
0.396499111889106   0.239881821174676   0.0258008950181589   -0.0150269818359546   0
0.343626525684005   0.257362184886033   -0.0528725862051015   0.0174803637113568   0
0.328221439432192   0.291581293804254   -0.015405086251813   0.0342191089182209   0
0.143102008418261   0.221739052535435   -0.185119431013931   -0.0698422412688185   0
0.274918648490834   0.195107954189629   0.131816640072573   -0.0266310983458059   0
0.349488073679031   0.170959492244537   0.074569425188197   -0.024148461945092   0
0.432588533299578   0.232000355713763   0.0831004596205465   0.0610408634692255   0
0.337570748687644   0.234389695049787   -0.095017784611934   0.00238933933602409   0
0.37640116068951   0.256411314678316   0.0388304120018657   0.0220216196285292   0
0.337770281374783   0.245001053248251   -0.0386308793147267   -0.0114102614300648   0
0.334934731421347   0.254380103938619   -0.00283554995343566   0.00937905069036749   0
0.313826906405171   0.269463718743456   -0.0211078250161761   0.0150836148048374   0
0.327139139199653   0.298131929992935   0.013312232794482   0.0286682112494792   0
0.380814576110802   0.320777943106661   0.0536754369111492   0.0226460131137252   0
0.352420986146867   0.338716101729752   -0.0283935899639357   0.0179381586230918   0
0.219864625124416   0.294546905928818   -0.132556361022451   -0.0441691958009344   0
0.252944730102863   0.281388032812947   0.0330801049784465   -0.0131588731158713   0
0.365118706020987   0.298487260630203   0.112173975918124   0.0170992278172559   0
0.334855477434923   0.320122199878015   -0.0302632285860645   0.0216349392478127   0
0.26123387665925   0.318776085593462   -0.0736216007756731   -0.00134611428455361   0
0.31621570852347   0.35095609704471   0.0549818318642203   0.0321800114512479   0
0.336651670383558   0.349905492628781   0.0204359618600885   -0.00105060441592852   0
0.140892792636813   0.310919482586955   -0.195758877746745   -0.0389860100418258   0
0.215728014177135   0.303476471756527   0.0748352215403216   -0.00744301083042853   0
0.338432348962462   0.323600723465662   0.122704334785328   0.0201242517091355   0
0.215524499214034   0.290778110797667   -0.122907849748429   -0.0328226126679957   0
0.293829500046217   0.335580061536945   0.0783050008321836   0.0448019507392788   0
0.318040744003029   0.269861906702084   0.0242112439568114   -0.0657181548348613   0
0.274147530556888   0.250763812396851   -0.0438932134461403   -0.0190980943052331   0
0.256848684137743   0.267200148124807   -0.0172988464191455   0.0164363357279563   0
0.267024607357094   0.286917450336874   0.0101759232193507   0.0197173022120667   0
0.287742298711694   0.28220645195229   0.0207176913546009   -0.00471099838458416   0
0.241341213451909   0.324278432204522   -0.0464010852597853   0.0420719802522319   0
0.224472828423041   0.30005871570778   -0.0168683850288682   -0.0242197164967413   0
0.19623100076545   0.295150017127435   -0.0282418276575911   -0.00490869858034559   0
0.279830665392483   0.301995883257459   0.0835996646270335   0.0068458661300238   0
0.239496489368926   0.283118403960132   -0.0403341760235576   -0.0188774792973265   0
0.27991406361471   0.308600216253084   0.0404175742457843   0.0254818122929516   0
0.308832795329835   0.291078956464067   0.0289187317151253   -0.017521259789017   0
0.350254616731828   0.280849399491996   0.0414218214019929   -0.0102295569720702   0
0.35469407238409   0.319092406910902   0.00443945565226161   0.0382430074189054   0
0.32762080078893   0.333473153659871   -0.0270732715951596   0.0143807467489693   0
0.306639762695659   0.347138488560823   -0.0209810380932714   0.0136653349009517   0
0.293309910428628   0.342035755457196   -0.0133298522670307   -0.00510273310362652   0
0.217098942820319   0.294626083434478   -0.0762109676083096   -0.0474096720227184   0
0.262513188581069   0.254266852846183   0.0454142457607505   -0.0403592305882949   0
0.22369765313979   0.25055779634069   -0.0388155354412787   -0.00370905650549341   0
0.207231388563654   0.237743444454758   -0.0164662645761368   -0.0128143518859319   0
0.195953173903767   0.271619847868008   -0.0112782146598865   0.0338764034132506   0
0.170086016044971   0.280242179193301   -0.0258671578587965   0.00862233132529228   0
0.153429378380152   0.298994522484108   -0.0166566376648181   0.0187523432908077   0
0.179700057452578   0.296030559552135   0.026270679072426   -0.00296396293197354   0
0.246898538710236   0.303440651002795   0.0671984812576577   0.00741009145066018   0
0.212253313392559   0.313361319760831   -0.0346452253176769   0.00992066875803638   0
0.195849716704135   0.32460109631708   -0.0164035966884242   0.0112397765562483   0
0.161937168654296   0.323935544761994   -0.0339125480498389   -0.000665551555085409   0
0.159159304951832   0.338126871192604   -0.00277786370246474   0.01419132643061   0
0.0952975839463415   0.396545924503707   -0.0638617210054901   0.0584190533111032   0
0.168423048687672   0.318064276726026   0.0731254647413307   -0.0784816477776816   0
0.187536804488639   0.274947459632745   0.0191137558009668   -0.0431168170932808   0
0.231422176936027   0.299312879226321   0.0438853724473885   0.0243654195935756   0
0.290149272193142   0.307660509921244   0.0587270952571145   0.0083476306949235   0
0.255814893483315   0.322971918070287   -0.0343343787098266   0.0153114081490425   0
0.246320104226695   0.332771062286822   -0.00949478925662015   0.00979914421653533   0
0.284965197239944   0.332120722191871   0.0386450930132484   -0.000650340094950963   0
0.311338200863129   0.344782232432662   0.0263730036231852   0.0126615102407907   0
0.277182242052715   0.322705274638485   -0.0341559588104137   -0.0220769577941767   0
0.347099808446519   0.340849470433064   0.0699175663938035   0.0181441957945788   0
0.385688760324747   0.344459706549982   0.0385889518782281   0.00361023611691863   0
0.405788445866513   0.351109363631191   0.0200996855417662   0.00664965708120868   0
0.344159129230608   0.325003297184429   -0.0616293166359054   -0.0261060664467625   0
0.325802275184505   0.305574218934206   -0.0183568540461024   -0.0194290782502227   0
0.418961377936547   0.33712740162845   0.0931591027520417   0.0315531826942437   0
0.363323109806657   0.341726713374152   -0.05563826812989   0.00459931174570261   0
0.344510794004049   0.421068209166579   -0.0188123158026082   0.0793414957924269   0
0.379815822128806   0.437962377705266   0.0353050281247576   0.0168941685386868   0
0.222383955526085   0.366743611454583   -0.157431866602722   -0.0712187662506831   0
0.309237551459082   0.361007755141424   0.0868535959329969   -0.00573585631315932   0
0.487863443809853   0.379128263447214   0.178625892350772   0.0181205083057903   0
0.479265662535102   0.426627229276625   -0.0085977812747518   0.0474989658294112   0
0.473544021671069   0.456459974469558   -0.00572164086403254   0.0298327451929334   0
0.541448470302429   0.504242264686579   0.0679044486313597   0.0477822902170205   0
0.569485572548322   0.509218825289531   0.028037102245893   0.00497656060295226   0
0.508281021067798   0.520710953825152   -0.0612045514805234   0.0114921285356213   0
0.503119304734279   0.513847876412124   -0.00516171633351958   -0.00686307741302794   0
0.544317089796205   0.509062712045382   0.0411977850619264   -0.00478516436674203   0
0.583976203464866   0.530760257074934   0.0396591136686607   0.0216975450295516   0
0.572611070369903   0.546882305024353   -0.0113651330949625   0.0161220479494194   0
0.612096282226097   0.558684269738732   0.0394852118561938   0.0118019647143783   0
0.702100190760756   0.601508693334103   0.0900039085346587   0.0428244235953713   0
0.700706727667118   0.644445783095529   -0.00139346309363841   0.0429370897614263   0
0.657851368813686   0.618522253017796   -0.0428553588534317   -0.0259235300777336   0
0.696569691681185   0.639371324099347   0.038718322867499   0.0208490710815515   0
0.724487896206479   0.661169140875086   0.0279182045252943   0.0217978167757392   0
0.68023656625122   0.61714972066122   -0.0442513299552594   -0.0440194202138661   0
0.628478888062925   0.623994422653961   -0.051757678188295   0.00684470199274045   0
0.607369095691098   0.622600965220301   -0.0211097923718264   -0.00139345743366026   0
0.700820677180958   0.625319052615143   0.09345158148986   0.00271808739484236   0
0.673293219688577   0.640284058442228   -0.0275274574923815   0.0149650058270846   0
0.765272383537468   0.666348920365487   0.0919791638488908   0.0260648619232594   0
0.721752672448291   0.656661215146174   -0.0435197110891764   -0.00968770521931284   0
0.63923856246644   0.636342978483498   -0.0825141099818516   -0.0203182366626758   0
0.678176691556526   0.673190852588419   0.0389381290900869   0.0368478741049207   0
0.617450712681174   0.677688948361451   -0.0607259788753521   0.00449809577303228   0
0.560147131575589   0.662055066587554   -0.0573035811055855   -0.0156338817738977   0
0.604361533231558   0.70100459885296   0.0442144016559697   0.0389495322654068   0
0.607750478929149   0.707903204532583   0.00338894569759063   0.00689860567962253   0
0.684611263916509   0.7444059134294   0.0768607849873599   0.0365027088968175   0
0.639175085974227   0.722129985390615   -0.0454361779422824   -0.0222759280387854   0
0.700778024906182   0.747514365103442   0.0616029389319558   0.0253843797128274   0
0.695264838854411   0.756419259756948   -0.00551318605177153   0.00890489465350608   0
0.684144337822663   0.703506116446936   -0.0111205010317479   -0.0529131433100124   0
0.691405458936968   0.733424464332388   0.00726112111430555   0.0299183478854518   0
0.767232332887008   0.772150934313687   0.0758268739500392   0.0387264699812992   0
0.812076234830819   0.812891512731135   0.0448439019438115   0.0407405784174476   0
0.838647194414192   0.845458087234401   0.0265709595833731   0.0325665745032666   0
0.817932843102027   0.848174346871096   -0.0207143513121654   0.00271625963669453   0
0.842824188878493   0.86783190793705   0.0248913457764665   0.019657561065954   0
0.887178068189746   0.886883294007165   0.0443538793112529   0.0190513860701156   0
0.820043682248354   0.857934805797365   -0.0671343859413918   -0.0289484882098002   0
0.834841045775931   0.857908884031546   0.0147973635275764   -2.59217658190591e-05   0
0.724868312670543   0.783442541141865   -0.109972733105388   -0.0744663428896812   0
0.869275710017535   0.883311093532364   0.144407397346993   0.0998685523904989   0
0.861156558356865   0.878456187194899   -0.00811915166067079   -0.00485490633746444   0
0.809269978505004   0.869576905366628   -0.0518865798518604   -0.0088792818282708   0
0.812203986323978   0.858941021149737   0.00293400781897335   -0.0106358842168917   0
0.854670548453707   0.88424175171772   0.0424665621297291   0.0253007305679835   0
0.800889184191396   0.870517961238769   -0.0537813642623105   -0.0137237904789516   0
0.801459907860206   0.862813574334711   0.000570723668809947   -0.00770438690405784   0
0.874279716509402   0.879164463264162   0.0728198086491957   0.0163508889294515   0
0.823576996733007   0.928017331655632   -0.0507027197763946   0.0488528683914701   0
0.843148572956131   0.925044897540521   0.0195715762231236   -0.00297243411511172   0
0.913274547458764   0.897140502485586   0.070125974502633   -0.0279043950549347   0
0.820709713323712   0.930133948607855   -0.0925648341350516   0.032993446122269   0
0.89402733905639   0.942599173135092   0.0733176257326782   0.0124652245272374   0
0.945582434173187   0.950854247880927   0.0515550951167968   0.0082550747458342   0
0.973223519840617   0.962115872651424   0.0276410856674298   0.0112616247704969   0
0.944004296516223   0.979784289078754   -0.0292192233243936   0.0176684164273307   0
0.932773381012392   1.01140176496835   -0.011230915503831   0.031617475889594   0
0.94379992966997   1.00357302816983   0.0110265486575775   -0.00782873679851948   0
0.935550804041496   1.01818164944232   -0.0082491256284738   0.0146086212724943   0
0.98075356846972   1.02634123548847   0.0452027644282241   0.00815958604614742   0
0.958541656424618   1.00660592636108   -0.0222119120451024   -0.0197353091273893   0
0.99945137306775   1.00795096107164   0.040909716643132   0.00134503471056258   0
0.933370332364041   1.00032094230164   -0.0660810407037089   -0.00763001876999914   0
0.976508165668311   1.01755848906451   0.0431378333042703   0.017237546762866   0
0.999220956402882   1.04069768704329   0.0227127907345706   0.0231391979787776   0
1.01529108516368   1.07078073330036   0.0160701287607969   0.0300830462570687   0
0.742927135456096   0.963469370333588   -0.272363949707583   -0.107311362966769   0
0.59463139847556   0.891647114002507   -0.148295736980536   -0.0718222563310806   0
0.839367756209994   0.937062088617931   0.244736357734434   0.0454149746154243   0
0.810002473928938   0.886431221556416   -0.0293652822810559   -0.0506308670615152   0
0.848008139110115   0.885441696055703   0.038005665181177   -0.000989525500713295   0
0.857936570719537   0.867238244224734   0.00992843160942225   -0.0182034518309687   0
0.920287944392949   0.929398402685307   0.0623513736734117   0.0621601584605728   0
0.935534702280017   0.960937701227816   0.0152467578870679   0.0315392985425091   0
0.915615135789732   0.945422164233524   -0.0199195664902846   -0.0155155369942924   0
0.903779268994155   0.967785166135672   -0.011835866795577   0.022363001902148   0
0.951943425504945   1.00179464995876   0.0481641565107902   0.0340094838230909   0
0.909051702573093   1.00937110943015   -0.0428917229318521   0.0075764594713863   0
0.904849664662788   1.01753370573276   -0.00420203791030549   0.0081625963026144   0
0.97904606308159   1.02077789188062   0.0741963984188018   0.00324418614786026   0
0.900628822788922   1.02322178136023   -0.0784172402926675   0.00244388947960528   0
0.923922904335751   1.02503279740516   0.023294081546829   0.00181101604493228   0
1.00649847884535   1.07747971242397   0.082575574509597   0.0524469150188132   0
0.97985650998587   1.05512477386907   -0.0266419688594778   -0.0223549385549071   0
0.976703138675048   1.03448387701017   -0.00315337131082249   -0.0206408968588934   0
1.00246396747229   1.03398687218987   0.025760828797245   -0.000497004820299241   0
1.00828385731259   1.03965118834696   0.00581988984029946   0.00566431615708729   0
0.781536150972916   1.08359218669768   -0.226747706339677   0.0439409983507137   0
