0.028842863588543   0.136192163113374   0   0   0
0.0556510960211836   0.142758268757015   0.0268082324326406   0.0065661056436401   0
0.0707075207935104   0.119306009885556   0.0150564247723268   -0.0234522588714581   0
0.0345602585768741   0.123850034156041   -0.0361472622166363   0.00454402427048443   0
0.0874099210936608   0.10650821574683   0.0528496625167867   -0.0173418184092113   0
0.0891677797872079   0.103204762258834   0.00175785869354711   -0.00330345348799535   0
0.0817421367357742   0.0894325401200123   -0.00742564305143371   -0.013772222138822   0
0.0614604288466978   0.0989477936242264   -0.0202817078890764   0.00951525350421414   0
0.0524081603302387   0.0908500956656761   -0.00905226851645913   -0.0080976979585503   0
0.0376740548506529   0.0910140986520941   -0.0147341054795858   0.000164002986418027   0
0.0876477191363814   0.0776974231439821   0.0499736642857286   -0.0133166755081121   0
0.0411810046595818   0.0907540210392493   -0.0464667144767996   0.0130565978952672   0
0.0404131015723862   0.0898683968168176   -0.000767903087195675   -0.00088562422243163   0
0.0609555310130974   0.0852491950933409   0.0205424294407112   -0.00461920172347674   0
0.0339440240642208   0.071523016776507   -0.0270115069488766   -0.0137261783168339   0
0.0390152384729736   0.0708350878991478   0.00507121440875283   -0.000687928877359148   0
0.0569676005886469   0.0704689970208353   0.0179523621156733   -0.000366090878312506   0
0.0358991844896232   0.0720895358944174   -0.0210684160990237   0.0016205388735821   0
0.0496074901496145   0.0503557949692796   0.0137083056599913   -0.0217337409251378   0
0.0746444952179329   0.0414885137645047   0.0250370050683184   -0.00886728120477487   0
0.050405877567006   0.0547261415600899   -0.0242386176509268   0.0132376277955852   0
0.0597951559748781   0.0243139968038602   0.00938927840787209   -0.0304121447562297   0
0.0760710834176167   0.0277538793347547   0.0162759274427386   0.0034398825308945   0
0.0623049633547192   0.0587218983618175   -0.0137661200628975   0.0309680190270628   0
0.0612031472433404   0.0143169604908174   -0.00110181611137882   -0.0444049378710001   0
0.0736754725730348   0.0306322044627174   0.0124723253296944   0.0163152439719001   0
0.0635902102008823   0.0161208995403645   -0.0100852623721524   -0.0145113049223529   0
0.0678262919377877   0.00967908846727573   0.00423608173690533   -0.00644181107308879   0
0.075390054772828   0.0787224505170539   0.00756376283504029   0.0690433620497782   0
0.0677102508446099   0.0633779047656644   -0.00767980392821802   -0.0153445457513895   0
0.0582450141273054   0.0724846781700891   -0.00946523671730459   0.00910677340442474   0
0.0592862261138968   0.0703126412930002   0.00104121198659145   -0.00217203687708889   0
0.0580559056389615   0.0798705680024202   -0.00123032047493532   0.00955792670941993   0
0.0598473469726102   0.0649442553543654   0.00179144133364875   -0.0149263126480547   0
0.067306572926796   0.0911982120577619   0.00745922595418572   0.0262539567033964   0
0.0576027643980738   0.102015388399557   -0.00970380852872214   0.0108171763417953   0
0.0703482811875207   0.113783381613046   0.0127455167894469   0.0117679932134886   0
0.0839612137811627   0.129223417908375   0.0136129325936419   0.0154400362953291   0
0.0895691081038547   0.113255659241934   0.00560789432269197   -0.0159677586664412   0
0.105135163693837   0.101904455306135   0.0155660555899828   -0.011351203935799   0
0.120691114632893   0.122978671559919   0.015555950939055   0.0210742162537846   0
0.0934445060516133   0.124747082075584   -0.0272466085812792   0.00176841051566475   0
0.119973762148563   0.124349511609576   0.0265292560969498   -0.000397570466008343   0
0.113568910600305   0.12940453960449   -0.00640485154825843   0.00505502799491424   0
0.0959110932178859   0.135178392861517   -0.0176578173824188   0.00577385325702659   0
0.0984528225260201   0.130755927024256   0.00254172930813414   -0.00442246583726075   0
0.0882992678414719   0.117767889245467   -0.0101535546845481   -0.0129880377787891   0
0.123778260723804   0.156709524634752   0.035478992882332   0.0389416353892856   0
0.091456533847834   0.147851230636576   -0.03232172687597   -0.00885829399817614   0
0.110859457774292   0.132132924882137   0.0194029239264579   -0.0157183057544393   0
0.177589070716697   0.113431651189053   0.0667296129424051   -0.0187012736930837   0
0.223512061823165   0.123656486465814   0.0459229911064682   0.0102248352767608   0
0.228489478027873   0.0967166264370786   0.00497741620470815   -0.0269398600287353   0
0.243586151533641   0.105113200996604   0.0150966735057679   0.0083965745595256   0
0.246674712815744   0.0979297123934408   0.0030885612821033   -0.00718348860316338   0
0.237561332819548   0.10749743337429   -0.0091133799961966   0.00956772098084961   0
0.233037713190483   0.10500611276534   -0.0045236196290645   -0.00249132060895074   0
0.259832459143984   0.123554948695803   0.0267947459535003   0.0185488359304633   0
0.246510769262217   0.115909050710201   -0.0133216898817667   -0.0076458979856017   0
0.250419487308017   0.104848209441117   0.00390871804579981   -0.011060841269084   0
0.285164697991108   0.111914880743414   0.0347452106830914   0.00706667130229635   0
0.28489122950356   0.114922639121117   -0.000273468487548445   0.0030077583777034   0
0.268044473117373   0.131640250222918   -0.016846756386187   0.0167176111018011   0
0.278888666702217   0.152915709201998   0.0108441935848437   0.0212754589790798   0
0.300323924500197   0.181372949765118   0.0214352577979804   0.02845724056312   0
0.278819215505334   0.195661595488869   -0.0215047089948627   0.0142886457237515   0
0.2736617522507   0.209907246263677   -0.00515746325463406   0.0142456507748077   0
0.298434046734953   0.216621896347645   0.0247722944842526   0.00671465008396821   0
0.288603112342781   0.20402443607752   -0.00983093439217153   -0.0125974602701255   0
0.282997262976623   0.231884888171373   -0.0056058493661581   0.0278604520938528   0
0.279131454430839   0.204275622890373   -0.00386580854578406   -0.0276092652809994   0
0.27601340469148   0.222950640702152   -0.00311804973935875   0.0186750178117785   0
0.310312047577527   0.230238675887111   0.034298642886047   0.00728803518495888   0
0.299807129877593   0.222389178635675   -0.0105049176999342   -0.00784949725143605   0
0.295849438908544   0.223792628604027   -0.00395769096904958   0.00140344996835243   0
0.3105214952202   0.213684547601131   0.0146720563116567   -0.0101080810028961   0
0.310697333730795   0.207922188923531   0.000175838510594772   -0.0057623586776   0
0.301150539553194   0.223002790516178   -0.00954679417760074   0.0150806015926474   0
0.293475161651885   0.241311850887498   -0.00767537790130934   0.0183090603713195   0
0.306193669751976   0.219408429879643   0.012718508100091   -0.0219034210078553   0
0.332515931011278   0.201151189286815   0.026322261259302   -0.0182572405928277   0
0.345616976108573   0.210460303754651   0.0131010450972946   0.00930911446783625   0
0.364548225366733   0.216292073821488   0.0189312492581601   0.00583177006683688   0
0.350632851207224   0.198172947126367   -0.0139153741595082   -0.0181191266951206   0
0.35716988650174   0.216355791769599   0.00653703529451533   0.0181828446432314   0
0.381602979737857   0.208921215343248   0.0244330932361176   -0.00743457642635034   0
0.357897925559621   0.212589413280036   -0.0237050541782363   0.00366819793678763   0
0.376273034757705   0.200502633969606   0.0183751091980837   -0.0120867793104296   0
0.38330044509197   0.219942236167817   0.0070274103342654   0.019439602198211   0
0.365245680572356   0.213075139616286   -0.0180547645196144   -0.00686709655153098   0
0.392683743876796   0.194370161779657   0.0274380633044401   -0.0187049778366296   0
0.409230992954018   0.201884895415061   0.0165472490772222   0.00751473363540381   0
0.376798896544932   0.195444899853315   -0.0324320964090861   -0.00643999556174529   0
0.391014669569855   0.21297164688745   0.0142157730249231   0.0175267470341341   0
0.376770878286381   0.210980144751917   -0.014243791283474   -0.00199150213553217   0
0.364861383041683   0.226266157215347   -0.0119094952446976   0.0152860124634293   0
0.367042254747052   0.24990226487269   0.0021808717053689   0.0236361076573431   0
0.367073939769485   0.226667013824795   3.16850224328924e-05   -0.0232352510478943   0
0.367884078713703   0.227125077629046   0.000810138944217886   0.000458063804250175   0
0.365410096706714   0.234903529238068   -0.00247398200698912   0.00777845160902266   0
0.382027546051656   0.245999733942946   0.0166174493449419   0.0110962047048772   0
0.320631289617471   0.183707463428953   -0.0613962564341849   -0.0622922705139928   0
0.312309716531426   0.263344344295639   -0.00832157308604498   0.0796368808666862   0
0.31725417161468   0.369444642886455   0.0049444550832542   0.106100298590816   0
0.341131532268434   0.412940549076075   0.0238773606537538   0.04349590618962   0
0.328060850526599   0.416067014627151   -0.0130706817418348   0.00312646555107654   0
0.327137432638154   0.429724311104806   -0.000923417888445466   0.0136572964776547   0
0.223211880374473   0.363757803119053   -0.103925552263681   -0.0659665079857525   0
0.352359116040463   0.304230434229549   0.12914723566599   -0.0595273688895044   0
0.344665326410781   0.283787864050332   -0.0076937896296822   -0.0204425701792166   0
0.332881547706147   0.337722714233881   -0.0117837787046334   0.053934850183549   0
0.364526570755802   0.351336232904109   0.0316450230496543   0.0136135186702271   0
0.333973270711385   0.333798754180569   -0.0305533000444167   -0.0175374787235394   0
0.350984405004873   0.327903236974721   0.0170111342934885   -0.00589551720584813   0
0.32977705928453   0.341296628376622   -0.0212073457203434   0.013393391401901   0
0.326715737859473   0.340370171782869   -0.00306132142505683   -0.000926456593752623   0
0.351081614549775   0.357412123063138   0.024365876690302   0.0170419512802691   0
0.324867539737691   0.353824601909265   -0.0262140748120845   -0.00358752115387323   0
0.344377968767915   0.355766213857499   0.0195104290302246   0.00194161194823417   0
0.34622259602609   0.361724333565286   0.00184462725817452   0.0059581197077862   0
0.361862670555889   0.383795609686328   0.0156400745297995   0.0220712761210421   0
0.314651034414159   0.376108875428711   -0.0472116361417307   -0.00768673425761623   0
0.299065913598413   0.384995405630379   -0.0155851208157453   0.00888653020166752   0
0.349074771895185   0.413477114726136   0.0500088582967722   0.0284817090957567   0
0.359732757752034   0.521123945674635   0.0106579858568486   0.107646830948499   0
0.35778709523813   0.520421940023669   -0.00194566251390449   -0.000702005650965565   0
0.376498719191458   0.555290051366176   0.0187116239533285   0.0348681113425061   0
0.327429488514035   0.487847704457036   -0.0490692306774232   -0.0674423469091391   0
0.315399570354847   0.503618290166521   -0.0120299181591874   0.0157705857094843   0
0.35058724694037   0.519784846744545   0.0351876765855228   0.0161665565780242   0
0.383120664181372   0.549729929084273   0.0325334172410014   0.0299450823397281   0
0.344901934461929   0.522869912583905   -0.0382187297194425   -0.0268600165003684   0
0.352999471901985   0.555315383405007   0.00809753744005537   0.0324454708211024   0
0.374626377796652   0.623145931029201   0.0216269058946676   0.0678305476241942   0
0.348665230475595   0.60972118114799   -0.025961147321057   -0.0134247498812113   0
0.359156925794004   0.690291117683329   0.0104916953184092   0.0805699365353393   0
0.367977994961723   0.713842177920477   0.00882106916771874   0.0235510602371478   0
0.353693947556259   0.696008507007098   -0.0142840474054637   -0.0178336709133786   0
0.35286692520932   0.721029124103181   -0.000827022346939155   0.0250206170960824   0
0.3309535229184   0.765635883261097   -0.0219134022909202   0.0446067591579162   0
0.339483476188043   0.713287138325443   0.00852995326964268   -0.0523487449356538   0
0.341452357659745   0.745269273568621   0.00196888147170182   0.0319821352431777   0
0.346199448611202   0.783429907375414   0.00474709095145703   0.0381606338067932   0
0.375113342343151   0.884486885126201   0.0289138937319494   0.101056977750787   0
0.367553967865553   0.896023201726942   -0.00755937447759791   0.0115363166007405   0
0.359524452779182   0.879469117539098   -0.0080295150863714   -0.0165540841878438   0
0.357565648315467   0.903106828592969   -0.00195880446371499   0.0236377110538707   0
0.364406338691192   0.951121635898375   0.00684069037572566   0.0480148073054056   0
0.343021070406673   0.922136362478457   -0.0213852682845189   -0.0289852734199177   0
0.34634455836865   0.963681569355251   0.00332348796197607   0.0415452068767946   0
0.359699956949567   0.961953607187088   0.013355398580917   -0.00172796216816351   0
0.332773194186371   0.935106851567376   -0.0269267627631958   -0.0268467556197122   0
0.351389923580415   0.972439112274645   0.0186167293940445   0.0373322607072696   0
0.378187391134091   0.951063998173756   0.0267974675536759   -0.0213751141008893   0
0.358493441242877   0.881347781269829   -0.0196939498912143   -0.0697162169039272   0
0.361585611115044   0.628396898686053   0.00309216987216743   -0.252950882583775   0
0.406604904713716   0.789569156957451   0.0450192935986716   0.161172258271398   0
0.412353155444468   0.82933630831738   0.00574825073075264   0.0397671513599288   0
0.419840494113907   0.862416521172629   0.00748733866943896   0.0330802128552494   0
0.383568322343543   0.887793371528674   -0.0362721717703646   0.0253768503560448   0
0.364093896572024   0.860120954184497   -0.0194744257715185   -0.0276724173441767   0
0.351260660358672   0.897347954268577   -0.0128332362133528   0.0372270000840795   0
0.226902659418262   0.784221721754441   -0.124358000940409   -0.113126232514136   0
0.234214477662975   0.753347048444142   0.00731181824471211   -0.0308746733102994   0
0.414577882487042   0.939629840804878   0.180363404824068   0.186282792360736   0
