0.157138155022515   0.151385567684803   0   0   0
0.183343064225591   0.125098630367642   0.0262049092030757   -0.0262869373171604   0
0.0877969881608468   0.12215139549254   -0.0955460760647441   -0.002947234875102   0
0.157513637202828   0.0848923657551137   0.0697166490419811   -0.0372590297374266   0
0.114244529445615   0.0860669885932609   -0.0432691077572124   0.00117462283814719   0
0.0741294029563169   0.0772722422230972   -0.0401151264892986   -0.00879474637016371   0
0.113669504411957   0.0537797108482604   0.0395401014556405   -0.0234925313748367   0
0.0843987873316317   0.0656438649855034   -0.0292707170803257   0.011864154137243   0
0.129149534792387   0.0295423556252713   0.0447507474607554   -0.0361015093602321   0
0.118179901796202   0.0367618829081836   -0.0109696329961849   0.00721952728291226   0
0.125691868280569   0.0331977236516677   0.00751196648436717   -0.00356415925651584   0
0.154103996581043   0.0506231922226611   0.0284121283004733   0.0174254685709934   0
0.0759627661837857   0.13033343759619   -0.0781412303972569   0.079710245373529   0
0.0369561770488724   0.13536317307271   -0.0390065891349134   0.00502973547652003   0
0.0498211984232779   0.110237414353249   0.0128650213744055   -0.0251257587194608   0
0.140849617462207   0.0624208807938898   0.091028419038929   -0.0478165335593596   0
0.0803838561788373   0.0735132021280872   -0.0604657612833695   0.0110923213341974   0
0.0795594438170328   0.0756173948291165   -0.0008244123618045   0.00210419270102936   0
0.0685882048762934   0.0947819540285227   -0.0109712389407394   0.0191645591994062   0
0.126496579384148   0.0636776456570318   0.0579083745078543   -0.0311043083714909   0
0.041153898061909   0.0641967342810951   -0.0853426813222387   0.00051908862406326   0
0.0492948873243463   0.0873543960875038   0.00814098926243729   0.0231576618064088   0
0.0269315771237037   0.0715069117683102   -0.0223633102006426   -0.0158474843191936   0
0.0897841839422735   0.0454888872641989   0.0628526068185698   -0.0260180245041113   0
0.119424294477673   0.0685943194166427   0.0296401105353997   0.0231054321524437   0
0.132711695660066   0.0736447275690068   0.0132874011823929   0.00505040815236411   0
0.137498373545617   0.0920948636360357   0.00478667788555082   0.0184501360670289   0
0.158435591261433   0.0997204746601845   0.0209372177158165   0.00762561102414884   0
0.136011242209459   0.106284086010163   -0.0224243490519749   0.00656361134997802   0
0.13176325217666   0.121395792809679   -0.00424799003279894   0.015111706799517   0
0.170312838515186   0.11634050231437   0.0385495863385269   -0.00505529049530917   0
0.123667079854988   0.103799326845604   -0.0466457586601984   -0.0125411754687658   0
0.182334837171205   0.132788327422782   0.0586677573162173   0.0289890005771777   0
0.132861612206574   0.119038170965725   -0.0494732249646317   -0.0137501564570569   0
0.186058215666737   0.153713993428407   0.0531966034601632   0.0346758224626814   0
0.16512764168273   0.15157903638538   -0.0209305739840072   -0.00213495704302644   0
0.207291465835813   0.170788147459535   0.0421638241530831   0.0192091110741552   0
0.146748337247854   0.159696820639104   -0.0605431285879586   -0.0110913268204316   0
0.154429534915087   0.154585137489378   0.00768119766723241   -0.00511168314972549   0
0.16578643353776   0.133876309419591   0.0113568986226729   -0.0207088280697876   0
0.0950084150111978   0.0853180974472005   -0.0707780185265618   -0.0485582119723902   0
0.144740960063073   0.0765600016463558   0.0497325450518748   -0.00875809580084472   0
0.14081486109669   0.082518167623015   -0.00392609896638299   0.00595816597665921   0
0.214253971617074   0.125616644781345   0.0734391105203845   0.0430984771583296   0
0.12046941226208   0.085967882786771   -0.0937845593549945   -0.0396487619945736   0
0.179839650522375   0.112514344660814   0.0593702382602955   0.0265464618740432   0
0.191086686026107   0.118909771302614   0.0112470355037319   0.0063954266417999   0
0.191750204339291   0.114348269418354   0.000663518313184397   -0.00456150188426002   0
0.196725686208385   0.11570047218806   0.00497548186909372   0.00135220276970568   0
0.171344103469655   0.120208835628044   -0.0253815827387296   0.00450836343998377   0
0.20186543145784   0.144762416009958   0.0305213279881848   0.0245535803819139   0
0.217936572698847   0.148522778910476   0.0160711412410071   0.00376036290051804   0
0.222981126621089   0.155061106382943   0.00504455392224132   0.00653832747246785   0
0.250157997121819   0.163991622520908   0.0271768705007303   0.00893051613796464   0
0.211528524355015   0.171075920415827   -0.0386294727668045   0.00708429789491932   0
0.267320423148999   0.164408636340492   0.0557918987939846   -0.00666728407533579   0
0.162548792724677   0.116033582384681   -0.104771630424322   -0.0483750539558108   0
0.199296070706775   0.128441560457363   0.0367472779820984   0.0124079780726825   0
0.242091781351619   0.144842148808625   0.0427957106448434   0.0164005883512622   0
0.222982471191437   0.139083764290481   -0.0191093101601819   -0.0057583845181447   0
0.272168516542601   0.155738554595514   0.0491860453511639   0.0166547903050336   0
0.204674176367123   0.14203016409837   -0.0674943401754783   -0.013708390497144   0
0.253126772914858   0.166721141183414   0.0484525965477353   0.0246909770850441   0
0.220379880769752   0.152801410510505   -0.0327468921451061   -0.013919730672909   0
0.248890299917454   0.179269288948916   0.0285104191477019   0.0264678784384108   0
0.197349798372584   0.166069172373291   -0.0515405015448695   -0.0132001165756247   0
0.195690568279337   0.154496863273175   -0.00165923009324673   -0.0115723091001169   0
0.262214752035903   0.188937827037097   0.0665241837565654   0.0344409637639225   0
0.274412142582212   0.209984621413093   0.0121973905463088   0.021046794375996   0
0.286023764510154   0.225944928255206   0.0116116219279424   0.0159603068421126   0
0.216810524150121   0.198313665518163   -0.0692132403600334   -0.0276312627370422   0
0.265329201602632   0.22537083249336   0.0485186774525112   0.0270571669751963   0
0.289443555137457   0.282741752824906   0.0241143535348251   0.0573709203315459   0
0.323539868087381   0.290241919399145   0.0340963129499244   0.0075001665742398   0
0.328045526677868   0.316702758431704   0.00450565859048718   0.0264608390325582   0
0.417773893485459   0.376544669423496   0.0897283668075911   0.0598419109917925   0
0.384638963620965   0.369236118680852   -0.0331349298644945   -0.00730855074264447   0
0.415335582681041   0.402151071500811   0.0306966190600761   0.0329149528199589   0
0.355080125039349   0.361246202604263   -0.0602554576416917   -0.0409048688965478   0
0.454056612842496   0.418621401163689   0.0989764878031462   0.057375198559426   0
0.423815632092116   0.416592832525057   -0.0302409807503794   -0.00202856863863199   0
0.515091946692044   0.4509277634181   0.0912763145999282   0.0343349308930433   0
0.367898680045254   0.381938318792446   -0.147193266646791   -0.0689894446256542   0
0.451864150963539   0.421940926971122   0.0839654709182853   0.0400026081786765   0
0.485322276498823   0.432395770172709   0.033458125535284   0.0104548432015865   0
0.488019166971175   0.427289573208263   0.00269689047235239   -0.00510619696444531   0
0.502378823263123   0.469669955640394   0.0143596562919474   0.0423803824321309   0
0.515857634166094   0.479098504671534   0.0134788109029716   0.00942854903113965   0
0.534332577471419   0.505594481912135   0.0184749433053245   0.0264959772406007   0
0.446765912092955   0.456457333071504   -0.087566665378464   -0.0491371488406308   0
0.559644610545836   0.489295501074249   0.112878698452881   0.0328381680027446   0
0.514912147307713   0.496115280893967   -0.0447324632381225   0.00681977981971854   0
0.505243072801805   0.508554814875447   -0.00966907450590815   0.0124395339814796   0
0.560173607319767   0.523400187971403   0.0549305345179616   0.0148453730959563   0
0.557364634258409   0.550970127292306   -0.00280897306135752   0.0275699393209031   0
0.614891724781689   0.600638829831414   0.0575270905232798   0.0496687025391075   0
0.580720005217497   0.585725604125558   -0.0341717195641915   -0.0149132257058555   0
0.641285664575468   0.595084717610232   0.0605656593579711   0.00935911348467422   0
0.600880734798213   0.577830545503178   -0.0404049297772556   -0.0172541721070546   0
0.66490301939531   0.6413047340403   0.0640222845970975   0.0634741885371223   0
0.606572540244314   0.587856400028527   -0.058330479150996   -0.0534483340117727   0
0.461623323138866   0.526098801469363   -0.144949217105448   -0.0617575985591645   0
0.526274671515027   0.534348341997287   0.0646513483761613   0.00824954052792459   0
0.0542808007941114   0.773517780744729   -0.471993870720916   0.239169438747441   1
0.562007085622735   0.335397504601629   0.507726284828623   -0.438120276143099   1
0.310994230449457   0.294055755555388   -0.251012855173278   -0.0413417490462416   1
0.264892192420652   0.309663912628014   -0.0461020380288046   0.0156081570726264   0
0.370902406043099   0.402829209874979   0.106010213622447   0.0931652972469649   0
0.499478589477067   0.484962480208521   0.128576183433967   0.0821332703335418   0
0.569190236572976   0.533477583152751   0.069711647095909   0.0485151029442297   0
0.564659928634041   0.55482401183213   -0.00453030793893483   0.0213464286793797   0
0.609100586147313   0.60637831504   0.044440657513272   0.05155430320787   0
0.59201793447318   0.620469631644047   -0.0170826516741331   0.0140913166040471   0
0.64546891593399   0.644605947942035   0.0534509814608101   0.0241363162979878   0
0.678286968788904   0.68820380190028   0.0328180528549146   0.0435978539582448   0
0.69786787268723   0.696086135201313   0.0195809038983259   0.0078823333010325   0
0.69854163439984   0.703184836161517   0.000673761712610021   0.00709870096020482   0
0.692641654148088   0.682692523468838   -0.00589998025175187   -0.0204923126926794   0
0.647495674149326   0.681036952689793   -0.0451459799987625   -0.00165557077904455   0
0.677841954340391   0.719008727280135   0.0303462801910647   0.0379717745903417   0
0.614504529940179   0.657206361774976   -0.0633374244002117   -0.0618023655051596   0
0.593588944043974   0.620046017412619   -0.020915585896205   -0.0371603443623564   0
0.647046792998165   0.670513659618691   0.053457848954191   0.0504676422060719   0
0.575685436534476   0.632762772259478   -0.0713613564636889   -0.0377508873592131   0
0.664052625445273   0.703070221509203   0.0883671889107971   0.070307449249725   0
0.62252795253386   0.686150050013115   -0.0415246729114128   -0.0169201714960884   0
0.650121959743708   0.678654982837008   0.0275940072098483   -0.0074950671761066   0
0.745887959132603   0.73022097112381   0.0957659993888947   0.0515659882868018   0
0.677739303679704   0.701475743847391   -0.0681486554528991   -0.0287452272764193   0
0.735993111567629   0.733757708942809   0.0582538078879246   0.0322819650954184   0
0.722638117324986   0.703621830436634   -0.0133549942426427   -0.0301358785061746   0
0.718153934975643   0.749504449123719   -0.00448418234934289   0.045882618687085   0
0.706644063891433   0.743067614563103   -0.0115098710842098   -0.00643683456061639   0
0.590100527472227   0.675898046435563   -0.116543536419207   -0.0671695681275404   0
0.578585433857646   0.694769115803482   -0.0115150936145808   0.0188710693679197   0
0.740241717675382   0.741101339611171   0.161656283817736   0.0463322238076889   0
0.653446024107148   0.718511507823813   -0.0867956935682338   -0.0225898317873577   0
0.729905936480174   0.785888109900035   0.0764599123730257   0.0673766020762219   0
0.709405669998485   0.780218028218075   -0.0205002664816888   -0.00567008168196081   0
0.84736035010968   0.722177148229747   0.137954680111195   -0.0580408799883275   0
0.682424618553734   0.687111296497483   -0.164935731555946   -0.0350658517322636   0
0.845173976750562   0.818373656004739   0.162749358196828   0.131262359507255   0
0.864430342881368   0.842090008012481   0.0192563661308061   0.023716352007742   0
0.884258321229719   0.836611584631245   0.0198279783483503   -0.00547842338123605   0
0.892548313313744   0.894263916038248   0.00828999208402581   0.0576523314070032   0
0.903197967799419   0.889758138702277   0.0106496544856743   -0.00450577733597113   0
0.866081251770808   0.876871271462927   -0.0371167160286107   -0.01288686723935   0
0.945834697843656   0.838047080960068   0.0797534460728477   -0.0388241905028593   0
0.734638584569534   0.799684228812944   -0.211196113274121   -0.0383628521471239   0
0.809769545216761   0.839319434923176   0.0751309606472268   0.0396352061102326   0
0.802418440321663   0.846823808414177   -0.00735110489509838   0.0075043734910003   0
0.901166447649378   0.889981102703451   0.0987480073277156   0.0431572942892741   0
0.750433621299906   0.833132186053871   -0.150732826349473   -0.0568489166495794   0
0.688042010064531   0.709517067147655   -0.0623916112353747   -0.123615118906216   0
0.645233082784818   0.639295807370815   -0.0428089272797126   -0.0702212597768398   0
0.664671726906599   0.655997241993783   0.0194386441217805   0.0167014346229679   0
0.579892229112445   0.526542110094779   -0.0847794977941541   -0.129455131899004   1
0.259257289383751   0.630872276343635   -0.320634939728694   0.104330166248856   1
0.923011483697792   0.529944310221923   0.663754194314041   -0.100927966121712   1
0.878924975658992   0.699393553502783   -0.0440865080388002   0.16944924328086   1
1.06357845436035   0.80594702263812   0.184653478701362   0.106553469135337   0
1.07044019048784   0.819812323389476   0.00686173612748453   0.0138653007513556   0
1.15408412570109   0.786366703798217   0.0836439352132472   -0.0334456195912587   0
1.09206544032954   0.811140382820853   -0.0620186853715421   0.0247736790226361   0
1.14881816040165   0.834954124616121   0.0567527200721101   0.023813741795268   0
1.19408339680276   0.832178159663928   0.045265236401103   -0.00277596495219301   0
1.19429629365787   0.878180412239548   0.000212896855111833   0.0460022525756202   0
1.1994666846624   0.892920482287881   0.00517039100453154   0.0147400700483333   0
1.22077452084732   0.900979498816183   0.0213078361849182   0.00805901652830165   0
1.25287862883587   0.890854571721784   0.0321041079885478   -0.0101249270943994   0
1.22766404190151   0.883259030394947   -0.0252145869343534   -0.00759554132683615   0
1.2127930404334   0.914547585337402   -0.014871001468113   0.0312885549424545   0
1.22285259519846   0.929514193012711   0.0100595547650606   0.0149666076753094   0
1.27683613590061   0.889301474652366   0.0539835407021532   -0.0402127183603456   0
1.18225743344123   0.960484777546995   -0.0945787024593856   0.0711833028946288   0
1.10040540440016   0.880061704398851   -0.0818520290410634   -0.080423073148144   0
1.16748813180573   0.918233275871558   0.0670827274055681   0.0381715714727072   0
1.08595187958261   0.925746963118717   -0.0815362522231242   0.00751368724715951   0
1.21263924969877   0.946703132062302   0.126687370116163   0.0209561689435847   0
1.23702733011896   0.93485091840991   0.0243880804201912   -0.011852213652392   0
1.48390350241685   0.874554307530556   0.246876172297889   -0.0602966108793543   0
1.19780716725565   0.888314334976645   -0.286096335161204   0.0137600274460896   0
1.23225323831729   0.972830674140803   0.0344460710616386   0.0845163391641578   0
1.27473904091958   0.964637156774116   0.0424858026022892   -0.0081935173666875   0
1.37460101907451   0.985914732009463   0.0998619781549372   0.0212775752353469   0
1.38288843629143   0.974210834398885   0.00828741721691828   -0.0117038976105773   0
1.39110240801756   1.03401638225526   0.00821397172612714   0.0598055478563716   0
1.42346974039095   1.01341810417332   0.0323673323733955   -0.0205982780819349   0
1.40844769183773   0.993754626522689   -0.01502204855322   -0.0196634776506325   0
1.46847972943194   0.896640656983192   0.0600320375942014   -0.0971139695394975   0
1.28083070007905   1.06053982127052   -0.187649029352881   0.163899164287325   0
1.30619919093254   1.14209684300862   0.025368490853481   0.0815570217381001   0
1.33230191743579   1.15980779541537   0.0261027265032576   0.0177109524067482   0
1.35311846876303   1.15549779150308   0.0208165513272383   -0.0043100039122832   0
1.385876590482   1.14222931914141   0.0327581217189643   -0.0132684723616716   0
1.39874880010484   1.13132333175512   0.0128722096228435   -0.0109059873862931   0
1.42753784073251   1.14520844005677   0.0287890406276758   0.013885108301648   0
1.38922415346116   1.16344389971767   -0.0383136872713499   0.0182354596609002   0
1.43364993459664   1.23402816777546   0.0444257811354787   0.0705842680577908   0
1.36113440677048   1.25062205914697   -0.0725155278261587   0.0165938913715107   0
1.39742490702595   1.18438746967884   0.036290500255467   -0.0662345894681251   0
1.01426246003703   0.474579379125874   -0.383162446988926   -0.709808090552968   1
1.13501996312631   0.709137255947324   0.120757503089284   0.23455787682145   1
1.14676218041502   0.834073953600638   0.0117422172887096   0.124936697653315   0
1.25701432924283   0.921285958619798   0.110252148827814   0.0872120050191595   0
1.26869717922424   0.962228161342335   0.0116828499814101   0.0409422027225367   0
1.37435283131068   1.00530902610541   0.105655652086439   0.0430808647630715   0
1.41636494643202   0.981641213022991   0.0420121151213377   -0.0236678130824147   0
1.42150565838406   1.00058872162105   0.00514071195203591   0.0189475085980603   0
1.32837458799301   1.01859626055187   -0.0931310703910424   0.0180075389308167   0
1.4596627377117   1.08226873760737   0.131288149718684   0.0636724770555017   0
1.40759693576336   1.06381612684994   -0.0520658019483351   -0.0184526107574337   0
1.46898548610189   1.02724267825865   0.0613885503385279   -0.0365734485912885   0
1.48015612470626   1.03907968521728   0.0111706386043642   0.0118370069586362   0
1.51475512399087   1.0802586230673   0.0345989992846192   0.0411789378500118   0
1.47662192545824   1.12816963948504   -0.0381331985326347   0.0479110164177463   0
1.5083260142838   1.17493239364059   0.0317040888255589   0.0467627541555449   0
1.46750513646176   1.1025518137031   -0.0408208778220416   -0.0723805799374848   0
1.49941672104369   1.13857107279959   0.0319115845819327   0.0360192590964836   0
1.49330648708485   1.152999136299   -0.00611023395884147   0.0144280634994183   0
1.53976712481116   1.14500675279843   0.0464606377263104   -0.00799238350057641   0
1.56000499391554   1.1515039337537   0.0202378691043863   0.0064971809552743   0
1.53949588395812   1.21899103659758   -0.0205091099574228   0.067487102843881   0
1.51763926761615   1.21658339342357   -0.02185661634197   -0.00240764317401698   0
1.53996200223697   1.242102930749   0.0223227346208157   0.0255195373254316   0
1.44113330803832   1.19954101722294   -0.0988286941986445   -0.042561913526056   0
1.56544286468261   1.15136961718957   0.124309556644284   -0.0481714000333746   0
1.49468703695943   1.15676900675762   -0.0707558277231779   0.00539938956804842   0
1.50975321048367   1.26203403400938   0.0150661735242426   0.105265027251769   0
1.48838038826713   1.28819770852779   -0.0213728222165432   0.0261636745184062   0
1.52248834312418   1.32320658002785   0.0341079548570473   0.0350088715000596   0
1.4541556079189   1.30576014127069   -0.0683327352052716   -0.0174464387571609   0
1.49318755061541   1.31670191091226   0.0390319426965027   0.0109417696415719   0
1.39049935333391   1.2147609313828   -0.102688197281502   -0.101940979529464   0
1.28364977804579   1.06728743383448   -0.106849575288118   -0.147473497548312   0
1.37348161009349   1.20377375438919   0.0898318320477001   0.136486320554707   0
1.45686258531819   1.2058218835281   0.0833809752247019   0.00204812913890629   0
1.47210966458277   1.2778528059538   0.0152470792645818   0.0720309224257019   0
1.46465577789799   1.33224964060316   -0.00745388668478397   0.0543968346493604   0
1.4695268022406   1.36183101887459   0.00487102434261466   0.0295813782714283   0
1.54644161075404   1.37372461201618   0.0769148085134412   0.0118935931415898   0
1.55138128116053   1.38691906011634   0.00493967040648724   0.0131944481001647   0
