0.345096068477649   0.11921242302384   0   0   0
0.419637252416715   0.125108444308218   0.0745411839390666   0.00589602128437798   0
0.412484300110016   0.088194817422128   -0.00715295230669905   -0.03691362688609   0
0.403825152561601   0.0938898293110986   -0.00865914754841568   0.00569501188897054   0
0.333258052966586   0.12743067513358   -0.0705670995950143   0.0335408458224814   0
0.177003528366414   0.124568006217126   -0.156254524600172   -0.00286266891645373   0
0.214849701681105   0.0910860596482799   0.0378461733146912   -0.0334819465688463   0
0.265850526944936   0.100807900812635   0.0510008252638303   0.00972184116435483   0
0.218495104804044   0.104771998384158   -0.0473554221408921   0.00396409757152325   0
0.171828068180522   0.0828356574908566   -0.046667036623522   -0.0219363408933014   0
0.212988902147694   0.087879682893971   0.0411608339671724   0.00504402540311444   0
0.18313572472254   0.0865263639861285   -0.0298531774251539   -0.00135331890784249   0
0.140556372369217   0.0765720555798589   -0.0425793523533227   -0.00995430840626961   0
0.260682879786399   0.0736307297579618   0.120126507417181   -0.00294132582189713   0
0.199561437181135   0.0915146637610061   -0.0611214426052639   0.0178839340030443   0
0.134578491478542   0.0767896006939905   -0.0649829457025928   -0.0147250630670156   0
0.133587377275138   0.065388008084606   -0.000991114203404198   -0.0114015926093845   0
0.153888790639669   0.0484803172326667   0.0203014133645316   -0.0169076908519393   0
0.16029347288349   0.049319375611353   0.00640468224382015   0.00083905837868635   0
0.117449845887553   0.0362883280316788   -0.0428436269959363   -0.0130310475796743   0
0.0988202367909529   0.0303715775088322   -0.0186296090966003   -0.00591675052284663   0
0.143396103296917   0.0354452606005725   0.0445758665059638   0.00507368309174037   0
0.140110152838401   0.0490079158592007   -0.00328595045851596   0.0135626552586282   0
0.193681427533789   0.0509567761049009   0.0535712746953884   0.00194886024570017   0
0.237884447300407   0.0504338803493743   0.0442030197666177   -0.000522895755526637   0
0.222567520883259   0.0422110353616504   -0.0153169264171477   -0.00822284498772387   0
0.231637591046143   0.0472218640511469   0.00907007016288347   0.0050108286894965   0
0.22156679678228   0.0417942798854102   -0.010070794263863   -0.00542758416573675   0
0.266367873928745   0.0483250000184687   0.0448010771464658   0.00653072013305855   0
0.305741295693434   0.0568075987767922   0.0393734217646889   0.00848259875832347   0
0.262937406062279   0.0495691858356076   -0.0428038896311549   -0.00723841294118459   0
0.292989848701828   0.0488011172780142   0.0300524426395485   -0.000768068557593343   1
0.212904451128716   0.0579257877094693   -0.0800853975731115   0.00912467043145501   0
0.196784861084739   0.0405714034033825   -0.0161195900439775   -0.0173543843060867   0
0.165073015924015   0.053138986921986   -0.0317118451607243   0.0125675835186035   0
0.229130636991884   0.0576459785380613   0.0640576210678691   0.0045069916160753   0
0.229252769791736   0.0584249554581773   0.000122132799851821   0.000778976920115977   0
0.219657283984347   0.0567170147827828   -0.00959548580738867   -0.0017079406753945   0
0.243378056925743   0.0713973115021175   0.0237207729413965   0.0146802967193347   0
0.271351298142831   0.0484712962398665   0.0279732412170871   -0.022926015262251   0
0.223239973454583   0.0370358930244756   -0.0481113246882476   -0.011435403215391   0
0.185860890362712   0.0251913497164508   -0.0373790830918711   -0.0118445433080248   0
0.237736915584181   0.0424090453114368   0.0518760252214691   0.017217695594986   0
0.279522479661401   0.0653471855882325   0.0417855640772196   0.0229381402767957   0
0.229652677722708   0.0448926945423473   -0.0498698019386926   -0.0204544910458852   0
0.22315920988095   0.050183917341764   -0.00649346784175786   0.00529122279941667   0
0.233075824272145   0.0595854603233037   0.00991661439119521   0.00940154298153973   0
0.16791440279038   0.0470518548291935   -0.0651614214817653   -0.0125336054941102   0
0.16006392675222   0.0642797984591971   -0.00785047603816025   0.0172279436300036   0
0.218923702225798   0.0604554456717094   0.0588597754735785   -0.00382435278748776   0
0.196658473147027   0.05567690156234   -0.0222652290787712   -0.00477854410936934   0
0.148981625707367   0.401536017177242   -0.0476768474396601   0.345859115614902   1
0.49419832377239   0.810965730008981   0.345216698065023   0.409429712831739   1
0.763416175391902   0.792687680956535   0.269217851619513   -0.018278049052446   1
0.674673850037787   0.231580494613104   -0.0887423253541157   -0.561107186343431   1
0.362608958196512   0.106847673135602   -0.312064891841274   -0.124732821477502   1
0.309159911887036   0.0922142224025801   -0.0534490463094761   -0.0146334507330222   0
0.262765181135172   0.112528719684221   -0.0463947307518638   0.020314497281641   0
0.239148112886136   0.121126083023528   -0.0236170682490365   0.00859736333930654   0
0.218020111954402   0.0983742413542793   -0.0211280009317339   -0.0227518416692483   0
0.220575401335144   0.1058102259614   0.00255528938074229   0.00743598460712054   0
0.189496895268498   0.125836059309017   -0.0310785060666466   0.0200258333476174   0
0.177144443719192   0.123617407447343   -0.0123524515493054   -0.00221865186167387   0
0.187547060077118   0.127874313902607   0.0104026163579254   0.00425690645526376   0
0.236517224643978   0.110413316363834   0.0489701645668604   -0.0174609975387735   0
0.197431841864705   0.133652673787555   -0.0390853827792728   0.0232393574237211   0
0.169767450934801   0.133273026535051   -0.0276643909299045   -0.000379647252503335   0
0.193685557015901   0.120162214161566   0.0239181060811006   -0.0131108123734856   0
0.175778221402112   0.0954585844857994   -0.0179073356137892   -0.0247036296757664   0
0.184213642650483   0.111119461316324   0.00843542124837113   0.0156608768305245   0
0.185983692007283   0.104584034040622   0.00177004935679986   -0.00653542727570179   0
0.205625880333702   0.137197339381318   0.0196421883264189   0.0326133053406957   0
0.172630490366129   0.127246765136221   -0.0329953899675736   -0.00995057424509715   0
0.147363429341883   0.143474318125728   -0.025267061024246   0.016227552989507   0
0.154045113353459   0.130506785360954   0.00668168401157643   -0.0129675327647741   0
0.242623644063475   0.0685447410818292   0.0885785307100165   -0.0619620442791244   0
0.626607529687156   0.207274694725985   0.38398388562368   0.138729953644155   1
0.534454050838508   0.23151852966401   -0.0921534788486482   0.0242438349380252   1
0.258440827570955   0.0905968649168943   -0.276013223267553   -0.140921664747115   1
0.126226995096968   0.142684966074283   -0.132213832473987   0.052088101157389   0
0.145757469374609   0.13021965533176   0.0195304742776407   -0.0124653107425229   0
0.195015615325773   0.14433542126364   0.0492581459511646   0.0141157659318798   0
0.206680729812651   0.131606967319639   0.0116651144868775   -0.0127284539440014   0
0.244545607344908   0.125213029801255   0.0378648775322573   -0.00639393751838377   0
0.307354038844603   0.115464963903602   0.0628084314996953   -0.00974806589765362   0
0.25782617407645   0.105585208432621   -0.0495278647681532   -0.00987975547098061   0
0.243556460717428   0.105354325729939   -0.0142697133590224   -0.000230882702682317   0
0.329109377193495   0.142451006686729   0.0855529164760668   0.0370966809567904   0
0.287863445745548   0.124204332312534   -0.0412459314479468   -0.0182466743741945   0
0.218752145796584   0.112915139086882   -0.0691112999489638   -0.0112891932256521   0
0.274592761001196   0.111444526629631   0.0558406152046119   -0.00147061245725155   0
0.267788209232389   0.125666086308369   -0.00680455176880657   0.0142215596787384   0
0.208012523919547   0.104659484258523   -0.0597756853128427   -0.0210066020498463   0
0.251293298701856   0.11750389703113   0.0432807747823088   0.0128444127726075   0
0.275793378608733   0.110117816991575   0.0245000799068775   -0.00738608003955545   0
0.283168064335299   0.112833277520686   0.00737468572656585   0.00271546052911138   0
0.268024059993819   0.125437725577366   -0.0151440043414804   0.0126044480566793   0
0.31331748181474   0.125038134497081   0.0452934218209216   -0.000399591080285172   0
0.304267240900594   0.100994873698433   -0.0090502409141463   -0.0240432607986477   0
0.270652689284422   0.10619899841571   -0.0336145516161716   0.0052041247172773   0
0.334316164197082   0.0922562857924863   0.0636634749126594   -0.0139427126232239   0
0.163476534280153   0.1274856960871   -0.170839629916929   0.0352294102946141   0
0.313062427007202   0.115548838276559   0.14958589272705   -0.0119368578105408   1
0.27812195701298   0.109403313492154   -0.0349404699942223   -0.0061455247844056   0
0.429060523318844   0.211241850214209   0.150938566305863   0.101838536722056   0
0.261424719177434   0.101605082112387   -0.16763580414141   -0.109636768101822   1
0.244900019210636   0.076557427108103   -0.0165246999667974   -0.0250476550042845   0
0.197975334819517   0.0992020445652457   -0.0469246843911189   0.0226446174571427   0
0.204995608681698   0.101412486648896   0.00702027386218101   0.00221044208365022   0
0.249694384738624   0.130382860196318   0.0446987760569257   0.0289703735474216   0
0.26363241991265   0.138730050323461   0.0139380351740263   0.00834719012714336   0
0.394144413205363   0.163053811695741   0.130511993292713   0.0243237613722796   0
0.28964254060003   0.147135343887227   -0.104501872605333   -0.0159184678085137   0
0.318009908075204   0.142411861234153   0.0283673674751745   -0.0047234826530739   0
0.313960030282535   0.153628688539908   -0.00404987779266991   0.0112168273057552   0
0.327622691936212   0.149005512478797   0.0136626616536773   -0.00462317606111123   0
0.29196732937786   0.159137430204808   -0.0356553625583515   0.0101319177260107   0
0.36496760498617   0.169526687903835   0.0730002756083095   0.0103892576990273   0
0.300008499137358   0.159049234037169   -0.064959105848812   -0.0104774538666663   0
0.267605149643593   0.13539409236008   -0.0324033494937644   -0.023655141677088   0
0.249589276205629   0.143578133632135   -0.0180158734379639   0.00818404127205466   0
0.302905177214339   0.163985357092646   0.0533159010087093   0.0204072234605105   0
0.303023699875109   0.179839836232472   0.000118522660769949   0.0158544791398268   0
0.249257266594677   0.126475644909405   -0.0537664332804315   -0.053364191323067   1
1.21219030984124   0.663405993295435   0.962933043246562   0.536930348386029   1
0.816087139317812   0.283450190436521   -0.396103170523428   -0.379955802858914   1
0.520667358574589   0.17193341748552   -0.295419780743223   -0.111516772951001   1
0.253140124752853   0.117242142219649   -0.267527233821736   -0.0546912752658703   0
0.199525619218578   0.118952191429172   -0.0536145055342752   0.00171004920952308   0
0.197021082266366   0.128278184423502   -0.0025045369522122   0.00932599299432957   0
0.218671406084929   0.13811980782198   0.0216503238185635   0.00984162339847772   0
0.294044592402853   0.14974673745335   0.0753731863179239   0.0116269296313701   0
0.165340682078912   0.134281401632021   -0.128703910323941   -0.0154653358213293   0
0.214534679218093   0.133357879847799   0.0491939971391804   -0.000923521784221532   0
0.183594393577364   0.133413629559689   -0.0309402856407289   5.57497118902905e-05   0
0.141755714763003   0.130170364478632   -0.0418386788143604   -0.00324326508105688   0
0.161429149921723   0.126897570426791   0.0196734351587192   -0.00327279405184092   0
0.159405194789536   0.118924904756121   -0.00202395513218637   -0.00797266567067026   0
0.177273823792488   0.115995737958341   0.0178686290029515   -0.0029291667977807   0
0.104586388596318   0.134149015302946   -0.0726874351961699   0.0181532773446053   0
0.25184809498944   0.139537840634718   0.147261706393122   0.00538882533177229   0
0.122112548224374   0.165618154095498   -0.129735546765066   0.0260803134607795   0
0.223205811647009   0.156241365650234   0.101093263422635   -0.00937678844526402   0
0.184194050976355   0.147008755423784   -0.0390117606706541   -0.00923261022644942   0
0.147516923723551   0.134217606910345   -0.0366771272528037   -0.0127911485134388   0
0.277045168548181   0.15573224290188   0.12952824482463   0.0215146359915341   0
0.212485228704162   0.139094981149573   -0.064559939844019   -0.0166372617523067   0
0.232156231840995   0.1401852007453   0.0196710031368335   0.00109021959572703   0
0.284137410692432   0.193932583828118   0.051981178851437   0.0537473830828182   0
0.17796505417865   0.170794727529863   -0.106172356513782   -0.0231378562982554   0
0.194959006816536   0.167610202895737   0.0169939526378852   -0.00318452463412597   0
0.211797392323324   0.163802450612773   0.0168383855067883   -0.00380775228296346   0
0.252171238905887   0.175163203483209   0.0403738465825632   0.0113607528704356   0
0.196160774138052   0.173964182305583   -0.0560104647678347   -0.0011990211776261   0
0.250842453986561   0.172965784504479   0.0546816798485086   -0.000998397801103279   0
0.274917721132869   0.181147469379923   0.0240752671463081   0.00818168487544324   0
0.194653922782768   0.167747002683356   -0.0802637983501007   -0.0134004666965662   0
0.27388711208863   0.175250576228725   0.0792331893058619   0.00750357354536813   0
0.269297909928763   0.176586680620312   -0.00458920215986769   0.00133610439158721   0
0.178407831720723   0.16057488198034   -0.0908900782080392   -0.0160117986399722   0
0.259855775042157   0.168138512866624   0.0814479433214333   0.00756363088628476   0
0.259790656458869   0.174080249336333   -6.51185832880041e-05   0.00594173646970902   0
0.202956282369726   0.167874698222365   -0.0568343740891427   -0.00620555111396873   0
0.245577713501775   0.161246074322757   0.0426214311320491   -0.00662862389960792   0
0.251726657162268   0.181116831548037   0.00614894366049268   0.0198707572252802   0
0.218762121010471   0.176898679024887   -0.0329645361517969   -0.00421815252314997   0
0.205282483527187   0.163923059845923   -0.0134796374832836   -0.0129756191789642   0
0.286191635293923   0.17502704301193   0.0809091517667358   0.0111039831660072   0
0.152549679643715   0.109096947632885   -0.133641955650209   -0.0659300953790448   0
0.156972888495084   0.103982063422542   0.00442320885136901   -0.00511488421034297   0
0.200535647393923   0.159171119788021   0.0435627588988397   0.0551890563654787   0
0.18616774074917   0.107706829852661   -0.0143679066447539   -0.0514642899353602   0
0.170102007859578   0.106049991626225   -0.0160657328895913   -0.00165683822643518   0
0.180211892621575   0.10733999541039   0.0101098847619966   0.0012900037841643   0
0.207538172766217   0.102175398996481   0.0273262801446418   -0.00516459641390925   0
0.144046254320131   0.116867781646868   -0.0634919184460851   0.0146923826503874   0
0.179426843694164   0.108277487502262   0.0353805893740326   -0.00859029414460594   0
0.203953735572286   0.122549082021246   0.024526891878122   0.0142715945189837   0
0.204739384252688   0.109822173440749   0.000785648680402373   -0.0127269085804965   0
0.214965122009618   0.118003849878934   0.0102257377569297   0.00818167643818485   0
0.185658404255665   0.145547338146391   -0.0293067177539529   0.0275434882674574   0
0.190437280434898   0.135017668029966   0.00477887617923281   -0.0105296701164258   0
0.143248311118317   0.137750548311068   -0.0471889693165815   0.0027328802811028   0
0.157683320145621   0.193562945226107   0.0144350090273045   0.0558123969150389   0
0.177494499154903   0.179537013978629   0.0198111790092824   -0.0140259312474781   0
0.112080267141812   0.160449856056222   -0.0654142320130911   -0.0190871579224068   0
0.173814207573058   0.158091015445771   0.0617339404312455   -0.00235884061045147   0
0.122030700472217   0.143144781304699   -0.0517835071008405   -0.0149462341410723   0
0.255092768971682   0.145103546323634   0.133062068499465   0.00195876501893535   0
