0.159426290396471   0.59045852001072   0   0   0
0.237448354676885   0.363355340115224   0.0780220642804141   -0.227103179895496   0
0.177835414746782   0.336254510537777   -0.0596129399301033   -0.0271008295774469   0
0.223416791913679   0.330761148553227   0.0455813771668966   -0.00549336198454986   0
0.151389390279801   0.32252770976344   -0.0720274016338774   -0.00823343878978683   0
0.148850608448446   0.271911837930054   -0.00253878183135556   -0.0506158718333862   0
0.155093683876327   0.260906523746533   0.00624307542788108   -0.0110053141835215   0
0.134656124421883   0.246741928397871   -0.0204375594544439   -0.0141645953486618   0
0.124846645001978   0.219905936407479   -0.00980947941990455   -0.0268359919903922   0
0.137787102611021   0.207005603760502   0.0129404576090426   -0.0129003326469764   0
0.108501605353191   0.199991784809558   -0.0292854972578299   -0.00701381895094427   0
0.111584740762032   0.182550664160556   0.00308313540884152   -0.0174411206490021   0
0.125309605785091   0.193766415598324   0.0137248650230585   0.0112157514377685   0
0.209012658303486   0.142192035983032   0.0837030525183955   -0.0515743796152917   0
0.169125984859719   0.168215125639938   -0.0398866734437672   0.0260230896569052   0
0.164182039425937   0.139246789018535   -0.0049439454337821   -0.0289683366214022   0
0.160752349078979   0.0738137762391615   -0.00342969034695798   -0.0654330127793739   0
0.170511819926655   0.110518411216159   0.0097594708476757   0.0367046349769979   0
0.194058231633806   0.0688815474212434   0.0235464117071513   -0.041636863794916   0
0.131707588852427   0.0464765933325045   -0.0623506427813791   -0.0224049540887389   0
0.0954572899016099   0.022595385206197   -0.0362502989508173   -0.0238812081263075   0
0.139685179395704   0.0279474493962423   0.044227889494094   0.00535206419004534   0
0.140630772778222   0.0125774862858413   0.000945593382518428   -0.0153699631104011   0
0.108844708263149   0.0250064965363003   -0.0317860645150734   0.0124290102504591   0
0.161042786321896   0.0418345513845912   0.0521980780587476   0.0168280548482909   0
0.0972724108808865   0.0385951509964983   -0.06377037544101   -0.00323940038809293   0
0.183637918688516   0.0801173862540148   0.0863655078076295   0.0415222352575166   0
0.281603037680012   0.155787286232059   0.0979651189914956   0.0756698999780439   0
0.236983509914931   0.105539239787259   -0.044619527765081   -0.0502480464448   0
0.180911799991156   0.155980669670668   -0.0560717099237746   0.0504414298834091   0
0.443021889507832   0.0585458977590446   0.262110089516676   -0.0974347719116233   0
0.430103971399054   0.10511961600981   -0.0129179181087782   0.0465737182507659   0
0.398114863586317   0.112313284752315   -0.0319891078127368   0.00719366874250459   0
0.300965168455591   0.111061294862139   -0.097149695130726   -0.00125198989017596   0
0.218685771223758   0.199319556527013   -0.082279397231833   0.0882582616648736   0
0.355569083822286   0.16349208779798   0.136883312598528   -0.0358274687290324   0
0.376352824486173   0.166749347304877   0.0207837406638873   0.00325725950689673   0
0.400421062905562   0.17791087443912   0.0240682384193885   0.0111615271342435   0
0.438220261002675   0.163722618678857   0.0377991980971135   -0.0141882557602632   0
0.387928489998105   0.237351979892501   -0.0502917710045702   0.0736293612136433   0
0.400098535929551   0.204714206782217   0.0121700459314456   -0.0326377731102831   0
0.464238064212145   0.197610042372509   0.0641395282825946   -0.00710416440970801   0
0.430464634100886   0.18331322153455   -0.0337734301112589   -0.0142968208379595   0
0.429626753389137   0.209697915012203   -0.000837880711749728   0.0263846934776528   0
0.407042797877938   0.195743272087331   -0.0225839555111985   -0.0139546429248715   0
0.415988121123008   0.183832243175823   0.00894532324506941   -0.011911028911508   0
0.37665327793727   0.215924181057287   -0.039334843185738   0.0320919378814636   0
0.370645413694612   0.187527867233753   -0.00600786424265759   -0.0283963138235341   0
0.409139912365562   0.186947545377012   0.0384944986709503   -0.000580321856740701   0
0.390558492470987   0.193900733389568   -0.0185814198945753   0.00695318801255634   0
0.390933546543271   0.212057770112445   0.00037505407228422   0.0181570367228764   0
0.120815060420587   0.481794039227316   -0.270118486122685   0.269736269114871   1
0.435024323129179   0.372629184997821   0.314209262708592   -0.109164854229495   1
0.704092528354939   0.338022398482116   0.26906820522576   -0.0346067865157045   1
0.94751468797568   0.204038244095739   0.243422159620741   -0.133984154386377   1
1.07495029733332   0.281202323810633   0.127435609357643   0.0771640797148935   0
1.11200532584907   0.368232934518546   0.0370550285157436   0.0870306107079135   0
0.995365973681219   0.361487876505994   -0.116639352167848   -0.00674505801255271   0
0.914402706669966   0.385858271886725   -0.0809632670112524   0.0243703953807317   0
0.932609697546771   0.375783604014628   0.0182069908768051   -0.0100746678720976   0
0.906694276950952   0.424246821513149   -0.025915420595819   0.0484632174985216   0
0.960888237186989   0.417674084495328   0.0541939602360371   -0.00657273701782174   0
0.96947782907867   0.387589227249365   0.00858959189168018   -0.0300848572459625   0
0.87311911945963   0.394290451185493   -0.0963587096190394   0.00670122393612838   0
0.980271719120898   0.332525617592183   0.107152599661267   -0.0617648335933108   0
1.07202098246676   0.435270437183724   0.0917492633458636   0.102744819591541   0
0.92679049074211   0.457025375454241   -0.145230491724652   0.0217549382705173   0
0.930111709588155   0.466031582884039   0.0033212188460453   0.00900620742979752   0
0.877759605025938   0.452553462886696   -0.0523521045622173   -0.0134781199973427   0
0.936455795056745   0.445853682710999   0.0586961900308073   -0.00669978017569695   0
0.933197393927458   0.434859726204083   -0.00325840112928633   -0.010993956506916   0
1.10194744964086   0.344137446626708   0.168750055713403   -0.0907222795773754   0
1.03654850475653   0.447438333359537   -0.0653989448843308   0.103300886732829   0
1.19020770631852   0.526025636088005   0.153659201561992   0.078587302728468   0
1.05600019773494   0.443084673541638   -0.13420750858358   -0.0829409625463667   0
1.08180739585104   0.494310614457398   0.0258071981160926   0.0512259409157596   0
1.05528198962249   0.462175486992225   -0.0265254062285418   -0.032135127465173   0
1.12348044186626   0.533813666311804   0.0681984522437624   0.0716381793195794   0
1.11725711751101   0.475096209394213   -0.00622332435525141   -0.0587174569175909   0
1.10759311776706   0.492618427863037   -0.00966399974394361   0.0175222184688237   0
1.05563545919023   0.479640500267909   -0.0519576585768353   -0.0129779275951278   0
0.997857073031003   0.5267345128841   -0.0577783861592236   0.0470940126161908   0
0.975121994633492   0.523630343574787   -0.0227350783975108   -0.00310416930931245   0
0.995187763578311   0.525746627931411   0.020065768944819   0.00211628435662403   0
1.01414043179822   0.511876112233468   0.0189526682199137   -0.0138705156979434   0
1.01998038445698   0.55331039745472   0.00583995265875115   0.0414342852212518   0
1.02272324664461   0.534083907273941   0.00274286218763331   -0.0192264901807785   0
1.01918326279085   0.55921940214575   -0.00353998385376064   0.0251354948718086   0
0.982623867313429   0.537183463320028   -0.0365593954774192   -0.0220359388257219   0
0.988049581779599   0.517336320043596   0.00542571446616924   -0.0198471432764321   0
1.00384245416798   0.559172424926561   0.0157928723883847   0.0418361048829646   0
0.9885286673032   0.60130456224238   -0.0153137868647836   0.0421321373158191   0
0.992017226024831   0.60391278439047   0.0034885587216309   0.00260822214808998   0
1.00091069230707   0.618593303907139   0.0088934662822352   0.0146805195166693   0
0.996969469400087   0.523286684393373   -0.00394122290697918   -0.0953066195137655   0
0.991006488843035   0.538978680899579   -0.00596298055705202   0.0156919965062053   0
1.04291190463624   0.569305416551389   0.0519054157932101   0.0303267356518098   0
1.04022975959593   0.586123014738374   -0.00268214504031783   0.0168175981869851   0
1.02764601420139   0.599761358013719   -0.0125837453945385   0.013638343275345   0
1.10995674835781   0.580887719323588   0.0823107341564207   -0.0188736386901304   0
1.21093412703788   0.609501389345923   0.100977378680074   0.0286136700223344   0
1.17547989640402   0.60376589520401   -0.0354542306338654   -0.00573549414191232   0
1.14379452090398   0.606583556055759   -0.0316853755000399   0.00281766085174839   0
1.10169512363494   0.643009615281498   -0.0420993972690402   0.036426059225739   0
1.12880152252289   0.687569233600895   0.0271063988879547   0.0445596183193975   0
1.10417766313524   0.688011468157452   -0.0246238593876478   0.000442234556556564   0
1.14850422889609   0.670906198764075   0.0443265657608491   -0.0171052693933772   0
1.16048470241404   0.719044023847539   0.0119804735179452   0.0481378250834642   0
1.17762566108526   0.67734323556533   0.0171409586712188   -0.0417007882822089   0
1.19379604944103   0.698241960805352   0.0161703883557682   0.020898725240022   0
1.15908453658092   0.701595034912228   -0.0347115128601085   0.0033530741068758   0
1.17598142790097   0.697082893207259   0.0168968913200511   -0.00451214170496916   0
1.09413555498668   0.676564941632546   -0.081845872914293   -0.0205179515747128   0
1.115218484103   0.689894542805971   0.0210829291163275   0.0133296011734253   0
1.09395856519568   0.709278646782419   -0.0212599189073186   0.0193841039764483   0
1.09747385049713   0.723754961658468   0.00351528530144729   0.0144763148760483   0
1.08759892725871   0.724115729079441   -0.00987492323842476   0.000360767420973129   0
1.09326334484652   0.733533690524888   0.00566441758781289   0.00941796144544749   0
1.0992740204344   0.763905380714001   0.00601067558787594   0.0303716901891126   0
1.11256683189869   0.767879257712598   0.0132928114642954   0.00397387699859686   0
1.13254731905393   0.763687911163651   0.0199804871552416   -0.00419134654894704   0
1.08398297936314   0.761112598162915   -0.048564339690788   -0.00257531300073599   0
1.11193562874795   0.724193402111834   0.0279526493848015   -0.0369191960510806   0
1.1370215248908   0.757479024491933   0.0250858961428537   0.0332856223800987   0
1.08392098405897   0.725058923244037   -0.0531005408318326   -0.0324201012478956   0
1.07600503177541   0.715639566264618   -0.0079159522835579   -0.00941935697941942   0
1.07363023849228   0.669985805970171   -0.00237479328312462   -0.0456537602944465   0
1.11562077683962   0.677695047437452   0.0419905383473367   0.00770924146728058   0
1.17708968671933   0.674920293742224   0.0614689098797043   -0.00277475369522773   0
1.10894000803199   0.713194925473212   -0.0681496786873312   0.0382746317309874   0
1.10395790614905   0.715854269723191   -0.00498210188294212   0.00265934424997905   0
1.11606570524902   0.72785896198272   0.0121077990999712   0.0120046922595294   0
1.15311565163994   0.727290487987288   0.0370499463909149   -0.00056847399543225   0
1.11720631452003   0.733212413537864   -0.0359093371199077   0.00592192555057658   0
1.22288554433193   0.756942298244406   0.105679229811899   0.0237298847065412   0
1.19175494629748   0.742885627894005   -0.0311305980344541   -0.0140566703504005   0
1.31882300818305   0.734480188500257   0.127068061885578   -0.00840543939374838   0
1.39358817593674   0.659322907663772   0.0747651677536862   -0.0751572808364851   0
1.475038206034   0.73120732393543   0.0814500300972596   0.0718844162716582   0
1.32205958083515   0.716703432408859   -0.152978625198855   -0.0145038915265708   0
1.31291977675142   0.684651890305487   -0.00913980408372472   -0.0320515421033724   0
1.27665097524343   0.708209928306468   -0.0362688015079906   0.0235580380009814   0
1.25835253171866   0.722390830295596   -0.0182984435247704   0.0141809019891282   0
1.32173493750736   0.718673014249179   0.0633824057887005   -0.00371781604641763   0
1.33773713801479   0.750046545217302   0.0160022005074298   0.0313735309681232   0
1.26276982430416   0.722950463630014   -0.074967313710629   -0.0270960815872876   0
1.26329084414081   0.738091755257603   0.000521019836649206   0.0151412916275891   0
1.28570423493314   0.739702282093494   0.0224133907923258   0.00161052683589025   0
1.26644214458458   0.738273282509539   -0.0192620903485519   -0.00142899958395437   0
1.3031994309698   0.71858745854308   0.0367572863852121   -0.0196858239664595   0
1.29215712925325   0.770932169361483   -0.0110423017165462   0.0523447108184033   0
1.25073478710596   0.76724597804955   -0.0414223421472861   -0.00368619131193337   0
1.25602992363219   0.759972941532541   0.00529513652622815   -0.00727303651700906   0
1.25644566917203   0.758371128423797   0.000415745539841916   -0.00160181310874363   0
1.24921702728125   0.76863335265056   -0.00722864189078121   0.0102622242267629   0
1.27260172357955   0.777968941267711   0.0233846962982969   0.00933558861715089   0
1.26730471105816   0.803477931564557   -0.00529701252138826   0.0255089902968463   0
1.29861316976621   0.782269025512363   0.0313084587080512   -0.0212089060521938   0
1.23114109138717   0.78166440442193   -0.0674720783790392   -0.000604621090433688   0
1.28067963584575   0.804728126888244   0.0495385444585759   0.0230637224663148   0
1.24541698985591   0.795090405255945   -0.0352626459898373   -0.00963772163229981   0
1.30899628707953   0.805307399830725   0.0635792972236202   0.01021699457478   0
1.32076267418867   0.821747496683174   0.0117663871091356   0.0164400968524491   0
1.34245304012744   0.804692358734108   0.0216903659387686   -0.0170551379490655   0
1.35936869543366   0.831643872813959   0.01691565530622   0.0269515140798506   0
