0.0831217328573581   0.0537350701079379   0   0   0
0.0788038314417516   0.0403723420646487   -0.00431790141560645   -0.0133627280432892   0
0.0671966139815839   0.0383621106280012   -0.0116072174601677   -0.0020102314366475   0
0.0854515747576369   0.0344279529367126   0.0182549607760529   -0.00393415769128854   0
0.0793515547344852   0.0283219010960599   -0.00610002002315166   -0.00610605184065271   0
0.0583678034578996   0.0550087975237825   -0.0209837512765856   0.0266868964277226   0
0.0700439909351259   0.05008257076359   0.0116761874772263   -0.0049262267601925   0
0.0732882276279758   0.0478518549215702   0.00324423669284994   -0.00223071584201984   0
0.0730488482823651   0.0501955208538571   -0.000239379345610705   0.00234366593228691   0
0.0575364266379135   0.0507123013876071   -0.0155124216444516   0.000516780533750053   0
0.0758965303121295   0.0482794019126946   0.0183601036742161   -0.00243289947491251   0
0.0674096321126291   0.0489591246146467   -0.00848689819950042   0.000679722701952039   0
0.0648337520904043   0.0643582484736028   -0.00257588002222486   0.0153991238589562   0
0.0575761177960098   0.0482381706791935   -0.00725763429439442   -0.0161200777944093   0
0.0666062184299634   0.0534439677315878   0.0090301006339536   0.00520579705239435   0
0.0631218503405913   0.0592240055242171   -0.00348436808937218   0.0057800377926293   0
0.0584000936198736   0.069889059645931   -0.00472175672071767   0.0106650541217139   0
0.0827051909352128   0.0630915997456278   0.0243050973153392   -0.00679745990030321   0
0.0705193506479605   0.052988438592159   -0.0121858402872523   -0.0101031611534688   0
0.0733952757480344   0.0420326049083625   0.0028759251000739   -0.0109558336837964   0
0.0409508587032067   0.031427870194345   -0.0324444170448277   -0.0106047347140175   0
0.0515492958814182   0.0298395501313693   0.0105984371782115   -0.00158832006297575   0
0.0778897024621997   0.0362769052743926   0.0263404065807815   0.00643735514302336   0
0.0463854478199791   0.0427162448070989   -0.0315042546422207   0.00643933953270622   0
0.0434769035794869   0.0391012928355636   -0.00290854424049216   -0.00361495197153523   0
0.0603916858079819   0.052177485164059   0.016914782228495   0.0130761923284954   0
0.0475897460204402   0.0453547045411499   -0.0128019397875417   -0.00682278062290917   0
0.0626464869661731   0.0575221549051537   0.015056740945733   0.0121674503640039   0
0.067404529239988   0.0563097652521301   0.00475804227381489   -0.00121238965302362   0
0.0603571693051455   0.0606105082723697   -0.00704735993484251   0.00430074302023963   0
0.0632969222059019   0.043059924877321   0.00293975290075642   -0.0175505833950488   0
0.0685672652665979   0.054816197428389   0.00527034306069596   0.0117562725510681   0
0.0464770563580569   0.0466897896330129   -0.022090208908541   -0.00812640779537614   0
0.0634313451010902   0.0666770344344745   0.0169542887430333   0.0199872448014616   0
0.0698381044346635   0.0755913929430461   0.00640675933357328   0.0089143585085716   0
0.0581750430537013   0.0844421810804292   -0.0116630613809622   0.00885078813738312   0
0.0696670758506484   0.0709148166975351   0.0114920327969471   -0.0135273643828941   0
0.0601345397010736   0.0780316903255498   -0.00953253614957479   0.00711687362801472   0
0.0535952979346136   0.0602868438627575   -0.00653924176646   -0.0177448464627923   0
0.0762669913851333   0.0844051752030644   0.0226716934505197   0.0241183313403069   0
0.068994254387014   0.0842483850519049   -0.00727273699811933   -0.000156790151159575   0
0.0712401974366298   0.0938696176279232   0.00224594304961584   0.00962123257601831   0
0.0928839017534255   0.114945396011411   0.0216437043167957   0.0210757783834874   0
0.072975125857651   0.103681027353248   -0.0199087758957745   -0.0112643686581624   0
0.0711870415181724   0.0888938956555089   -0.00178808433947857   -0.0147871316977393   0
0.0822426426980554   0.106420506502647   0.011055601179883   0.0175266108471385   0
0.0735331571995926   0.111026538874778   -0.00870948549846275   0.00460603237213028   0
0.0702308423601768   0.109670390939772   -0.00330231483941586   -0.00135614793500524   0
0.0817120317340721   0.111220803462898   0.0114811893738953   0.00155041252312524   0
0.0738366049724661   0.106612749464417   -0.00787542676160599   -0.00460805399848083   0
0.064834001020915   0.10765220303122   -0.00900260395155111   0.00103945356680317   0
0.100775302340256   0.134742802306858   0.035941301319341   0.027090599275638   0
0.0871822778815741   0.13728742006963   -0.0135930244586819   0.0025446177627719   0
0.0877901396473431   0.133700499423862   0.000607861765768991   -0.00358692064576832   0
0.0958847097857109   0.122112066473762   0.0080945701383678   -0.0115884329500994   0
0.0833304311390503   0.122854159300265   -0.0125542786466606   0.000742092826503324   0
0.0700801046948419   0.121920054554419   -0.0132503264442084   -0.000934104745846459   0
0.102967689789516   0.140007883291692   0.0328875850946741   0.0180878287372728   0
0.101652295159185   0.156215797538613   -0.00131539463033134   0.0162079142469214   0
0.09733017680473   0.147992845880975   -0.00432211835445467   -0.00822295165763828   0
0.110227745013132   0.139837113998305   0.0128975682084018   -0.00815573188266977   0
0.0900279308406563   0.145309230672599   -0.0201998141724754   0.00547211667429351   0
0.0964596502333489   0.149145952548376   0.00643171939269253   0.00383672187577755   0
0.106795851154013   0.163701526552229   0.0103362009206637   0.0145555740038524   0
0.102205660908288   0.163446563054695   -0.00459019024572428   -0.000254963497533262   0
0.0934989058398546   0.202226714749764   -0.00870675506843364   0.0387801516950689   0
0.117010150736293   0.195367767692914   0.0235112448964383   -0.00685894705685   0
0.0859514001361816   0.186996066998166   -0.0310587506001113   -0.00837170069474846   0
0.088653733052647   0.189676818871996   0.00270233291646542   0.00268075187383029   0
0.115285646267131   0.211496869551608   0.0266319132144837   0.0218200506796122   0
0.111174199521517   0.218067114050612   -0.00411144674561408   0.00657024449900345   0
0.101746325696165   0.228858456553237   -0.00942787382535211   0.0107913425026256   0
0.121270432716182   0.235386609545961   0.0195241070200173   0.0065281529927233   0
0.101519198923701   0.229924866720941   -0.0197512337924808   -0.00546174282501957   0
0.095378358615254   0.222480243939782   -0.00614084030844711   -0.00744462278115876   0
0.124678418733075   0.242760730494189   0.029300060117821   0.0202804865544072   0
0.118965363482864   0.232360301856454   -0.00571305525021083   -0.0104004286377353   0
0.108141625869644   0.236104578690191   -0.0108237376132205   0.00374427683373668   0
0.12034771477552   0.244485442017424   0.0122060889058766   0.00838086332723276   0
0.10468372214633   0.236566261616613   -0.0156639926291905   -0.00791918040081013   0
0.114390896482544   0.233916143918296   0.00970717433621369   -0.00265011769831741   0
0.126173343202794   0.251513390206411   0.0117824467202502   0.0175972462881152   0
0.113411980687492   0.248804747428631   -0.0127613625153021   -0.00270864277778005   0
0.111506848076206   0.276790248797262   -0.00190513261128614   0.0279855013686304   0
0.11667423433145   0.276889143400301   0.00516738625524395   9.88946030393567e-05   0
0.111323037878105   0.269356699491381   -0.00535119645334456   -0.00753244390892027   0
0.0990125272034302   0.258289295461993   -0.0123105106746748   -0.0110674040293882   0
0.132376998304464   0.283265093154963   0.0333644711010336   0.0249757976929706   0
0.110546577753769   0.277700604582093   -0.0218304205506952   -0.00556448857287023   0
0.122816110463001   0.208842284305753   0.0122695327092322   -0.0688583202763399   0
0.130047530175932   0.191229416770799   0.00723141971293149   -0.0176128675349539   0
0.282358011130161   0.154471779979419   0.152310480954229   -0.0367576367913802   0
0.301259839835332   0.129099157099403   0.0189018287051714   -0.0253726228800156   0
0.30113699809331   0.145984571491305   -0.000122841742022539   0.0168854143919019   0
0.335650253440289   0.173047448616702   0.034513255346979   0.0270628771253965   0
0.28344505834387   0.207282374024542   -0.0522051950964185   0.03423492540784   0
0.260258649932255   0.260133223705181   -0.0231864084116153   0.0528508496806398   0
0.26577532110465   0.232064420769859   0.00551667117239546   -0.0280688029353229   0
0.277553891028031   0.256347824036503   0.0117785699233805   0.0242834032666446   0
0.268946186769658   0.246997305244916   -0.00860770425837243   -0.00935051879158763   0
0.287814239646756   0.26872218823629   0.0188680528770971   0.0217248829913743   0
0.24865630540298   0.277629802770704   -0.0391579342437757   0.00890761453441413   0
0.257147192231317   0.26956099238484   0.00849088682833735   -0.00806881038586355   0
0.264292894153513   0.286448316464768   0.00714570192219577   0.0168873240799278   0
0.257704525622369   0.282135981943991   -0.00658836853114447   -0.00431233452077723   0
0.273233274197068   0.287304131961672   0.0155287485746992   0.00516815001768128   0
0.3061112041514   0.329648796108829   0.0328779299543322   0.0423446641471563   0
0.269942757876184   0.316568263187026   -0.0361684462752161   -0.0130805329218028   0
0.308289974885269   0.335019214558285   0.0383472170090856   0.0184509513712589   0
0.300281482667663   0.332426585972001   -0.00800849221760636   -0.0025926285862839   0
0.311044610477275   0.351683906551395   0.0107631278096124   0.0192573205793938   0
0.318645977303904   0.355764904212389   0.00760136682662838   0.00408099766099401   0
0.295936344525389   0.345069882527438   -0.0227096327785143   -0.0106950216849503   0
0.285059905721306   0.352608149696302   -0.0108764388040832   0.00753826716886424   0
0.308175399745745   0.35450833339782   0.0231154940244391   0.00190018370151779   0
0.290441590689075   0.340289489577992   -0.0177338090566707   -0.0142188438198286   0
0.310901360124333   0.358169089003016   0.020459769435258   0.0178795994250239   0
0.31278353283581   0.364934253610839   0.001882172711477   0.00676516460782328   0
0.290496434505503   0.346124999591188   -0.0222870983303066   -0.0188092540196506   0
0.314955060054542   0.377894946218192   0.0244586255490387   0.0317699466270036   0
0.299809972150044   0.361685255489148   -0.015145087904498   -0.0162096907290441   0
0.307459541638132   0.366448327876523   0.00764956948808782   0.00476307238737572   0
0.320276020885642   0.380491735721684   0.0128164792475101   0.0140434078451609   0
0.319437667907716   0.388496462003838   -0.000838352977926116   0.00800472628215421   0
0.316750695704761   0.375819875971854   -0.00268697220295477   -0.0126765860319841   0
0.321828367060161   0.379525180434052   0.0050776713554006   0.00370530446219808   0
0.310047614500112   0.382277032287123   -0.0117807525600496   0.00275185185307053   0
0.319552476352633   0.381412644109696   0.00950486185252097   -0.000864388177426456   0
0.321960096031698   0.38544793348551   0.00240761967906489   0.00403528937581332   0
0.311597341291546   0.377003631867121   -0.0103627547401521   -0.00844430161838833   0
0.326914427970822   0.385016799516917   0.0153170866792767   0.00801316764979576   0
0.335896981513157   0.388006301281307   0.00898255354233446   0.00298950176438928   0
0.310205885859134   0.385663484014237   -0.0256910956540229   -0.00234281726706909   0
0.329922251113031   0.400660691456936   0.0197163652538973   0.0149972074426985   0
0.339368491288879   0.408321578824215   0.00944624017584789   0.00766088736727949   0
0.321900967514312   0.385166936620019   -0.0174675237745673   -0.0231546422041962   0
0.340608995778503   0.399712468858866   0.0187080282641908   0.0145455322388467   0
0.316456151144452   0.405128631458578   -0.024152844634051   0.00541616259971162   0
0.314716398291859   0.38736262590401   -0.00173975285259265   -0.0177660055545675   0
0.329252488873478   0.405344281092937   0.0145360905816194   0.017981655188927   0
0.321686599852248   0.396954010759748   -0.00756588902123084   -0.00839027033318923   0
0.323424176540731   0.402793569364321   0.00173757668848362   0.00583955860457308   0
0.349276289973482   0.413163105343701   0.025852113432751   0.0103695359793798   0
0.323243102204966   0.399420540529966   -0.0260331877685163   -0.013742564813735   0
0.335415933293217   0.409789416228323   0.0121728310882515   0.0103688756983576   0
0.351838716415988   0.425148653378145   0.0164227831227706   0.0153592371498216   0
0.335523733632734   0.412190201322157   -0.0163149827832537   -0.0129584520559883   0
0.324239908785038   0.412330311207532   -0.0112838248476959   0.000140109885375217   0
0.355795429674132   0.443687242031479   0.0315555208890934   0.0313569308239469   0
0.330395854305801   0.412248696062826   -0.0253995753683308   -0.031438545968653   0
0.347496815509164   0.434285210534218   0.0171009612033632   0.0220365144713923   0
0.345217688712499   0.444236414577869   -0.00227912679666481   0.00995120404365057   0
0.332688832442043   0.421002842169147   -0.0125288562704559   -0.0232335724087212   0
0.347428058998377   0.426154702150815   0.014739226556334   0.00515185998166773   0
0.353538211024664   0.434557023200063   0.00611015202628684   0.00840232104924787   0
0.342647338765983   0.412602805590922   -0.0108908722586817   -0.0219542176091412   0
0.313894846359414   0.359375702790617   -0.0287524924065687   -0.0532271028003047   0
0.199138688444109   0.266054793823096   -0.114756157915305   -0.0933209089675213   0
0.219634426753754   0.292348611250763   0.0204957383096445   0.0262938174276676   0
0.214966319025702   0.280920610820032   -0.00466810772805143   -0.0114280004307312   0
0.266616179198337   0.309676945607031   0.0516498601726352   0.0287563347869987   0
0.27338211387845   0.315525202531034   0.00676593468011294   0.00584825692400298   0
0.269362777807625   0.288038007897395   -0.00401933607082533   -0.0274871946336386   0
0.276790987345072   0.309217858131205   0.00742820953744727   0.0211798502338096   0
0.270738945682368   0.307177196711035   -0.00605204166270473   -0.00204066142016979   0
0.304436962607516   0.333266156277531   0.0336980169251482   0.0260889595664963   0
0.301651846060521   0.340731440438801   -0.00278511654699531   0.00746528416126918   0
0.342003349473364   0.35399402381898   0.0403515034128435   0.0132625833801792   0
0.322260908749122   0.319379793993311   -0.0197424407242419   -0.0346142298256685   0
0.216056460800644   0.30237422039749   -0.106204447948479   -0.0170055735958211   0
0.249503442940994   0.285822114594008   0.0334469821403508   -0.0165521058034827   0
0.281941110964701   0.313211677085645   0.032437668023707   0.0273895624916377   0
0.265053381660525   0.312434460866579   -0.0168877293041761   -0.000777216219066068   0
0.297052566086021   0.322805647235283   0.031999184425496   0.0103711863687039   0
0.295746419821525   0.33375080296842   -0.00130614626449571   0.0109451557331367   0
0.288529986012269   0.30122754022174   -0.00721643380925674   -0.0325232627466798   0
0.315957468425562   0.320911795503842   0.0274274824132933   0.0196842552821025   0
0.304601263672297   0.329773214480895   -0.0113562047532654   0.00886141897705273   0
0.31633843760125   0.343654461380269   0.0117371739289534   0.0138812468993734   0
0.325182058473158   0.362832764577667   0.00884362087190743   0.0191783031973981   0
0.315825163311744   0.357020088837505   -0.00935689516141319   -0.00581267574016164   0
0.326645519672335   0.348574093991238   0.010820356360591   -0.0084459948462669   0
0.306417493374154   0.325616194464987   -0.0202280262981808   -0.0229578995262515   0
0.31909766990044   0.346962996441714   0.0126801765262853   0.0213468019767269   0
0.334080600900456   0.367079294830235   0.0149829310000166   0.0201162983885213   0
0.318842459979596   0.337918936601018   -0.0152381409208608   -0.0291603582292173   0
0.296354296698125   0.167598757818338   -0.022488163281471   -0.170320178782679   0
0.718231286144651   0.106101876657578   0.421876989446527   -0.0614968811607598   0
0.728293603220267   0.109391412941384   0.0100623170756159   0.00328953628380597   0
0.696917739179424   0.132286319796304   -0.0313758640408429   0.0228949068549195   0
0.696871346464066   0.149724308150848   -4.63927153584454e-05   0.0174379883545437   0
0.505829509226785   0.169122579102407   -0.191041837237281   0.0193982709515595   0
0.234526513958145   0.163771136081324   -0.27130299526864   -0.00535144302108284   0
0.296334561503345   0.189695704087685   0.0618080475452004   0.0259245680063604   0
0.297695589185094   0.173670033785754   0.00136102768174817   -0.0160256703019307   0
0.340348293474802   0.195006289941479   0.0426527042897085   0.0213362561557244   0
0.328512169545072   0.217935406319338   -0.0118361239297303   0.0229291163778596   0
0.28080936042155   0.276460972531766   -0.0477028091235217   0.0585255662124281   0
0.2542407791501   0.256045022518882   -0.0265685812714499   -0.0204159500128838   0
0.296461318316572   0.257707643079445   0.0422205391664721   0.00166262056056232   0
0.284603883946179   0.265362382834875   -0.0118574343703935   0.00765473975542974   0
0.300029484576033   0.264796588279216   0.0154256006298542   -0.00056579455565875   0
0.314043520483133   0.262509894159958   0.0140140359071   -0.00228669411925753   0
0.298229086630547   0.269754601876914   -0.0158144338525865   0.00724470771695601   0
0.322725778793839   0.291084420632181   0.0244966921632926   0.0213298187552668   0
0.298014509983256   0.288873956363757   -0.0247112688105834   -0.00221046426842364   0
0.295980015646327   0.271536517951251   -0.00203449433692865   -0.0173374384125065   0
0.31890527311603   0.277532363013798   0.0229252574697034   0.00599584506254697   0
0.300740871848856   0.265060706140636   -0.0181644012671746   -0.012471656873162   0
0.305559807268561   0.284365429424486   0.00481893541970485   0.0193047232838505   0
0.298741575479142   0.300256672273484   -0.00681823178941859   0.0158912428489973   0
0.282786620641094   0.267367979774202   -0.0159549548380482   -0.0328886924992813   0
0.325754132206193   0.287849342770697   0.0429675115650992   0.0204813629964952   0
0.309249212483735   0.285408734999076   -0.0165049197224587   -0.00244060777162192   0
0.304049035845602   0.281568905577343   -0.00520017663813283   -0.00383982942173289   0
0.317658715240492   0.282825042386229   0.0136096793948903   0.00125613680888681   0
0.326246471544199   0.280021543618563   0.00858775630370723   -0.00280349876766695   0
0.306626919075544   0.267785698932509   -0.0196195524686556   -0.0122358446860533   0
0.326412804944   0.285653234398549   0.0197858858684566   0.01786753546604   0
0.312252689451989   0.292993168591867   -0.0141601154920118   0.00733993419331824   0
0.31751815861459   0.298455973528379   0.00526546916260157   0.00546280493651158   0
0.318248379666339   0.287472460233624   0.00073022105174847   -0.0109835132947551   0
0.21517819939736   0.259817440773825   -0.103070180268979   -0.027655019459799   0
0.275992409765722   0.236439787289153   0.0608142103683617   -0.0233776534846717   0
0.28875341901394   0.222231486068812   0.0127610092482183   -0.0142083012203414   0
0.270748389983689   0.198400356420982   -0.0180050290302505   -0.0238311296478302   0
0.309120861699579   0.210049780362513   0.0383724717158892   0.0116494239415316   0
0.332242805311658   0.196989398289603   0.0231219436120789   -0.0130603820729097   0
0.237869642411553   0.162271906653616   -0.0943731629001048   -0.034717491635987   0
0.261231113365158   0.153504707474234   0.0233614709536052   -0.0087671991793829   0
0.269932462780989   0.15829312895148   0.00870134941583101   0.00478842147724687   0
0.255824142833392   0.154288866962267   -0.0141083199475965   -0.00400426198921378   0
0.305394706831078   0.178500889847922   0.0495705639976853   0.0242120228856554   0
0.302348622947236   0.170511925487633   -0.0030460838838417   -0.00798896436028937   0
0.28411694386863   0.145807417995005   -0.0182316790786066   -0.024704507492628   0
0.380123923642067   0.113410025262033   0.0960069797734374   -0.0323973927329715   0
0.119499445540471   0.15356342565839   -0.260624478101596   0.0401534003963573   0
0.124173760130955   0.141748953960206   0.00467431459048417   -0.0118144716981848   0
0.178077334298052   0.139173494079332   0.0539035741670963   -0.00257545988087315   0
0.235598693759728   0.164415715355954   0.0575213594616763   0.0252422212766212   0
0.229748331578469   0.159416881389205   -0.00585036218125912   -0.0049988339667483   0
0.27397398357428   0.153527057166327   0.0442256519958116   -0.00588982422287887   0
0.26967119833436   0.171241724333878   -0.00430278523991978   0.0177146671675518   0
0.279444751213115   0.161037399420911   0.00977355287875492   -0.0102043249129675   0
0.27368152788641   0.15605473762834   -0.00576322332670509   -0.00498266179257104   0
