0.183066956166753   0.107839579019301   0   0   0
0.123908318786078   0.0845994489878776   -0.0591586373806751   -0.0232401300314231   0
0.126700288025284   0.0602747238292313   0.00279196923920602   -0.0243247251586463   0
0.126055091000919   0.0634227370448682   -0.000645197024365218   0.00314801321563695   0
0.123357631284003   0.0651083346900572   -0.00269745971691626   0.00168559764518893   0
0.113321396794118   0.0641506650133301   -0.0100362344898846   -0.000957669676727016   0
0.0899088765031573   0.0631719538289145   -0.0234125202909609   -0.00097871118441567   0
0.077434963274415   0.0649119176860074   -0.0124739132287423   0.00173996385709294   0
0.0840903190635521   0.0477112124541234   0.00665535578913713   -0.017200705231884   0
0.0861420790594817   0.0657103001788007   0.00205175999592956   0.0179990877246773   0
0.0614346239617368   0.0797028832441619   -0.0247074550977449   0.0139925830653611   0
0.0600725795491587   0.0734222379222569   -0.00136204441257806   -0.00628064532190498   0
0.0610428927913807   0.0416582928199608   0.000970313242222014   -0.0317639451022961   0
0.0506168895529941   0.0619281117578277   -0.0104260032383866   0.0202698189378669   0
0.0317478241749006   0.0610862453700708   -0.0188690653780935   -0.000841866387756893   0
0.0520201905090706   0.0297883914149455   0.0202723663341701   -0.0312978539551253   0
0.0576336451262628   0.0256069640428146   0.00561345461719223   -0.00418142737213091   0
0.0611378083419744   0.0297310652927203   0.00350416321571161   0.00412410124990573   0
0.0622130627783265   0.0311005577894175   0.0010752544363521   0.0013694924966972   0
0.0588861671702277   0.0287890986158112   -0.00332689560809887   -0.00231145917360638   0
0.0290531101861746   0.043096625665155   -0.0298330569840531   0.0143075270493439   0
0.0628094670403276   0.0282598782565495   0.0337563568541531   -0.0148367474086055   0
0.0590034923712995   0.0199595856998586   -0.00380597466902809   -0.00830029255669091   0
0.0765321492765289   0.0443547952064092   0.0175286569052294   0.0243952095065506   0
0.058649064873534   0.0257189526159698   -0.0178830844029949   -0.0186358425904394   0
0.0575524765936271   0.0267294503739433   -0.00109658827990685   0.00101049775797354   0
0.0554731889432183   0.0337356471526618   -0.00207928765040882   0.00700619677871848   0
0.0589827963997978   0.0343679338953991   0.00350960745657947   0.000632286742737312   0
0.0492694846598785   0.0478556804668119   -0.00971331173991933   0.0134877465714127   0
0.0253280757139622   0.0778249250254056   -0.0239414089459163   0.0299692445585937   0
0.0160348738251163   0.0771302739401495   -0.00929320188884586   -0.000694651085256112   0
0.0313715024029612   0.0636603447915969   0.0153366285778449   -0.0134699291485526   0
0.0397465722709519   0.0699612119295399   0.00837506986799068   0.00630086713794302   0
0.0398004096071033   0.0722613228240565   5.38373361514202e-05   0.00230011089451652   0
0.0270146436645924   0.0755783837498031   -0.0127857659425109   0.00331706092574664   0
0.0317668528998326   0.0677120735256645   0.0047522092352402   -0.00786631022413857   0
0.0518248276459266   0.0824391894343402   0.0200579747460941   0.0147271159086756   0
0.0314146459298844   0.0810521391624089   -0.0204101817160423   -0.00138705027193126   0
0.0535922913078924   0.0699374847864148   0.0221776453780081   -0.0111146543759941   0
0.0438511499895955   0.0713341907976988   -0.00974114131829693   0.00139670601128404   0
0.0647942860686033   0.0744943635892173   0.0209431360790078   0.00316017279151844   0
0.0708142207528968   0.0899784568670329   0.0060199346842935   0.0154840932778156   0
0.0987422353800541   0.0703664943123325   0.0279280146271573   -0.0196119625547004   0
0.105698494843615   0.0706225545498391   0.00695625946356045   0.000256060237506586   0
0.102920920440822   0.0714403914562651   -0.00277757440279207   0.000817836906426034   0
0.104429197494674   0.0536550142012553   0.00150827705385147   -0.0177853772550099   0
0.116769233935356   0.0547962243182867   0.0123400364406825   0.00114121011703149   0
0.102321952096996   0.0590206642350372   -0.0144472818383602   0.00422443991675046   0
0.122621488592701   0.0587813331790563   0.0202995364957051   -0.00023933105598091   0
0.0957758753235908   0.0456339431659439   -0.0268456132691106   -0.0131473900131124   0
0.125993286561031   0.0468782750508914   0.0302174112374399   0.00124433188494746   0
0.123189825242753   0.0543222022455543   -0.00280346131827781   0.00744392719466289   0
0.128261876020312   0.0524580538110212   0.00507205077755955   -0.00186414843453301   0
0.115529058522434   0.0905938901156752   -0.0127328174978784   0.0381358363046539   0
0.132127019553237   0.0577575116133191   0.0165979610308034   -0.032836378502356   0
0.128108210299117   0.0755903749347925   -0.00401880925412004   0.0178328633214733   0
0.136905458063366   0.0807059261121177   0.00879724776424831   0.00511555117732523   0
0.154268448570017   0.0905394724457876   0.0173629905066513   0.00983354633366987   0
0.153529937427493   0.0773022332979455   -0.000738511142523796   -0.013237239147842   0
0.151530491585093   0.081329553401996   -0.00199944584240008   0.00402732010405052   0
0.154573853200768   0.0810455125711364   0.00304336161567456   -0.000284040830859672   0
0.156652012189215   0.0590138033405745   0.00207815898844738   -0.0220317092305619   0
0.126210925346571   0.0107511835088561   -0.0304410868426446   -0.0482626198317184   0
0.237008440912377   0.0147696499081029   0.110797515565806   0.0040184663992468   0
0.198735092278465   0.0642615444360358   -0.0382733486339118   0.0494918945279328   0
0.21213229473225   0.0793073851200189   0.0133972024537846   0.0150458406839832   0
0.240934350194363   0.0603033926021165   0.0288020554621135   -0.0190039925179024   0
0.224704661330668   0.0381190527742034   -0.0162296888636956   -0.0221843398279131   0
0.151205171017637   0.034797680762696   -0.0734994903130304   -0.0033213720115074   0
0.178174976330264   0.0098432288939123   0.0269698053126265   -0.0249544518687837   0
0.215064019212915   0.0602008241884195   0.036889042882651   0.0503575952945072   0
0.224809665923198   0.0648891638506384   0.00974564671028363   0.00468833966221888   0
0.210691478021988   0.0572848563026041   -0.0141181879012099   -0.00760430754803432   0
0.224949710878093   0.0691062184913196   0.0142582328561046   0.0118213621887155   0
0.116290974237083   0.129603419913606   -0.108658736641009   0.0604972014222865   0
0.157357086342656   0.0700392120953327   0.0410661121055723   -0.0595642078182734   0
0.151834908089049   0.0378332325452769   -0.00552217825360654   -0.0322059795500558   0
0.134818311796924   0.0390847434832125   -0.0170165962921256   0.00125151093793563   0
0.196043296957305   0.036664734361952   0.0612249851603812   -0.00242000912126059   0
0.176141222389265   0.0445803102492008   -0.0199020745680401   0.00791557588724887   0
0.172390600304338   0.0450703451405966   -0.00375062208492677   0.000490034891395784   0
0.180850621423455   0.0491583815704657   0.00846002111911753   0.00408803642986907   0
0.195699778911516   0.0533363250975121   0.014849157488061   0.00417794352704642   0
0.203350720563594   0.0520792047831474   0.00765094165207761   -0.00125712031436474   0
0.179407308837235   0.0415635312713862   -0.0239434117263594   -0.0105156735117611   0
0.23052557730337   0.055362320943603   0.0511182684661355   0.0137987896722167   0
0.194669698055553   0.0504352831560159   -0.0358558792478176   -0.00492703778758708   0
0.195951691411174   0.0518988978180173   0.00128199335562154   0.00146361466200141   0
0.231891019626763   0.0550007796821781   0.0359393282155894   0.00310188186416084   0
0.176163469349692   0.0526788123909889   -0.0557275502770711   -0.00232196729118928   0
0.145140561796109   0.058140397274894   -0.0310229075535838   0.00546158488390514   0
0.172670880631854   0.0522979249353882   0.0275303188357455   -0.00584247233950579   0
0.182851469360507   0.0489615027127181   0.0101805887286529   -0.00333642222267013   0
0.175601369963391   0.0548527695237442   -0.00725009939711627   0.00589126681102612   0
0.176238725723293   0.0459488876859386   0.000637355759902092   -0.0089038818378056   0
0.1779842734183   0.0502681935981889   0.00174554769500679   0.00431930591225031   0
0.210310824349414   0.0543644095594949   0.0323265509311143   0.00409621596130599   0
0.209285952202244   0.0567102905685555   -0.00102487214716976   0.00234588100906064   0
0.189082093928801   0.0548509800346813   -0.0202038582734429   -0.00185931053387429   0
0.214553016302918   0.0479918264684727   0.0254709223741163   -0.00685915356620852   0
0.216046478272153   0.0710410816112762   0.0014934619692358   0.0230492551428034   0
0.229682129845249   0.0659761312426888   0.0136356515730961   -0.00506495036858735   0
0.207192656069659   0.0680316582463819   -0.0224894737755904   0.00205552700369308   0
0.225580896430394   0.0786576128856737   0.0183882403607347   0.0106259546392918   0
0.216081184301294   0.0763185335084965   -0.00949971212909925   -0.0023390793771772   0
0.216479627128305   0.0756562198233893   0.000398442827010598   -0.000662313685107219   0
0.239891863821389   0.064990424120231   0.0234122366930843   -0.0106657957031583   0
0.21343890511069   0.0596446209496506   -0.0264529587106996   -0.00534580317058038   0
0.223259617947581   0.0556078485840353   0.00982071283689168   -0.00403677236561528   0
0.208267947569111   0.0490799981755552   -0.0149916703784703   -0.00652785040848015   0
0.241498607646607   0.0581180392226028   0.0332306600774963   0.00903804104704765   0
0.237601792237117   0.068032356232237   -0.00389681540949061   0.0099143170096342   0
0.224712205454733   0.0571080823270008   -0.0128895867823841   -0.0109242739052362   0
0.235742565020829   0.0681994513890324   0.0110303595660967   0.0110913690620316   0
0.239412766882909   0.076108213441783   0.00367020186207931   0.00790876205275057   0
0.244089193096233   0.0616179258069638   0.00467642621332398   -0.0144902876348192   0
0.220482388069251   0.0629023638561112   -0.0236068050269813   0.00128443804914732   0
0.217446563423569   0.0768283402899119   -0.00303582464568294   0.0139259764338007   0
0.238444994067311   0.0893827673600594   0.0209984306437425   0.0125544270701475   0
0.230092640659148   0.0808366768685632   -0.00835235340816265   -0.00854609049149621   0
0.226206633947371   0.079037574468619   -0.00388600671177722   -0.00179910239994414   0
0.214328808376779   0.0675994911849379   -0.0118778255705923   -0.0114380832836811   0
0.217741818724562   0.0706468368887815   0.00341301034778305   0.00304734570384357   0
0.220603134622086   0.0809678579135881   0.00286131589752361   0.0103210210248066   0
0.224531232687148   0.0671614539032993   0.003928098065062   -0.0138064040102888   0
0.214486008538319   0.0740758585876836   -0.0100452241488282   0.0069144046843843   0
0.137724387653871   0.113031844289386   -0.0767616208844488   0.0389559857017024   0
0.17646664566952   0.0918371072042913   0.03874225801565   -0.0211947370850947   0
0.164920362324244   0.102401244185422   -0.0115462833452762   0.010564136981131   0
0.18381876320085   0.0980090509344035   0.0188984008766053   -0.00439219325101889   0
0.179786616730779   0.0908634209018816   -0.00403214647007058   -0.00714563003252186   0
0.203855952554003   0.081440566735964   0.0240693358232242   -0.00942285416591768   0
0.21087106356084   0.0832353837463972   0.00701511100683727   0.00179481701043321   0
0.191418917211466   0.0891519834166913   -0.0194521463493746   0.00591659967029412   0
0.18958246616871   0.0934645192480815   -0.00183645104275598   0.00431253583139021   0
0.202299703862388   0.104545071200093   0.0127172376936785   0.0110805519520114   0
0.217042674893672   0.102734058077762   0.0147429710312832   -0.00181101312233081   0
0.205842085634231   0.102585125824568   -0.0112005892594407   -0.000148932253194359   0
0.214632690911939   0.0960024580353675   0.00879060527770834   -0.00658266778920025   0
0.209570551343098   0.101814719953612   -0.00506213956884133   0.00581226191824481   0
0.193645696338054   0.121336014647087   -0.0159248550050434   0.0195212946934746   0
0.204801860754242   0.126899463017471   0.0111561644161877   0.0055634483703841   0
0.199293643130056   0.123186244442998   -0.00550821762418649   -0.00371321857447328   0
0.178200230779244   0.133880102245675   -0.0210934123508119   0.0106938578026776   0
0.17576176028191   0.128260447444838   -0.00243847049733384   -0.00561965480083759   0
0.190750912742377   0.121282747299441   0.0149891524604672   -0.00697770014539707   0
0.225408751480106   0.127188104879397   0.0346578387377284   0.00590535757995632   0
0.204272599596544   0.128365293660319   -0.0211361518835616   0.00117718878092221   0
0.220203557231145   0.126663030862294   0.0159309576346006   -0.00170226279802504   0
0.233988432822159   0.110949636802571   0.0137848755910143   -0.0157133940597228   0
0.2326678512039   0.128772850460035   -0.00132058161825929   0.0178232136574634   0
0.234939020600027   0.145109826345737   0.00227116939612751   0.0163369758857023   0
0.223470550158628   0.144504017956907   -0.0114684704413989   -0.000605808388830537   0
0.22889928614395   0.150475643864921   0.00542873598532195   0.00597162590801426   0
0.243741011787368   0.12852087260669   0.014841725643418   -0.021954771258231   0
0.231204437839502   0.114182380881739   -0.0125365739478666   -0.0143384917249509   0
0.268843533960945   0.12151127120676   0.0376390961214437   0.00732889032502154   0
0.268989829698243   0.140680370655975   0.000146295737298074   0.0191690994492145   0
0.256871709946132   0.139937300689461   -0.012118119752111   -0.000743069966514409   0
0.265479134279777   0.153780470644203   0.00860742433364481   0.0138431699547422   0
0.274259602929214   0.152187827251755   0.00878046864943655   -0.00159264339244777   0
0.272243580100064   0.144376120265898   -0.0020160228291497   -0.00781170698585743   0
0.24684394683504   0.134199456493022   -0.0253996332650242   -0.0101766637728755   0
0.235131690276598   0.148055556250855   -0.0117122565584419   0.0138560997578327   0
0.2397604253604   0.137001795744618   0.0046287350838021   -0.0110537605062368   0
0.242909163052879   0.142172254916351   0.00314873769247859   0.0051704591717335   0
0.253376956982299   0.13337602606774   0.0104677939294207   -0.00879622884861123   0
0.249920427200499   0.117021539803032   -0.00345652978180025   -0.0163544862647086   0
0.251132186864786   0.12882177915015   0.00121175966428724   0.0118002393471184   0
0.248936293119445   0.135530866008716   -0.00219589374534188   0.00670908685856597   0
0.232041922263543   0.126900076414477   -0.0168943708559018   -0.00863078959423927   0
0.243764696274604   0.131853762484845   0.0117227740110614   0.00495368607036872   0
0.266794779442889   0.129818993327643   0.0230300831682853   -0.0020347691572028   0
0.241461940914195   0.125239596223239   -0.0253328385286949   -0.0045793971044033   0
0.211143118255556   0.156107479660649   -0.0303188226586383   0.0308678834374099   0
0.20136830182777   0.192101224131316   -0.00977481642778594   0.0359937444706666   0
0.17119394529745   0.165879562968807   -0.03017435653032   -0.0262216611625085   0
0.174729560417838   0.165080030873581   0.00353561512038772   -0.000799532095226152   0
0.193898516049324   0.158769055998012   0.0191689556314861   -0.00631097487556873   0
0.205590556272048   0.161199778193086   0.0116920402227235   0.0024307221950732   0
0.186761273488055   0.137785109666974   -0.0188292827839928   -0.0234146685261118   0
0.197891818176245   0.124137606377973   0.0111305446881901   -0.0136475032890011   0
0.197746070047751   0.126875343743662   -0.000145748128494078   0.00273773736568966   0
0.19805326225286   0.135112055303219   0.000307192205108803   0.00823671155955619   0
0.201517479946257   0.12928737147561   0.00346421769339708   -0.00582468382760812   0
0.195284666041602   0.119812614974687   -0.0062328139046548   -0.00947475650092386   0
0.1985909317289   0.124284578855635   0.00330626568729772   0.00447196388094816   0
0.18318919911711   0.115333176644711   -0.0154017326117899   -0.00895140221092425   0
0.184322147693759   0.113082419898375   0.0011329485766495   -0.00225075674633508   0
0.208958083425289   0.129241128817697   0.0246359357315296   0.0161587089193214   0
0.208659838551672   0.135414486177892   -0.00029824487361646   0.00617335736019517   0
0.21251969215835   0.118890799194219   0.00385985360667795   -0.0165236869836734   0
0.223716437405435   0.12262607825214   0.0111967452470848   0.00373527905792159   0
0.223198079962015   0.125776336653601   -0.000518357443420242   0.00315025840146096   0
0.204882357962441   0.130922836099169   -0.0183157219995735   0.00514649944556839   0
0.206964681613675   0.148079116787277   0.00208232365123384   0.0171562806881074   0
0.206107440230599   0.150359574637766   -0.000857241383076135   0.00228045785048933   0
0.197477190977338   0.129755289893129   -0.00863024925326125   -0.020604284744637   0
0.162253482090819   0.171099385128206   -0.0352237088865193   0.0413440952350763   0
0.197996655076191   0.17171904206654   0.035743172985372   0.000619656938334101   0
0.168484658526407   0.175832321836743   -0.0295119965497835   0.00411327977020345   0
0.17093148024811   0.188272696715429   0.00244682172170282   0.0124403748786861   0
0.201927204234992   0.179756019856777   0.0309957239868816   -0.00851667685865223   0
0.186293096774948   0.175248328064778   -0.0156341074600439   -0.00450769179199911   0
0.181315752905367   0.183293928875181   -0.0049773438695809   0.00804560081040337   0
0.199966183101769   0.180089334993775   0.0186504301964018   -0.00320459388140654   0
0.216706368963189   0.183195270272597   0.016740185861421   0.00310593527882269   0
0.2146326196332   0.176808213277127   -0.00207374932998927   -0.00638705699547046   0
0.209127300553993   0.183349780636629   -0.00550531907920748   0.00654156735950215   0
0.217249076113939   0.163013764773101   0.00812177555994617   -0.0203360158635278   0
0.231562876249281   0.166584374227447   0.0143138001353425   0.0035706094543454   0
0.21961059691784   0.173730977142823   -0.0119522793314414   0.00714660291537608   0
0.207959638386875   0.191743570139914   -0.0116509585309645   0.0180125929970909   0
0.212583562625994   0.197661968323449   0.0046239242391187   0.0059183981835349   0
0.187312536741912   0.224755681377824   -0.0252710258840826   0.0270937130543755   0
0.194797914549309   0.207696538447924   0.00748537780739766   -0.0170591429299001   0
0.199720407463158   0.199038099027548   0.00492249291384908   -0.00865843942037606   0
0.202843432716985   0.187793007870774   0.0031230252538266   -0.0112450911567742   0
0.204253137159286   0.18839165535374   0.00140970444230079   0.000598647482966619   0
0.212927810282171   0.190700524856383   0.00867467312288475   0.00230886950264275   0
0.218712902738384   0.189419035000446   0.00578509245621389   -0.00128148985593762   0
0.208182425235009   0.190681369731871   -0.0105304775033757   0.00126233473142551   0
0.195569832424738   0.184634429880941   -0.012612592810271   -0.00604693985093036   0
0.214286103603664   0.185479728630247   0.0187162711789258   0.000845298749306167   0
0.209185401944902   0.17986753738029   -0.005100701658762   -0.0056121912499569   0
0.227547244393642   0.162678334923554   0.0183618424487409   -0.017189202456736   0
0.246133350475794   0.165842038309237   0.0185861060821515   0.00316370338568325   0
0.229873505813001   0.157526816988759   -0.0162598446627925   -0.00831522132047813   0
0.227445996556194   0.120098145219077   -0.00242750925680787   -0.0374286717696821   0
0.209346657174076   0.16334490581818   -0.0180993393821179   0.0432467605991027   0
0.127996637680917   0.223102516223574   -0.0813500194931585   0.0597576104053941   0
0.159087720436808   0.215095224206071   0.0310910827558908   -0.00800729201750264   0
0.185775942759013   0.194980779711591   0.0266882223222047   -0.0201144444944801   0
0.204661584430493   0.171937353211977   0.0188856416714807   -0.0230434264996144   0
0.227168751600765   0.174305309934637   0.0225071671702714   0.0023679567226608   0
0.219292650504662   0.173560560336738   -0.00787610109610243   -0.00074474959789933   0
0.19617559667451   0.182476626904167   -0.0231170538301524   0.00891606656742874   0
0.231291395508112   0.18695060449822   0.0351157988336022   0.00447397759405352   0
0.191993105276648   0.173753424257977   -0.0392982902314643   -0.0131971802402435   0
0.195135004885054   0.15338251853386   0.00314189960840597   -0.0203709057241165   0
0.213518230847134   0.179442042993978   0.0183832259620801   0.0260595244601173   0
0.223255585669183   0.181790685556466   0.00973735482204924   0.00234864256248876   0
0.21765144695887   0.179869577369966   -0.00560413871031276   -0.00192110818650082   0
0.220406584944484   0.175070851387553   0.00275513798561344   -0.00479872598241299   0
0.209613124367273   0.150737714876702   -0.0107934605772105   -0.0243331365108502   0
