0.125995203909157   0.235796388327939   0   0   0
0.140199571581835   0.208066644150979   0.0142043676726779   -0.0277297441769599   0
0.11677762927693   0.178600117282996   -0.0234219423049052   -0.0294665268679825   0
0.103996624521616   0.141244364253056   -0.0127810047553135   -0.0373557530299401   0
0.0915783609713015   0.126493697104836   -0.0124182635503146   -0.0147506671482201   0
0.100849668553744   0.119083374776876   0.00927130758244236   -0.00741032232795964   0
0.109361241034655   0.103838913964178   0.00851157248091157   -0.0152444608126982   0
0.0950688579176693   0.102200407938582   -0.0142923831169861   -0.00163850602559655   0
0.105233906855063   0.10754556901171   0.0101650489373933   0.00534516107312846   0
0.0849136163407259   0.0904138470084782   -0.0203202905143367   -0.0171317220032319   0
0.108126762949327   0.0999951143358764   0.0232131466086013   0.00958126732739824   0
0.0891637042207758   0.0621598148776804   -0.0189630587285514   -0.037835299458196   0
0.0838805300365347   0.0665765821079191   -0.00528317418424114   0.00441676723023873   0
0.0833458189481632   0.0712925115370647   -0.000534711088371498   0.00471592942914553   0
0.0593252357386804   0.0558110281756437   -0.0240205832094828   -0.0154814833614209   0
0.0664224541065745   0.0327195434701495   0.00709721836789415   -0.0230914847054943   0
0.0568296805657924   0.0448389566170005   -0.00959277354078215   0.012119413146851   0
0.064974918262665   0.033368039652317   0.00814523769687264   -0.0114709169646835   0
0.0727736610217598   0.0237241767477904   0.00779874275909477   -0.00964386290452657   0
0.052334321790007   0.0412450584266009   -0.0204393392317528   0.0175208816788105   0
0.0416480478576127   0.0265171426886929   -0.0106862739323943   -0.014727915737908   0
0.0484939082814532   0.0385486448582826   0.00684586042384051   0.0120315021695897   0
0.0435151830418993   0.0299145605856914   -0.00497872523955394   -0.00863408427259125   0
0.0378519519383083   0.0406014282877896   -0.00566323110359102   0.0106868677020983   0
0.0417617228064169   0.0568489622486638   0.0039097708681086   0.0162475339608741   0
0.0584824991648998   0.0545284202494901   0.0167207763584829   -0.0023205419991737   0
0.061965544217573   0.0689404693876898   0.00348304505267328   0.0144120491381998   0
0.054723709054303   0.0653638629059093   -0.00724183516327008   -0.00357660648178058   0
0.0546743715401467   0.0672217959849705   -4.93375141562974e-05   0.00185793307906126   0
0.0435645288050956   0.0678268469593899   -0.0111098427350511   0.000605050974419374   0
0.0490309521151691   0.0721393898405199   0.0054664233100735   0.00431254288112998   0
0.0611663863998847   0.0804397514691741   0.0121354342847156   0.00830036162865423   0
0.0366149162857161   0.0667607350049601   -0.0245514701141686   -0.013679016464214   0
0.0512685320586615   0.0698504648988287   0.0146536157729454   0.00308972989386863   0
0.058624317054931   0.0862598322852097   0.00735578499626954   0.016409367386381   0
0.0565603711510984   0.0825949258821176   -0.00206394590383266   -0.00366490640309204   0
0.0672815796436142   0.0685031882841047   0.0107212084925159   -0.0140917375980129   0
0.0817735028512904   0.0985950183898888   0.0144919232076762   0.0300918301057841   0
0.0581983609902375   0.0904672999434602   -0.0235751418610529   -0.00812771844642853   0
0.0649454919702669   0.096287841123633   0.00674713098002936   0.00582054118017281   0
0.0612663990200991   0.0914589682604172   -0.00367909295016778   -0.00482887286321586   0
0.0708181936404763   0.0972987523429771   0.00955179462037723   0.00583978408255995   0
0.0709972172951166   0.0973389453590006   0.000179023654640245   4.01930160234265e-05   0
0.0544807388939431   0.0985442748973907   -0.0165164784011735   0.0012053295383901   0
0.0633249839284622   0.105819796412344   0.00884424503451918   0.00727552151495366   0
0.0740342747756065   0.115829185779103   0.0107092908471442   0.0100093893667589   0
0.0644382300832355   0.112793866707149   -0.00959604469237094   -0.00303531907195462   0
0.0636654232493588   0.110931547209304   -0.000772806833876705   -0.00186231949784478   0
0.069264405240282   0.110592908238955   0.00559898199092315   -0.000338638970348443   0
0.0611710579694352   0.114072339719145   -0.00809334727084679   0.00347943148018953   0
0.0723010765639081   0.12171780058192   0.0111300185944729   0.00764546086277491   0
0.0771315366004075   0.144852818822245   0.00483046003649942   0.0231350182403247   0
0.094898693126776   0.15565554716585   0.0177671565263685   0.010802728343605   0
0.087154698239395   0.120832124556645   -0.00774399488738099   -0.0348234226092048   0
0.0982320426602359   0.123421461480571   0.0110773444208409   0.002589336923926   0
0.112989150791658   0.12930158729308   0.014757108131422   0.00588012581250935   0
0.0993142430968434   0.137405604574559   -0.0136749076948145   0.00810401728147869   0
0.0995725109005995   0.142815552455781   0.00025826780375611   0.00540994788122248   0
0.091709662993207   0.142083115227496   -0.00786284790739247   -0.000732437228284893   0
0.124486592514094   0.149874169136146   0.0327769295208867   0.00779105390864934   0
0.14486238597683   0.134327015140375   0.020375793462736   -0.0155471539957708   0
0.13114129689785   0.152985110940575   -0.0137210890789799   0.0186580958002   0
0.118008440119298   0.160715784599709   -0.0131328567785516   0.00773067365913396   0
0.113374816951649   0.164759963854239   -0.00463362316764886   0.00404417925452977   0
0.116519113966164   0.151867898314621   0.00314429701451498   -0.0128920655396178   0
0.10281740747427   0.14429829865681   -0.0137017064918947   -0.00756959965781054   0
0.105851438609308   0.157168178628818   0.00303403113503788   0.0128698799720076   0
0.103944855025105   0.162476872324187   -0.00190658358420301   0.00530869369536865   0
0.0965287469761211   0.15782173312079   -0.00741610804898346   -0.00465513920339608   0
0.100475257660232   0.157006399510498   0.00394651068411089   -0.000815333610292762   0
0.0996725421839435   0.180495802381247   -0.000802715476288435   0.0234894028707489   0
0.118694726951874   0.164239041722728   0.0190221847679308   -0.0162567606585185   0
0.12721905148939   0.172492531915153   0.00852432453751543   0.00825349019242475   0
0.113853860080104   0.186921448499764   -0.0133651914092853   0.0144289165846114   0
0.116713725879778   0.182352022285194   0.00285986579967373   -0.0045694262145699   0
0.126665077109241   0.190389654806925   0.00995135122946296   0.00803763252173056   0
0.120278239188184   0.187154831357622   -0.00638683792105713   -0.00323482344930265   0
0.12581615095118   0.211655667092214   0.00553791176299556   0.0245008357345915   0
0.12265705876675   0.252060185581738   -0.00315909218442943   0.0404045184895239   0
0.104932399076024   0.242360760670947   -0.017724659690726   -0.00969942491079068   0
0.123949467681874   0.241766053209502   0.0190170686058501   -0.000594707461444438   0
0.103267995518699   0.238914658346343   -0.0206814721631755   -0.00285139486315908   0
0.131165347971406   0.267162742260686   0.0278973524527071   0.0282480839143431   0
0.120607501470265   0.261066504324569   -0.0105578465011408   -0.00609623793611791   0
0.125216008649414   0.274782568773021   0.00460850717914842   0.0137160644484524   0
0.129963078594076   0.279568751961839   0.00474706994466256   0.00478618318881757   0
0.145278304024173   0.277567978011243   0.0153152254300968   -0.00200077395059528   0
0.143940174532547   0.276464389894069   -0.00133812949162618   -0.00110358811717393   0
0.127496087443851   0.261765116701023   -0.0164440870886961   -0.0146992731930467   0
0.135319345296266   0.291098022338267   0.00782325785241517   0.0293329056372441   0
0.135460196908059   0.27251733603571   0.00014085161179278   -0.0185806863025568   0
0.115625875452772   0.258019194676481   -0.0198343214552863   -0.0144981413592285   0
0.133501865415169   0.267924640910929   0.0178759899623971   0.00990544623444717   0
0.13505534348903   0.287936281594557   0.00155347807386105   0.0200116406836284   0
0.118122219528842   0.30096667570555   -0.0169331239601882   0.0130303941109935   0
0.118248842945756   0.300585238889487   0.000126623416913468   -0.000381436816063452   0
0.112473068564212   0.299272851477126   -0.00577577438154341   -0.00131238741236089   0
0.112368558302534   0.299437957216516   -0.000104510261678237   0.00016510573938977   0
0.133601624347236   0.31145799971224   0.0212330660447021   0.0120200424957246   0
0.117964412308374   0.317720502848415   -0.0156372120388624   0.00626250313617499   0
0.121689450998433   0.307587635261888   0.00372503869005913   -0.0101328675865278   0
0.117101478538275   0.306148565905509   -0.00458797246015823   -0.00143906935637828   0
0.147077013279608   0.334006688605183   0.0299755347413334   0.0278581226996741   0
0.138625336901484   0.316493136030626   -0.00845167637812383   -0.0175135525745579   0
0.149995613715235   0.332373768552815   0.0113702768137508   0.0158806325221891   0
0.142822165845537   0.342850822800894   -0.00717344786969829   0.0104770542480793   0
0.144459251312645   0.36014644456561   0.0016370854671085   0.0172956217647161   0
0.178205688882286   0.372495136662883   0.0337464375696404   0.0123486920972731   0
0.122562600318164   0.296827972400261   -0.0556430885641217   -0.0756671642626223   0
0.106958083293363   0.299877341889563   -0.0156045170248008   0.00304936948930234   0
0.141652385320721   0.359710787485585   0.0346943020273579   0.0598334455960222   0
0.148595656405731   0.321227701568918   0.00694327108500981   -0.0384830859166672   0
0.140438923166051   0.27799413378478   -0.00815673323967969   -0.0432335677841385   0
0.165880431622539   0.327161461100249   0.0254415084564884   0.0491673273154697   0
0.135414194823881   0.328107030672538   -0.0304662367986585   0.000945569572288918   0
0.149245982217981   0.34526735382816   0.0138317873941004   0.0171603231556219   0
0.145579943179856   0.365146229783699   -0.00366603903812571   0.0198788759555389   0
0.141462362594508   0.354746016627389   -0.00411758058534784   -0.0104002131563097   0
0.153311790844834   0.345277109516762   0.0118494282503258   -0.00946890711062748   0
0.158957314632828   0.36969397360283   0.00564552378799482   0.0244168640860681   0
0.165076537420555   0.374204407508116   0.00611922278772692   0.00451043390528577   0
0.152862309907315   0.367708517244978   -0.0122142275132404   -0.00649589026313818   0
0.169670983063222   0.394331692194528   0.0168086731559066   0.0266231749495505   0
0.177195333736558   0.406486919649944   0.00752435067333601   0.0121552274554159   0
0.164691055850796   0.386037452925879   -0.0125042778857616   -0.0204494667240653   0
0.167129714781902   0.37737846397019   0.00243865893110626   -0.00865898895568862   0
0.179629678005195   0.380889646772527   0.0124999632232927   0.00351118280233648   0
0.176340503128918   0.39391239941737   -0.00328917487627675   0.0130227526448439   0
0.16488934821901   0.385507556348121   -0.0114511549099079   -0.00840484306924899   0
0.160974788462945   0.392320230375009   -0.00391455975606486   0.00681267402688734   0
0.151264684127195   0.371915002880026   -0.00971010433575065   -0.0204052274949824   0
0.168213053887771   0.404228616206535   0.0169483697605758   0.0323136133265085   0
0.175345824181815   0.401591563248657   0.00713277029404449   -0.00263705295787797   0
0.192330539107852   0.421728440276441   0.0169847149260368   0.0201368770277845   0
0.187290112457011   0.431465204425861   -0.00504042665084037   0.0097367641494196   0
0.180523428649275   0.430237513837415   -0.0067666838077361   -0.00122769058844585   0
0.173842921767122   0.434330735539174   -0.00668050688215363   0.00409322170175896   0
0.169968561957019   0.4312248474949   -0.00387435981010303   -0.00310588804427381   0
0.19845206923862   0.455213887659417   0.0284835072816013   0.0239890401645164   0
0.159680697734228   0.430684036536647   -0.0387713715043916   -0.0245298511227696   0
0.178269284250681   0.446345298689535   0.0185885865164524   0.0156612621528877   0
0.192792159198003   0.465362830601027   0.0145228749473222   0.019017531911492   0
0.170531437511059   0.438289765841047   -0.0222607216869443   -0.0270730647599796   0
0.17071849545733   0.436433491618425   0.00018705794627133   -0.00185627422262202   0
0.183407272872571   0.448687828862117   0.0126887774152407   0.0122543372436913   0
0.16802625156448   0.444343485805182   -0.0153810213080904   -0.00434434305693449   0
0.160732993596267   0.430645752348726   -0.00729325796821328   -0.0136977334564564   0
0.168980782806309   0.438677479016475   0.00824778921004179   0.00803172666774943   0
0.176143612985229   0.478865127772163   0.00716283017891986   0.0401876487556879   0
0.169281229300268   0.469437519790707   -0.00686238368496039   -0.00942760798145642   0
0.183613021682587   0.490870300700959   0.0143317923823183   0.0214327809102525   0
0.170683050119227   0.477527687282371   -0.0129299715633597   -0.013342613418588   0
0.170090001339556   0.469263568292117   -0.00059304877967134   -0.00826411899025442   0
0.176292382153087   0.463302145814694   0.00620238081353128   -0.00596142247742265   0
0.179803720861277   0.477364765420271   0.00351133870819018   0.0140626196055765   0
0.183980942068058   0.478846370334474   0.00417722120678074   0.00148160491420318   0
0.180261245663509   0.48394924929325   -0.00371969640454856   0.00510287895877604   0
0.157106818887732   0.44835410484627   -0.0231544267757775   -0.0355951444469799   0
0.164276252949993   0.451939144869362   0.00716943406226114   0.00358504002309185   0
0.160779027148724   0.466910379811265   -0.00349722580126915   0.0149712349419036   0
0.170675837805941   0.468486419466456   0.00989681065721773   0.00157603965519054   0
0.187234209126992   0.488574112224799   0.0165583713210502   0.0200876927583427   0
0.140267411647931   0.450405246667376   -0.046966797479061   -0.0381688655574224   0
0.171580669069362   0.490997547376766   0.0313132574214317   0.0405923007093902   0
0.159907291932576   0.479904228208608   -0.0116733771367865   -0.0110933191681581   0
