0.16006982197182   0.118252856920298   0   0   0
0.155830904784674   0.126259965318831   -0.00423891718714597   0.00800710839853325   0
0.113904873400439   0.127219715528186   -0.0419260313842347   0.000959750209354349   0
0.145593457130223   0.12987326361846   0.0316885837297839   0.00265354809027424   0
0.0884348635266658   0.160540707900372   -0.057158593603557   0.0306674442819118   0
0.0633573791191334   0.150213750455218   -0.0250774844075324   -0.0103269574451538   0
0.0923585226522707   0.127029615345487   0.0290011435331373   -0.0231841351097306   0
0.0691847398277973   0.124793459191578   -0.0231737828244734   -0.00223615615390961   0
0.13836772310839   0.0748254863584761   0.0691829832805924   -0.0499679728331017   0
0.165208382170064   0.0619162891582256   0.0268406590616745   -0.0129091972002506   0
0.0986878967305008   0.0938870625693578   -0.0665204854395634   0.0319707734111322   0
0.115709200081065   0.0606176925468959   0.0170213033505645   -0.0332693700224619   0
0.129160677126941   0.0440105412774315   0.0134514770458761   -0.0166071512694644   0
0.123635624141952   0.0467431015691086   -0.00552505298498951   0.00273256029167709   0
0.0817573188322611   0.0543617059636193   -0.0418783053096908   0.00761860439451072   0
0.13226402587877   0.0333545774390862   0.0505067070465091   -0.021007128524533   0
0.116464747359534   0.0309191369258991   -0.0157992785192366   -0.00243544051318709   0
0.101000739842142   0.0370920953532154   -0.0154640075173919   0.00617295842731628   0
0.0987490595362812   0.0362275642115917   -0.00225168030586059   -0.000864531141623714   0
0.149354162968429   0.0272439981838202   0.0506051034321477   -0.00898356602777147   0
0.0761628888709587   0.027982336125179   -0.0731912740974701   0.000738337941358812   0
0.129456543407045   0.0233953735119259   0.0532936545360858   -0.00458696261325312   0
0.121733501724628   0.0251755081825571   -0.00772304168241657   0.00178013467063119   0
0.0921235017321313   0.0232973965430689   -0.0296099999924966   -0.00187811163948818   0
0.118228470428658   0.027322961189904   0.0261049686965264   0.00402556464683507   0
0.133452760024585   0.0669958597353038   0.0152242895959277   0.0396728985453998   0
0.0718819419541515   0.070586038844484   -0.061570818070434   0.00359017910918018   0
0.113476498397333   0.0445004235862143   0.0415945564431819   -0.0260856152582696   0
0.126169223728927   0.0352452707615504   0.0126927253315935   -0.00925515282466392   0
0.0902682515967824   0.0658630103154267   -0.0359009721321445   0.0306177395538763   0
0.0598756552900258   0.0771960684118207   -0.0303925963067565   0.011333058096394   0
0.108066467150268   0.0687351541851039   0.0481908118602424   -0.00846091422671684   0
0.133103286459238   0.0652836873791225   0.0250368193089699   -0.00345146680598134   0
0.0485222451791959   0.0745929788193902   -0.0845810412800422   0.00930929144026771   0
0.100057199985258   0.0437121500629116   0.0515349548060625   -0.0308808287564786   0
0.143428671929604   0.0520568855025442   0.0433714719443456   0.00834473543963266   0
0.115776788915698   0.0535113622360943   -0.0276518830139065   0.00145447673355006   0
0.102199883036234   0.0759882176867079   -0.0135769058794631   0.0224768554506136   1
1.66191485769616   2.25415716644825   1.55971497465993   2.17816894876154   1
0.244666955058116   0.867833551754022   -1.41724790263804   -1.38632361469423   1
0.47817397662262   0.398608182076711   0.233507021564504   -0.469225369677311   1
0.411301384120319   0.194699343596094   -0.0668725925023013   -0.203908838480616   1
0.239936486835673   0.167179427303638   -0.171364897284646   -0.027519916292456   1
0.181433478652646   0.188924266253895   -0.058503008183027   0.0217448389502564   1
0.134689841035692   0.218123797469058   -0.0467436376169535   0.029199531215163   0
0.12534986668174   0.206071498567663   -0.00933997435395204   -0.0120522989013943   0
0.70132341923609   0.372638602440421   0.57597355255435   0.166567103872757   1
0.456696628287313   0.399766174592411   -0.244626790948777   0.0271275721519902   1
0.306330255182213   0.374395501705416   -0.150366373105099   -0.0253706728869952   0
0.298610079746147   0.39349332712703   -0.00772017543606685   0.0190978254216144   0
0.184232115091696   0.423021486776381   -0.11437796465445   0.0295281596493509   0
0.231648021633598   0.421906211486925   0.047415906541902   -0.00111527528945593   0
0.277479432901926   0.39429267751887   0.0458314112683277   -0.0276135339680547   0
0.18923844270861   0.37193959928764   -0.0882409901933155   -0.0223530782312308   0
0.220268136140228   0.35051067074948   0.0310296934316176   -0.0214289285381602   0
0.215286586662987   0.369359368197491   -0.00498154947724053   0.0188486974480118   0
0.185048855363253   0.39411221872298   -0.0302377312997348   0.0247528505254887   0
0.212911046843065   0.382676358158562   0.0278621914798128   -0.0114358605644181   0
0.219957017698913   0.37812321487777   0.00704597085584768   -0.0045531432807922   0
0.187325678346803   0.359384912864327   -0.0326313393521099   -0.0187383020134426   0
0.223469616941609   0.366856715774361   0.0361439385948055   0.00747180291003352   0
0.213371893232473   0.362696951291984   -0.0100977237091354   -0.00415976448237643   0
0.17826543613435   0.371134159972509   -0.0351064570981234   0.00843720868052489   0
0.205109390266292   0.369939028726694   0.0268439541319419   -0.00119513124581472   0
0.17048687849251   0.356983793275689   -0.0346225117737814   -0.0129552354510052   0
0.157440956850052   0.348999234409619   -0.0130459216424582   -0.00798455886607047   0
0.151204806149077   0.356211685364896   -0.00623615070097502   0.00721245095527773   0
0.145457800235051   0.361743264173295   -0.00574700591402616   0.00553157880839816   0
0.162017583480467   0.363941431680291   0.0165597832454157   0.00219816750699647   0
0.148733079348745   0.362650437642435   -0.0132845041317219   -0.0012909940378556   0
0.141372124615322   0.372846214260652   -0.00736095473342321   0.0101957766182165   0
0.174050704445113   0.362553752707788   0.0326785798297912   -0.0102924615528639   0
0.151132985029642   0.37119460438192   -0.0229177194154707   0.00864085167413176   0
0.164214929482188   0.374736604103803   0.013081944452546   0.00354199972188268   0
0.119268549948886   0.365035058976874   -0.0449463795333017   -0.00970154512692839   0
0.134456756303281   0.375966440902975   0.015188206354395   0.0109313819261006   0
0.123993264161365   0.302008344039531   -0.0104634921419166   -0.0739580968634433   0
0.176565103146488   0.298473247968725   0.0525718389851233   -0.00353509607080643   0
0.122118201272009   0.285639353903222   -0.0544469018744791   -0.0128338940655032   0
0.135136178346474   0.29763378366249   0.0130179770744649   0.0119944297592683   0
0.100398935426527   0.298033408457844   -0.0347372429199466   0.000399624795353659   0
0.140378914935328   0.291984698649176   0.0399799795088005   -0.00604870980866812   0
0.169760480663934   0.290047425744481   0.0293815657286065   -0.00193727290469514   0
0.118628999031645   0.300321671401682   -0.0511314816322894   0.0102742456572016   0
0.10867058904331   0.292487637175061   -0.00995840998833472   -0.00783403422662149   0
0.137117240156043   0.281362500847217   0.028446651112733   -0.0111251363278441   0
0.111287654165096   0.291289936743874   -0.0258295859909471   0.00992743589665707   0
0.0885948376608953   0.297279036028863   -0.0226928165042006   0.0059890992849892   0
0.0916993319369891   0.301122034129437   0.00310449427609372   0.00384299810057431   0
0.165042163641416   0.312875309496052   0.0733428317044271   0.0117532753666142   0
0.108168488351553   0.326170035239674   -0.0568736752898634   0.0132947257436222   0
0.0786134249194474   0.324485640966592   -0.0295550634321053   -0.00168439427308181   0
0.164736529013574   0.318145040384492   0.0861231040941263   -0.00634060058210001   0
0.106951914412611   0.330046833624033   -0.0577846146009626   0.0119017932395409   0
0.114866440559852   0.342187577333325   0.00791452614724082   0.0121407437092919   0
0.107667778958656   0.319340031762775   -0.00719866160119598   -0.0228475455705499   0
0.141413762627263   0.320174321272413   0.0337459836686074   0.000834289509637764   0
0.129120757275544   0.326096648690998   -0.0122930053517192   0.00592232741858528   0
0.113249868335553   0.319160059102796   -0.0158708889399916   -0.0069365895882022   0
0.167355930979365   0.328331030940193   0.0541060626438124   0.0091709718373974   0
0.129916748084533   0.317879971003994   -0.0374391828948321   -0.0104510599361991   0
0.09261002068057   0.328550148011685   -0.037306727403963   0.010670177007691   0
0.113999653914694   0.302756233314444   0.021389633234124   -0.025793914697241   0
0.146993925838485   0.285611311508315   0.0329942719237909   -0.0171449218061284   0
0.114302263244216   0.281396650495346   -0.0326916625942691   -0.0042146610129693   0
0.116590379040725   0.272218518232596   0.00228811579650953   -0.0091781322627506   0
0.197934748715328   0.326007668104985   0.0813443696746026   0.0537891498723893   0
0.166514683535987   0.315170310521153   -0.0314200651793406   -0.0108373575838319   0
0.176640654878457   0.309780223610627   0.0101259713424693   -0.00539008691052617   0
0.204772234516914   0.311672928479921   0.0281315796384573   0.00189270486929421   0
0.159695348788279   0.322931874021828   -0.0450768857286351   0.0112589455419073   0
0.157701650667867   0.314844292548317   -0.00199369812041164   -0.00808758147351168   0
0.20103451145378   0.310322488318604   0.0433328607859129   -0.00452180422971282   0
0.16156159048626   0.313742669849432   -0.0394729209675199   0.00342018153082868   0
0.10503165933465   0.310261760081709   -0.0565299311516099   -0.00348090976772347   0
0.19765668756923   0.301705373225271   0.0926250282345794   -0.00855638685643817   0
0.0831159246513567   0.313666725446372   -0.114540762917873   0.0119613522211016   0
0.169698596965326   0.30855608925688   0.0865826723139689   -0.00511063618949203   0
0.189291221521337   0.32517028891567   0.0195926245560118   0.0166141996587891   0
0.134575598120424   0.329105794549412   -0.0547156234009128   0.00393550563374279   0
0.145397018490133   0.319036241313585   0.0108214203697083   -0.0100695532358274   0
0.143110524162131   0.294887403870104   -0.00228649432800132   -0.0241488374434806   0
0.0975896841384887   0.314523395300731   -0.0455208400236427   0.0196359914306268   0
0.0957691291535012   0.29478004168617   -0.0018205549849875   -0.0197433536145614   0
0.17282726035542   0.321291071730137   0.0770581312019184   0.0265110300439672   0
0.422479182064158   0.336622429385655   0.249651921708738   0.0153313576555176   1
0.671998072011371   0.217823190746532   0.249518889947213   -0.118799238639123   1
0.714423515777651   0.260040852674152   0.0424254437662802   0.0422176619276201   0
0.444966747613628   0.25116697362014   -0.269456768164023   -0.0088738790540121   0
0.551944200443215   0.296960867762909   0.106977452829587   0.0457938941427694   0
0.432217460469253   0.316254053876784   -0.119726739973962   0.0192931861138751   0
0.582410715111939   0.355798596334008   0.150193254642686   0.0395445424572232   0
0.481860010810235   0.380478883678845   -0.100550704301704   0.0246802873448373   0
1.14645480435245   0.36167878652542   0.664594793542213   -0.0188000971534253   1
1.01668415692594   0.485257863090811   -0.129770647426513   0.123579076565391   1
0.769476486568426   0.528692330236831   -0.247207670357509   0.04343446714602   1
1.32908893858885   0.484219626269808   0.559612452020425   -0.0444727039670227   1
1.14566051660609   0.63308020023047   -0.183428421982759   0.148860573960662   1
1.04992957612395   0.738273001070676   -0.0957309404821391   0.105192800840206   0
1.02477393914373   0.75185095775431   -0.0251556369802222   0.0135779566836334   0
1.04607150877049   0.72794528503187   0.0212975696267541   -0.0239056727224399   0
0.90539453890229   0.670447814954676   -0.140676969868196   -0.0574974700771933   0
1.05147574072956   0.716032844032878   0.146081201827267   0.0455850290782021   0
0.907080243485443   0.70127440912955   -0.144395497244114   -0.0147584349033281   0
1.03787277202158   0.782125573873411   0.130792528536138   0.0808511647438607   0
1.02365676151691   0.799015106258849   -0.0142160105046747   0.0168895323854381   1
1.71248315629422   1.31927511606803   0.68882639477731   0.520260009809184   1
1.65964014794094   1.20649152385958   -0.0528430083532805   -0.112783592208453   0
1.55753608577827   1.14881079189086   -0.10210406216267   -0.0576807319687203   0
1.46342714514964   1.11232882728589   -0.0941089406286275   -0.0364819646049694   0
1.4964035985924   1.09307998158991   0.0329764534427637   -0.0192488456959834   0
1.42366844583965   1.07276257695948   -0.0727351527527496   -0.0203174046304233   0
1.44069707073614   1.06065750552985   0.0170286248964902   -0.0121050714296347   0
1.38420875106776   1.07740109677446   -0.0564883196683814   0.0167435912446074   0
1.29273067487097   1.07027142176838   -0.0914780761967884   -0.0071296750060752   0
1.31638524030562   1.06419324210626   0.0236545654346429   -0.0060781796621252   0
1.42811347951912   1.17379754829027   0.111728239213505   0.109604306184011   0
1.75620457100278   1.19907913787659   0.328091091483657   0.025281589586325   0
1.62781008790118   1.1224353559734   -0.128394483101594   -0.0766437819031938   0
1.65115731351247   1.11705739999196   0.0233472256112879   -0.00537795598144153   0
1.47823794711033   1.10053122534348   -0.172919366402145   -0.0165261746484762   0
1.25013425852379   1.13960333017108   -0.228103688586532   0.0390721048276024   0
1.21212694915437   1.1419174475328   -0.0380073093694211   0.00231411736171672   0
1.19537286137189   1.1295113002336   -0.0167540877824814   -0.0124061472992034   0
1.23711138341697   1.14257522492208   0.0417385220450739   0.0130639246884821   0
