0.0961717991718466   0.0802691104618084   0   0   0
0.104553314034563   0.107601486959115   0.00838151486271661   0.0273323764973061   0
0.111431792129815   0.0908922294250862   0.0068784780952522   -0.0167092575340284   0
0.129394015670162   0.0639498360776828   0.0179622235403461   -0.0269423933474034   0
0.115507937616877   0.0898793710059349   -0.0138860780532843   0.0259295349282521   0
0.11844114877348   0.128615847254683   0.00293321115660269   0.0387364762487483   0
0.164980362132341   0.129246593988739   0.0465392133588615   0.000630746734056026   0
0.0986056739353776   0.145179959682681   -0.0663746881969638   0.0159333656939422   0
0.0772051813823483   0.140979951748866   -0.0214004925530293   -0.0042000079338157   0
0.101746136348905   0.119963399247531   0.0245409549665569   -0.0210165525013348   0
0.117852270933954   0.137283395697632   0.0161061345850484   0.0173199964501007   0
0.100647076907876   0.124163967523483   -0.0172051940260771   -0.0131194281741488   0
0.0937166628935837   0.120721715248335   -0.0069304140142928   -0.0034422522751482   0
0.0761844130847807   0.109022180657986   -0.017532249808803   -0.0116995345903488   0
0.0741914701051273   0.102086628613333   -0.00199294297965334   -0.00693555204465274   0
0.0531029725415631   0.0726096518612368   -0.0210884975635643   -0.0294769767520963   0
0.0773320390418486   0.094791512248579   0.0242290665002856   0.0221818603873422   0
0.0911370193697929   0.086799613892416   0.0138049803279442   -0.00799189835616296   0
0.0755801003049083   0.0867024945096881   -0.0155569190648846   -9.71193827278977e-05   0
0.0718029889390407   0.0630677447467602   -0.00377711136586761   -0.0236347497629279   0
0.0399537028828368   0.0303014115796707   -0.0318492860562039   -0.0327663331670895   0
0.0340275536661101   0.0428266486484222   -0.00592614921672673   0.0125252370687515   0
0.0739658426467921   0.0360301372147332   0.039938288980682   -0.006796511433689   0
0.0621819636748117   0.0218290099448205   -0.0117838789719804   -0.0142011272699127   0
0.0683291092389978   0.0260743965211086   0.00614714556418615   0.0042453865762881   0
0.0718972182532982   0.0375969708622916   0.00356810901430038   0.011522574341183   0
0.0185857797253303   0.0618504707113859   -0.0533114385279679   0.0242534998490943   0
0.0714133024685352   0.0275329259676483   0.0528275227432049   -0.0343175447437376   0
0.0732517259270387   0.0254794684739969   0.0018384234585035   -0.0020534574936514   0
0.0211313675606824   0.0558338047157141   -0.0521203583663564   0.0303543362417173   0
0.0674569371392594   0.0294459647241349   0.0463255695785771   -0.0263878399915792   0
0.0644101127942468   0.0458916939346939   -0.00304682434501262   0.016445729210559   0
0.0367514301861628   0.0526646869409902   -0.027658682608084   0.00677299300629623   0
0.0704879036875122   0.032052347717601   0.0337364735013494   -0.0206123392233892   0
0.0741306446393798   0.0277895951089324   0.00364274095186752   -0.00426275260866856   0
0.0756916243515093   0.0303951739830931   0.00156097971212958   0.0026055788741607   0
0.0771798054711205   0.024455310384301   0.00148818111961116   -0.00593986359879211   0
0.0639044787334863   0.0489495400129817   -0.0132753267376342   0.0244942296286807   0
0.0654426136566297   0.0502131766428753   0.00153813492314343   0.00126363662989358   0
0.0748743078639796   0.0228680888584945   0.00943169420734991   -0.0273450877843808   0
0.0757804094170123   0.0196967128220041   0.000906101553032626   -0.00317137603649041   0
0.0466619438238711   0.0520089448668688   -0.0291184655931412   0.0323122320448647   0
0.0435125282878862   0.0518222730707077   -0.00314941553598483   -0.000186671796161081   0
0.0831994217254543   0.0316190153874093   0.0396868934375681   -0.0202032576832984   0
0.091162717790169   0.0569844510341848   0.0079632960647147   0.0253654356467755   0
0.0177061416001773   0.0793126510537569   -0.0734565761899917   0.0223282000195721   0
0.0800305577745001   0.0625960066704339   0.0623244161743228   -0.016716644383323   0
0.057953393109636   0.0781347571249345   -0.0220771646648642   0.0155387504545006   0
0.0537319514101247   0.0813860901931343   -0.00422144169951127   0.00325133306819986   0
0.0903739329751942   0.0840990107395592   0.0366419815650696   0.0027129205464249   0
0.0988865406697069   0.0749935117983549   0.00851260769451269   -0.00910549894120433   0
0.0803932856363017   0.0685235413239312   -0.0184932550334052   -0.00646997047442376   0
0.0800054971426964   0.0810360689949389   -0.000387788493605351   0.0125125276710078   0
0.0692471448186595   0.0677755107613731   -0.0107583523240369   -0.0132605582335658   0
0.054811279797684   0.0720925657233463   -0.0144358650209755   0.00431705496197318   0
0.0709995195355574   0.0860893166043848   0.0161882397378734   0.0139967508810385   0
0.0538440012685722   0.12346078079456   -0.0171555182669853   0.0373714641901756   0
0.0681313550879476   0.0824354552244512   0.0142873538193754   -0.0410253255701092   0
0.109207561300947   0.0797448135268056   0.041076206212999   -0.0026906416976456   0
0.0646692370967835   0.0908677231248946   -0.044538324204163   0.011122909598089   0
0.0593271276618884   0.0978506688130056   -0.00534210943489515   0.00698294568811098   0
0.0757766204798024   0.094948748346529   0.016449492817914   -0.00290192046647653   0
0.0828971972708969   0.109468761131247   0.00712057679109455   0.0145200127847179   0
0.0764189476698678   0.114836255038   -0.00647824960102907   0.0053674939067527   0
0.0952735131510327   0.0980086244159283   0.0188545654811648   -0.0168276306220713   0
0.0545228050264291   0.109292492594883   -0.0407507081246036   0.0112838681789544   0
0.0631771077009703   0.123804930407284   0.00865430267454122   0.0145124378124015   0
0.113287806395084   0.093875478134082   0.0501106986941135   -0.0299294522732023   0
0.0763149925084842   0.116029478732357   -0.0369728138865996   0.0221540005982751   0
0.0798728474457372   0.125321486334756   0.00355785493725295   0.0092920076023992   0
0.0988411272202012   0.113894782280895   0.0189682797744641   -0.0114267040538611   0
0.0555592426745542   0.124447222007805   -0.043281884545647   0.0105524397269103   0
0.0885066672088041   0.130260807646324   0.03294742453425   0.00581358563851815   0
0.0966431679111571   0.133243605222174   0.00813650070235294   0.00298279757585027   0
0.102378859642909   0.122981839706367   0.00573569173175212   -0.010261765515807   0
0.0933860179206181   0.124225834439832   -0.0089928417222911   0.00124399473346497   0
0.109475442428747   0.13701219292625   0.0160894245081294   0.0127863584864184   0
0.0814452496192381   0.120775343831015   -0.0280301928095094   -0.0162368490952347   0
0.097194060154209   0.138734134192887   0.0157488105349709   0.0179587903618716   0
0.115252578065959   0.145060397981324   0.0180585179117501   0.00632626378843654   0
0.107630999806608   0.140068802427593   -0.00762157825935135   -0.00499159555373091   0
0.110487914474027   0.149187666030071   0.00285691466741966   0.00911886360247827   0
0.127492192275959   0.1590168220771   0.0170042778019312   0.00982915604702878   0
0.0879317796486003   0.163822744790673   -0.0395604126273583   0.0048059227135733   0
0.112954037914941   0.163191733067273   0.025022258266341   -0.000631011723400299   0
0.143296883483103   0.160884979141932   0.0303428455681617   -0.00230675392534041   0
0.116956189690432   0.162087186314187   -0.0263406937926706   0.00120220717225475   0
0.123933381399726   0.14958931923102   0.00697719170929381   -0.0124978670831671   0
0.119315826376428   0.169744532402372   -0.00461755502329785   0.0201552131713522   0
0.0946113731301814   0.173425423264584   -0.024704453246247   0.00368089086221146   0
0.120859562440876   0.160977305535594   0.0262481893106946   -0.0124481177289897   0
0.112720113797716   0.167596393653026   -0.00813944864316017   0.00661908811743181   0
0.108741047545534   0.173050105023083   -0.0039790662521822   0.00545371137005701   0
0.118998668349734   0.153295221808281   0.0102576208042005   -0.0197548832148021   0
0.128385083057223   0.174206569145655   0.00938641470748876   0.0209113473373746   0
0.0858042917047771   0.178288800460096   -0.0425807913524457   0.00408223131444083   0
0.118553638624759   0.180927264695651   0.0327493469199821   0.00263846423555436   0
0.143582282008088   0.181999493890093   0.0250286433833284   0.00107222919444247   0
0.126055859094397   0.182241837754809   -0.0175264229136909   0.000242343864715638   0
0.131785756562232   0.178072770847342   0.00572989746783578   -0.00416906690746657   0
0.134846005474727   0.187161485969336   0.00306024891249412   0.00908871512199402   0
0.0911819183497474   0.182603575291531   -0.0436640871249792   -0.00455791067780464   0
0.112514996528152   0.190700502656653   0.0213330781784044   0.00809692736512121   0
0.124369282547782   0.209423120377741   0.0118542860196301   0.0187226177210888   0
0.111111668285833   0.20692037423729   -0.0132576142619488   -0.00250274614045182   0
0.109187700908527   0.204029017785461   -0.00192396737730585   -0.00289135645182853   0
0.104413014945887   0.202804875464694   -0.00477468596264032   -0.0012241423207672   0
0.0854451885156233   0.217620903766734   -0.0189678264302637   0.0148160283020398   0
0.0861300519389719   0.212489099770435   0.000684863423348642   -0.00513180399629848   0
0.121370514662541   0.237260246873554   0.0352404627235688   0.0247711471031191   0
0.110431257596072   0.218076516229396   -0.0109392570664687   -0.0191837306441585   0
0.0991508486380727   0.220476524642648   -0.0112804089579993   0.00240000841325164   0
0.115303499470398   0.226066501440395   0.016152650832325   0.00558997679774714   0
0.0707968722871286   0.212249981178444   -0.0445066271832691   -0.0138165202619503   0
0.103164441285648   0.228111238418343   0.0323675689985198   0.0158612572398983   0
0.116344229868954   0.227787191210349   0.0131797885833055   -0.000324047207993949   0
0.109209735154357   0.225229996435866   -0.0071344947145965   -0.00255719477448324   0
0.100823258499069   0.230062106428895   -0.00838647665528891   0.00483210999302902   0
0.121492641095047   0.234899797704255   0.0206693825959789   0.0048376912753606   0
0.0820232114503724   0.230062106428895   -0.039469429644675   -0.0048376912753606   0
0.101864041801118   0.228013946666646   0.019840830350746   -0.00204815976224876   0
0.11461758065743   0.242368151556161   0.0127535388563117   0.0143542048895147   0
0.115943312553593   0.230062106428895   0.00132573189616264   -0.012306045127266   0
0.118773836708679   0.241557425082526   0.00283052415508646   0.0114953186536311   0
0.12988122193774   0.24680855217101   0.0111073852290605   0.00525112708848399   0
0.099158725844216   0.233742307927983   -0.0307224960935237   -0.0130662442430267   0
0.107936282662634   0.245470412290871   0.0087775568184183   0.0117281043628876   0
0.112939555086117   0.241466517431506   0.0050032724234824   -0.00400389485936414   0
0.12927706938364   0.25553228501796   0.0163375142975234   0.0140657675864537   0
0.108781555733727   0.243173299498526   -0.0204955136499129   -0.0123589855194338   0
0.129083733248036   0.245434004600015   0.0203021775143084   0.00226070510148829   0
0.12694443930346   0.264264901748227   -0.00213929394457582   0.0188308971482123   0
0.116802445090203   0.254691953320575   -0.0101419942132563   -0.00957294842765177   0
0.13198622902019   0.274739787772903   0.0151837839299864   0.0200478344523283   0
0.143247535344104   0.278305561150869   0.0112613063239144   0.00356577337796549   0
0.121381010436419   0.272957999288352   -0.0218665249076851   -0.00534756186251678   0
0.13486705598659   0.276891288252267   0.0134860455501708   0.00393328896391493   0
0.132844509862659   0.267209928985152   -0.00202254612393138   -0.00968135926711494   0
0.121585922268804   0.287683908265652   -0.0112585875938548   0.0204739792804998   0
0.123702391900076   0.281522393720731   0.00211646963127225   -0.00616151454492136   0
0.136353997169427   0.286328940883558   0.0126516052693506   0.00480654716282741   0
0.141997297873586   0.29123479896168   0.00564330070415969   0.00490585807812183   0
0.135289896112829   0.274587225001456   -0.00670740176075754   -0.0166475739602241   0
0.116064913561722   0.285319302346511   -0.0192249825511068   0.0107320773450559   0
0.113006878567855   0.290749063500212   -0.00305803499386668   0.00542976115370003   0
0.131186187844332   0.315737114836853   0.0181793092764768   0.0249880513366413   0
0.101316279789627   0.308038173220869   -0.0298699080547051   -0.00769894161598406   0
0.0945262716049353   0.268131418181924   -0.00679000818469176   -0.0399067550389444   0
0.0968912994939174   0.294763586949779   0.00236502788898209   0.0266321687678547   0
0.0899023797517062   0.293075203953269   -0.00698891974221116   -0.00168838299651053   0
0.108471233803253   0.30399147706268   0.0185688540515469   0.0109162731094115   0
0.129233831598812   0.308275048346035   0.0207625977955585   0.0042835712833546   0
0.122634487092416   0.301982694748391   -0.00659934450639542   -0.00629235359764352   0
0.130855521252181   0.292455240078717   0.00822103415976481   -0.0095274546696742   0
0.135466253244747   0.305155459252329   0.00461073199256623   0.0127002191736123   0
0.132846794593998   0.288322956773303   -0.00261945865074886   -0.0168325024790262   0
0.125184906100736   0.293808447263689   -0.00766188849326277   0.00548549049038605   0
0.120282439132402   0.312264332577786   -0.00490246696833359   0.0184558853140966   0
0.129896326166255   0.312647378796784   0.00961388703385256   0.000383046218998595   0
0.135736438123888   0.303705658749553   0.00584011195763309   -0.00894172004723132   0
0.109887920019855   0.30664743376107   -0.0258485181040329   0.00294177501151727   0
0.106048830954141   0.297413231472223   -0.00383908906571366   -0.00923420228884753   0
0.0963319643225965   0.314807947327414   -0.00971686663154463   0.0173947158551914   0
0.144235508024342   0.301481422204586   0.0479035437017454   -0.0133265251228279   0
0.15313168349535   0.317792860197881   0.00889617547100793   0.0163114379932948   0
0.153275887097906   0.316127567633701   0.00014420360255607   -0.00166529256418047   0
0.152252482957093   0.307803612354534   -0.00102340414081251   -0.00832395527916702   0
0.14166687484931   0.310204834179369   -0.0105856081077836   0.00240122182483565   0
0.125631978955877   0.31900015540631   -0.0160348958934325   0.00879532122694088   0
0.141157472301434   0.315173413937074   0.0155254933455563   -0.00382674146923645   0
0.148735484007953   0.321144071355443   0.00757801170651923   0.0059706574183695   0
0.15213865801288   0.333870677003462   0.00340317400492696   0.0127266056480188   0
0.141767099354998   0.333309057027408   -0.0103715586578814   -0.000561619976053807   0
0.150170572542692   0.330532072979688   0.00840347318769383   -0.00277698404771981   0
0.159200142533228   0.355547159665915   0.00902956999053536   0.0250150866862271   0
0.159817856866027   0.345944565181692   0.000617714332799696   -0.00960259448422335   0
0.167905512431159   0.348268208138857   0.00808765556513139   0.00232364295716458   0
0.170602556602707   0.348747911567582   0.00269704417154876   0.000479703428725331   0
0.158817334854385   0.346856460613753   -0.011785221748322   -0.00189145095382903   0
0.163223454899962   0.346597470338792   0.00440612004557678   -0.00025899027496068   0
0.14221685211043   0.333264925028122   -0.021006602789532   -0.01333254531067   0
0.143532948503854   0.346790077729309   0.00131609639342373   0.0135251527011864   0
0.138334765541313   0.327174746945344   -0.00519818296254115   -0.0196153307839645   0
0.171896576406774   0.348576878812623   0.0335618108654615   0.0214021318672787   0
0.184257824281087   0.358210744588643   0.0123612478743129   0.0096338657760201   0
0.170362770049239   0.349632921792986   -0.0138950542318479   -0.00857782279565739   0
0.175981947438992   0.357479915675343   0.00561917738975226   0.00784699388235693   0
0.181429846109316   0.366824445559794   0.00544789867032416   0.00934452988445111   0
0.171472785304957   0.359039073754167   -0.0099570608043584   -0.00778537180562688   0
0.186372119220768   0.363678118196916   0.0148993339158102   0.00463904444274921   0
0.18891038803041   0.377632305048509   0.00253826880964222   0.0139541868515927   0
0.171396340712659   0.358304371367417   -0.0175140473177505   -0.0193279336810915   0
0.17618419316244   0.3671947282863   0.00478785244978075   0.00889035691888329   0
0.180426514717904   0.370208604182156   0.00424232155546381   0.00301387589585517   0
0.176873907959427   0.355799954292437   -0.00355260675847649   -0.014408649889719   0
0.185142312238937   0.367243272077924   0.00826840427950951   0.0114433177854872   0
0.189232739434829   0.376427443114872   0.00409042719589239   0.00918417103694791   0
0.180221572863351   0.371238248070225   -0.00901116657147866   -0.00518919504464666   0
0.180626218346064   0.358738827353898   0.000404645482713378   -0.0124994207163269   0
0.176019073121665   0.367151546820247   -0.00460714522439917   0.00841271946634875   0
0.186348270029319   0.374677287784101   0.0103291969076542   0.007525740963854   0
0.185468081205716   0.36519726874184   -0.000880188823603217   -0.00948001904226059   0
0.191922437101971   0.381882096074495   0.00645435589625512   0.0166848273326548   0
0.189826773247743   0.365560707599983   -0.00209566385422805   -0.0163213884745125   0
0.184453838659053   0.375107656412462   -0.00537293458868979   0.00954694881247981   0
0.204342105893352   0.37658448646021   0.0198882672342992   0.0014768300477474   0
0.203472030438633   0.38702598775599   -0.000870075454719316   0.0104415012957805   0
0.192924000023455   0.37330000109195   -0.0105480304151781   -0.0137259866640402   0
0.19529394209706   0.386672145278465   0.00236994207360561   0.0133721441865144   0
0.192721398176772   0.37710508861092   -0.00257254392028816   -0.00956705666754443   0
0.171509113998819   0.386353914453122   -0.021212284177953   0.00924882584220149   0
0.182862963634958   0.366929048919542   0.0113538496361388   -0.0194248655335792   0
0.185958992451374   0.372917001653518   0.00309602881641544   0.00598795273397568   0
0.196594823263483   0.369370126117422   0.0106358308121092   -0.00354687553609645   0
0.195919553291651   0.374228351818111   -0.000675269971831927   0.00485822570068956   0
0.195247937936717   0.357335111768001   -0.000671615354934013   -0.0168932400501098   0
0.182930597450973   0.368859775061947   -0.0123173404857436   0.0115246632939455   0
0.178910854529316   0.373282785389978   -0.00401974292165741   0.00442301032803066   0
0.173431423658921   0.367412391551374   -0.00547943087039521   -0.00587039383860366   0
0.187754613823363   0.374002796274306   0.0143231901644419   0.0065904047229321   0
0.185239748247184   0.381465388004272   -0.00251486557617883   0.00746259172996633   0
0.173080510800292   0.363072506803049   -0.0121592374468917   -0.0183928812012233   0
0.149447182659962   0.371711059583247   -0.0236333281403301   0.00863855278019782   0
0.132277582634087   0.401512301803133   -0.0171696000258753   0.0298012422198861   0
0.155332326170215   0.406283470390133   0.0230547435361282   0.00477116858700011   0
0.138672389845636   0.435068421636758   -0.016659936324579   0.0287849512466253   0
0.108407002473503   0.450552036251918   -0.0302653873721332   0.0154836146151602   0
0.0621947811245445   0.482557656340929   -0.0462122213489581   0.0320056200890104   0
0.772423992497158   0.721961990169323   0.710229211372614   0.239404333828394   1
0.410986632935914   0.755849602904572   -0.361437359561244   0.0338876127352492   1
0.387916426282776   0.804758420554423   -0.0230702066531388   0.0489088176498508   1
0.70499004952624   0.723751967990589   0.317073623243464   -0.0810064525638345   1
0.702725209886702   0.619512267116842   -0.00226483963953816   -0.104239700873746   1
0.669027972417813   0.629123240159073   -0.0336972374688886   0.00961097304223002   1
0.658239589225747   0.631732095149716   -0.0107883831920659   0.00260885499064356   0
0.669453398436695   0.625974303518523   0.0112138092109477   -0.00575779163119305   0
0.737962602110873   0.680556288944566   0.0685092036741778   0.0545819854260433   0
0.695124446544905   0.733489982525494   -0.0428381555659678   0.052933693580928   0
0.695379539484014   0.68541476511562   0.000255092939109525   -0.0480752174098747   0
0.840790219249725   0.718350390977307   0.14541067976571   0.0329356258616875   0
0.865636655363808   0.73789092229814   0.0248464361140832   0.0195405313208331   0
0.879518285591812   0.801367612159988   0.0138816302280039   0.0634766898618473   0
0.815609443413825   0.753559234403806   -0.0639088421779865   -0.0478083777561817   0
0.233013973022564   0.859311261589187   -0.582595470391262   0.105752027185381   1
1.03076862156645   0.570506161071245   0.797754648543887   -0.288805100517942   1
