0.426274379049337   0.184184545309378   0   0   0
0.327087889555177   0.156822604241225   -0.0991864894941598   -0.0273619410681531   0
0.288900741038873   0.167167740809194   -0.0381871485163044   0.010345136567969   0
0.311878828896753   0.158828492926561   0.0229780878578797   -0.00833924788263382   0
0.29946078247938   0.157901583294793   -0.0124180464173729   -0.00092690963176742   0
0.218634249161585   0.161318903815548   -0.080826533317795   0.00341732052075477   0
0.232476497958903   0.130654814137291   0.0138422487973176   -0.0306640896782571   0
0.208689503728817   0.112466015916765   -0.0237869942300853   -0.018188798220526   0
0.225440433014843   0.108499286871723   0.016750929286026   -0.00396672904504158   0
0.246327037390523   0.108235905830459   0.0208866043756798   -0.000263381041264193   0
0.207532230209189   0.083108871680841   -0.0387948071813336   -0.025127034149618   0
0.175410305313456   0.0732118216871428   -0.032121924895733   -0.0098970499936982   0
0.152699431084402   0.0956592699245609   -0.0227108742290546   0.0224474482374181   0
0.164664106853103   0.0750738404908794   0.0119646757687008   -0.0205854294336815   0
0.162071304737298   0.057676466450451   -0.00259280211580498   -0.0173973740404284   0
0.148092104458172   0.0527870949177211   -0.0139792002791261   -0.00488937153272987   0
0.118472343859021   0.0475360636822455   -0.0296197605991511   -0.00525103123547561   0
0.149549555667845   0.0679170788317084   0.0310772118088249   0.0203810151494629   0
0.145011339868508   0.0521324142930528   -0.00453821579933722   -0.0157846645386556   0
0.115318182682004   0.0531054739530832   -0.0296931571865044   0.000973059660030383   0
0.0914173421933716   0.0604354184098613   -0.0239008404886322   0.00732994445677807   0
0.110809836773546   0.0414111729114559   0.0193924945801748   -0.0190242454984054   0
0.11339611213547   0.0604788115794491   0.0025862753619232   0.0190676386679932   0
0.106766182756995   0.0786540849037417   -0.00662992937847488   0.0181752733242926   0
0.105787784858603   0.0813576509831743   -0.000978397898392075   0.00270356607943265   0
0.135539643847732   0.0822480017631128   0.0297518589891292   0.000890350779938459   0
0.127734371150682   0.0882432106442457   -0.00780527269705017   0.00599520888113299   0
0.107357059879006   0.0801312781222164   -0.0203773112716761   -0.00811193252202932   0
0.0808515536836498   0.0907244946204304   -0.0265055061953559   0.010593216498214   0
0.164691494010178   0.0902162639388957   0.0838399403265279   -0.000508230681534633   0
0.193567604130143   0.0886500229358261   0.0288761101199649   -0.00156624100306962   0
0.15196606194985   0.0801243730898564   -0.0416015421802927   -0.00852564984596976   0
0.144462677738889   0.0775682028499759   -0.00750338421096117   -0.0025561702398805   0
0.160305911785717   0.0930476893906856   0.0158432340468281   0.0154794865407098   0
0.150893453444376   0.100541646994977   -0.00941245834134097   0.00749395760429103   0
0.136184675323483   0.0859681319844743   -0.0147087781208927   -0.0145735150105023   0
0.107162937485401   0.0994594071223532   -0.0290217378380819   0.0134912751378788   0
0.0996359319055631   0.110943749571495   -0.0075270055798381   0.0114843424491414   0
0.107276698339388   0.113791422698945   0.00764076643382469   0.00284767312745056   0
0.174078749965771   0.103194438292357   0.0668020516263838   -0.0105969844065885   0
0.17022473923705   0.113913703855078   -0.00385401072872169   0.0107192655627217   0
0.151317051539334   0.110206703844755   -0.0189076876977154   -0.00370700001032306   0
0.0716628774550401   0.156214976521699   -0.0796541740842943   0.0460082726769438   0
0.0854148874416053   0.155333860655493   0.0137520099865651   -0.000881115866206428   0
0.156785281254619   0.121173874174415   0.0713703938130137   -0.0341599864810774   0
0.128646714526661   0.147945032129513   -0.0281385667279584   0.0267711579550973   0
0.0656694757474612   0.159056574589712   -0.0629772387791993   0.0111115424601991   0
0.0716519648982643   0.16472761217189   0.00598248915080306   0.00567103758217805   0
0.184035101282391   0.135867797111935   0.112383136384127   -0.0288598150599544   0
0.165484178819548   0.1438353580394   -0.0185509224628436   0.00796756092746514   0
0.135092669017234   0.156553641786689   -0.0303915098023134   0.0127182837472888   0
0.123055741216125   0.159757742389344   -0.0120369278011089   0.0032041006026548   0
0.132151358213981   0.165991382434782   0.00909561699785601   0.0062336400454378   0
0.150538094190594   0.19642715735165   0.0183867359766125   0.0304357749168685   0
0.165506932501965   0.195289829159355   0.0149688383113712   -0.00113732819229548   0
0.246633702450537   0.194009499284416   0.081126769948572   -0.0012803298749384   0
0.201756319372678   0.220953808141543   -0.0448773830778591   0.026944308857127   0
0.184432008367989   0.213252489536465   -0.0173243110046888   -0.00770131860507875   0
0.247405314000427   0.211598030183412   0.0629733056324382   -0.00165445935305303   0
0.250079250316235   0.218841754219282   0.00267393631580748   0.00724372403587001   0
0.282911045471894   0.221861378893562   0.0328317951556591   0.00301962467427991   0
0.289171994443878   0.226833968503513   0.00626094897198376   0.00497258960995089   0
0.269713322832114   0.242572927796616   -0.0194586716117639   0.015738959293104   0
0.353017250769619   0.231574570694739   0.0833039279375052   -0.0109983571018778   0
0.319196068848678   0.240912253263694   -0.0338211819209409   0.00933768256895484   0
0.357867325157103   0.269598969137959   0.0386712563084254   0.0286867158742652   0
0.383158341188496   0.282346632897401   0.0252910160313926   0.0127476637594428   0
0.940618192939776   0.366091797238411   0.55745985175128   0.0837451643410098   1
0.630231365776538   0.338526242747147   -0.310386827163239   -0.0275655544912647   1
0.520345986948348   0.352886696123203   -0.10988537882819   0.0143604533760567   0
0.455760569074783   0.359711692243594   -0.0645854178735647   0.00682499612039067   0
0.408615849666517   0.36407140124157   -0.0471447194082655   0.00435970899797572   0
0.454127672777161   0.384411441414014   0.0455118231106434   0.0203400401724445   0
0.482223463951766   0.403369129366639   0.028095791174605   0.0189576879526245   0
0.556210444219856   0.409437415445267   0.0739869802680905   0.00606828607862808   0
0.556369232791498   0.401053441424581   0.000158788571641644   -0.00838397402068558   0
0.59568784046173   0.352059179266782   0.0393186076702324   -0.0489942621577994   0
0.522798973686827   0.361085700890384   -0.072888866774903   0.00902652162360246   0
0.556573984918241   0.364330150450453   0.0337750112314134   0.00324444956006914   0
0.568355725514127   0.371513195025762   0.0117817405958865   0.00718304457530877   0
0.506304727861088   0.377974539089937   -0.0620509976530397   0.00646134406417442   0
0.508308220762403   0.377122939582704   0.00200349290131563   -0.000851599507232348   0
0.546215486909407   0.40231719927285   0.0379072661470033   0.0251942596901457   0
0.55651523020877   0.413315902030457   0.0102997432993631   0.0109987027576067   0
0.588166085353695   0.403638426038082   0.0316508551449252   -0.00967747599237484   0
0.656700270186948   0.423992350896216   0.0685341848332528   0.0203539248581343   0
0.686644270514136   0.433285580079409   0.0299440003271882   0.00929322918319303   0
0.701103744196428   0.41427106475139   0.0144594736822919   -0.0190145153280195   0
0.711861303059276   0.404933838361898   0.0107575588628478   -0.00933722638949114   0
0.672326564315207   0.403775206249096   -0.0395347387440687   -0.00115863211280243   0
0.676055262880262   0.423602587458162   0.00372869856505487   0.0198273812090663   0
0.713694447181152   0.427676425290488   0.0376391843008901   0.00407383783232529   0
0.68717104634398   0.483715359175466   -0.0265234008371721   0.0560389338849784   0
0.706778357293841   0.469074243645129   0.0196073109498609   -0.0146411155303367   0
0.695678561375647   0.47574556024045   -0.0110997959181937   0.00667131659532116   0
0.704908898960206   0.485684736778396   0.00923033758455905   0.00993917653794574   0
0.776692105990939   0.533759181567399   0.0717832070307328   0.0480744447890032   0
0.817573675342161   0.549598300023299   0.0408815693512224   0.0158391184558996   0
0.783202930991764   0.549182471495814   -0.0343707443503973   -0.00041582852748534   0
0.728796434253461   0.585113729102941   -0.0544064967383027   0.0359312576071277   0
0.849657965050643   0.57230599111533   0.120861530797182   -0.0128077379876114   0
0.811731574883779   0.517600916857283   -0.0379263901668644   -0.054705074258047   0
0.883047550290447   0.538809130052795   0.0713159754066685   0.0212082131955122   0
0.811514312901047   0.514826525195866   -0.0715332373894   -0.0239826048569288   0
0.705702699185606   0.489031257440156   -0.105811613715441   -0.0257952677557104   0
0.783431232660027   0.478580609661006   0.0777285334744212   -0.0104506477791501   0
0.736976056997444   0.467803839552702   -0.0464551756625831   -0.010776770108304   0
0.607751971928459   0.37436599758859   -0.129224085068985   -0.093437841964112   0
0.725136679604266   0.430305250644818   0.117384707675807   0.0559392530562287   0
0.652018478296114   0.462928374337219   -0.0731182013081521   0.0326231236924002   0
0.710354549994581   0.48830165628047   0.0583360716984669   0.0253732819432511   0
0.728986065303336   0.51939096412457   0.0186315153087553   0.0310893078441   0
0.804796608345108   0.536071736414773   0.0758105430417716   0.0166807722902034   0
0.773315299469731   0.518187395974178   -0.0314813088753766   -0.0178843404405947   0
0.837618400588842   0.517647914501256   0.0643031011191109   -0.000539481472922043   0
0.796867457002455   0.523840960545517   -0.0407509435863866   0.00619304604426063   0
0.813056689326699   0.531264611839759   0.0161892323242435   0.00742365129424216   0
0.761868253800695   0.522881349670506   -0.0511884355260042   -0.00838326216925311   0
0.848605630308096   0.567541034795283   0.0867373765074008   0.0446596851247765   0
0.928229240563278   0.64270831315866   0.0796236102551825   0.0751672783633774   0
0.960233051612659   0.602911653772964   0.0320038110493813   -0.0397966593856963   0
0.837731402381754   0.577218376319136   -0.122501649230906   -0.0256932774538274   0
0.795975820610055   0.558727016478978   -0.0417555817716991   -0.0184913598401583   0
0.870650090614599   0.619218064231011   0.0746742700045447   0.0604910477520326   0
0.918936773292918   0.596806023805893   0.0482866826783188   -0.0224120404251177   0
0.899498839548784   0.672523228679129   -0.0194379337441338   0.0757172048732361   0
0.917243765426449   0.632583637713228   0.0177449258776642   -0.0399395909659012   0
0.8835241753818   0.524430987941454   -0.0337195900446484   -0.108152649771773   0
0.935799272054622   0.588890423619921   0.0522750966728217   0.0644594356784666   0
0.844875510319414   0.623482420996174   -0.0909237617352081   0.0345919973762526   0
0.979136365021236   0.763654648961983   0.134260854701823   0.14017222796581   0
1.01237327897807   0.720624038423643   0.033236913956834   -0.0430306105383406   0
0.909316007930538   0.723119094122296   -0.103057271047533   0.00249505569865316   0
0.846102495335855   0.73514839828772   -0.0632135125946831   0.0120293041654239   0
0.922296312193408   0.684200610133461   0.0761938168575532   -0.0509477881542592   0
0.921902120337924   0.669592498199838   -0.000394191855483728   -0.0146081119336229   0
1.00579373477928   0.658919829525945   0.0838916144413546   -0.0106726686738932   0
0.689203668058731   0.555355962886418   -0.316590066720547   -0.103563866639527   0
0.633918918733335   0.564706748835624   -0.0552847493253966   0.00935078594920602   0
0.592934440093481   0.586733274452072   -0.0409844786398533   0.0220265256164479   0
0.606622592289984   0.647730325763353   0.0136881521965025   0.0609970513112819   0
0.588045699339099   0.665111161718851   -0.0185768929508849   0.0173808359554979   0
0.684363672686745   0.69658233704064   0.0963179733476459   0.0314711753217889   0
0.716585843020981   0.696251575148128   0.0322221703342362   -0.000330761892511799   0
0.715866346601263   0.718676404869048   -0.000719496419717802   0.0224248297209197   0
0.750021753723244   0.713164977754972   0.0341554071219805   -0.00551142711407593   0
0.811926905856285   0.696256713697075   0.0619051521330409   -0.0169082640578976   0
0.829574024172829   0.659114061173216   0.017647118316544   -0.0371426525238586   0
0.820842889123349   0.643644577935098   -0.00873113504947975   -0.0154694832381183   0
0.750678279148027   0.614738349945731   -0.0701646099753217   -0.0289062279893667   0
0.826256016632762   0.711634916228996   0.0755777374847353   0.0968965662832649   0
0.919911497072979   0.709161327712179   0.0936554804402168   -0.00247358851681734   0
0.883172639521266   0.697281152630702   -0.0367388575517132   -0.011880175081477   0
0.880559985532621   0.722659315738924   -0.00261265398864496   0.0253781631082224   0
0.879998982736094   0.702723133202722   -0.000561002796527155   -0.0199361825362026   0
0.834768370790371   0.705889364487276   -0.0452306119457231   0.00316623128455418   0
0.817965595959488   0.713017884707319   -0.016802774830883   0.00712852022004362   0
0.886451559906688   0.727456276279544   0.0684859639471999   0.0144383915722245   0
0.927132052227864   0.583746847000693   0.040680492321176   -0.143709429278851   0
0.967376235562509   0.619026612868542   0.040244183334645   0.0352797658678496   0
0.914377564681029   0.67496229784522   -0.0529986708814792   0.0559356849766781   0
0.971125557956174   0.73853027161874   0.0567479932751443   0.0635679737735197   0
0.815252816576582   0.721708356554779   -0.155872741379592   -0.0168219150639611   0
0.83536522006751   0.767776794244427   0.0201124034909282   0.0460684376896485   0
0.909326825024952   0.710683805975801   0.0739616049574418   -0.0570929882686264   0
0.963070504784567   0.656361506120103   0.0537436797596146   -0.054322299855698   0
0.980698825753498   0.695432381062314   0.0176283209689316   0.0390708749422113   0
0.977480170131655   0.584191228031755   -0.00321865562184287   -0.111241153030559   0
0.950894998941713   0.486386869457585   -0.0265851711899426   -0.0978043585741699   0
0.952019660734068   0.565243176915476   0.00112466179235526   0.0788563074578907   0
1.04221189345373   0.635101278266309   0.0901922327196623   0.0698581013508334   0
0.777185896031606   0.567882499648035   -0.265025997422125   -0.0672187786182746   0
0.838506682535262   0.585540016012783   0.0613207865036557   0.0176575163647483   0
0.813572335708639   0.605693203678232   -0.0249343468266229   0.0201531876654489   0
0.729854470110041   0.602204731283515   -0.0837178655985976   -0.00348847239471728   0
0.771986031566219   0.632151954430262   0.0421315614561782   0.0299472231467474   0
0.813180319980194   0.637185558081984   0.0411942884139744   0.00503360365172245   0
0.867235254069442   0.571334450732887   0.0540549340892486   -0.065851107349097   0
0.884181091091073   0.606087020708454   0.0169458370216307   0.0347525699755666   0
0.90316331020553   0.621179366920095   0.0189822191144569   0.015092346211641   0
0.968658222639317   0.593565448330047   0.0654949124337872   -0.0276139185900477   0
0.829576257668797   0.468892151983268   -0.13908196497052   -0.124673296346779   0
0.822178056331206   0.398253570560579   -0.00739820133759095   -0.070638581422689   0
0.823450577306015   0.423406933813382   0.00127252097480923   0.0251533632528035   0
0.879904621896282   0.459162501886587   0.0564540445902671   0.0357555680732045   0
0.761119451914586   0.399866557605159   -0.118785169981696   -0.0592959442814279   0
0.864965345223385   0.455889898929829   0.103845893308799   0.0560233413246702   0
0.834407219959775   0.48609587336039   -0.0305581252636105   0.0302059744305603   0
0.826794079695325   0.545398947830164   -0.00761314026444948   0.0593030744697743   0
