0.1608299334938   0.108870783738396   0   0   0
0.129117529157586   0.101656760097271   -0.0317124043362139   -0.00721402364112461   0
0.0960289529636765   0.107993638876602   -0.0330885761939092   0.00633687877933141   0
0.0686979597707239   0.133889426807917   -0.0273309931929526   0.0258957879313144   0
0.133046137274781   0.0959471867816352   0.0643481775040576   -0.0379422400262815   0
0.181218167185854   0.112910515358579   0.0481720299110721   0.0169633285769442   0
0.136096069164837   0.0858228435703601   -0.045122098021017   -0.0270876717882193   0
0.109680953214357   0.0547512022554072   -0.0264151159504795   -0.0310716413149529   0
0.149867402651844   0.0842217150888801   0.0401864494374871   0.029470512833473   0
0.11692716967848   0.0798444968783228   -0.0329402329733644   -0.00437721821055735   0
0.105708563552108   0.0392389840006721   -0.0112186061263721   -0.0406055128776507   0
0.10665766018963   0.0814901843005647   0.00094909663752224   0.0422512002998926   0
0.0852394702411365   0.0820490835971524   -0.0214181899484934   0.000558899296587714   0
0.0851801869260475   0.0378056229088015   -5.92833150889899e-05   -0.0442434606883509   0
0.110398008936439   0.0653689786464354   0.0252178220103911   0.0275633557376338   0
0.0881602115692221   0.0558608048895869   -0.0222377973672166   -0.00950817375684845   0
0.0845845538680674   0.0526754904353296   -0.00357565770115467   -0.00318531445425734   0
0.0997352879769743   0.0261955221290845   0.0151507341089069   -0.0264799683062451   0
0.112319787920606   0.0291179941639294   0.0125844999436321   0.00292247203484492   0
0.0921347003456895   0.0224005124551315   -0.0201850875749169   -0.00671748170879791   0
0.044284953503645   0.0273517399199758   -0.0478497468420445   0.00495122746484437   0
0.0460356999046664   0.0256411395258674   0.00175074640102138   -0.00171060039410843   0
0.0504270819672327   0.0362440455650649   0.00439138206256627   0.0106029060391975   0
0.0537441033551589   0.0350329650736631   0.00331702138792623   -0.00121108049140176   0
0.0680787349809763   0.00942047477016949   0.0143346316258174   -0.0256124903034936   0
0.0601408487393552   0.0132473056541925   -0.00793788624162108   0.00382683088402298   0
0.0765041288521084   0.0265055308719161   0.0163632801127532   0.0132582252177237   0
0.0562993472098922   0.0421579884931966   -0.0202047816422161   0.0156524576212805   0
0.0802201124919431   0.00942349561386856   0.0239207652820509   -0.0327344928793281   0
0.0765225335070004   0.0261961760240402   -0.00369757898494268   0.0167726804101717   0
0.082087073867997   0.0320159355032381   0.00556454036099661   0.00581975947919785   0
0.0623710107965231   0.0764952352488475   -0.0197160630714739   0.0444792997456095   0
0.0634166260948972   0.135196756084974   0.00104561529837412   0.0587015208361267   0
0.0839100318558514   0.154526888826387   0.0204934057609542   0.0193301327414126   0
0.0570815194442124   0.141619252382268   -0.026828512411639   -0.0129076364441189   0
0.0988075598094599   0.150819075618976   0.0417260403652475   0.00919982323670843   0
0.0807410503118457   0.118807754749732   -0.0180665094976142   -0.0320113208692442   0
0.118389799990075   0.127232669593741   0.0376487496782295   0.00842491484400898   0
0.105191203067663   0.11679922526477   -0.0131985969224118   -0.0104334443289715   0
0.181961550626169   0.14733867173687   0.076770347558506   0.0305394464720999   0
0.121756244418551   0.111539059908402   -0.0602053062076181   -0.035799611828468   0
0.146975838320317   0.135211232544277   0.0252195939017659   0.0236721726358752   0
0.131976060886587   0.119216625608889   -0.0149997774337306   -0.0159946069353878   0
0.130800276458729   0.119505951864374   -0.00117578442785729   0.000289326255484695   0
0.131640984995745   0.095665012036925   0.000840708537015927   -0.0238409398274487   0
0.141767088009735   0.103117663326315   0.01012610301399   0.00745265128938991   0
0.140561007039826   0.107993644952388   -0.00120608096990926   0.0048759816260734   0
0.167238136350295   0.0980191684646427   0.0266771293104695   -0.0099744764877456   0
0.149593623876621   0.0906331526206195   -0.0176445124736743   -0.00738601584402321   0
0.157014876974158   0.108140384328439   0.00742125309753694   0.0175072317078196   0
0.160241974976377   0.0957525358321648   0.0032270980022194   -0.0123878484962743   0
0.192067691835899   0.1262743105891   0.0318257168595218   0.0305217747569353   0
0.175352137363079   0.11302607728082   -0.0167155544728207   -0.0132482333082796   0
0.201530854972632   0.121188928318597   0.0261787176095533   0.00816285103777638   0
0.188739596332671   0.103211270804113   -0.0127912586399609   -0.0179776575144836   0
0.190363420618024   0.118464479390449   0.00162382428535349   0.0152532085863353   0
0.184434665017534   0.106241952434055   -0.00592875560049017   -0.0122225269563935   0
0.195890704429919   0.0930401399325716   0.011456039412385   -0.0132018125014834   0
0.180537799482687   0.096754423796796   -0.0153529049472323   0.0037142838642244   0
0.193931460923865   0.101768550956521   0.0133936614411775   0.00501412715972498   0
0.195576808519315   0.0901828696510596   0.00164534759545068   -0.0115856813054614   0
0.201434112951578   0.104804124648424   0.00585730443226232   0.0146212549973649   0
0.191495079662246   0.108762517810928   -0.00993903328933141   0.00395839316250382   0
0.208185545999173   0.109461035739767   0.0166904663369265   0.000698517928838446   0
0.207080222297157   0.097721991099752   -0.00110532370201549   -0.0117390446400148   0
0.208448433520931   0.106079186139412   0.00136821122377392   0.00835719503965995   0
0.208849719856289   0.105516029391273   0.000401286335357964   -0.000563156748138866   0
0.232241648407365   0.117550500191407   0.0233919285510757   0.012034470800134   0
0.232133856714007   0.127072084549519   -0.000107791693357562   0.00952158435811151   0
0.24887134454222   0.131538749551691   0.0167374878282131   0.00446666500217244   0
0.254642786971828   0.14123238088644   0.00577144242960823   0.0096936313347491   0
0.259001150558207   0.136618482039776   0.00435836358637837   -0.00461389884666449   0
0.275192855385528   0.148085782310592   0.0161917048273209   0.0114673002708162   0
0.271270406743235   0.130810743082717   -0.00392244864229302   -0.0172750392278752   0
0.280863020483812   0.165526125653483   0.00959261374057691   0.034715382570766   0
0.269816749433238   0.169834343989342   -0.0110462710505734   0.00430821833585895   0
0.270135730702638   0.170857453383047   0.000318981269400165   0.00102310939370523   0
0.277075117191181   0.176514252631969   0.00693938648854298   0.00565679924892201   0
0.286298560948918   0.164303801059196   0.00922344375773709   -0.0122104515727724   0
0.2992786220408   0.159594611336379   0.0129800610918815   -0.00470918972281703   0
0.29529980530791   0.162107678229626   -0.00397881673289041   0.00251306689324673   0
0.29962158306798   0.165314002224554   0.00432177776007053   0.00320632399492835   0
0.313154219732898   0.161683708404712   0.0135326366649177   -0.00363029381984226   0
0.315860577801739   0.170117540686579   0.00270635806884162   0.00843383228186717   0
0.306580355605708   0.167765102107828   -0.00928022219603181   -0.00235243857875125   0
0.314468285303781   0.188166805009545   0.00788792969807312   0.0204017029017165   0
0.316596643564963   0.188096782910421   0.00212835826118196   -7.00220991237954e-05   0
0.312153788229783   0.185069962785699   -0.00444285533517985   -0.00302682012472191   0
0.334885460700969   0.210252908242669   0.0227316724711858   0.0251829454569696   0
0.331370791141108   0.185722552066247   -0.00351466955986041   -0.0245303561764211   0
0.349867242987543   0.20459356488536   0.0184964518464347   0.0188710128191125   0
0.347411559418538   0.185794022519563   -0.00245568356900538   -0.0187995423657967   0
0.368154599599054   0.199368104841898   0.0207430401805168   0.0135740823223346   0
0.3566654873385   0.204582542772471   -0.0114891122605539   0.00521443793057327   0
0.359249049348847   0.215548239719094   0.00258356201034621   0.0109656969466228   0
0.364461690211536   0.197682871360293   0.00521264086268985   -0.0178653683588014   0
0.377766671630307   0.204250915808228   0.0133049814187702   0.00656804444793577   0
0.376594425434976   0.194724972384771   -0.0011722461953303   -0.00952594342345697   0
0.391896378004352   0.203155495657883   0.0153019525693756   0.00843052327311128   0
0.398304265661177   0.189263659123985   0.00640788765682454   -0.0138918365338976   0
0.390684161093459   0.203302235942574   -0.00762010456771733   0.0140385768185889   0
0.409389954753716   0.211962752847051   0.0187057936602573   0.008660516904477   0
0.399954147995805   0.212865022186596   -0.00943580675791184   0.00090226933954507   0
0.404929609619623   0.196111049360433   0.00497546162381807   -0.0167539728261635   0
0.400301596900387   0.207942591533096   -0.00462801271923563   0.0118315421726634   0
0.408097187139093   0.2025946854029   0.00779559023870602   -0.00534790613019603   0
0.414313765722743   0.231947316068757   0.00621657858364988   0.0293526306658574   0
0.408488759407698   0.226817208863217   -0.00582500631504512   -0.00513010720554083   0
0.429484757693041   0.223998031909323   0.020995998285343   -0.00281917695389372   0
0.415304722765667   0.254644079364218   -0.0141800349273738   0.0306460474548949   0
0.428822735212349   0.241301676919681   0.0135180124466815   -0.0133424024445369   0
0.374595560926408   0.291190903323318   -0.054227174285941   0.0498892264036373   0
0.430529208292028   0.341233954921327   0.05593364736562   0.0500430515980085   0
0.421869258345023   0.320842589589506   -0.00865994994700431   -0.0203913653318209   0
0.422762409422897   0.305784347204039   0.000893151077873355   -0.0150582423854672   0
0.452928759035458   0.322248711163055   0.0301663496125614   0.0164643639590164   0
0.438649987434914   0.310377245372466   -0.0142787716005443   -0.0118714657905888   0
0.45813464568321   0.32762259217963   0.0194846582482959   0.0172453468071637   0
0.463377671932736   0.325654510892295   0.00524302624952616   -0.00196808128733461   0
0.448010913030174   0.299578793179274   -0.0153667589025619   -0.0260757177130215   0
0.463246532113399   0.306701247912769   0.0152356190832247   0.00712245473349576   0
0.470048033036005   0.284507488323682   0.0068015009226059   -0.0221937595890875   0
0.502734130706433   0.327644672263643   0.0326860976704285   0.0431371839399611   0
0.495500670585964   0.32125765804919   -0.00723346012046899   -0.00638701421445337   0
0.491976423972631   0.294178137647073   -0.00352424661333345   -0.027079520402117   0
0.499371951233707   0.331159902318351   0.00739552726107662   0.0369817646712787   0
0.488975255255355   0.314517350096143   -0.0103966959783518   -0.016642552222208   0
0.481107397490082   0.295572310532042   -0.0078678577652731   -0.0189450395641011   0
0.492094686043713   0.321094345523633   0.0109872885536303   0.0255220349915904   0
0.504499541056378   0.322399716622084   0.0124048550126655   0.00130537109845119   0
0.522090911976152   0.330048220424304   0.0175913709197738   0.00764850380222015   0
0.507636850248059   0.299671773981969   -0.0144540617280932   -0.0303764464423355   0
0.524568183633863   0.322547906818894   0.0169313333858041   0.0228761328369256   0
0.504101130191315   0.291100627606245   -0.020467053442548   -0.0314472792126486   0
0.527445223308288   0.308411385616452   0.0233440931169733   0.0173107580102067   0
0.514001240811525   0.278643248931896   -0.0134439824967636   -0.0297681366845563   0
0.539721126598468   0.324787598962957   0.0257198857869438   0.046144350031061   0
0.531239332141079   0.309980017071863   -0.00848179445738906   -0.0148075818910938   0
0.549164964838481   0.325930238395044   0.0179256326974017   0.0159502213231806   0
0.534872282245566   0.287471939098084   -0.0142926825929153   -0.0384582992969597   0
0.546203034632041   0.306545597596137   0.0113307523864749   0.0190736584980526   0
0.541393026339567   0.297898478893821   -0.00481000829247369   -0.00864711870231527   0
0.540033329089656   0.287584036708403   -0.0013596972499107   -0.0103144421854184   0
0.553313060358103   0.298592977542155   0.0132797312684471   0.0110089408337523   0
0.549106021030641   0.282032545709267   -0.00420703932746247   -0.0165604318328878   0
0.561840375571389   0.295055015780532   0.0127343545407487   0.0130224700712646   0
0.559043569379534   0.274242892734707   -0.00279680619185529   -0.020812123045825   0
0.570180291011089   0.302535237679018   0.0111367216315547   0.0282923449443111   0
0.576420611452816   0.362174625138206   0.00624032044172729   0.0596393874591878   0
0.555227023670966   0.317755798736624   -0.0211935877818497   -0.0444188264015818   0
0.569861018098912   0.319804189354205   0.0146339944279456   0.00204839061758044   0
0.583540876451427   0.343640145142564   0.0136798583525153   0.0238359557883595   0
0.575804535939242   0.318511927791174   -0.0077363405121853   -0.0251282173513901   0
0.600757455922212   0.345874727689723   0.02495291998297   0.027362799898549   0
0.600988615922194   0.333762217396607   0.000231159999982467   -0.0121125102931158   0
0.616800467445   0.333880512845913   0.0158118515228052   0.000118295449306083   0
0.630489781935671   0.360798625790329   0.0136893144906713   0.026918112944416   0
0.614846239610004   0.339697062395456   -0.0156435423256669   -0.0211015633948729   0
0.655398130375423   0.374839693458964   0.0405518907654189   0.0351426310635076   0
0.624663742512922   0.357274302402667   -0.0307343878625008   -0.0175653910562967   0
0.654822002873356   0.370157652805747   0.030158260360434   0.0128833504030799   0
0.662206958648494   0.380016147472051   0.00738495577513798   0.00985849466630434   0
0.656413711876588   0.353074211837257   -0.0057932467719064   -0.0269419356347947   0
0.656229460593244   0.355727490043165   -0.00018425128334365   0.00265327820590827   0
0.635377575585283   0.345236801629331   -0.0208518850079606   -0.010490688413834   0
0.658266941210572   0.366754627813082   0.0228893656252882   0.0215178261837514   0
0.658984189160983   0.359839714874901   0.000717247950411393   -0.00691491293818131   0
0.668573418198727   0.379003414182511   0.0095892290377444   0.0191636993076101   0
0.7047883233224   0.477342025668346   0.0362149051236726   0.0983386114858351   0
0.691204826955549   0.440554812291924   -0.0135834963668513   -0.036787213376422   0
0.699919122940108   0.437941334559439   0.00871429598455919   -0.0026134777324851   0
0.698287470888674   0.43069175544035   -0.00163165205143434   -0.00724957911908924   0
0.70961893374371   0.477756840379813   0.0113314628550365   0.0470650849394636   0
0.711247858296818   0.443995781252652   0.00162892455310748   -0.0337610591271618   0
0.716707713192379   0.456729185607513   0.00545985489556189   0.0127334043548619   0
0.752159054521263   0.461814691043174   0.0354513413288832   0.00508550543566089   0
0.738664414741342   0.435316985109991   -0.0134946397799202   -0.026497705933183   0
0.757041075951563   0.423745158415834   0.0183766612102204   -0.0115718266941576   0
0.776016299723814   0.42889690764123   0.0189752237722508   0.00515174922539646   0
0.763969360981764   0.405106569076351   -0.0120469387420499   -0.023790338564879   0
0.775773680973762   0.421447708112477   0.011804319991998   0.0163411390361263   0
0.781041247469551   0.409955781878134   0.00526756649578886   -0.0114919262343431   0
0.788506605179646   0.421839355039913   0.00746535771009516   0.0118835731617789   0
0.740778339655084   0.427786292751945   -0.047728265524562   0.00594693771203142   0
0.770068091064836   0.417031101271479   0.0292897514097518   -0.0107551914804657   0
0.752698475447545   0.401648944725618   -0.0173696156172909   -0.0153821565458609   0
0.781660508718817   0.447668920739448   0.0289620332712722   0.0460199760138305   0
0.767873081690913   0.387786181393162   -0.0137874270279037   -0.0598827393462867   0
