0.112837915846093   0.0799337300587962   0   0   0
0.11868281536996   0.0890030086865725   0.0058448995238668   0.00906927862777629   0
0.0933069237663529   0.0904725431137652   -0.025375891603607   0.00146953442719269   0
0.0969336003954769   0.0770931832440618   0.00362667662912398   -0.0133793598697033   0
0.0981531656942862   0.0601313340096129   0.00121956529880927   -0.016961849234449   0
0.0440661477316329   0.150604069038788   -0.0540870179626532   0.0904727350291751   0
0.0853910837873604   0.1189856235635   0.0413249360557274   -0.0316184454752876   0
0.112350544573358   0.0827693070767177   0.0269594607859972   -0.0362163164867826   0
0.0906203038830703   0.0881509221973883   -0.0217302406902873   0.00538161512067052   0
0.102511161889572   0.0507526311154407   0.0118908580065016   -0.0373982910819476   0
0.0705039339906647   0.160890742361276   -0.0320072278989072   0.110138111245835   0
0.0665057708845578   0.0865968552576247   -0.00399816310610684   -0.0742938871036514   0
0.0800140790211948   0.0715483389395652   0.0135083081366369   -0.0150485163180595   0
0.11199798551733   0.0528741957263654   0.031983906496135   -0.0186741432131998   0
0.0870593951739271   0.065044239695439   -0.0249385903434026   0.0121700439690736   0
0.0879516492255262   0.0360126748731349   0.000892254051599095   -0.0290315648223041   0
0.0990120080460951   0.0327806953299118   0.0110603588205689   -0.00323197954322317   0
0.103608619289468   0.0245411245550245   0.00459661124337329   -0.00823957077488731   0
0.075845025031903   0.0435890850985083   -0.0277635942575653   0.0190479605434838   0
0.0928122549881211   0.0311484066213667   0.016967229956218   -0.0124406784771416   0
0.0721945651619982   0.025392942554072   -0.0206176898261229   -0.0057554640672947   0
0.0713203940738552   0.0342571811511835   -0.000874171088142958   0.00886423859711148   0
0.0878317130841133   0.0309194345240174   0.0165113190102581   -0.00333774662716605   0
0.0567395113515265   0.0624275802394663   -0.0310922017325869   0.0315081457154489   0
0.0570122632466569   0.062800147219911   0.000272751895130402   0.000372566980444765   0
0.0664853847287507   0.0648637119520036   0.00947312148209387   0.00206356473209261   0
0.0739390424553226   0.0717989468285747   0.00745365772657189   0.00693523487657108   0
0.0892050325785491   0.0481001110856825   0.0152659901232265   -0.0236988357428922   0
0.054344742270619   0.0554456491035365   -0.0348602903079301   0.00734553801785398   0
0.0749250080427757   0.0464053164633105   0.0205802657721567   -0.00904033264022597   0
0.0855252369751759   0.0481170071041415   0.0106002289324002   0.00171169064083093   0
0.0817088451670252   0.057283752787396   -0.0038163918081507   0.00916674568325454   0
0.0804279817930302   0.0600337573827009   -0.00128086337399498   0.00275000459530493   0
0.0739477752679288   0.0776463214806407   -0.00648020652510145   0.0176125640979397   0
0.0844849292029058   0.0602325066789728   0.010537153934977   -0.0174138148016679   0
0.0622251992949802   0.0499537250868741   -0.0222597299079256   -0.0102787815920986   0
0.0812024622359445   0.0330962531998337   0.0189772629409644   -0.0168574718870405   0
0.143628027080128   0.0561481202175549   0.0624255648441835   0.0230518670177213   0
0.0913171163080066   0.051447262575452   -0.0523109107721215   -0.00470085764210297   0
0.081282693900916   0.0324453946002283   -0.0100344224070906   -0.0190018679752236   0
0.0898409263870314   0.0398014467669204   0.00855823248611548   0.00735605216669209   0
0.0379472138624906   0.0749306818270226   -0.0518937125245408   0.0351292350601022   0
0.108482718210091   0.041770756201977   0.0705355043476003   -0.0331599256250456   0
0.0870056296268236   0.0623588982592902   -0.0214770885832674   0.0205881420573132   0
0.0806555767534949   0.0802086982377846   -0.00635005287332872   0.0178497999784945   0
0.0669990960139762   0.0827327804566757   -0.0136564807395187   0.00252408221889104   0
0.0840295927273838   0.0856937354314334   0.0170304967134077   0.00296095497475768   0
0.0852617086850246   0.094758923837837   0.00123211595764076   0.00906518840640366   0
0.0428250982214869   0.0972279854078161   -0.0424366104635377   0.00246906156997906   0
0.0878620621451494   0.0884351477564492   0.0450369639236625   -0.0087928376513669   0
0.0886134894200652   0.0817845037745843   0.000751427274915756   -0.00665064398186485   0
0.0851531185680243   0.066190600792824   -0.0034603708520409   -0.0155939029817603   0
0.0561241146793426   0.0894595483992905   -0.0290290038886817   0.0232689476064665   0
0.0631775830548305   0.0897448619673851   0.00705346837548785   0.000285313568094567   0
0.0851298971122954   0.0843729443383956   0.021952314057465   -0.00537191762898949   0
0.100898639920764   0.0751209150803723   0.0157687428084686   -0.00925202925802332   0
0.095550473177112   0.0636269466213805   -0.00534816674365204   -0.0114939684589918   0
0.0890943367420174   0.0534736504837897   -0.00645613643509456   -0.0101532961375908   0
0.0925624100719617   0.04820925825508   0.00346807332994427   -0.00526439222870966   0
0.086248377384505   0.0690196881188622   -0.00631403268745667   0.0208104298637822   0
0.076074268141271   0.0853538164365982   -0.010174109243234   0.016334128317736   0
0.0544928081086165   0.0834919316135547   -0.0215814600326545   -0.00186188482304346   0
0.0773968143867046   0.0626421056975258   0.0229040062780881   -0.0208498259160289   0
0.0630329755112354   0.0721895598323088   -0.0143638388754692   0.009547454134783   0
0.0906515679834607   0.0768103718572889   0.0276185924722253   0.00462081202498006   0
0.0780406248287961   0.0890322916214252   -0.0126109431546647   0.0122219197641363   0
0.0890589406131692   0.0872923459724992   0.0110183157843732   -0.00173994564892599   0
0.0874773450174958   0.0740182863410286   -0.0015815955956734   -0.0132740596314706   0
0.0825083321680908   0.0750655506551108   -0.00496901284940506   0.00104726431408218   0
0.0947762638662761   0.077371069225971   0.0122679316981854   0.00230551857086025   0
0.0909408498957427   0.0702967410002768   -0.00383541397053348   -0.00707432822569422   0
0.100990798387427   0.0682432522533181   0.0100499484916847   -0.00205348874695876   0
0.0943712941825532   0.0732048490302555   -0.00661950420487414   0.00496159677693744   0
0.0826986947634604   0.0844547740265463   -0.0116725994190928   0.0112499249962908   0
0.0984771788272288   0.0678773972769287   0.0157784840637684   -0.0165773767496177   0
0.321443677298605   0.0283489813239878   0.222966498471377   -0.0395284159529409   0
0.344041624615424   0.146056064661152   0.0225979473168181   0.117707083337164   0
0.250031563261041   0.100129784241616   -0.0940100613543824   -0.045926280419536   0
0.200787076512135   0.110787460873783   -0.0492444867489059   0.0106576766321674   0
0.199279662528342   0.101079097724023   -0.00150741398379284   -0.00970836314976045   0
0.159501496937364   0.110104896316252   -0.0397781655909781   0.00902579859222898   0
0.178881723427353   0.116846656199869   0.0193802264899888   0.00674175988361754   0
0.151820894397762   0.1134336625063   -0.027060829029591   -0.00341299369356882   0
0.198011200343213   0.0893208863876866   0.0461903059454509   -0.0241127761186136   0
0.175447825102194   0.0936273987961432   -0.022563375241019   0.00430651240845652   0
0.164051458839506   0.0725749121197679   -0.0113963662626883   -0.0210524866763753   0
0.153153823340131   0.0747837263022145   -0.0108976354993748   0.00220881418244662   0
0.13771298096131   0.0938162204961914   -0.0154408423788213   0.0190324941939769   0
0.16427752538068   0.112665757699811   0.0265645444193706   0.0188495372036195   0
0.166952050151114   0.107550424977368   0.00267452477043365   -0.0051153327224427   0
0.175302551829031   0.108688688003787   0.00835050167791695   0.00113826302641867   0
0.167684181130272   0.104823622870239   -0.00761837069875829   -0.00386506513354819   0
0.141395303421613   0.0878352332105091   -0.0262888777086594   -0.0169883896597296   0
0.155153687353062   0.11069458278476   0.0137583839314486   0.0228593495742506   0
0.190642281628211   0.110228558591431   0.035488594275149   -0.000466024193328751   0
0.177586867722729   0.0826059627956392   -0.0130554139054818   -0.0276225957957918   0
0.143628931657797   0.0926635501003091   -0.0339579360649323   0.0100575873046699   0
0.133207900569598   0.090859942350257   -0.0104210310881983   -0.00180360775005214   0
0.13130005913365   0.0866410986123935   -0.00190784143594827   -0.00421884373786345   0
0.163969635306114   0.0857955688411995   0.0326695761724639   -0.000845529771194023   0
0.166799158512176   0.10831921850564   0.002829523206062   0.0225236496644401   0
0.161533120750668   0.0910441468519668   -0.00526603776150764   -0.0172750716536728   0
0.153264771825524   0.0928822352387932   -0.00826834892514411   0.00183808838682642   0
0.144275158133923   0.0702740669741123   -0.00898961369160153   -0.0226081682646809   0
0.144080772492585   0.0750104924399382   -0.000194385641337808   0.00473642546582585   0
0.128896059325679   0.0828860437761388   -0.0151847131669061   0.00787555133620063   0
0.126637653524416   0.106928718902279   -0.00225840580126288   0.0240426751261397   0
0.155885722826114   0.107944954543971   0.029248069301698   0.00101623564169263   0
0.166527876039179   0.0899238807044881   0.0106421532130646   -0.0180210738394831   0
0.168921518817171   0.0660763192081891   0.00239364277799292   -0.0238475614962989   0
0.173222256202949   0.0683173460232465   0.00430073738577724   0.00224102681505743   0
0.148924965542954   0.0707610661683563   -0.0242972906599948   0.00244372014510975   0
0.169062992326795   0.0771938462473694   0.0201380267838413   0.00643278007901307   0
0.190323110846712   0.0963676954438312   0.0212601185199173   0.0191738491964618   0
0.184782241075489   0.0789101557023081   -0.00554086977122384   -0.0174575397415231   0
0.180786901714726   0.086595810911282   -0.0039953393607626   0.00768565520897391   0
0.179822559618308   0.0698753173842702   -0.000964342096417825   -0.0167204935270117   0
0.204750492740433   0.089479126754456   0.0249279331221245   0.0196038093701857   0
0.179878498502125   0.0785056493435504   -0.024871994238308   -0.0109734774109056   0
0.168276743140578   0.0839512081644154   -0.011601755361547   0.00544555882086495   0
0.191926295841815   0.0650587905795404   0.0236495527012374   -0.0188924175848749   0
0.185157892392412   0.0719472939610136   -0.00676840344940333   0.00688850338147312   0
0.165268447237645   0.0627885302449619   -0.0198894451547674   -0.00915876371605162   0
0.164065456373729   0.06050198888016   -0.00120299086391545   -0.00228654136480197   0
0.149969588522875   0.0771456872307357   -0.0140958678508542   0.0166436983505757   0
0.154797911047016   0.0690730815057501   0.00482832252414153   -0.00807260572498557   0
0.170304508776982   0.0570501520460288   0.0155065977299651   -0.0120229294597214   0
0.187045623996888   0.0702556474310962   0.0167411152199068   0.0132054953850675   0
0.185932181395314   0.0494130651619842   -0.00111344260157412   -0.020842582269112   0
0.164120479773582   0.0487557972633768   -0.0218117016217317   -0.000657267898607435   0
0.18503912851808   0.0446384758631497   0.0209186487444972   -0.00411732140022707   0
0.221251076499641   0.0237750994078889   0.0362119479815614   -0.0208633764552608   0
0.219575718284354   0.0276252263165974   -0.00167535821528703   0.00385012690870847   0
0.190148992988393   0.0129245098488647   -0.0294267252959609   -0.0147007164677327   0
0.224215919769003   0.0344169726872149   0.0340669267806099   0.0214924628383503   0
0.231398134835871   0.0377274725317308   0.00718221506686811   0.00331049984451582   0
0.254951118770403   0.0513184778211757   0.0235529839345316   0.0135910052894449   0
0.252250862389091   0.0540271416738615   -0.00270025638131205   0.0027086638526858   0
0.240673550398564   0.0626337236591838   -0.011577311990527   0.00860658198532232   0
0.21544203606627   0.0733657612548592   -0.0252315143322937   0.0107320375956754   0
0.205238290303613   0.0773008615972358   -0.0102037457626571   0.00393510034237655   0
0.226449366960393   0.0706472680547875   0.0212110766567795   -0.00665359354244827   0
0.253996394727661   0.0862817675929423   0.0275470277672689   0.0156344995381548   0
0.229839275025825   0.0848867759444897   -0.0241571197018363   -0.00139499164845253   0
0.236833318967751   0.0969264629084338   0.00699404394192565   0.0120396869639441   0
0.209502575723042   0.0986585814752194   -0.0273307432447089   0.00173211856678555   0
0.147037490296788   0.102616073097542   -0.0624650854262541   0.00395749162232222   0
0.16730424620563   0.121090823972143   0.0202667559088417   0.0184747508746013   0
0.180606377464903   0.109690051410372   0.0133021312592732   -0.0114007725617711   0
0.212867807665937   0.101984262521737   0.0322614302010345   -0.00770578888863512   0
0.213883907773049   0.101937231830622   0.00101610010711181   -4.70306911145302e-05   0
0.21187891518785   0.10838339472425   -0.00200499258519929   0.00644616289362748   0
0.212869599568398   0.116599322562151   0.000990684380548085   0.00821592783790125   0
0.252427144176549   0.119432503121858   0.0395575446081515   0.00283318055970665   0
0.228453032065742   0.134081368168819   -0.0239741121108074   0.0146488650469619   0
0.201832139735242   0.135289878681629   -0.0266208923305003   0.00120851051280996   0
0.212537446915338   0.116050262094934   0.0107053071800961   -0.0192396165866953   0
0.176803904635432   0.123145155469886   -0.0357335422799058   0.00709489337495232   0
0.22519285061147   0.11185336573873   0.0483889459760384   -0.0112917897311568   0
0.217442925948512   0.126634413344407   -0.00774992466295849   0.0147810476056769   0
0.202709541075303   0.142040500551188   -0.0147333848732087   0.0154060872067814   0
0.161713356728379   0.137342564171971   -0.040996184346924   -0.00469793637921675   0
0.212950648560655   0.145779557246831   0.0512372918322759   0.00843699307485965   0
0.230190960224085   0.138866153604224   0.0172403116634296   -0.00691340364260654   0
0.206557178448608   0.132613432574087   -0.0236337817754768   -0.00625272103013688   0
0.210201747171092   0.152666755794548   0.00364456872248406   0.0200533232204601   0
0.182954149147819   0.149717684392526   -0.0272475980232726   -0.00294907140202164   0
0.174659131843701   0.147189486986682   -0.00829501730411836   -0.00252819740584437   0
0.181828336179091   0.128223519765611   0.0071692043353897   -0.0189659672210706   0
0.214431051065372   0.149725118441129   0.032602714886281   0.0215015986755177   0
0.210641900029357   0.14289165830415   -0.00378915103601465   -0.00683346013697844   0
0.184782216969085   0.140842912807399   -0.0258596830602719   -0.00204874549675149   0
0.183289561541935   0.155890312732423   -0.00149265542714963   0.0150473999250239   0
0.230152120702951   0.154516184041195   0.0468625591610154   -0.00137412869122736   0
0.208543814264557   0.159557186569745   -0.0216083064383938   0.00504100252855011   0
0.186791825523629   0.160724660958431   -0.0217519887409275   0.00116747438868539   0
0.203812822155434   0.1546869466972   0.0170209966318042   -0.00603771426123034   0
0.198344739939556   0.148786241134732   -0.00546808221587786   -0.00590070556246874   0
0.21450188212799   0.148810125818474   0.016157142188434   2.38846837422035e-05   0
0.205917146881968   0.171404751963007   -0.00858473524602171   0.0225946261445334   0
0.18230257666857   0.17427291273948   -0.0236145702133976   0.00286816077647309   0
0.178777292548159   0.173872567750961   -0.0035252841204115   -0.000400344988519319   0
0.199940025926026   0.190216380656878   0.0211627333778672   0.0163438129059175   0
0.144970904949373   0.201925395360118   -0.0549691209766536   0.0117090147032396   0
0.206883716963177   0.19012097211137   0.0619128120138047   -0.0118044232487476   0
0.217316455240394   0.198864286635384   0.0104327382772164   0.00874331452401311   0
0.162020225884826   0.181231872719377   -0.0552962293555677   -0.0176324139160065   0
0.151676037361542   0.183540258307197   -0.0103441885232835   0.00230838558781965   0
0.228130249739485   0.191022864237504   0.0764542123779431   0.00748260593030756   0
