0.0736952878881407   0.189116111897096   0   0   0
0.0397405196037998   0.139246845046324   -0.0339547682843408   -0.0498692668507721   0
0.0707272902510764   0.113478935454339   0.0309867706472765   -0.0257679095919853   0
0.0347478614674299   0.102975051066083   -0.0359794287836464   -0.0105038843882553   0
0.0761463411956871   0.0751530945238451   0.0413984797282572   -0.0278219565422384   0
0.0920399317567652   0.0281115738269294   0.0158935905610781   -0.0470415206969158   0
0.0579577478508266   0.0860700818718822   -0.0340821839059386   0.0579585080449528   0
0.0524378271197959   0.0800924682168211   -0.00551992073103075   -0.00597761365506107   0
0.0891708790891959   0.0369181027067345   0.0367330519694   -0.0431743655100866   0
0.058607129686498   0.0763625678327576   -0.0305637494026979   0.039444465126023   0
0.0446582004178404   0.0781804363110746   -0.0139489292686577   0.00181786847831707   0
0.0589493480191096   0.0873733746049819   0.0142911476012692   0.00919293829390729   0
0.0523872452692447   0.0895089042351933   -0.00656210274986491   0.00213552963021135   0
0.0744113068129434   0.0700824390145099   0.0220240615436987   -0.0194264652206834   0
0.0551136981319064   0.0887469473190628   -0.0192976086810371   0.0186645083045529   0
0.0439595882693412   0.0686769199820799   -0.0111541098625652   -0.0200700273369829   0
0.0530145889753   0.0492144348814451   0.00905500070595881   -0.0194624851006348   0
0.058163034328171   0.0608276513066352   0.00514844535287102   0.0116132164251901   0
0.0597262102056543   0.025272945511596   0.00156317587748326   -0.0355547057950392   0
0.0661502647479207   0.0420556770653574   0.00642405454226642   0.0167827315537614   0
0.0385461984233206   0.0287222381996803   -0.0276040663246001   -0.013333438865677   0
0.0573771564891465   0.0322684363347141   0.0188309580658259   0.00354619813503381   0
0.0500385992754593   0.0335365857881821   -0.00733855721368711   0.001268149453468   0
0.0498820510029409   0.0235014590288029   -0.00015654827251841   -0.0100351267593793   0
0.0814827143947107   0.0325641798397027   0.0316006633917698   0.00906272081089983   0
0.0690761124739407   0.0154252163252586   -0.0124066019207701   -0.0171389635144441   0
0.0742071259160877   0.0375789250913993   0.00513101344214707   0.0221537087661407   0
0.107106404274004   0.0224912242416576   0.0328992783579164   -0.0150877008497417   0
0.044126163472593   0.0889179918641415   -0.0629802408014111   0.0664267676224839   0
0.0918727721820235   0.0255528566024427   0.0477466087094305   -0.0633651352616987   0
0.0259081351783566   0.0531115480197104   -0.0659646370036669   0.0275586914172677   0
0.0772998043532453   0.0333850670523963   0.0513916691748887   -0.019726480967314   0
0.0535538125337879   0.0412635130485957   -0.0237459918194574   0.00787844599619932   0
0.0339160006865491   0.0708770726663595   -0.0196378118472388   0.0296135596177638   0
0.0922891502165341   0.0379414782130075   0.058373149529985   -0.0329355944533519   0
0.0453260614929204   0.0553186494016089   -0.0469630887236137   0.0173771711886014   0
0.0835959755094107   0.0572901312822723   0.0382699140164904   0.00197148188066344   0
0.0804823788938921   0.0421914255873453   -0.00311359661551869   -0.015098705694927   0
0.0833753637781569   0.0356918437572595   0.00289298488426486   -0.00649958183008583   0
0.0854639621171989   0.033213397400671   0.00208859833904194   -0.0024784463565885   0
0.177399153301401   0.0984869578005136   0.0919351911842025   0.0652735603998426   0
0.12199892440739   0.0378899803053525   -0.0554002288940116   -0.0605969774951611   0
0.117178116225727   0.0477888147519898   -0.00482080818166268   0.00989883444663733   0
0.0802063075118784   0.051133627948005   -0.0369718087138487   0.0033448131960152   0
0.0990969115170094   0.0363402782111323   0.018890604005131   -0.0147933497368727   0
0.118211828192825   0.0471373146101101   0.0191149166758157   0.0107970363989778   0
0.138424270410828   0.0540601748677111   0.0202124422180028   0.00692286025760096   0
0.128192600537395   0.041804557325208   -0.0102316698734334   -0.0122556175425031   0
0.146363450239635   0.0516271045869079   0.0181708497022401   0.0098225472616999   0
0.106094043073916   0.0434605798284204   -0.0402694071657184   -0.0081665247584875   0
0.114126683323314   0.0558028359390954   0.00803264024939776   0.012342256110675   0
0.116005291215056   0.067508357711656   0.0018786078917422   0.0117055217725606   0
0.267258696392559   0.0937194089189235   0.151253405177503   0.0262110512072675   0
0.148138955841872   0.0451406463273401   -0.119119740550687   -0.0485787625915835   0
0.150908709135026   0.0677560800300792   0.00276975329315474   0.0226154337027392   0
0.13459512191168   0.0690073154047977   -0.0163135872233464   0.00125123537471844   0
0.182404710442713   0.0639396719566569   0.0478095885310331   -0.00506764344814074   0
0.206647057118847   0.0665744250983439   0.0242423466761339   0.00263475314168696   0
0.219310571964281   0.0738176975180234   0.0126635148454339   0.00724327241967954   0
0.300519019598481   0.0858963521313624   0.0812084476342   0.012078654613339   0
0.289690450779222   0.0708523051992135   -0.0108285688192584   -0.0150440469321488   0
0.327223448582429   0.100270183038329   0.0375329978032066   0.0294178778391155   0
0.35751573843238   0.0879897706651461   0.030292289849951   -0.0122804123731829   0
0.387391072153257   0.0889915807621288   0.0298753337208769   0.00100181009698276   0
0.348918730368778   0.0562643958071843   -0.0384723417844789   -0.0327271849549445   0
0.3220631980382   0.0757789011065085   -0.0268555323305779   0.0195145052993242   0
0.317198922612324   0.0623836844722641   -0.00486427542587642   -0.0133952166342445   0
0.329829012483878   0.0575246016543574   0.0126300898715541   -0.00485908281790664   0
0.370951430601972   0.0468670046767169   0.0411224181180948   -0.0106575969776406   0
0.340100195120982   0.0525862902843507   -0.0308512354809905   0.00571928560763387   0
0.344013740892904   0.0606805888190985   0.00391354577192193   0.00809429853474774   0
0.329214728018978   0.0622416186961345   -0.0147990128739254   0.00156102987703601   0
0.350645125339395   0.0575107754565394   0.0214303973204164   -0.00473084323959504   0
0.364957071283843   0.0558142204636507   0.014311945944448   -0.00169655499288878   0
0.351359946183028   0.0619857710625592   -0.0135971251008154   0.00617155059890852   0
0.32781535911017   0.058535035603154   -0.0235445870728571   -0.00345073545940523   0
0.31967203933584   0.0705185694472917   -0.00814331977433014   0.0119835338441377   0
0.330979108118535   0.0881810034523445   0.0113070687826948   0.0176624340050529   0
0.408331856106984   0.101463890165418   0.0773527479884492   0.0132828867130734   0
0.398580920227813   0.118348640576613   -0.00975093587917153   0.0168847504111946   0
0.343418871482567   0.0985219815645727   -0.0551620487452454   -0.0198266590120399   0
0.296187904952464   0.112700969261371   -0.047230966530103   0.0141789876967983   0
0.2986230114961   0.116839874399282   0.00243510654363599   0.004138905137911   0
0.138588648540059   0.117364729586075   -0.160034362956041   0.000524855186792933   0
0.0775881606049531   0.148699456317004   -0.0610004879351059   0.0313347267309288   0
0.0844286044496064   0.132422411870083   0.00684044384465329   -0.0162770444469204   0
0.0797823113384164   0.159405519190122   -0.00464629311119004   0.0269831073200391   0
0.181241655245035   0.163325215750516   0.101459343906618   0.0039196965603932   0
0.240694020264754   0.224359219203803   0.0594523650197198   0.0610340034532871   0
0.225280581763298   0.166179512941585   -0.0154134385014564   -0.0581797062622175   0
0.154151184979065   0.170931519693531   -0.0711293967842327   0.00475200675194579   0
0.188393643916667   0.139054748638765   0.0342424589376019   -0.0318767710547665   0
0.143037927615196   0.145619079253853   -0.0453557163014714   0.00656433061508868   0
0.195326709488615   0.159191256699261   0.0522887818734197   0.0135721774454077   0
0.206056757167776   0.144451103485262   0.0107300476791609   -0.0147401532139985   0
0.258070020613263   0.188348986662366   0.0520132634454866   0.0438978831771032   0
0.214578218751322   0.169529498588712   -0.0434918018619415   -0.018819488073654   0
0.219815689762264   0.166541093400368   0.00523747101094271   -0.00298840518834403   0
0.240244875202115   0.163869988548056   0.0204291854398511   -0.0026711048523117   0
0.260303456315605   0.182973530854848   0.0200585811134894   0.019103542306792   0
0.273148961676756   0.189125896289515   0.0128455053611513   0.00615236543466738   0
0.312043830237613   0.154756766814605   0.0388948685608565   -0.0343691294749104   0
0.230587720814119   0.183066706456281   -0.0814561094234938   0.0283099396416757   0
0.248572729304423   0.168316065526445   0.0179850084903043   -0.0147506409298357   0
0.225178319812388   0.165935224630758   -0.0233944094920353   -0.00238084089568724   0
0.24494205574515   0.183342045707225   0.0197637359327619   0.0174068210764668   0
0.256700705753081   0.172497138766307   0.0117586500079316   -0.0108449069409177   0
0.264822864921838   0.187919086855015   0.00812215916875664   0.0154219480887078   0
0.321927091055553   0.162802574717816   0.0571042261337146   -0.0251165121371987   0
0.279020315391711   0.195460940667822   -0.0429067756638413   0.0326583659500066   0
0.232441000766603   0.191695663505914   -0.0465793146251081   -0.00376527716190869   0
0.103444034941219   0.171852318482498   -0.128996965825384   -0.0198433450234155   0
0.114897548456875   0.221071652031807   0.0114535135156565   0.0492193335493091   0
0.190117682380598   0.215937368016492   0.0752201339237229   -0.00513428401531507   0
0.271314163772867   0.238735570423869   0.0811964813922687   0.0227982024073765   0
0.389043221172147   0.208292951106729   0.11772905739928   -0.0304426193171402   0
0.409492321872291   0.191298799006946   0.0204491007001441   -0.0169941520997823   0
0.392697143308861   0.17985303358245   -0.0167951785634301   -0.0114457654244959   0
0.308169923532473   0.181330825688884   -0.0845272197763883   0.00147779210643387   0
0.325657498934525   0.236304231879229   0.0174875754020522   0.054973406190345   0
0.304922100562622   0.22941299543195   -0.0207353983719031   -0.00689123644727899   0
0.273872663705669   0.248848696439845   -0.0310494368569528   0.0194357010078945   0
0.287606244686446   0.240230044371661   0.0137335809807773   -0.00861865206818421   0
0.258781030841984   0.240212469176893   -0.0288252138444618   -1.75751947670277e-05   0
0.269013676462592   0.253946041669687   0.0102326456206073   0.0137335724927937   0
0.267540759806129   0.245672791567488   -0.0014729166564626   -0.00827325010219901   0
0.284150062152061   0.240718667861593   0.0166093023459316   -0.00495412370589501   0
0.194631785913041   0.238522239455575   -0.0895182762390194   -0.00219642840601852   0
0.171857452347491   0.250872510002396   -0.0227743335655508   0.0123502705468218   0
0.18503233148877   0.251335251798673   0.0131748791412792   0.000462741796276811   0
0.24914487116558   0.267914608703786   0.0641125396768104   0.0165793569051123   0
0.199579043148272   0.253818990703493   -0.0495658280173078   -0.0140956180002922   0
0.189975670141994   0.253963164485305   -0.00960337300627875   0.000144173781811585   0
0.180249472209879   0.267727637293953   -0.00972619793211454   0.0137644728086482   0
0.182573730567571   0.277116949767427   0.00232425835769182   0.00938931247347358   0
0.202092466891396   0.26619883676164   0.0195187363238251   -0.0109181130057872   0
0.188946902787026   0.28443940636215   -0.0131455641043697   0.0182405696005108   0
0.206196279918164   0.283744304903028   0.017249377131138   -0.000695101459122383   0
0.207947970431644   0.296096350405134   0.0017516905134799   0.0123520455021062   0
0.230247109023349   0.314289645409776   0.0222991385917048   0.0181932950046415   0
0.263080143002836   0.333522279053064   0.0328330339794874   0.0192326336432886   0
0.274294643466857   0.326537870693048   0.0112145004640201   -0.00698440836001585   0
0.322990953644278   0.358850891038674   0.0486963101774212   0.0323130203456253   0
0.289982518345503   0.313345032321401   -0.0330084352987747   -0.0455058587172724   0
0.312776753691831   0.313295028072981   0.0227942353463275   -5.00042484201102e-05   0
0.302515826259074   0.302192252678241   -0.0102609274327569   -0.0111027753947398   0
0.330958871584129   0.329566942816251   0.0284430453250554   0.0273746901380096   0
0.256177020583443   0.302511511383038   -0.0747818510006856   -0.0270554314332128   0
0.712254945299617   0.296060703553342   0.456077924716173   -0.00645080782969587   1
0.725435053579574   0.189884451081441   0.0131801082799576   -0.106176252471902   1
0.485847511530202   0.266850313778155   -0.239587542049372   0.0769658626967148   1
0.481795076215241   0.256525903864015   -0.00405243531496113   -0.0103244099141401   0
0.479230894180457   0.256458692645619   -0.00256418203478453   -6.72112183964235e-05   0
0.444670586477794   0.230784378760782   -0.0345603077026631   -0.0256743138848371   0
0.441460217355188   0.241206578651993   -0.00321036912260531   0.010422199891211   0
0.430140934518025   0.238778278386561   -0.0113192828371632   -0.00242830026543187   0
0.433194193909429   0.271746342583484   0.00305325939140388   0.0329680641969226   0
0.451877596439832   0.256941095335585   0.0186834025304034   -0.0148052472478988   0
0.44276581705458   0.30510499169835   -0.00911177938525215   0.048163896362765   0
0.475618075594273   0.304711424312414   0.0328522585396931   -0.000393567385935656   0
0.485751294978037   0.312789246203414   0.0101332193837637   0.00807782189100004   0
0.427510314098373   0.307668268140379   -0.0582409808796636   -0.0051209780630353   0
0.437506787321568   0.29752293838711   0.0099964732231948   -0.0101453297532688   0
0.482748562249842   0.321424839642567   0.0452417749282741   0.0239019012554572   0
0.39372498113976   0.313840385397179   -0.0890235811100827   -0.00758445424538789   0
0.353188402123074   0.289844755088392   -0.0405365790166861   -0.0239956303087872   0
0.337753746851815   0.27355017529011   -0.0154346552712585   -0.016294579798282   0
0.345207047843219   0.288111440852754   0.00745330099140373   0.014561265562644   0
0.360703799808777   0.2764124942319   0.0154967519655578   -0.0116989466208544   0
0.36510144211575   0.287690064488679   0.00439764230697287   0.0112775702567788   0
0.345778348163965   0.270573504496468   -0.0193230939517848   -0.0171165599922108   0
0.377967674879533   0.302064065236996   0.0321893267155678   0.031490560740528   0
0.396489825308292   0.299912355084781   0.0185221504287595   -0.00215171015221433   0
0.424506298497725   0.324308292154626   0.0280164731894334   0.0243959370698442   0
0.43634984036477   0.30446075139704   0.0118435418670442   -0.0198475407575859   0
0.43530138895409   0.323281623014671   -0.00104845141067966   0.0188208716176315   0
0.387945906782543   0.334487328166928   -0.0473554821715469   0.0112057051522565   0
0.34696870546349   0.309466024992244   -0.0409772013190531   -0.025021303174684   0
0.349084834084654   0.316948360949382   0.00211612862116434   0.00748233595713871   0
0.347116326449232   0.307697292645304   -0.001968507635422   -0.00925106830407818   0
0.400403136748003   0.323770941560928   0.0532868102987707   0.016073648915624   0
0.425181194070904   0.324267775303452   0.0247780573229013   0.000496833742523739   0
0.433846871980149   0.312720831928815   0.00866567790924488   -0.0115469433746372   0
0.402554154312883   0.211026642052609   -0.0312927176672667   -0.101694189876206   0
0.364091280353375   0.156821942755151   -0.0384628739595074   -0.0542046992974576   0
0.365670267984478   0.212072074273111   0.00157898763110298   0.0552501315179598   0
0.41677193902691   0.245712234735066   0.0511016710424314   0.0336401604619544   0
0.453938314207569   0.278240093053194   0.0371663751806599   0.0325278583181283   0
0.48830589075989   0.318587407061233   0.034367576552321   0.0403473140080394   0
