0   0   0   0   0
0.0594514252759343   0.0344032372908059   0.0594514252759343   0.0344032372908059   0
0.0662978643901898   0.0385523967361628   0.00684643911425552   0.00414915944535691   0
0.0733115766476209   0.0572550985384926   0.00701371225743112   0.0187027018023298   0
0.0709766446421638   0.0336019841775884   -0.00233493200545713   -0.0236531143609042   0
0.07653395820706   0.045915582561833   0.00555731356489615   0.0123135983842446   0
0.0728421680561473   0.0525166558939638   -0.00369179015091271   0.00660107333213079   0
0.0876999598893295   0.0493592795172774   0.0148577918331822   -0.00315737637668632   0
0.0983183415945367   0.0588946845657136   0.0106183817052072   0.00953540504843613   0
0.0877121641352555   0.0445002915465573   -0.0106061774592812   -0.0143943930191563   0
0.0779620608730298   0.0363560222059909   -0.00975010326222572   -0.00814426934056646   0
0.100973976455768   0.0469279675391179   0.0230119155827383   0.010571945333127   0
0.0948268348713591   0.0408272007089024   -0.00614714158440896   -0.00610076683021547   0
0.0983276600257527   0.0482611158663061   0.00350082515439359   0.00743391515740371   0
0.0946565791836468   0.0412677347169069   -0.00367108084210588   -0.00699338114939925   0
0.100377871290937   0.0391717643624205   0.00572129210729062   -0.00209597035448632   0
0.0987669190076313   0.0636786577414028   -0.00161095228330613   0.0245068933789823   0
0.107275222640878   0.0485563843835329   0.00850830363324695   -0.0151222733578699   0
0.139370920838064   0.0350279882514111   0.0320956981971861   -0.0135283961321218   0
0.100819798776431   0.0409006746183361   -0.0385511220616335   0.00587268636692498   0
0.111471032726444   0.0446266508339822   0.0106512339500134   0.00372597621564612   0
0.134036812679204   0.0443998732041545   0.0225657799527597   -0.000226777629827632   0
0.113435140108302   0.0509817888543056   -0.0206016725709024   0.00658191565015107   0
0.118583187527491   0.0427255729335781   0.00514804741918906   -0.00825621592072754   0
0.115109428419483   0.0387803388134374   -0.00347375910800794   -0.00394523412014066   0
0.115838828466711   0.0456314509315869   0.000729400047227935   0.00685111211814951   0
0.132935507788401   0.0494905171633064   0.0170966793216903   0.00385906623171947   0
0.141256094235824   0.0556924756607939   0.00832058644742312   0.00620195849748754   0
0.106248205230488   0.0377416985972906   -0.0350078890053355   -0.0179507770635034   0
0.107840407148712   0.0382984418121678   0.00159220191822362   0.000556743214877198   0
0.125732740432435   0.0430302468664194   0.0178923332837226   0.00473180505425168   0
0.116189077911222   0.0423041192480709   -0.00954366252121279   -0.000726127618348567   0
0.137627970551665   0.0443610369852025   0.0214388926404432   0.00205691773713158   0
0.137188305217682   0.0446648158344183   -0.000439665333982681   0.000303778849215813   0
0.127487338064296   0.0413476639765102   -0.00970096715338681   -0.00331715185790806   0
0.138952708573889   0.0423396413366068   0.0114653705095929   0.000991977360096562   0
0.130168785305426   0.0344136027477326   -0.00878392326846289   -0.00792603858887415   0
0.161458915940898   0.0465745899783884   0.0312901306354724   0.0121609872306558   0
0.163353876092274   0.0432038891348048   0.00189496015137589   -0.00337070084358369   0
0.0528468133627081   0.201466005839111   -0.110507062729566   0.158262116704306   0
0.0561527873894965   0.173564546735019   0.00330597402678846   -0.0279014591040923   0
0.0863034045547225   0.250472181320821   0.030150617165226   0.0769076345858018   0
0.0492666588303652   0.18943093504178   -0.0370367457243573   -0.0610412462790404   0
0.0677974586620059   0.189324640894444   0.0185307998316407   -0.000106294147336622   0
0.0633217833069979   0.191926815140883   -0.00447567535500798   0.00260217424643905   0
0.0913213643000366   0.15520120442264   0.0279995809930387   -0.0367256107182421   0
0.0999378729948762   0.141864526473322   0.00861650869483957   -0.013336677949318   0
0.0789173949559918   0.159541917098023   -0.0210204780388844   0.0176773906247007   0
0.0919609209193231   0.140997630843571   0.0130435259633313   -0.0185442862544519   0
0.0898692658560445   0.158374414410038   -0.00209165506327864   0.0173767835664669   0
0.084532167586197   0.156612961838261   -0.00533709826984745   -0.00176145257177746   0
0.12422405488117   0.135322167410776   0.0396918872949732   -0.021290794427485   0
0.141630393397392   0.109769295868528   0.0174063385162217   -0.0255528715422474   0
0.119946353318181   0.116268155431743   -0.0216840400792106   0.00649885956321494   0
0.141669606776824   0.111012980278029   0.0217232534586428   -0.00525517515371446   0
0.130769366497089   0.141677141302717   -0.0109002402797351   0.0306641610246881   0
0.136064143491406   0.118045362754367   0.00529477699431721   -0.0236317785483503   0
0.149342357237322   0.102113542833896   0.013278213745916   -0.0159318199204702   0
0.12009491880267   0.127225731441098   -0.0292474384346519   0.025112188607202   0
0.146053713749874   0.121170687849424   0.0259587949472031   -0.00605504359167464   0
0.159488578113356   0.104018389203556   0.0134348643634823   -0.0171522986458676   0
0.112207392805465   0.132332504748654   -0.0472811853078905   0.0283141155450977   0
0.127680470415213   0.121427367858897   0.0154730776097473   -0.0109051368897564   0
0.148184314296791   0.126941191293144   0.0205038438815779   0.00551382343424624   0
0.129397304677107   0.146266689529229   -0.0187870096196838   0.0193254982360858   0
0.158103330988597   0.109244145373436   0.0287060263114907   -0.037022544155793   0
0.148593644536131   0.120755680206978   -0.00950968645246666   0.0115115348335419   0
0.113172352744829   0.137754258340205   -0.0354212917913018   0.016998578133227   0
0.140851091731871   0.126994475735207   0.0276787389870422   -0.0107597826049986   0
0.113842481655487   0.173428676421498   -0.0270086100763837   0.0464342006862909   0
0.155293443359499   0.51883270275133   0.0414509617040118   0.345404026329832   1
0.942877913036995   0.975317669101714   0.787584469677496   0.456484966350384   1
0.520038561026007   0.723391163152834   -0.422839352010988   -0.25192650594888   1
0.561800946004009   0.67438581556021   0.0417623849780024   -0.0490053475926236   0
0.563764964270573   0.682744472697077   0.00196401826656323   0.0083586571368669   0
0.62616870519693   0.671631063642773   0.0624037409263575   -0.0111134090543042   0
0.583044758060648   0.558262968146455   -0.0431239471362818   -0.113368095496318   0
0.584288846145466   0.597967662950464   0.00124408808481757   0.0397046948040091   0
0.591072527635146   0.573264123989329   0.00678368148967967   -0.0247035389611355   0
0.63071586267986   0.536621362218278   0.0396433350447144   -0.0366427617710511   0
0.612818954302982   0.542619883644619   -0.0178969083768784   0.00599852142634139   0
0.616555730705668   0.506365413610566   0.00373677640268621   -0.0362544700340526   0
0.618882564526583   0.517137910398425   0.00232683382091503   0.0107724967878591   0
0.599085822273403   0.539185775196499   -0.0197967422531794   0.0220478647980739   0
0.631700381811662   0.50808663274731   0.0326145595382589   -0.0310991424491892   0
0.618642097870812   0.514357277104641   -0.0130582839408498   0.00627064435733038   0
0.62111489953953   0.490377335971495   0.00247280166871722   -0.0239799411331459   0
0.638020504896982   0.476864674687956   0.0169056053574524   -0.0135126612835387   0
0.605464104827033   0.510278200715306   -0.0325564000699495   0.0334135260273498   0
0.618189554780732   0.499660215070952   0.0127254499536996   -0.0106179856443538   0
0.829165097619286   0.470750702086306   0.210975542838554   -0.0289095129846459   0
0.565440397585811   0.546363741570806   -0.263724700033475   0.0756130394844997   0
0.558207778252865   0.50103467410824   -0.00723261933294572   -0.0453290674625659   0
0.589018816219822   0.498408142914269   0.0308110379669563   -0.00262653119397116   0
0.58019339196168   0.542498914106056   -0.00882542425814126   0.0440907711917874   0
0.591916133087281   0.547191426308244   0.0117227411256009   0.00469251220218758   0
0.629958630040894   0.555764266892223   0.0380424969536129   0.00857284058397945   0
0.58371375993461   0.546691099004045   -0.0462448701062838   -0.00907316788817847   0
0.603121791761001   0.544004212782631   0.0194080318263904   -0.00268688622141366   0
0.596239018133668   0.563414651217245   -0.00688277362733314   0.0194104384346143   0
0.591374644483512   0.565850007427984   -0.0048643736501558   0.0024353562107392   0
0.63271711226187   0.558878478160727   0.0413424677783583   -0.00697152926725753   0
0.618466524283247   0.560475411410037   -0.0142505879786231   0.00159693324930987   0
0.607197041301257   0.59665008725299   -0.0112694829819904   0.0361746758429529   0
0.749017220241965   0.818015229026942   0.141820178940708   0.221365141773952   0
0.853008023792896   1.20228554616031   0.103990803550931   0.38427031713337   0
0.456119458339249   1.22903606521829   -0.396888565453647   0.0267505190579751   1
0.472536325907766   1.11375106317387   0.0164168675685165   -0.115285002044419   0
0.532138323369112   1.05333234065512   0.0596019974613468   -0.0604187225187456   0
0.584546190478597   1.04706757108842   0.0524078671094844   -0.00626476956670463   0
0.67854065481296   1.02031668420209   0.0939944643343628   -0.026750886886332   0
0.227518466446682   0.905562143992792   -0.451022188366277   -0.114754540209294   1
0.147211996256963   0.742443737229462   -0.0803064701897193   -0.163118406763331   1
0.228836609236285   0.794126611799561   0.0816246129793218   0.0516828745700989   0
0.224784273222483   0.76740518317542   -0.00405233601380131   -0.0267214286241407   0
0.27992480901485   0.734836461737066   0.0551405357923663   -0.0325687214383542   0
0.237953547156246   0.745261056236001   -0.0419712618586031   0.0104245944989354   0
0.264685176272133   0.746338630680471   0.0267316291158863   0.00107757444446943   0
0.242121891040959   0.749333772085911   -0.0225632852311738   0.00299514140544033   0
0.237947787195532   0.740047011912926   -0.00417410384542735   -0.00928676017298513   0
0.335535687504325   0.730263890130992   0.0975879003087933   -0.00978312178193341   0
0.349728215904422   0.734894033744322   0.014192528400097   0.00463014361332925   0
0.408444867386346   0.73315751744782   0.0587166514819243   -0.00173651629650196   0
0.417402285390437   0.746479254285911   0.008957418004091   0.0133217368380916   0
0.422158047565127   0.7482801320545   0.0047557621746897   0.00180087776858884   0
0.384728224508886   0.667034918296261   -0.0374298230562407   -0.0812452137582386   0
0.131514958279467   0.595019142659503   -0.253213266229419   -0.0720157756367584   0
0.195039368512001   0.664108034518104   0.0635244102325334   0.0690888918586013   0
0.225407073846497   0.677050251368575   0.030367705334496   0.0129422168504701   0
0.236245611876708   0.678951428383872   0.010838538030211   0.00190117701529735   0
0.230765304482715   0.729605657933791   -0.00548030739399299   0.050654229549919   0
0.242652966626909   0.66651172667347   0.0118876621441947   -0.0630939312603213   0
0.242712939654252   0.735433224267929   5.99730273422305e-05   0.0689214975944596   0
0.670310631190108   1.07804779162765   0.427597691535856   0.34261456735972   1
0.632763221890306   0.76940014011291   -0.0375474092998024   -0.30864765151474   0
0.626597690260992   0.771737996294716   -0.00616553162931366   0.00233785618180582   0
0.632394761143702   0.784299389820144   0.00579707088271009   0.0125613935254284   0
0.653941164679025   0.770825988613513   0.0215464035353232   -0.0134734012066307   0
0.730348641474885   0.820679791752697   0.0764074767958597   0.0498538031391833   0
0.705271568144279   0.79167031705597   -0.0250770733306062   -0.0290094746967265   0
0.714518114759899   0.817078540161532   0.00924654661562019   0.0254082231055619   0
0.720461791599256   0.823535795133551   0.00594367683935726   0.0064572549720191   0
0.725820344063874   0.802215517154524   0.00535855246461747   -0.0213202779790271   0
0.770803296837299   0.798916814519822   0.0449829527734257   -0.00329870263470167   0
0.767522445400296   0.838325166862441   -0.00328085143700352   0.0394083523426192   0
0.712820113470601   0.812000834988487   -0.0547023319296951   -0.0263243318739543   0
0.719320965996237   0.774533919516763   0.00650085252563648   -0.0374669154717238   0
0.679394104784432   0.7241036423063   -0.039926861211805   -0.0504302772104632   0
0.667015572167614   0.754946518791371   -0.0123785326168179   0.030842876485071   0
0.676579225624028   0.75155790071079   0.00956365345641408   -0.00338861808058089   0
0.711712259319031   0.727338422586469   0.0351330336950028   -0.0242194781243215   0
0.696164148560244   0.737164838774784   -0.0155481107587867   0.00982641618831481   0
0.708090187443069   0.766370521315245   0.0119260388828242   0.0292056825404611   0
0.735601287061707   0.773241648376819   0.0275110996186385   0.00687112706157422   0
0.71355091318098   0.774572746936174   -0.0220503738807275   0.00133109855935498   0
0.721451297608432   0.769616234033885   0.00790038442745222   -0.0049565129022886   0
0.711487323138115   0.765897187270916   -0.00996397447031716   -0.00371904676296952   0
0.692452735841667   0.736320782115019   -0.0190345872964474   -0.0295764051558971   0
0.733447131105174   0.730736031794827   0.0409943952635066   -0.00558475032019201   0
0.708850123117969   0.759688804267576   -0.0245970079872048   0.0289527724727499   0
0.678522327815975   0.659955860312499   -0.0303277953019937   -0.0997329439550779   0
0.725553394605531   0.772099590725609   0.0470310667895559   0.11214373041311   0
0.543973534454802   0.682156644001583   -0.181579860150729   -0.0899429467240257   0
0.629288359542944   0.748757578934971   0.085314825088142   0.0666009349333884   0
0.690013572743203   0.741492226008859   0.0607252132002591   -0.00726535292611263   0
0.66270803698235   0.782461061533291   -0.0273055357608533   0.0409688355244325   0
0.638690910375974   0.746334636441149   -0.0240171266063764   -0.036126425092142   0
0.690450590325253   0.746977529960187   0.0517596799492791   0.000642893519038013   0
0.658618191349404   0.784087315020375   -0.0318323989758489   0.0371097850601873   0
1.15358873339939   0.614833941861134   0.494970542049982   -0.169253373159241   1
0.563091454705184   0.924526997685568   -0.590497278694202   0.309693055824434   1
0.434091203429936   0.893840819269773   -0.129000251275248   -0.0306861784157947   1
0.600974190156491   0.838122441444566   0.166882986726555   -0.0557183778252075   0
0.631390695098019   0.830534092334541   0.0304165049415286   -0.00758834911002504   0
0.687080787751259   0.822086107938974   0.0556900926532392   -0.00844798439556704   0
0.723126256715935   0.803723559515335   0.0360454689646762   -0.0183625484236389   0
0.725790205925797   0.835466153683828   0.00266394920986179   0.0317425941684933   0
0.759943237076586   0.847237186578971   0.0341530311507893   0.0117710328951427   0
0.715434069680924   0.883304775460458   -0.0445091673956614   0.0360675888814872   0
0.820986943110157   0.864586236917008   0.105552873429232   -0.0187185385434503   0
0.696704012803544   0.810987393274163   -0.124282930306613   -0.0535988436428444   0
0.660176077772748   0.777401286079527   -0.0365279350307951   -0.0335861071946364   0
0.722333785137619   0.819996899147338   0.0621577073648707   0.0425956130678112   0
0.749511167043054   0.821625180721112   0.0271773819054344   0.00162828157377393   0
0.718538185075929   0.802227484723629   -0.0309729819671245   -0.0193976959974834   0
0.746806202038715   0.815164537724133   0.028268016962786   0.0129370530005045   0
0.84146140371219   0.695035039454278   0.0946552016734753   -0.120129498269855   0
0.684210398670614   0.799624856630908   -0.157251005041577   0.10458981717663   0
0.693735626360943   0.820023814276909   0.00952522769032949   0.0203989576460007   0
