0.104611708878739   0.12493245482949   0   0   0
0.101544060153659   0.100642817005748   -0.00306764872507942   -0.0242896378237416   0
0.0804942764324272   0.108269807524997   -0.0210497837212322   0.00762699051924937   0
0.103780082731996   0.0910252271643005   0.0232858062995691   -0.017244580360697   0
0.0744118647273404   0.0692678496767801   -0.0293682180046559   -0.0217573774875204   0
0.127942822511972   0.0463306159538971   0.0535309577846318   -0.022937233722883   0
0.0791489707197763   0.0883910680429715   -0.0487938517921958   0.0420604520890745   0
0.118177279671644   0.0508563702758209   0.0390283089518679   -0.0375346977671506   0
0.139151819397017   0.0429689533636497   0.0209745397253727   -0.00788741691217124   0
0.0917407810196207   0.0751116351664622   -0.0474110383773961   0.0321426818028126   0
0.123416265702216   0.0427097038008018   0.0316754846825954   -0.0324019313656604   0
0.125199033983094   0.0415506930059536   0.0017827682808782   -0.00115901079484824   0
0.0850067981686759   0.0652046315927   -0.0401922358144184   0.0236539385867464   0
0.121033910944123   0.0337102676227452   0.0360271127754475   -0.0314943639699548   0
0.102438770302362   0.0423997675176672   -0.0185951406417618   0.00868949989492202   0
0.148836420604132   0.0340400694065832   0.0463976503017701   -0.008359698111084   0
0.114619236150002   0.0502106121013775   -0.0342171844541294   0.0161705426947944   0
0.122920205000032   0.0365364546740954   0.00830096885003014   -0.0136741574272822   0
0.133004418921553   0.0289106706627886   0.0100842139215207   -0.00762578401130677   0
0.149949739317546   0.0390109550516582   0.0169453203959929   0.0101002843888697   0
0.0886018863474701   0.0255329099993175   -0.0613478529700759   -0.0134780450523407   0
0.153843477574579   0.0286067634092884   0.065241591227109   0.00307385340997082   0
0.1291448849761   0.0232757907725495   -0.0246985925984794   -0.00533097263673888   0
0.099218511270327   0.0350588512915426   -0.0299263737057726   0.0117830605189931   0
0.109142993460414   0.0529290010585407   0.00992448219008714   0.0178701497669981   0
0.0907669995177212   0.0326807772687895   -0.0183759939426929   -0.0202482237897512   0
0.117709755411733   0.0465055631157972   0.0269427558940118   0.0138247858470078   0
0.109369444339678   0.0614115669853003   -0.0083403110720546   0.0149060038695031   0
0.0935834827775179   0.0760902570708631   -0.0157859615621604   0.0146786900855628   0
0.0796950053178993   0.0720102616767918   -0.0138884774596186   -0.00407999539407128   0
0.11235116992208   0.0801078902299825   0.0326561646041802   0.00809762855319071   0
0.0683637972431316   0.0833680583750139   -0.043987372678948   0.0032601681450314   0
0.0736876450990259   0.0898790041650518   0.00532384785589438   0.0065109457900379   0
0.069862080507311   0.10497103397342   -0.00382556459171496   0.0150920298083682   0
0.127127071777808   0.07548551212333   0.0572649912704972   -0.02948552185009   0
0.130581495312314   0.0951513318010447   0.00345442353450626   0.0196658196777147   0
0.112274611986727   0.0407598836596107   -0.0183068833255879   -0.054391448141434   0
0.106351154882164   0.0440330873407873   -0.00592345710456271   0.00327320368117656   0
0.119775124446982   0.0510667112568452   0.0134239695648181   0.00703362391605793   0
0.141487248602445   0.05380196143647   0.0217121241554628   0.00273525017962476   0
0.13838208025066   0.0651863674092214   -0.00310516835178515   0.0113844059727514   0
0.0892508271879874   0.0699705046958002   -0.0491312530626721   0.00478413728657882   0
0.157018382461704   0.0556365036318234   0.0677675552737167   -0.0143340010639768   0
0.126780070197882   0.0487333889691031   -0.0302383122638217   -0.00690311466272029   0
0.0960349144447997   0.0478758341037929   -0.0307451557530827   -0.000857554865310202   0
0.0987779563699938   0.0772921744110295   0.0027430419251941   0.0294163403072366   0
0.100526024805684   0.0785066522650877   0.00174806843568973   0.0012144778540582   0
0.109865298310522   0.0608972887908548   0.0093392735048385   -0.0176093634742329   0
0.19716859719362   0.0672540143925171   0.087303298883098   0.00635672560166227   0
0.11077301403907   0.0728909682084825   -0.08639558315455   0.00563695381596535   0
0.136270675936865   0.0728437844540555   0.0254976618977947   -4.71837544269299e-05   0
0.129148355394484   0.0753041925560018   -0.00712232054238054   0.0024604081019463   0
0.146088406451197   0.0546494768320237   0.0169400510567123   -0.0206547157239781   0
0.126473622649073   0.0550026188105166   -0.019614783802124   0.000353141978492906   0
0.12232261783734   0.0559145022110669   -0.00415100481173226   0.000911883400550213   0
0.121510611386249   0.0453312674814956   -0.000812006451091404   -0.0105832347295713   0
0.141937967603739   0.0358196505283608   0.0204273562174899   -0.00951161695313475   0
0.176080185577736   0.0486792816323844   0.0341422179739974   0.0128596311040236   0
0.137780251538891   0.0638701687080518   -0.0382999340388454   0.0151908870756674   0
0.0860071627496222   0.0854939479011316   -0.0517730887892685   0.0216237791930798   0
0.157088990563629   0.0678425494749055   0.071081827814007   -0.0176513984262261   0
0.190681058072479   0.0701731424651554   0.0335920675088495   0.00233059299024993   0
0.145821460924515   0.0629653973180124   -0.0448595971479633   -0.00720774514714301   0
0.129884770400267   0.0736031296416973   -0.0159366905242488   0.0106377323236849   0
0.16998010755109   0.0664300426413878   0.0400953371508229   -0.0071730870003095   0
0.153684763278765   0.0477613780622482   -0.0162953442723248   -0.0186686645791396   0
0.162292184965204   0.0606328738396095   0.00860742168643916   0.0128714957773613   0
0.169194286484532   0.0587840810589057   0.00690210151932832   -0.00184879278070375   0
0.225984345645888   0.0560410641176852   0.0567900591613552   -0.00274301694122057   0
0.214754034971173   0.0644485801753033   -0.0112303106747141   0.00840751605761816   0
0.20658593299828   0.0638541249307553   -0.00816810197289305   -0.00059445524454807   0
0.266815533749855   0.058738696413575   0.0602296007515746   -0.00511542851718029   0
0.200044366683294   0.0698992696887815   -0.0667711670665615   0.0111605732752065   0
0.182572557625071   0.0599767260796428   -0.0174718090582222   -0.00992254360913872   0
0.181842642849498   0.0899348401314529   -0.000729914775573659   0.0299581140518102   0
0.205958366056929   0.104863239129413   0.0241157232074314   0.0149283989979603   0
0.203025220229237   0.0986822031830715   -0.0029331458276925   -0.00618103594634176   0
0.200565728430527   0.0836083486690325   -0.00245949179870911   -0.015073854514039   0
0.361421992312643   0.0441220142372263   0.160856263882115   -0.0394863344318062   0
0.189627797460209   0.108548482268362   -0.171794194852434   0.0644264680311361   0
0.251486451189025   0.0936033995849643   0.0618586537288164   -0.0149450826833981   0
0.239622178738154   0.102492443013095   -0.0118642724508709   0.00888904342813052   0
0.219727906451525   0.118488116912931   -0.0198942722866297   0.0159956738998365   0
0.195949862495104   0.125270429153621   -0.0237780439564212   0.00678231224069011   0
0.183022732588277   0.140116518240436   -0.0129271299068264   0.0148460890868148   0
0.194271084961633   0.147919834916282   0.0112483523733558   0.00780331667584533   0
0.220315147802256   0.17368770506301   0.0260440628406233   0.025767870146728   0
0.32971586024456   0.0841931424987956   0.109400712442303   -0.089494562564214   0
0.228886092863678   0.115288221533436   -0.100829767380882   0.0310950790346399   0
0.20603367424477   0.103969715616258   -0.0228524186189075   -0.0113185059171777   0
0.280836451027586   0.122481761183339   0.0748027767828165   0.0185120455670812   0
0.241576955110478   0.105920365915543   -0.0392594959171083   -0.0165613952677961   0
0.237533104785922   0.108022867880845   -0.00404385032455579   0.00210250196530211   0
0.246038954694211   0.14830934466282   0.00850584990828859   0.0402864767819745   0
0.245724769827972   0.146258559246502   -0.000314184866238659   -0.00205078541631765   0
0.244636102584022   0.145239594435453   -0.0010886672439506   -0.00101896481104843   0
0.245380030162399   0.164652375909475   0.000743927578377601   0.0194127814740214   0
0.250771437158322   0.166420299202118   0.00539140699592217   0.0017679232926433   0
0.284859238282138   0.156206543499056   0.0340878011238168   -0.010213755703062   0
0.324210827395292   0.139478315795485   0.039351589113154   -0.0167282277035712   0
0.193255612889251   0.126791527661364   -0.130955214506041   -0.0126867881341206   0
0.241438953851693   0.116288049634195   0.0481833409624422   -0.0105034780271693   0
0.247615042239784   0.142838015144411   0.00617608838809083   0.0265499655102161   0
0.229104923130211   0.158354373408449   -0.0185101191095727   0.0155163582640379   0
0.208002925864085   0.192923720390456   -0.0211019972661264   0.0345693469820074   0
0.259989404247636   0.173762928692042   0.0519864783835515   -0.0191607916984148   0
0.242641568551485   0.188082262665236   -0.0173478356961516   0.0143193339731949   0
0.27669376286055   0.15709290815897   0.0340521943090648   -0.0309893545062667   0
0.222617511959976   0.190681362374309   -0.0540762509005737   0.0335884542153392   0
0.278803576122348   0.174608232195142   0.0561860641623723   -0.0160731301791673   0
0.291684081449862   0.142271163680399   0.0128805053275143   -0.0323370685147422   0
0.259837269550713   0.14540106337388   -0.0318468118991492   0.00312989969348032   0
0.266074755719794   0.124483822065861   0.00623748616908082   -0.0209172413080185   0
0.265010389355021   0.116313153158757   -0.00106436636477275   -0.00817066890710409   0
0.206792977181286   0.156165392761937   -0.058217412173735   0.0398522396031797   0
0.25621963569151   0.170529550335932   0.0494266585102235   0.0143641575739947   0
0.272067508099828   0.182880445887839   0.0158478724083183   0.012350895551908   0
0.311791836239646   0.177890560555626   0.0397243281398176   -0.00498988533221306   0
0.282649685882012   0.193864293670083   -0.0291421503576337   0.0159737331144561   0
0.337453232991966   0.160591672273621   0.0548035471099539   -0.0332726213964615   0
0.274427748474895   0.187180704658257   -0.0630254845170713   0.0265890323846357   0
0.262460078009685   0.233498508520831   -0.0119676704652095   0.0463178038625741   0
0.28686575333424   0.223186172049289   0.0244056753245547   -0.0103123364715415   0
0.31988745419383   0.200067369549066   0.0330217008595907   -0.0231188025002234   0
0.283247991776041   0.211858246052667   -0.0366394624177898   0.0117908765036013   0
0.241132988240348   0.1963612320114   -0.0421150035356923   -0.0154970140412669   0
0.244058030213411   0.235037809320825   0.00292504197306212   0.0386765773094246   0
0.316434664843424   0.228431121466477   0.0723766346300133   -0.00660668785434776   0
0.307683026009918   0.231251172816599   -0.00875163883350566   0.00282005135012164   0
0.372478945616981   0.204374557375888   0.064795919607063   -0.0268766154407112   0
0.32630546457263   0.203464240948532   -0.046173481044351   -0.000910316427355173   0
0.318113645050208   0.152182486505034   -0.00819181952242182   -0.051281754443498   0
0.271307144846758   0.129462108853913   -0.0468065002034499   -0.0227203776511211   0
0.255523694040885   0.13004148828993   -0.0157834508058731   0.000579379436016686   0
0.201302833154057   0.171821427622372   -0.0542208608868286   0.0417799393324419   0
0.234855574046093   0.174959347909314   0.0335527408920365   0.0031379202869424   0
0.316538520405939   0.193416663992332   0.0816829463598455   0.0184573160830173   0
0.293534045228346   0.184438261912286   -0.0230044751775924   -0.00897840208004563   0
0.252730457829958   0.16017839590164   -0.0408035873983887   -0.024259866010646   0
0.249044021934929   0.179107907886314   -0.00368643589502823   0.0189295119846745   0
0.291375903459226   0.204925248148416   0.0423318815242963   0.0258173402621019   0
0.342006715148109   0.186224288682096   0.0506308116888836   -0.0187009594663206   0
0.366252465164618   0.158190385920423   0.0242457500165091   -0.0280339027616723   0
0.366591106075216   0.142990074108529   0.00033864091059721   -0.0152003118118948   0
0.602195871724549   0.120558297823221   0.235604765649334   -0.0224317762853074   0
0.679406160146186   0.256184072273771   0.0772102884216367   0.135625774450549   0
0.493178906750127   0.258877412991849   -0.18622725339606   0.0026933407180787   0
0.46713516818437   0.289737911985664   -0.0260437385657561   0.0308604989938149   0
0.405419621947693   0.288199156787164   -0.0617155462366777   -0.00153875519850061   0
0.323962174688111   0.280614979732907   -0.0814574472595819   -0.00758417705425618   0
0.39840609213245   0.286149418578917   0.074443917444339   0.00553443884601007   0
0.46190467927593   0.290062043544498   0.0634985871434804   0.00391262496558015   0
0.4942707415   0.350428753301809   0.0323660622240699   0.0603667097573112   0
0.51930139753904   0.367759568417927   0.0250306560390398   0.0173308151161183   0
0.456718004938594   0.372764586603801   -0.0625833926004454   0.00500501818587368   0
0.431227466712987   0.343579449908606   -0.0254905382256078   -0.0291851366951952   0
0.430499511375611   0.3467665344624   -0.000727955337375463   0.00318708455379396   0
0.445999886714515   0.340866339498494   0.0155003753389036   -0.00590019496390565   0
0.514224223351934   0.346681387523332   0.0682243366374194   0.00581504802483779   0
0.479616142451711   0.318311995128369   -0.0346080809002232   -0.0283693923949631   0
0.460608567283502   0.315393641780161   -0.0190075751682094   -0.00291835334820756   0
0.534725031979287   0.301224537653542   0.0741164646957858   -0.0141691041266192   0
0.418797214626769   0.295619423530677   -0.115927817352518   -0.00560511412286446   0
0.43534961964358   0.304606280288757   0.0165524050168112   0.0089868567580792   0
0.412676204919414   0.294030419977747   -0.0226734147241665   -0.01057586031101   0
0.397612900724524   0.323191080793317   -0.01506330419489   0.0291606608155707   0
0.430625159872179   0.341873728838992   0.0330122591476555   0.0186826480456745   0
0.52835629798651   0.326665513613348   0.0977311381143309   -0.0152082152256436   0
0.585377634465658   0.311368175233287   0.0570213364791482   -0.0152973383800606   0
0.424958371903649   0.0736649517114652   -0.16041926256201   -0.237703223521822   0
0.563665315529748   0.0583861009152649   0.138706943626099   -0.0152788507962003   0
0.423620034461565   0.0968560347574688   -0.140045281068182   0.0384699338422039   0
0.384403069589086   0.110486758651772   -0.0392169648724796   0.0136307238943036   0
0.483712245240287   0.127707974875788   0.0993091756512018   0.017221216224016   0
0.467552494457555   0.133339226870087   -0.0161597507827329   0.00563125199429845   0
0.405013216111909   0.133251156879828   -0.0625392783456453   -8.80699902589821e-05   0
0.408422321163731   0.124112406777657   0.00340910505182196   -0.00913875010217127   0
0.431372102005739   0.135095630715801   0.0229497808420082   0.0109832239381441   0
0.461942065048432   0.143846390437682   0.0305699630426928   0.00875075972188111   0
0.469695857640708   0.150641560588488   0.0077537925922756   0.00679517015080586   0
0.495462328832788   0.148307616314891   0.0257664711920804   -0.0023339442735964   0
0.447145710860006   0.187296919680277   -0.0483166179727822   0.0389893033653853   0
0.481235447619738   0.200681305085258   0.0340897367597325   0.0133843854049817   0
0.447523150775074   0.192097863646801   -0.033712296844664   -0.00858344143845716   0
0.434975264857359   0.189058191835543   -0.0125478859177151   -0.00303967181125805   0
0.486563539743434   0.184787195961605   0.0515882748860742   -0.00427099587393834   0
0.431909603260046   0.196410142535041   -0.054653936483388   0.011622946573436   0
0.377855144512418   0.194325745566619   -0.054054458747628   -0.00208439696842125   0
0.459801629701418   0.204267137552893   0.0819464851890004   0.00994139198627358   0
0.399608719382864   0.185643285346831   -0.0601929103185541   -0.0186238522060618   0
0.351120343476108   0.190097690285179   -0.048488375906756   0.0044544049383482   0
0.40877083452234   0.225334019217411   0.0576504910462318   0.0352363289322315   0
0.44259262230079   0.218792271557572   0.0338217877784505   -0.0065417476598385   0
0.38428572316464   0.242671841539372   -0.0583068991361506   0.0238795699817995   0
0.435989588106792   0.274142660615003   0.0517038649421522   0.0314708190756307   0
0.479221276737834   0.263223313661404   0.0432316886310426   -0.0109193469535983   0
0.519988657232059   0.246617286955903   0.0407673804942248   -0.0166060267055017   0
0.377391048139804   0.263601865601332   -0.142597609092255   0.0169845786454291   0
0.481763331678533   0.231317862085967   0.104372283538729   -0.0322840035153645   0
0.291695109403655   0.23269013679375   -0.190068222274878   0.00137227470778295   0
0.324874589015435   0.281956122878139   0.0331794796117802   0.0492659860843894   0
0.344723319167662   0.270846576688981   0.0198487301522277   -0.0111095461891587   0
0.412705767293226   0.308110283314498   0.0679824481255631   0.0372637066255168   0
0.427386396778623   0.282069430311564   0.0146806294853972   -0.026040853002934   0
0.306480126240985   0.260185457657711   -0.120906270537638   -0.0218839726538526   0
0.348136896343953   0.259915313576158   0.0416567701029678   -0.00027014408155307   0
0.420766892921722   0.289778001784185   0.0726299965777695   0.0298626882080268   0
0.400663925395536   0.273913785442706   -0.0201029675261857   -0.0158642163414792   0
0.337692590622374   0.238740203056172   -0.0629713347731629   -0.0351735823865331   0
0.374042099810289   0.261785015654716   0.0363495091879152   0.0230448125985437   0
0.439280466883755   0.262453487500457   0.0652383670734665   0.000668471845740704   0
0.341310140701738   0.255301504892064   -0.0979703261820176   -0.00715198260839311   0
0.328617278129498   0.265415285116758   -0.0126928625722394   0.0101137802246943   0
0.342519142571623   0.25238898185371   0.013901864442125   -0.0130263032630478   0
0.378951460758512   0.257367213600222   0.0364323181868886   0.00497823174651213   0
0.318240740077131   0.24825642455214   -0.0607107206813811   -0.00911078904808213   0
0.386434938474771   0.231095752275009   0.06819419839764   -0.0171606722771309   0
0.327843765871017   0.236414988036926   -0.0585911726037542   0.00531923576191684   0
0.30976186965198   0.242549845398322   -0.0180818962190371   0.00613485736139593   0
0.311205539155732   0.27212153433071   0.00144366950375269   0.0295716889323882   0
0.371028627603639   0.252450503702493   0.0598230884479069   -0.0196710306282173   0
0.343477485570743   0.270466069361394   -0.0275511420328962   0.0180155656589011   0
0.35690359060256   0.254763014780894   0.0134261050318173   -0.0157030545805003   0
0.329034491104945   0.274097148759796   -0.0278690994976155   0.0193341339789025   0
0.406698254643415   0.276701667595485   0.0776637635384702   0.00260451883568896   0
0.417914752958076   0.257448998442046   0.0112164983146614   -0.0192526691534396   0
0.402057454701439   0.236515616288523   -0.015857298256637   -0.0209333821535225   0
0.491270754295429   0.225102535885871   0.0892132995939898   -0.011413080402652   0
0.474745698272201   0.208552152375011   -0.0165250560232279   -0.0165503835108599   0
0.669277676852441   0.190849745533627   0.194531978580239   -0.0177024068413849   0
0.433876470720746   0.244273292757313   -0.235401206131695   0.0534235472236866   1
0.389238823781095   0.25294170765922   -0.0446376469396509   0.00866841490190728   0
0.317457035907869   0.255326139061108   -0.0717817878732257   0.0023844314018881   0
0.244687862714031   0.25217798759468   -0.0727691731938381   -0.00314815146642861   0
0.353091500066201   0.279318859983729   0.10840363735217   0.0271408723890492   0
0.314297717995215   0.286634321819897   -0.0387937820709855   0.00731546183616838   0
0.35918088574004   0.27255352037582   0.044883167744825   -0.0140808014440774   0
0.298147120222551   0.265850039154713   -0.0610337655174899   -0.00670348122110687   0
0.291064642370041   0.251451848804443   -0.00708247785250937   -0.0143981903502701   0
0.317587655809605   0.243249436887324   0.0265230134395635   -0.00820241191711951   0
0.246864318031505   0.227039903506432   -0.0707233377780998   -0.0162095333808915   0
0.286645211069852   0.217625323973113   0.0397808930383473   -0.00941457953331887   0
0.247002310817551   0.250779433005859   -0.0396429002523014   0.0331541090327455   0
0.372483080778224   0.251300479833585   0.125480769960673   0.000521046827726135   0
0.282255542650627   0.268764154256497   -0.0902275381275968   0.0174636744229119   0
