0.13376601885251   0.181412171333348   0   0   0
0.182329028524615   0.101582879809198   0.0485630096721056   -0.0798292915241498   0
0.0990180518110713   0.160456224354134   -0.0833109767135441   0.058873344544936   0
0.0856084729255814   0.134080742786744   -0.0134095788854899   -0.0263754815673901   0
0.130706874538603   0.0831760869115691   0.0450984016130212   -0.0509046558751749   0
0.0728437725992428   0.105742821243288   -0.0578631019393597   0.0225667343317191   0
0.111300304106129   0.0817532343534187   0.0384565315068866   -0.0239895868898695   0
0.0608784146440263   0.0999210036131543   -0.0504218894621032   0.0181677692597356   0
0.125350820177811   0.0541839734417683   0.0644724055337851   -0.045737030171386   0
0.094851831109647   0.0669094019941331   -0.0304989890681644   0.0127254285523648   0
0.0925512601697222   0.0546113623325311   -0.00230057093992485   -0.012298039661602   0
0.122300233383465   0.0627158582593151   0.0297489732137428   0.00810449592678395   0
0.0570602400648648   0.0644016808861772   -0.0652399933186002   0.00168582262686211   0
0.126340245209514   0.0554234726897593   0.0692800051446487   -0.00897820819641786   0
0.0635829177812217   0.0522159551257563   -0.0627573274282918   -0.00320751756400299   0
0.120082841984398   0.0588664759035438   0.0564999242031767   0.00665052077778743   0
0.0650790279290495   0.0493424083034564   -0.055003814055349   -0.00952406760008741   0
0.0958948636750165   0.0442843513902202   0.030815835745967   -0.00505805691323615   0
0.0734788631831631   0.0347960221512819   -0.0224160004918534   -0.00948832923893832   0
0.0934626048389408   0.0366132445719445   0.0199837416557777   0.00181722242066263   0
0.0568899231496229   0.0340884353181911   -0.0365726816893179   -0.0025248092537534   0
0.101437979783807   0.0539814752607087   0.0445480566341839   0.0198930399425175   0
0.0307911136141988   0.0509751006504401   -0.070646866169608   -0.00300637461026854   0
0.0986472406935947   0.0477228144913939   0.0678561270793959   -0.00325228615904617   0
0.0625766217888118   0.0464961395792436   -0.0360706189047828   -0.00122667491215039   0
0.113625028769765   0.0397140916989801   0.0510484069809535   -0.00678204788026346   0
0.0703379641402138   0.0409298779409981   -0.0432870646295515   0.00121578624201796   0
0.0788591976177161   0.0355921072419504   0.00852123347750232   -0.00533777069904763   0
0.0876732641562979   0.0461148275596364   0.00881406653858184   0.010522720317686   0
0.093056685499562   0.031820028851574   0.00538342134326407   -0.0142947987080624   0
0.105410155294849   0.038188724640298   0.0123534697952866   0.00636869578872398   0
0.0980646543137582   0.0485323458483875   -0.00734550098109037   0.0103436212080896   0
0.124921302390785   0.041895839205672   0.026856648077027   -0.00663650664271553   0
0.128290335843274   0.0535186232090522   0.00336903345248864   0.0116227840033802   0
0.126740589309345   0.0538939560994784   -0.00154974653392911   0.000375332890426176   0
0.139051317708953   0.0628879861972261   0.0123107283996079   0.00899403009774773   0
0.132272069797066   0.053180898601401   -0.0067792479118863   -0.00970708759582505   0
0.147026301440498   0.0641707446394453   0.0147542316434314   0.0109898460380443   0
0.152923433317625   0.0917035360274755   0.00589713187712693   0.0275327913880302   0
0.169443916997719   0.171027348019257   0.0165204836800947   0.0793238119917813   0
0.200775679543261   0.17381301029339   0.0313317625455413   0.00278566227413291   0
0.203814020773474   0.189630056036747   0.00303834123021313   0.0158170457433578   0
0.195655727142678   0.178964600042858   -0.00815829363079601   -0.0106654559938898   0
0.207612394555263   0.153809332822329   0.0119566674125847   -0.0251552672205285   0
0.231783058460363   0.161148875394773   0.0241706639051003   0.00733954257244368   0
0.216568384241976   0.166391975821409   -0.015214674218387   0.00524310042663667   0
0.245878693380801   0.185516859810638   0.0293103091388252   0.0191248839892288   0
0.236332558988839   0.153948739742617   -0.00954613439196245   -0.0315681200680213   0
0.249531169993189   0.173347157640989   0.0131986110043508   0.0193984178983724   0
0.24213377094182   0.141282320904316   -0.00739739905136977   -0.0320648367366738   0
0.269401196166795   0.178880406267707   0.0272674252249754   0.0375980853633917   0
0.259147084620395   0.160082345036859   -0.0102541115464004   -0.0187980612308482   0
0.284664100381221   0.188526870446397   0.0255170157608265   0.0284445254095378   0
0.283984738509167   0.169108661709239   -0.000679361872054085   -0.0194182087371574   0
0.281072853035924   0.159644397199878   -0.00291188547324323   -0.00946426450936122   0
0.296237493111946   0.1669079072804   0.0151646400760216   0.0072635100805214   0
0.283662328226905   0.147202010091787   -0.012575164885041   -0.0197058971886129   0
0.291317988635172   0.141932153410494   0.00765566040826793   -0.00526985668129282   0
0.317154997083333   0.166594258025757   0.0258370084481604   0.024662104615263   0
0.322244374610698   0.167854780807965   0.00508937752736527   0.00126052278220809   0
0.32459219314336   0.160585701651019   0.00234781853266192   -0.00726907915694633   0
0.338462685178875   0.16497950750794   0.0138704920355147   0.00439380585692148   0
0.335024810152216   0.154937963495103   -0.00343787502665871   -0.0100415440128368   0
0.347884123433433   0.164988748912926   0.0128593132812169   0.0100507854178225   0
0.346397309185926   0.155924444205359   -0.00148681424750702   -0.00906430470756725   0
0.350516063638744   0.161894617895408   0.00411875445281795   0.00597017369004887   0
0.350908364562958   0.173023213868718   0.000392300924214273   0.0111285959733101   0
0.360936957169379   0.181231234903479   0.0100285926064206   0.00820802103476143   0
0.355374188602531   0.177007311186459   -0.00556276856684734   -0.00422392371701988   0
0.370682468364192   0.194339369631612   0.0153082797616603   0.0173320584451533   0
0.370317776188532   0.184720374431362   -0.000364692175659265   -0.00961899520025067   0
0.39047390559273   0.197671839145109   0.0201561294041973   0.0129514647137476   0
0.383753096059394   0.189551351508826   -0.00672080953333581   -0.00812048763628342   0
0.398046594863993   0.214442668061425   0.0142934988045993   0.024891316552599   0
0.369583533689381   0.244194096797077   -0.0284630611746121   0.0297514287356516   0
0.420142409760976   0.329630760701273   0.0505588760715949   0.0854366639041966   0
0.399675182627343   0.308878573462939   -0.0204672271336331   -0.0207521872383344   0
0.38829057545629   0.303186715463013   -0.0113846071710529   -0.00569185799992566   0
0.389932673039345   0.298980370438613   0.00164209758305511   -0.00420634502440043   0
0.401439483991597   0.291078546662361   0.0115068109522523   -0.00790182377625115   0
0.399132150266412   0.298111228303145   -0.0023073337251851   0.0070326816407838   0
0.387468580450896   0.2979378594713   -0.0116635698155164   -0.000173368831845377   0
0.412334066196634   0.309711660453756   0.0248654857457379   0.0117738009824559   0
0.401633110634894   0.2762283855939   -0.01070095556174   -0.0334832748598554   0
0.439738803301141   0.32741885631726   0.0381056926662476   0.0511904707233596   0
0.424169971487047   0.30844799366516   -0.0155688318140947   -0.0189708626521   0
0.427385572388649   0.302535859867884   0.00321560090160267   -0.00591213379727584   0
0.434213560406489   0.285851720669515   0.00682798801783996   -0.0166841391983689   0
0.476741934892327   0.337776627825624   0.042528374485838   0.0519249071561087   0
0.47645749042534   0.332044773213644   -0.000284444466987444   -0.00573185461198022   0
0.482009580989891   0.315552631458541   0.0055520905645508   -0.0164921417551023   0
0.483555358062887   0.309330330236339   0.00154577707299641   -0.00622230122220241   0
0.491204249903594   0.317105271006727   0.00764889184070694   0.00777494077038843   0
0.490298239640826   0.320627817704968   -0.000906010262768431   0.00352254669824031   0
0.484582987819733   0.302389467490536   -0.00571525182109262   -0.0182383502144315   0
0.483232737704204   0.312971540045177   -0.00135025011552903   0.0105820725546412   0
0.496777732135821   0.326196209927767   0.0135449944316174   0.0132246698825899   0
0.505505918046713   0.323216285797003   0.00872818591089153   -0.00297992413076409   0
0.501272441536177   0.308962118576194   -0.00423347651053596   -0.0142541672208094   0
0.516217737270466   0.337622808503069   0.0149452957342895   0.0286606899268753   0
0.505082552168635   0.312586926676805   -0.0111351851018318   -0.0250358818262644   0
0.515372408237286   0.3274603944054   0.0102898560686515   0.0148734677285952   0
0.52806149173974   0.371075970160845   0.0126890835024542   0.0436155757554456   0
0.521190851992713   0.334673602854572   -0.00687063974702751   -0.036402367306273   0
0.548744949002449   0.374145545128684   0.0275540970097357   0.0394719422741115   0
0.528148646582276   0.341799362928883   -0.0205963024201726   -0.0323461821998013   0
0.556459367613126   0.388427839551312   0.02831072103085   0.0466284766224298   0
0.542460286438328   0.346280871580604   -0.0139990811747984   -0.0421469679707087   0
0.53629457146572   0.385360232284028   -0.00616571497260776   0.0390793607034243   0
0.523629859657077   0.376229451463465   -0.012664711808643   -0.00913078082056268   0
0.514407519988355   0.39514952317414   -0.00922233966872166   0.0189200717106745   0
0.527305908166028   0.439445726604265   0.0128983881776733   0.0442962034301247   0
0.525928670753191   0.427074414554525   -0.00137723741283768   -0.0123713120497399   0
0.520712526006145   0.432445398164901   -0.00521614474704601   0.00537098361037663   0
0.520205665526672   0.433987096277355   -0.000506860479472349   0.00154169811245353   0
0.523124195398808   0.434003796700455   0.00291852987213537   1.67004231003687e-05   0
0.525761515564744   0.448047441863258   0.0026373201659361   0.0140436451628033   0
0.559472793265714   0.462720172474909   0.0337112777009699   0.014672730611651   0
0.548136384203947   0.445185682058411   -0.0113364090617668   -0.0175344904164986   0
0.572551756328081   0.478210480421801   0.0244153721241339   0.0330247983633905   0
0.558355145804069   0.449354029405279   -0.0141966105240121   -0.0288564510165227   0
0.573629448401649   0.44617441598726   0.0152743025975802   -0.00317961341801865   0
0.584359581117363   0.457364112623345   0.010730132715714   0.0111896966360853   0
0.584307521923751   0.446603083738024   -5.2059193611953e-05   -0.0107610288853213   0
0.582121105689091   0.45190060548455   -0.00218641623465998   0.00529752174652554   0
0.597282991801508   0.466646741632265   0.0151618861124169   0.0147461361477156   0
0.588300659239099   0.422718771658123   -0.00898233256240932   -0.0439279699741419   0
0.592824006309663   0.462269246747307   0.0045233470705649   0.0395504750891837   0
0.587512033777352   0.44235633500436   -0.00531197253231197   -0.0199129117429464   0
0.590217274948845   0.458900888937154   0.00270524117149307   0.0165445539327934   0
0.597064185809397   0.431261581652308   0.00684691086055267   -0.0276393072848463   0
0.59285336048582   0.446345957286778   -0.00421082532357697   0.0150843756344701   0
0.602958228456251   0.457777903767452   0.0101048679704303   0.0114319464806743   0
0.59654218800816   0.437334995131695   -0.00641604044809096   -0.0204429086357566   0
0.604440705787176   0.467182594868166   0.00789851777901673   0.0298475997364702   0
0.606560977692284   0.452253250063347   0.00212027190510811   -0.0149293448048189   0
0.608981699229895   0.466896873930957   0.0024207215376103   0.0146436238676104   0
0.612541346156527   0.487915325887812   0.00355964692663202   0.0210184519568552   0
0.611856117204069   0.466656158705275   -0.000685228952457373   -0.0212591671825376   0
0.632023331797965   0.492549018968559   0.0201672145938951   0.0258928602632845   0
0.635359611232733   0.5037580650354   0.00333627943476877   0.0112090460668406   0
0.63773384275602   0.489484427570033   0.00237423152328653   -0.014273637465367   0
0.656102261032958   0.514848578690194   0.0183684182769384   0.0253641511201609   0
0.651117212515149   0.50775025293072   -0.00498504851780923   -0.00709832575947367   0
0.668850876398469   0.50427223554709   0.01773366388332   -0.00347801738362974   0
0.640167652521347   0.488652809371296   -0.0286832238771223   -0.0156194261757943   0
0.62478167231481   0.501748326386735   -0.0153859802065371   0.0130955170154396   0
0.611750573884488   0.556475541884601   -0.0130310984303218   0.0547272154978653   0
0.647973069509065   0.74422822438541   0.0362224956245777   0.187752682500809   0
0.642813528191497   0.713874563749265   -0.00515954131756868   -0.0303536606361448   0
0.613071936143068   0.702775530322449   -0.0297415920484287   -0.0110990334268157   0
0.630904895826336   0.688977126300513   0.0178329596832681   -0.0137984040219368   0
0.61166521825591   0.65266697700938   -0.0192396775704262   -0.0363101492911326   0
0.625750300840959   0.677021636708119   0.0140850825850487   0.0243546596987388   0
0.61006327521162   0.615492902145475   -0.0156870256293389   -0.0615287345626433   0
0.639448212871226   0.650988830698347   0.0293849376596065   0.0354959285528712   0
0.626991887752505   0.613276379717543   -0.0124563251187211   -0.0377124509808033   0
0.650984814174808   0.632694246336581   0.0239929264223033   0.0194178666190375   0
0.620415579312134   0.595233012130382   -0.0305692348626748   -0.0374612342061984   0
0.656248633034531   0.632718459629101   0.035833053722397   0.0374854474987186   0
0.658042304415346   0.647591478253507   0.00179367138081488   0.0148730186244059   0
0.613303470563309   0.55280663685835   -0.0447388338520361   -0.0947848413951567   0
0.644582436019661   0.647929865375816   0.0312789654563513   0.0951232285174654   0
0.62215985995303   0.599766487624994   -0.0224225760666309   -0.0481633777508214   0
0.657799207251574   0.650926223075259   0.0356393472985447   0.0511597354502652   0
0.675981240801162   0.652738494584478   0.0181820335495878   0.00181227150921803   0
0.65007416847619   0.612695284165473   -0.0259070723249722   -0.0400432104190043   0
0.665951247817226   0.616046360860293   0.0158770793410357   0.00335107669481938   0
0.685990118441702   0.632973675277932   0.0200388706244761   0.016927314417639   0
0.678016163370668   0.61031882999036   -0.00797395507103393   -0.0226548452875712   0
0.698057526937702   0.648887657427648   0.0200413635670337   0.0385688274372872   0
0.678788188622084   0.605152614017291   -0.0192693383156174   -0.0437350434103568   0
0.698252367976916   0.634273640648309   0.0194641793548315   0.0291210266310181   0
0.711239488588295   0.638972880223754   0.0129871206113799   0.00469923957544527   0
0.702210094029899   0.634113222004091   -0.00902939455839624   -0.00485965821966283   0
0.695181012546524   0.62506303342783   -0.00702908148337544   -0.00905018857626161   0
0.718166949854155   0.661620655284509   0.022985937307631   0.0365576218566789   0
0.716152649825392   0.665248127693517   -0.00201430002876313   0.00362747240900863   0
0.731505330731294   0.673920476740708   0.0153526809059025   0.00867234904719039   0
0.754570724487301   0.716314627616622   0.0230653937560066   0.0423941508759146   0
0.757621382842149   0.678148514923061   0.00305065835484808   -0.0381661126935615   0
0.781690908759652   0.717283236325862   0.0240695259175029   0.0391347214028015   0
0.752609016366061   0.658471347309777   -0.0290818923935906   -0.0588118890160854   0
0.762998145465308   0.744760158819771   0.0103891290992474   0.0862888115099939   0
0.810881882030601   0.798042901810423   0.047883736565293   0.0532827429906521   0
