0.275991973648963   0.330334881467277   0   0   0
0.261265075661578   0.325722519698761   -0.0147268979873853   -0.0046123617685157   0
0.263391782480897   0.342841078710311   0.00212670681931904   0.0171185590115501   0
0.288560479993035   0.376232092194224   0.0251686975121379   0.0333910134839123   0
0.273132178426948   0.395645910669363   -0.0154283015660871   0.0194138184751396   0
0.26667550954233   0.394901362926605   -0.00645666888461721   -0.000744547742758783   0
0.291548681103614   0.405200766442973   0.0248731715612837   0.0102994035163681   0
0.249034569594765   0.403986707740799   -0.0425141115088488   -0.00121405870217361   0
0.23832115099934   0.379437492924065   -0.0107134185954258   -0.024549214816734   0
0.160839073310343   0.176162526545631   -0.0774820776889962   -0.203274966378435   0
0.0674980274133938   0.14419759999928   -0.0933410458969495   -0.0319649265463501   0
0.0627158620642338   0.140795671480174   -0.00478216534916003   -0.00340192851910631   0
0.0427779673155469   0.133061281714714   -0.0199378947486869   -0.00773438976546009   0
0.0360296292987096   0.125050347247509   -0.00674833801683728   -0.00801093446720538   0
0.0359877330531446   0.128077426305614   -4.18962455649846e-05   0.00302707905810534   0
0.0346506736369742   0.117652653944237   -0.00133705941617043   -0.0104247723613765   0
0.0400180498269219   0.0900462503907436   0.00536737618994763   -0.0276064035534939   0
0.0319670096330952   0.0873825992704068   -0.00805104019382667   -0.00266365112033683   0
0.0341721299288836   0.0933641666798483   0.00220512029578839   0.00598156740944153   0
0.0253371648241886   0.0702234164381974   -0.00883496510469498   -0.0231407502416509   0
0.0470411153204301   0.0331992332886243   0.0217039504962415   -0.0370241831495731   0
0.0485410445496386   0.0249197228670385   0.00149992922920855   -0.00827951042158583   0
0.0800100049245093   0.036820589883447   0.0314689603748707   0.0119008670164085   0
0.0851339373438113   0.0356631686972008   0.00512393241930208   -0.00115742118624625   0
0.0808201078921576   0.033349817307699   -0.00431382945165372   -0.00231335138950176   0
0.0603170803326056   0.0752402287922658   -0.020503027559552   0.0418904114845668   0
0.0344303469403083   0.078920245712127   -0.0258867333922973   0.00368001691986124   0
0.0524690448385865   0.0850686706228562   0.0180386978982782   0.00614842491072921   0
0.0452707486433569   0.102366222503824   -0.0071982961952296   0.0172975518809682   0
0.0496620079784587   0.0914221135656057   0.00439125933510185   -0.0109441089382188   0
0.0352410739602655   0.0953270797739157   -0.0144209340181933   0.00390496620831009   0
0.0244812791726985   0.0967793498502909   -0.010759794787567   0.00145227007637515   0
0.0214520540009133   0.116007507153083   -0.00302922517178518   0.0192281573027917   0
0.106998056585762   0.108614714373942   0.0855460025848491   -0.00739279277914104   0
0.0642781632442154   0.108065554052031   -0.042719893341547   -0.000549160321910214   0
0.0365450291475818   0.114608600780711   -0.0277331340966336   0.00654304672868018   0
0.0492631010388191   0.105781875040919   0.0127180718912374   -0.00882672573979296   0
0.0653392710584531   0.105754572327973   0.0160761700196339   -2.73027129453901e-05   0
0.0755831498133843   0.101059265771576   0.0102438787549313   -0.00469530655639729   0
0.0857548833848248   0.109838083131273   0.0101717335714405   0.00877881735969742   0
0.0865687562734963   0.107163969812958   0.000813872888671463   -0.0026741133183156   0
0.0935314476349532   0.11999826514247   0.00696269136145697   0.0128342953295122   0
0.121436133791759   0.101055800929684   0.0279046861568058   -0.0189424642127855   0
0.118784229896586   0.108996601367898   -0.00265190389517342   0.00794080043821378   0
0.0798022145846217   0.122445951015877   -0.038982015311964   0.0134493496479786   0
0.0912674431680629   0.133299757556241   0.0114652285834413   0.0108538065403637   0
0.142410309246673   0.115679024000994   0.0511428660786096   -0.0176207335552467   0
0.140191045777298   0.130681660331902   -0.0022192634693744   0.0150026363309078   0
0.121272694482352   0.0979234095380798   -0.0189183512949457   -0.0327582507938218   0
0.102212955838642   0.131002257826421   -0.0190597386437108   0.0330788482883409   0
0.123127859628762   0.136231107896141   0.0209149037901199   0.00522885006972026   0
0.155223165259861   0.142084638393151   0.0320953056310991   0.0058535304970101   0
0.15712345308369   0.180344191442087   0.00190028782382898   0.0382595530489356   0
0.166679395500104   0.188339925776799   0.00955594241641416   0.00799573433471193   0
0.202019745788896   0.196275853525716   0.0353403502887918   0.00793592774891763   0
0.197088747129333   0.177746089214475   -0.00493099865956295   -0.0185297643112415   0
0.173173103355482   0.177012047812409   -0.0239156437738507   -0.000734041402065899   0
0.154445822229722   0.180427981777003   -0.0187272811257598   0.00341593396459408   0
0.167456367706964   0.194277105797936   0.0130105454772421   0.0138491240209333   0
0.175064473655942   0.21436290182131   0.00760810594897804   0.0200857960233736   0
0.211431473921321   0.214571214899937   0.0363670002653784   0.000208313078627315   0
0.225529564293553   0.214402737407054   0.0140980903722327   -0.000168477492883151   0
0.236509145940859   0.224283754379692   0.0109795816473053   0.00988101697263805   0
0.204243815478225   0.252818634765567   -0.0322653304626332   0.0285348803858747   0
0.183487121768517   0.295934931171841   -0.0207566937097087   0.0431162964062747   0
0.177227994599364   0.275123672995096   -0.006259127169153   -0.0208112581767454   0
0.234354353409364   0.312431692941469   0.0571263588099999   0.0373080199463733   0
0.192121814896351   0.318585017409894   -0.0422325385130131   0.00615332446842481   0
0.207141832569026   0.342951070835899   0.0150200176726754   0.0243660534260051   0
0.268200532785172   0.369724786124791   0.0610587002161458   0.0267737152888918   0
0.235507519130069   0.335995422404789   -0.0326930136551023   -0.0337293637200022   0
0.234543334208457   0.331475710598005   -0.000964184921612349   -0.00451971180678362   0
0.253133778627389   0.342819947459118   0.018590444418932   0.0113442368611129   0
0.25031932117847   0.363398244504552   -0.00281445744891912   0.0205782970454337   0
0.272434973477067   0.342801774947651   0.0221156522985967   -0.0205964695569008   0
0.253944841000265   0.352114578507678   -0.0184901324768014   0.00931280356002745   0
0.224380825069479   0.362748159881704   -0.0295640159307866   0.0106335813740258   0
0.228857991130417   0.361374527981428   0.00447716606093826   -0.00137363190027662   0
0.20079225699717   0.340628839068655   -0.0280657341332469   -0.0207456889127722   0
0.211593631409087   0.360475420724579   0.0108013744119171   0.0198465816559239   0
0.110917676452043   0.426766267351884   -0.100675954957045   0.066290846627305   0
0.228896637501892   0.444275779335876   0.117978961049849   0.0175095119839916   0
0.216123426464838   0.436932286056146   -0.0127732110370535   -0.00734349327972977   0
0.176720778538971   0.43534576535841   -0.0394026479258675   -0.0015865206977359   0
0.231407066537408   0.460965471641315   0.0546862879984371   0.0256197062829047   0
0.235212627149161   0.455819124066498   0.0038055606117525   -0.00514634757481652   0
0.209942868261106   0.45604084371852   -0.0252697588880548   0.00022171965202189   0
0.210971688438639   0.43295817132976   0.00102882017753289   -0.0230826723887602   0
0.192922108474508   0.443275644365538   -0.0180495799641301   0.0103174730357775   0
0.24482630770048   0.422008748170805   0.0519041992259713   -0.0212668961947326   0
0.222850419757783   0.451933223353019   -0.0219758879426969   0.0299244751822142   0
0.176163950315665   0.462502790116179   -0.0466864694421181   0.0105695667631594   0
0.238749798846512   0.466904042436184   0.0625858485308474   0.00440125232000543   0
0.258969557716578   0.475659804979872   0.0202197588700658   0.00875576254368809   0
0.247730064666281   0.465623799339233   -0.0112394930502965   -0.0100360056406389   0
0.230698735836263   0.470079281610988   -0.0170313288300182   0.00445548227175463   0
0.227947486863203   0.456574127491038   -0.0027512489730605   -0.0135051541199501   0
0.215855648552128   0.465370186875416   -0.0120918383110743   0.00879605938437861   0
0.22624468510796   0.472364174187078   0.0103890365558316   0.00699398731166145   0
0.201855898416494   0.479456341422267   -0.024388786691466   0.00709216723518863   0
0.247522915123287   0.47788766000318   0.045667016706793   -0.00156868141908639   0
0.238466455172882   0.480644712503165   -0.00905645995040549   0.0027570524999847   0
0.214459181297747   0.495770060379005   -0.0240072738751345   0.0151253478758404   0
0.216767022564065   0.485164600361643   0.00230784126631811   -0.0106054600173625   0
0.251299637409169   0.492730042219982   0.0345326148451041   0.00756544185833907   0
0.208886229342123   0.515505650748918   -0.0424134080670464   0.022775608528936   0
0.210279760794804   0.525587077348031   0.00139353145268106   0.010081426599113   0
0.256582099290071   0.515533445867174   0.0463023384952672   -0.0100536314808567   0
0.230320060422535   0.478726466494187   -0.0262620388675366   -0.036806979372987   0
