0.106343216845955   0.158255706606745   0   0   0
0.1257330063131   0.153668183288458   0.019389789467145   -0.00458752331828693   0
0.109489555227063   0.146026362267828   -0.0162434510860372   -0.00764182102062938   0
0.103420596096039   0.133829007014184   -0.0060689591310238   -0.0121973552536443   0
0.103358160417211   0.135545677543458   -6.2435678827466e-05   0.00171667052927374   0
0.0829231117993651   0.119039505133428   -0.0204350486178463   -0.0165061724100298   0
0.0836279585464694   0.104870512592292   0.000704846747104304   -0.0141689925411362   0
0.0763645331273622   0.0928519801510582   -0.00726342541910718   -0.0120185324412335   0
0.0796661891712538   0.0809443875011109   0.00330165604389163   -0.0119075926499473   0
0.0818177732134039   0.0763065409208968   0.00215158404215011   -0.0046378465802141   0
0.0832903893542346   0.072286492716309   0.00147261614083068   -0.00402004820458776   0
0.0588238508162293   0.0583187444499194   -0.0244665385380053   -0.0139677482663897   0
0.06939652386741   0.0650630921265851   0.0105726730511807   0.00674434767666574   0
0.0652255005632766   0.0635132049418465   -0.00417102330413333   -0.00154988718473856   0
0.0497200708801788   0.0638267309474839   -0.0155054296830979   0.000313526005637374   0
0.0635891336985338   0.0249740843270579   0.013869062818355   -0.038852646620426   0
0.0731130343373875   0.0199379222212822   0.00952390063885372   -0.00503616210577568   0
0.0630514801753297   0.0198109493052453   -0.0100615541620577   -0.000126972916036923   0
0.0528189427643152   0.0219842061012565   -0.0102325374110146   0.00217325679601121   0
0.0521223934812092   0.025221102193451   -0.000696549283105946   0.00323689609219449   0
0.0433511599386914   0.0187224925823486   -0.00877123354251783   -0.00649860961110238   0
0.0532143107489893   0.0198109493052453   0.00986315081029794   0.00108845672289667   0
0.0446296983383262   0.0413522545362704   -0.00858461241066308   0.0215413052310251   0
0.0565120259355476   0.0194512205363185   0.0118823275972213   -0.0219010339999519   0
0.0593794853727278   0.022582170743642   0.00286745943718028   0.00313095020732345   0
0.0548054233320034   0.0232544041519021   -0.00457406204072447   0.00067223340826008   0
0.0542289014564088   0.0438146168533116   -0.000576521875594538   0.0205602127014096   0
0.0577917225136092   0.0466324185611791   0.00356282105720031   0.00281780170786745   0
0.0359059249692861   0.0404834275963634   -0.0218857975443231   -0.00614899096481567   0
0.0462025876243918   0.0493946821087301   0.0102966626551057   0.00891125451236667   0
0.0478739248563349   0.0494898463836018   0.00167133723194313   9.51642748716619e-05   0
0.0553812541951886   0.0522507222349366   0.00750732933885375   0.00276087585133487   0
0.0463110654357034   0.0591575672973773   -0.00907018875948527   0.00690684506244068   0
0.0630543310334223   0.0564041930715262   0.0167432655977189   -0.00275337422585114   0
0.0783640798554727   0.0621968968162601   0.0153097488220504   0.0057927037447339   0
0.078122927975211   0.0619898600884967   -0.000241151880261706   -0.000207036727763323   0
0.0589840222885825   0.0611357946915921   -0.0191389056866285   -0.000854065396904649   0
0.072097704533573   0.0607985052860677   0.0131136822449905   -0.00033728940552441   0
0.0870822724415251   0.0740767756314123   0.014984567907952   0.0132782703453446   0
0.0689712151360261   0.0560859736431044   -0.0181110573054989   -0.0179908019883079   0
0.0908286235570572   0.0493382636871222   0.021857408421031   -0.0067477099559822   0
0.109630529274607   0.0710922442104798   0.0188019057175495   0.0217539805233576   0
0.114517229284331   0.0783534689303543   0.00488670000972415   0.0072612247198745   0
0.104511290841325   0.085279264658988   -0.010005938443006   0.00692579572863372   0
0.0914845878498122   0.0870641041811227   -0.0130267029915127   0.00178483952213471   0
0.0867358889064959   0.0775661907941372   -0.00474869894331627   -0.00949791338698551   0
0.0881528736630293   0.0856815411912041   0.00141698475653337   0.00811535039706683   0
0.103218905152884   0.104107514412424   0.0150660314898544   0.0184259732212197   0
0.110047283344617   0.0971771167904802   0.00682837819173321   -0.00693039762194358   0
0.108964558910042   0.102011092838356   -0.00108272443457497   0.00483397604787553   0
0.122198845855707   0.120529838626043   0.0132342869456653   0.0185187457876874   0
0.0985536879809173   0.097134086621512   -0.02364515787479   -0.0233957520045311   0
0.112077568709622   0.121875290973167   0.0135238807287045   0.0247412043516549   0
0.110169301492556   0.121583616294148   -0.00190826721706627   -0.000291674679019333   0
0.115985924019652   0.141948796466367   0.0058166225270965   0.0203651801722192   0
0.115469085735621   0.131379531465075   -0.000516838284031429   -0.0105692650012922   0
0.120058573740744   0.128697614885769   0.00458948800512311   -0.00268191657930592   0
0.114870983587714   0.135929852422245   -0.00518759015302953   0.00723223753647612   0
0.109629152356021   0.127590039701665   -0.00524183123169349   -0.00833981272057951   0
0.124296779936238   0.13619695946005   0.0146676275802174   0.00860691975838479   0
0.1128966248777   0.131609538374209   -0.0114001550585381   -0.00458742108584054   0
0.125093032891085   0.132235767105651   0.0121964080133847   0.000626228731441664   0
0.117575076078045   0.135627519845467   -0.00751795681303988   0.00339175273981573   0
0.131141024273318   0.134326407998651   0.0135659481952729   -0.00130111184681603   0
0.130683392407718   0.134609637447881   -0.000457631865599717   0.000283229449230316   0
0.118770682640982   0.128893464243033   -0.0119127097667358   -0.00571617320484824   0
0.117090782577703   0.133570554023894   -0.00167990006327924   0.00467708978086118   0
0.116557607204919   0.131158515597806   -0.000533175372784328   -0.00241203842608775   0
0.112855374047738   0.142719965768327   -0.00370223315718039   0.0115614501705209   0
0.110299052978457   0.126026063435595   -0.0025563210692815   -0.0166939023327327   0
0.103347339702566   0.122697938955877   -0.00695171327589059   -0.00332812447971804   0
0.123904503060554   0.125171092295106   0.0205571633579882   0.00247315333922975   0
0.126374910461234   0.129271004710144   0.00247040740067968   0.00409991241503749   0
0.119029319493329   0.135473699752055   -0.00734559096790534   0.00620269504191145   0
0.105347641268587   0.127171925557147   -0.0136816782247416   -0.00830177419490835   0
0.0985917885148657   0.0683122599466231   -0.00675585275372136   -0.0588596656105238   0
0.107962672982008   0.0995473606544141   0.00937088446714232   0.0312351007077911   0
0.140173202102577   0.143357693198392   0.0322105291205694   0.0438103325439776   0
0.15964242921307   0.184544495369707   0.0194692271104925   0.0411868021713157   0
0.150490087713444   0.184544495369707   -0.00915234149962604   0   0
0.157811257853171   0.20857154761918   0.00732117013972716   0.0240270522494728   0
0.146670966442204   0.192055427789706   -0.0111402914109674   -0.0165161198294745   0
0.156252944877497   0.2044549918552   0.0095819784352931   0.0123995640654945   0
0.163898096087294   0.195088207358659   0.00764515120979781   -0.00936678449654157   0
0.173022864163353   0.218040800998368   0.00912476807605825   0.0229525936397095   0
0.169563772914618   0.21548518251729   -0.00345909124873511   -0.00255561848107771   0
0.206811644547907   0.230185269649745   0.0372478716332899   0.0147000871324541   0
0.191481983633683   0.235631299013092   -0.0153296609142246   0.00544602936334754   0
0.201850480171933   0.242565996678236   0.0103684965382503   0.00693469766514435   0
0.243082504816143   0.310413722489668   0.0412320246442094   0.0678477258114314   0
0.20596059691458   0.348498049155619   -0.0371219079015629   0.0380843266659515   0
0.195700219644639   0.329448356731403   -0.0102603772699406   -0.0190496924242167   0
0.203621722860529   0.335106884967409   0.00792150321588969   0.00565852823600582   0
0.204740061469196   0.356686496641522   0.00111833860866684   0.0215796116741135   0
0.197382908239011   0.349276458345985   -0.00735715323018424   -0.00741003829553727   0
0.204184273664967   0.354718439570094   0.00680136542595525   0.00544198122410938   0
0.220989572611673   0.35419481390056   0.0168052989467066   -0.0005236256695339   0
0.195931854686878   0.352299445846605   -0.0250577179247949   -0.00189536805395524   0
0.216476191678923   0.359637200626746   0.0205443369920451   0.0073377547801412   0
0.228142148071789   0.357576156641755   0.0116659563928653   -0.00206104398499141   0
0.19698185091985   0.346961176402908   -0.0311602971519388   -0.0106149802388465   0
0.217129740491716   0.369411318783429   0.0201478895718662   0.022450142380521   0
0.218073733555442   0.389973674105064   0.000943993063726029   0.0205623553216345   0
0.210302307982675   0.385069481730223   -0.00777142557276694   -0.00490419237484074   0
0.227814676522146   0.38969368714643   0.0175123685394707   0.00462420541620739   0
0.226918743324323   0.392977046090551   -0.000895933197822968   0.00328335894412046   0
0.229992986952233   0.392620851481111   0.00307424362790998   -0.000356194609440086   0
0.205116569783038   0.384721789282685   -0.0248764171691948   -0.0078990621984259   0
0.230550219983087   0.391088017860878   0.0254336502000492   0.00636622857819319   0
0.235187012585729   0.39902089900093   0.00463679260264191   0.00793288114005203   0
0.241386538266926   0.374674694657672   0.00619952568119639   -0.0243462043432578   0
0.170075506255134   0.273346174136318   -0.0713110320117921   -0.101328520521354   0
0.241531650907474   0.31492946825676   0.0714561446523406   0.0415832941204415   0
0.245686219085829   0.383796394071238   0.00415456817835483   0.0688669258144782   0
0.24470844892165   0.401745447560607   -0.000977770164178632   0.017949053489369   0
0.259076152602377   0.4098629204245   0.0143677036807263   0.00811747286389292   0
0.271046727941678   0.419133424333708   0.0119705753393012   0.00927050390920786   0
0.261718928146686   0.417261308137365   -0.00932779979499238   -0.00187211619634275   0
0.263729714747959   0.416843989084376   0.00201078660127368   -0.000417319052989418   0
0.270992482373146   0.419918710862951   0.00726276762518696   0.00307472177857521   0
0.279669998498677   0.426330416222817   0.00867751612553075   0.00641170535986574   0
0.263573939990451   0.414321555688646   -0.0160960585082258   -0.0120088605341702   0
0.269867040911353   0.422837209452612   0.00629310092090196   0.00851565376396618   0
0.265700624834437   0.4116663356673   -0.0041664160769167   -0.0111708737853121   0
0.267056627338024   0.418318109720237   0.00135600250358708   0.00665177405293693   0
0.275729385680399   0.41868088316003   0.00867275834237502   0.000362773439792519   0
0.251772141331085   0.417078295406331   -0.0239572443493133   -0.00160258775369915   0
0.271443986488926   0.413079620708024   0.0196718451578402   -0.00399867469830661   0
0.28467471429688   0.416996794112704   0.013230727807954   0.00391717340467945   0
0.264956102778857   0.411913211751981   -0.019718611518023   -0.00508358236072226   0
0.274755139639079   0.418799241720347   0.00979903686022282   0.00688602996836613   0
0.279377052010361   0.431577746140904   0.00462191237128168   0.0127785044205564   0
0.262537727162421   0.417840414396215   -0.0168393248479397   -0.0137373317446891   0
0.268731067296377   0.422430054484489   0.00619334013395584   0.00458964008827445   0
0.275035435768575   0.432884293909744   0.0063043684721979   0.0104542394252552   0
0.263319544402025   0.413734927085713   -0.0117158913665501   -0.0191493668240312   0
0.262069518438219   0.41898668195469   -0.00125002596380602   0.00525175486897678   0
0.274084660736076   0.415296177833628   0.0120151422978573   -0.00369050412106176   0
0.296955168490144   0.435398297290782   0.0228705077540681   0.020102119457154   0
0.283366063439873   0.443099418467258   -0.0135891050502716   0.00770112117647548   0
0.283633428288627   0.439366406562246   0.00026736484875467   -0.00373301190501202   0
0.28243465168936   0.426815964088564   -0.00119877659926765   -0.012550442473682   0
0.286439888200579   0.437965743924942   0.00400523651121881   0.0111497798363786   0
0.274182296795854   0.429259027725184   -0.0122575914047242   -0.00870671619975805   0
0.288253352322657   0.442765116549553   0.0140710555268028   0.0135060888243689   0
0.284438564864348   0.438304066949227   -0.00381478745830915   -0.00446104960032601   0
0.271166956178735   0.425691615020569   -0.0132716086856131   -0.0126124519286579   0
0.248397666093887   0.361341882377057   -0.0227692900848484   -0.0643497326435121   0
0.221228759746467   0.318651914427169   -0.0271689063474197   -0.0426899679498878   0
0.204221122609807   0.317157451072649   -0.0170076371366595   -0.00149446335451991   0
0.212894632316458   0.274882857628572   0.00867350970665096   -0.042274593444077   0
0.223230824286235   0.312980553373152   0.010336191969777   0.0380976957445798   0
0.231781968919521   0.342464141497738   0.00855114463328605   0.0294835881245855   0
0.254377482015527   0.382550661895506   0.022595513096006   0.0400865203977687   0
0.247280401268196   0.372379430657434   -0.00709708074733151   -0.010171231238072   0
0.25842984409702   0.383365202124912   0.0111494428288239   0.0109857714674781   0
0.280382099299527   0.398869732528566   0.0219522552025075   0.0155045304036538   0
0.282387234184621   0.402603762765805   0.00200513488509374   0.00373403023723901   0
0.269921849266061   0.398857619734724   -0.0124653849185604   -0.00374614303108106   0
0.287002081977745   0.405084775767919   0.0170802327116838   0.00622715603319446   0
0.281247454700945   0.417472025644033   -0.00575462727679976   0.0123872498761146   0
0.270579624942918   0.397955764590504   -0.010667829758027   -0.0195162610535295   0
0.273707637701636   0.405310347986879   0.00312801275871821   0.00735458339637518   0
0.281121332354359   0.401183448350443   0.00741369465272312   -0.00412689963643609   0
0.274321767645679   0.424087193939068   -0.00679956470867987   0.0229037455886248   0
0.25146276135611   0.399396907450471   -0.022859006289569   -0.0246902864885969   0
0.256827068043869   0.383955119342033   0.00536430668775856   -0.0154417881084377   0
0.261775889665187   0.402091792540972   0.00494882162131793   0.0181366731989393   0
0.256341626175091   0.390486692037927   -0.00543426349009585   -0.0116051005030459   0
0.243560269364299   0.39014675053691   -0.0127813568107916   -0.000339941501016461   0
0.25459752236699   0.393756279243265   0.0110372530026908   0.00360952870635473   0
0.234464476853979   0.381694201345462   -0.0201330455130112   -0.0120620778978029   0
0.223320442816169   0.380386315741103   -0.0111440340378094   -0.00130788560435913   0
0.24566969873106   0.379698584464615   0.022349255914891   -0.000687731276487746   0
0.238176595825618   0.38569843802152   -0.00749310290544197   0.00599985355690452   0
0.266143862130919   0.394051696389462   0.0279672663053005   0.0083532583679421   0
0.259424352562404   0.395494932626693   -0.00671950956851491   0.0014432362372313   0
0.246932413084873   0.389877253564183   -0.012491939477531   -0.00561767906251032   0
0.269454367582073   0.38871591351815   0.0225219544971999   -0.00116134004603247   0
0.268507681048588   0.41596025912159   -0.000946686533485452   0.0272443456034395   0
0.256705241936226   0.380850056674375   -0.0118024391123614   -0.0351102024472142   0
0.254264805375597   0.399005793477892   -0.00244043656062953   0.018155736803517   0
0.259208018317818   0.384856258901739   0.00494321294222094   -0.0141495345761538   0
0.209560731625966   0.323491512834483   -0.0496472866918519   -0.0613647460672556   0
0.229461015370622   0.350111448173096   0.0199002837446565   0.0266199353386131   0
0.198885786331472   0.340061538543353   -0.0305752290391497   -0.0100499096297429   0
0.176278836302979   0.328720017711464   -0.0226069500284933   -0.0113415208318895   0
0.218388394661933   0.359777557942144   0.0421095583589539   0.0310575402306799   0
0.177815515785412   0.322368479221411   -0.040572878876521   -0.0374090787207331   0
