0.0617010527596572   0.263323867227223   0   0   0
0.112791817537621   0.223167736922813   0.0510907647779639   -0.0401561303044094   0
0.0825475901284223   0.218704285662741   -0.0302442274091988   -0.00446345126007189   0
0.0289827782650404   0.219147800541666   -0.0535648118633819   0.000443514878925022   0
0.110644717143884   0.170224985866066   0.0816619388788431   -0.0489228146756   0
0.0606388638900714   0.16771102453375   -0.0500058532538122   -0.00251396133231668   0
0.178626912773112   0.125917618952165   0.11798804888304   -0.0417934055815852   0
0.154280637042951   0.129838708985042   -0.0243462757301611   0.00392109003287777   0
0.124215829332658   0.126681241874004   -0.0300648077102928   -0.00315746711103793   0
0.133770375979336   0.108621567078562   0.00955454664667803   -0.0180596747954426   0
0.160607434099348   0.0742577605679871   0.026837058120012   -0.0343638065105747   0
0.0924409046416683   0.0969498992903551   -0.0681665294576797   0.022692138722368   0
0.113759159127123   0.0620316432943856   0.0213182544854544   -0.0349182559959695   0
0.0971962912484319   0.0588937501160777   -0.0165628678786907   -0.00313789317830796   0
0.137302332523887   0.0223115764177842   0.040106041275455   -0.0365821736982935   0
0.0969626578729152   0.0519814375688572   -0.0403396746509717   0.029669861151073   0
0.0904942220645606   0.0280521310845094   -0.00646843580835463   -0.0239293064843478   0
0.0826225308250722   0.0609564921675698   -0.0078716912394884   0.0329043610830604   0
0.0952301792241829   0.0263959912806933   0.0126076483991108   -0.0345605008868765   0
0.107005865065706   0.0234347688437501   0.0117756858415227   -0.0029612224369432   0
0.0571738074010294   0.0470360677754   -0.0498320576646763   0.0236012989316499   0
0.0680871429462274   0.0644507129720615   0.010913335545198   0.0174146451966615   0
0.0485887125165917   0.0525106419313504   -0.0194984304296356   -0.011940071040711   0
0.051751165291228   0.0334943396510071   0.00316245277463623   -0.0190163022803434   0
0.0954382927040944   0.0168678136275126   0.0436871274128664   -0.0166265260234945   0
0.108045875634103   0.0317686082554383   0.0126075829300084   0.0149007946279257   0
0.0834814768812819   0.0397799433419657   -0.0245643987528209   0.00801133508652743   0
0.0609043076113669   0.0583334166103144   -0.022577169269915   0.0185534732683487   0
0.0802268165478975   0.0481738815620301   0.0193225089365306   -0.0101595350482843   0
0.0826930574946289   0.0574774197248363   0.0024662409467314   0.00930353816280623   0
0.0572141930207007   0.0499037382114056   -0.0254788644739282   -0.00757368151343072   0
0.0955938502606208   0.0520011343843815   0.0383796572399201   0.00209739617297589   0
0.0721081433915754   0.0687694083900073   -0.0234857068690454   0.0167682740056258   0
0.0865186700520182   0.0598630789133837   0.0144105266604428   -0.00890632947662359   0
0.073501651731389   0.063880164102834   -0.0130170183206292   0.00401708518945032   0
0.133811954025827   0.0751401143547839   0.0603103022944379   0.0112599502519499   0
0.101561935342972   0.0768575172165352   -0.032250018682855   0.00171740286175126   0
0.143360223745536   0.0895928024201721   0.0417982884025636   0.012735285203637   0
0.15677293447142   0.119315073199072   0.013412710725884   0.0297222707789003   0
0.143188978766524   0.208789126581127   -0.0135839557048957   0.0894740533820549   0
0.260155143540638   0.259114876396112   0.116966164774114   0.0503257498149849   0
0.180804661306533   0.239342835001781   -0.0793504822341055   -0.0197720413943308   0
0.059356751860256   0.166080769920279   -0.121447909446277   -0.0732620650815029   0
0.0673327665519545   0.175168786370639   0.0079760146916985   0.00908801645036028   0
0.0916295766573763   0.143350826820078   0.0242968101054218   -0.0318179595505608   0
0.0711587359917249   0.181670386572083   -0.0204708406656514   0.0383195597520048   0
0.134666371029073   0.133908208853117   0.0635076350373483   -0.0477621777189658   0
0.0876661390575632   0.149020280835361   -0.04700023197151   0.0151120719822445   0
0.107434074221822   0.136302341885604   0.019767935164259   -0.0127179389497578   0
0.0517584694189231   0.14759394348177   -0.0556756048028991   0.0112916015961666   0
0.070612688074453   0.132156878154336   0.0188542186555299   -0.0154370653274343   0
0.0507069418577969   0.151750889428201   -0.0199057462166561   0.0195940112738647   0
0.0521354237565017   0.154523743478146   0.00142848189870473   0.00277285404994573   0
0.047295851031988   0.153387546865774   -0.00483957272451369   -0.00113619661237246   0
0.0578738060774475   0.157219525395226   0.0105779550454595   0.00383197852945169   0
0.109019236832497   0.132128840733808   0.0511454307550492   -0.0250906846614176   0
0.0757986796698993   0.161309169575849   -0.0332205571625974   0.029180328842041   0
0.150487498380463   0.113497750915892   0.0746888187105642   -0.0478114186599566   0
0.112888417581123   0.123296131404358   -0.0375990807993405   0.00979838048846524   0
0.114816990133386   0.140039863632074   0.00192857255226274   0.0167437322277168   0
0.113433228050118   0.148132112172548   -0.00138376208326808   0.00809224854047319   0
0.313749136405648   0.170220755419808   0.200315908355531   0.0220886432472601   0
0.255929542097684   0.177923912601433   -0.0578195943079646   0.00770315718162565   0
0.184844344344702   0.190139924142387   -0.071085197752982   0.0122160115409531   0
0.260320707271819   0.177599151462641   0.0754763629271173   -0.0125407726797458   0
0.27433509844736   0.181587870780237   0.0140143911755415   0.00398871931759617   0
0.244755276213037   0.187327789243214   -0.0295798222343234   0.00573991846297708   0
0.205610974554818   0.198292637687333   -0.0391443016582187   0.0109648484441192   0
0.198981474316706   0.204958310240766   -0.00662950023811204   0.00666567255343262   0
0.191085632412932   0.207145247009797   -0.00789584190377463   0.00218693676903164   0
0.195975677190921   0.207673583032364   0.00489004477798927   0.000528336022566106   0
0.203225259729912   0.217324439300439   0.00724958253899069   0.00965085626807499   0
0.190981703170627   0.216676681138401   -0.0122435565592842   -0.000647758162037104   0
0.161193581942489   0.226404947513084   -0.0297881212281381   0.00972826637468296   0
0.188792793843515   0.263302590616765   0.0275992119010259   0.0368976431036811   0
0.214595711885303   0.310993575067476   0.0258029180417879   0.0476909844507108   0
0.222578469268705   0.296561025173994   0.00798275738340229   -0.0144325498934827   0
0.272968133906029   0.267912806811283   0.050389664637324   -0.0286482183627103   0
0.25886041993532   0.222318565161009   -0.0141077139707098   -0.0455942416502738   0
0.264651188623233   0.220380369130851   0.00579076868791328   -0.00193819603015874   0
0.276895818443616   0.203005151302251   0.0122446298203833   -0.0173752178285992   0
0.277597781234433   0.212299458224697   0.000701962790816746   0.00929430692244587   0
0.284948483199683   0.182106715943901   0.00735070196525012   -0.0301927422807967   0
0.278886448043358   0.201071617105075   -0.00606203515632536   0.0189649011611747   0
0.278912112565177   0.195543481619492   2.56645218194573e-05   -0.00552813548558356   0
0.269719558666497   0.208647089916658   -0.00919255389867996   0.0131036082971664   0
0.264670861925524   0.206042053588319   -0.00504869674097269   -0.00260503632833939   0
0.255488344192881   0.206163542768381   -0.00918251773264345   0.000121489180062162   0
0.248226876243287   0.219326666666094   -0.00726146794959401   0.0131631238977133   0
0.239435351761117   0.217147846692116   -0.0087915244821696   -0.00217881997397867   0
0.208950337308069   0.239079404407558   -0.0304850144530489   0.0219315577154422   0
0.221581934380513   0.232370883742478   0.0126315970724446   -0.00670852066508015   0
0.207365904980954   0.241346289191325   -0.0142160293995592   0.00897540544884709   0
0.202920576733854   0.243939752334383   -0.0044453282470997   0.00259346314305817   0
0.171597268447053   0.262245549485711   -0.0313233082868011   0.0183057971513283   0
0.184100296297236   0.279311375586857   0.0125030278501827   0.0170658261011463   0
0.151624556920902   0.277567756057043   -0.0324757393763333   -0.00174361952981444   0
0.169395702316234   0.275234780494803   0.017771145395331   -0.00233297556223971   0
0.153534241855229   0.2675370972273   -0.0158614604610044   -0.00769768326750281   0
0.147721390893486   0.279881873461752   -0.00581285096174311   0.0123447762344513   0
0.154137403651807   0.278983695689835   0.00641601275832065   -0.000898177771916808   0
0.145838044945926   0.277572728063277   -0.00829935870588047   -0.00141096762655774   0
0.126398297535205   0.296556961699945   -0.0194397474107217   0.0189842336366676   0
0.115972995802687   0.314393654160608   -0.0104253017325178   0.0178366924606633   0
0.131060132699383   0.36207791254991   0.0150871368966967   0.0476842583893016   0
0.128145034722681   0.398137435284287   -0.00291509797670256   0.0360595227343776   0
0.132427138334444   0.404198066151052   0.00428210361176323   0.0060606308667645   0
0.156383659541207   0.408899854681437   0.0239565212067624   0.00470178853038489   0
0.174226465873041   0.444574292793117   0.0178428063318347   0.0356744381116802   0
0.145557882352623   0.463726575527541   -0.0286685835204183   0.019152282734424   0
0.111143958558579   0.462316654790577   -0.0344139237940436   -0.00140992073696339   0
0.131878657984376   0.497964297307046   0.0207346994257966   0.0356476425164685   0
0.12632311004456   0.491150278788733   -0.00555554793981597   -0.0068140185183132   0
0.117382399795192   0.497716866530812   -0.00894071024936748   0.00656658774207919   0
0.125425473697531   0.473168414578256   0.0080430739023384   -0.0245484519525563   0
0.115829656544954   0.49198517555461   -0.00959581715257644   0.0188167609763541   0
0.115980120639655   0.485589317836585   0.0001504640947005   -0.0063958577180247   0
0.108409930166118   0.469937680272874   -0.0075701904735373   -0.015651637563711   0
0.120841919427862   0.471647386679127   0.0124319892617449   0.00170970640625295   0
0.120363453541555   0.490170935552589   -0.000478465886307747   0.0185235488734616   0
0.116330289149901   0.478479492400144   -0.0040331643916536   -0.0116914431524442   0
0.115225944871094   0.473933300201885   -0.00110434427880664   -0.00454619219825947   0
0.119914350365167   0.48969782604301   0.00468840549407241   0.015764525841125   0
0.126208997655199   0.496654164650061   0.00629464729003203   0.00695633860705119   0
0.166888907287962   0.451268867094773   0.0406799096327632   -0.0453852975552881   0
0.183639145946279   0.5176478919775   0.0167502386583173   0.0663790248827274   0
0.186958247028427   0.520877874458351   0.00331910108214808   0.00322998248085093   0
0.195124289706536   0.532187931926777   0.00816604267810805   0.0113100574684257   0
0.200078863034954   0.538018394310548   0.00495457332841881   0.00583046238377072   0
0.191440094183287   0.541005612211417   -0.00863876885166781   0.00298721790086909   0
0.192493462139471   0.527435933977057   0.0010533679561846   -0.0135696782343603   0
0.182720073007456   0.51904288297476   -0.00977338913201525   -0.0083930510022967   0
0.178490461065935   0.529024522583075   -0.00422961194152099   0.00998163960831466   0
0.170583191023184   0.526712913941267   -0.0079072700427508   -0.00231160864180802   0
0.184601811347587   0.531421563048819   0.0140186203244027   0.00470864910755253   0
0.187804731396629   0.541002314102491   0.00320292004904235   0.00958075105367151   0
0.204257585885665   0.537169418793783   0.0164528544890364   -0.00383289530870801   0
0.181990064296887   0.538664403932773   -0.0222675215887789   0.00149498513899071   0
0.195020491075252   0.540452084804934   0.0130304267783654   0.00178768087216108   0
0.218907738870717   0.542220384529437   0.023887247795465   0.00176829972450221   0
0.21694452035615   0.559989924917627   -0.00196321851456688   0.0177695403881909   0
0.216977378528422   0.568104429473358   3.28581722715549e-05   0.00811450455573093   0
0.205976626904549   0.572963539876884   -0.011000751623873   0.00485911040352593   0
0.236840972485759   0.573301122585025   0.0308643455812102   0.000337582708140771   0
0.229641766533203   0.589310065968035   -0.00719920595255613   0.0160089433830102   0
0.263143186653217   0.584959528690874   0.0335014201200147   -0.00435053727716084   0
0.24668071532747   0.629862119593249   -0.0164624713257472   0.0449025909023743   0
0.449978738291044   0.694940832914753   0.203298022963574   0.0650787133215038   0
0.427706010460456   0.701474604401506   -0.0222727278305879   0.00653377148675394   0
0.335918709781102   0.80263345183854   -0.0917873006793547   0.101158847437034   0
0.283091469761789   0.805658645550024   -0.0528272400193124   0.00302519371148446   0
0.289756823568636   0.77915343429279   0.00666535380684674   -0.0265052112572339   0
0.264716667975706   0.764231298015856   -0.0250401555929295   -0.0149221362769347   0
0.261807392056164   0.78170089575809   -0.00290927591954232   0.0174695977422341   0
0.279669973191617   0.786014324328762   0.0178625811354533   0.00431342857067196   0
0.269963956437244   0.777651699863441   -0.00970601675437371   -0.00836262446532043   0
0.259135083943028   0.805204557143711   -0.010828872494216   0.0275528572802698   0
0.283927277976685   0.794294530417559   0.0247921940336578   -0.0109100267261526   0
0.285347489408773   0.791744199777933   0.00142021143208793   -0.00255033063962529   0
0.290842711227041   0.793671534077543   0.00549522181826789   0.00192733429960934   0
0.29318469255703   0.819571266196235   0.00234198132998836   0.0258997321186925   0
0.299654880875333   0.807428276399985   0.00647018831830332   -0.0121429897962504   0
0.268839996673877   0.829892366103732   -0.0308148842014563   0.0224640897037469   0
0.300238514009512   0.822462622822612   0.0313985173356354   -0.00742974328111967   0
0.271496733318028   0.835727784957518   -0.0287417806914841   0.0132651621349064   0
0.241633712907036   0.834248717773363   -0.0298630204109918   -0.00147906718415547   0
0.27830435943075   0.811275579691328   0.0366706465237136   -0.0229731380820349   0
0.257909650186339   0.81412165792113   -0.0203947092444103   0.00284607822980232   0
0.279727393986761   0.840125579016613   0.0218177438004211   0.0260039210954832   0
0.280663291111984   0.843526817556798   0.000935897125222962   0.00340123854018481   0
0.305845255365585   0.829662368205434   0.0251819642536016   -0.0138644493513638   0
0.315976115077643   0.845879357933654   0.0101308597120581   0.0162169897282192   0
0.315882623428767   0.833648236635963   -9.34916488765647e-05   -0.0122311212976909   0
0.329554924283282   0.822666636284862   0.0136723008545157   -0.0109816003511005   0
0.316920814634483   0.828139253810161   -0.0126341096487993   0.00547261752529848   0
0.338930609267384   0.830358332349504   0.0220097946329007   0.00221907853934356   0
0.336183468965873   0.837299693046194   -0.00274714030151074   0.00694136069668927   0
0.345593700038195   0.841805078234267   0.00941023107232208   0.0045053851880732   0
0.345813323922329   0.854177959695753   0.000219623884134379   0.0123728814614866   0
0.319564105909227   0.860637733465713   -0.0262492180131025   0.00645977376995999   0
0.375580573929071   0.849964591050268   0.0560164680198436   -0.010673142415445   0
0.366266074505188   0.879976412587434   -0.00931449942388246   0.0300118215371658   0
0.418057153540386   0.898400298801292   0.0517910790351981   0.0184238862138576   0
0.479091145157116   0.902556015891535   0.06103399161673   0.00415571709024287   0
