0.249590800074522   0.265889428332723   0   0   0
0.213003465910863   0.277382028234351   -0.0365873341636594   0.0114925999016279   0
0.195079004331066   0.227517687987248   -0.0179244615797968   -0.0498643402471039   0
0.201666736802478   0.104721525447553   0.00658773247141228   -0.122796162539694   0
0.175668014616236   0.0566061427494623   -0.0259987221862424   -0.0481153826980908   0
0.161856232200833   0.01376888165248   -0.0138117824154026   -0.0428372610969823   0
0.137404934071343   0.026559708540946   -0.0244512981294905   0.012790826888466   0
0.147084750525811   0.0495746842637449   0.00967981645446825   0.0230149757227989   0
0.125797066782735   0.0389989188040835   -0.0212876837430754   -0.0105757654596614   0
0.136272946760757   0.0172503660366877   0.0104758799780212   -0.0217485527673958   0
0.125776884793113   0.0411174069960947   -0.0104960619676437   0.023867040959407   0
0.112036603778363   0.037392785348948   -0.0137402810147495   -0.00372462164714672   0
0.119204117614703   0.0648650335553401   0.00716751383633982   0.0274722482063921   0
0.0868070141577281   0.0458072651869493   -0.0323971034569752   -0.0190577683683908   0
0.117388242355783   0.0725326646435246   0.0305812281980547   0.0267253994565752   0
0.077739109489497   0.0441340216786325   -0.0396491328662858   -0.0283986429648921   0
0.102620570150336   0.0776717782145001   0.0248814606608389   0.0335377565358677   0
0.0632956459711093   0.0294243315236727   -0.0393249241792266   -0.0482474466908274   0
0.0811212815585405   0.0252704706238823   0.0178256355874312   -0.00415386089979039   0
0.0690457550255626   0.0393553781568669   -0.0120755265329779   0.0140849075329846   0
0.0585549189291557   0.0246214510539697   -0.0104908360964068   -0.0147339271028973   0
0.0886690078656009   0.0155223279424351   0.0301140889364452   -0.00909912311153464   0
0.0615827584862841   0.0399469276951933   -0.0270862493793168   0.0244245997527582   0
0.0742660696895318   0.068553013217874   0.0126833112032477   0.0286060855226807   0
0.0824659370105015   0.0569341772962866   0.00819986732096967   -0.0116188359215873   0
0.0627049140984692   0.118199562822595   -0.0197610229120323   0.061265385526308   0
0.0713226847812111   0.118775831206753   0.0086177706827419   0.00057626838415803   0
0.0679870694337533   0.119810484525562   -0.00333561534745773   0.00103465331880961   0
0.0857837940003821   0.0841518016013472   0.0177967245666288   -0.0356586829242151   0
0.0492449802260088   0.134779808876775   -0.0365388137743733   0.0506280072754278   0
0.0962519401483939   0.0418906807259216   0.0470069599223851   -0.0928891281508534   0
0.0752989499824533   0.0690837116589178   -0.0209529901659406   0.0271930309329962   0
0.0982821844182861   0.066989004563558   0.0229832344358328   -0.0020947070953598   0
0.103378125732418   0.0523939805127517   0.00509594131413175   -0.0145950240508064   0
0.100682423886446   0.0688476756751635   -0.00269570184597182   0.0164536951624118   0
0.121625998578388   0.0611199756977619   0.0209435746919418   -0.00772769997740164   0
0.0941554402800263   0.109605598811648   -0.0274705582983615   0.0484856231138864   0
0.108576256652226   0.0965939885886927   0.0144208163721995   -0.0130116102229556   0
0.111627147867577   0.113381492577007   0.00305089121535168   0.0167875039883147   0
0.118367650293693   0.125034704823661   0.00674050242611555   0.0116532122466534   0
0.112932685248381   0.137024610582588   -0.00543496504531152   0.0119899057589276   0
0.107247670546526   0.155878797008734   -0.00568501470185503   0.0188541864261453   0
0.251940898696976   0.120477053553368   0.14469322815045   -0.035401743455366   0
0.199980757425708   0.201864722847313   -0.0519601412712678   0.0813876692939453   0
0.19781512119512   0.192608475689026   -0.00216563623058835   -0.00925624715828732   0
0.215288251683737   0.163947085315659   0.0174731304886168   -0.0286613903733666   0
0.233009934686978   0.126905253169491   0.0177216830032409   -0.0370418321461685   0
0.220839543325488   0.190295158454734   -0.0121703913614899   0.0633899052852439   0
0.247431004286225   0.158605667021146   0.0265914609607374   -0.0316894914335889   0
0.246979233521161   0.166300659346528   -0.000451770765064557   0.00769499232538259   0
0.267279806843933   0.151851260649303   0.0203005733227721   -0.0144493986972254   0
0.241420585463813   0.166606777378167   -0.0258592213801202   0.0147555167288643   0
0.242084731497466   0.17305292833991   0.000664146033653057   0.00644615096174322   0
0.246107397736354   0.185108577560225   0.00402266623888856   0.0120556492203152   0
0.271735881405916   0.166558849997779   0.0256284836695618   -0.0185497275624469   0
0.253520979181243   0.180148797830765   -0.0182149022246732   0.0135899478329868   0
0.268118316635119   0.170681854200176   0.0145973374538764   -0.00946694363058984   0
0.266356307587525   0.177319961876046   -0.00176200904759455   0.00663810767587064   0
0.276149268583659   0.188277399092775   0.00979296099613475   0.0109574372167286   0
0.27434241561729   0.192127637164308   -0.00180685296636912   0.00385023807153326   0
0.26302638783681   0.201629759579904   -0.0113160277804802   0.00950212241559623   0
0.272495171350191   0.205584150456085   0.00946878351338104   0.00395439087618024   0
0.252004111556974   0.20910765576193   -0.0204910597932166   0.00352350530584591   0
0.294818621349093   0.22281153758839   0.0428145097921188   0.0137038818264595   0
0.294290263983201   0.221702715428251   -0.00052835736589224   -0.00110882216013902   0
0.292251695292209   0.224339683668784   -0.00203856869099228   0.00263696824053294   0
0.305325360813263   0.242656586277032   0.0130736655210538   0.0183169026082478   0
0.289383301689731   0.238213125009811   -0.0159420591235313   -0.00444346126722028   0
0.297730258596099   0.262695102352618   0.00834695690636789   0.0244819773428069   0
0.283843397752916   0.268053079328871   -0.0138868608431832   0.00535797697625279   0
0.300846215090966   0.263712277176016   0.0170028173380506   -0.00434080215285482   0
0.276535862069425   0.258375605758767   -0.0243103530215415   -0.00533667141724875   0
0.301432690353681   0.269649280966759   0.0248968282842565   0.0112736752079914   0
0.272809613634674   0.261785447650094   -0.0286230767190077   -0.00786383331666496   0
0.302402768266202   0.267147068658352   0.0295931546315283   0.00536162100825777   0
0.285527383790686   0.276740245471616   -0.0168753844755163   0.00959317681326394   0
0.299497654155354   0.277524605858003   0.0139702703646681   0.000784360386387628   0
0.2991912980913   0.265658893014143   -0.000306356064054381   -0.0118657128438598   0
0.303372366047536   0.275903797806862   0.00418106795623679   0.0102449047927191   0
0.291092375981022   0.277436261131724   -0.012279990066514   0.00153246332486134   0
0.316563230985072   0.288703456299453   0.0254708550040498   0.0112671951677289   0
0.297657450168226   0.288613616886401   -0.018905780816846   -8.9839413052184e-05   0
0.304187621961414   0.2799547645701   0.00653017179318777   -0.0086588523163007   0
0.302513626209871   0.27962669151011   -0.0016739957515427   -0.000328073059990219   0
0.326891672456259   0.30871846892912   0.0243780462463877   0.0290917774190103   0
0.303947514243556   0.298916950476637   -0.0229441582127025   -0.00980151845248256   0
0.301615008975184   0.301740928051698   -0.00233250526837286   0.00282397757506064   0
0.310132009860757   0.291473785527104   0.00851700088557322   -0.0102671425245943   0
0.310313681738092   0.298679297131137   0.000181671877335532   0.00720551160403327   0
0.32215710343913   0.290418931009585   0.0118434217010372   -0.00826036612155212   0
0.320693049302132   0.306704027318684   -0.00146405413699702   0.0162850963090991   0
0.321505325400449   0.283961330396412   0.000812276098316966   -0.0227426969222724   0
0.322805652948499   0.292796008270865   0.00130032754804971   0.00883467787445358   0
0.343996857941345   0.271984530718661   0.0211912049928454   -0.0208114775522046   0
0.32168951070179   0.278173784326435   -0.0223073472395548   0.00618925360777456   0
0.334256755365322   0.268556905127428   0.0125672446635318   -0.00961687919900683   0
0.332367832586287   0.282004775024648   -0.00188892277903407   0.0134478698972201   0
0.339496233063325   0.276692695893048   0.00712840047703772   -0.00531207913160081   0
0.31501616658897   0.263927362254887   -0.0244800664743547   -0.0127653336381602   0
0.324973807427199   0.262111678592013   0.0099576408382282   -0.00181568366287471   0
0.327372602824254   0.271419627348889   0.00239879539705562   0.00930794875687679   0
0.322573342402003   0.259837730628314   -0.00479926042225109   -0.0115818967205749   0
0.326926919041305   0.282308168410113   0.00435357663930186   0.0224704377817982   0
0.328865749694598   0.279583643200246   0.0019388306532932   -0.0027245252098666   0
0.346538507209473   0.297842648768204   0.0176727575148747   0.0182590055679585   0
0.338515222812968   0.281324688118289   -0.00802328439650457   -0.0165179606499156   0
0.348824869097925   0.294227448708312   0.0103096462849564   0.0129027605900234   0
0.364112895198286   0.323925530916305   0.0152880261003617   0.0296980822079926   0
0.321280073694417   0.30735100030854   -0.0428328215038695   -0.0165745306077651   0
0.369522390194793   0.354670361808201   0.0482423165003756   0.0473193614996609   0
0.355738874955845   0.318509587829554   -0.013783515238948   -0.0361607739786465   0
0.36847456050003   0.334448778292914   0.0127356855441851   0.0159391904633595   0
0.356869533033794   0.352011492703988   -0.0116050274662358   0.0175627144110747   0
0.320377854317086   0.323433523946378   -0.0364916787167079   -0.02857796875761   0
0.352217829104107   0.339886635092618   0.0318399747870211   0.0164531111462394   0
0.338768887132334   0.336228831959132   -0.0134489419717731   -0.00365780313348535   0
0.366047617519036   0.320931103686071   0.027278730386702   -0.0152977282730609   0
0.344350061772662   0.286785300040745   -0.0216975557463741   -0.0341458036453267   0
0.367528912919246   0.276241630606095   0.0231788511465842   -0.0105436694346495   0
0.361635452685785   0.26275403860107   -0.00589346023346132   -0.0134875920050254   0
0.384570003467429   0.278900479875331   0.0229345507816447   0.0161464412742612   0
0.357294205831032   0.277566383458012   -0.0272757976363979   -0.00133409641731941   0
0.384626562960114   0.301868327113928   0.0273323571290822   0.0243019436559165   0
0.364880833274543   0.274516579361794   -0.0197457296855704   -0.0273517477521344   0
0.379079335155914   0.29672259350827   0.0141985018813709   0.0222060141464762   0
0.35153616272543   0.285421935620758   -0.0275431724304838   -0.0113006578875122   0
0.331697187850334   0.286722671508903   -0.0198389748750961   0.00130073588814555   0
0.299059690770338   0.28866370051292   -0.0326374970799967   0.00194102900401616   0
0.313664283690576   0.278075714075322   0.0146045929202387   -0.010587986437598   0
0.327396174927823   0.280663990832747   0.0137318912372471   0.00258827675742496   0
0.335455286751081   0.295211956406576   0.00805911182325758   0.0145479655738295   0
0.330540094353302   0.297587302214762   -0.00491519239777877   0.00237534580818577   0
0.394678627518643   0.329276561210334   0.0641385331653411   0.0316892589955717   0
0.350940335225218   0.291447538172807   -0.0437382922934258   -0.0378290230375262   0
0.34232268515652   0.319721971636827   -0.00861765006869747   0.0282744334640196   0
0.365543152857895   0.296945484425593   0.0232204677013745   -0.0227764872112342   0
0.361338819169391   0.313588350112516   -0.00420433368850331   0.0166428656869233   0
0.381094343057267   0.307410708008911   0.0197555238878758   -0.00617764210360505   0
0.370091481479971   0.317770310448506   -0.0110028615772957   0.0103596024395951   0
0.383947605771881   0.299949637413187   0.01385612429191   -0.0178206730353189   0
0.388240261862844   0.311860294507477   0.00429265609096302   0.0119106570942893   0
0.39500571915707   0.302773745748438   0.00676545729422601   -0.00908654875903814   0
0.386385628117843   0.289657735010719   -0.00862009103922751   -0.0131160107377192   0
0.393221969899589   0.293293737392294   0.00683634178174602   0.00363600238157497   0
0.386224327129445   0.290887528259244   -0.00699764277014409   -0.00240620913305006   0
0.387633327856687   0.292064339936105   0.00140900072724243   0.00117681167686057   0
0.399340489694731   0.290199591827435   0.0117071618380438   -0.00186474810866938   0
0.407580004661667   0.287258620123418   0.00823951496693642   -0.00294097170401753   0
0.38521537915513   0.29469867526798   -0.0223646255065373   0.00744005514456259   0
0.371213793892711   0.285797182112403   -0.0140015852624194   -0.00890149315557748   0
0.365810410231137   0.29666037270846   -0.00540338366157417   0.0108631905960573   0
0.377520879945335   0.284678622533555   0.0117104697141983   -0.0119817501749048   0
0.367713823380429   0.291537795197964   -0.00980705656490616   0.00685917266440866   0
0.38305922153842   0.276421638145877   0.0153453981579909   -0.0151161570520873   0
0.376937120863679   0.291350107083368   -0.00612210067474039   0.0149284689374912   0
0.37979397737401   0.271466816300888   0.00285685651033074   -0.0198832907824801   0
0.379471208418307   0.279915256988204   -0.000322768955703157   0.00844844068731648   0
0.361987627828052   0.275638713688358   -0.0174835805902552   -0.0042765432998465   0
0.387628587759172   0.295774189233565   0.0256409599311203   0.0201354755452068   0
0.362929867038592   0.274299794027033   -0.0246987207205799   -0.021474395206532   0
0.373808624597828   0.290323759269716   0.0108787575592362   0.0160239652426834   0
0.375978660845799   0.258452321980554   0.00217003624797035   -0.0318714372891619   0
0.349875309992804   0.285160804818369   -0.0261033508529943   0.026708482837815   0
0.365757646365301   0.257954587260146   0.0158823363724971   -0.0272062175582227   0
0.356062871879953   0.250693324364257   -0.00969477448534817   -0.00726126289588958   0
0.375133020270197   0.232541842467845   0.0190701483902437   -0.018151481896412   0
0.392156866590399   0.236345741108254   0.017023846320202   0.00380389864040948   0
0.436293326848509   0.268945078609439   0.0441364602581101   0.0325993375011845   0
0.426348847685507   0.29374716658768   -0.00994447916300162   0.0248020879782407   0
0.436026569238905   0.30875572311285   0.00967772155339797   0.0150085565251701   0
0.40865356389574   0.329697326923312   -0.027373005343165   0.0209416038104619   0
0.438860890295011   0.335420241596508   0.030207326399271   0.00572291467319669   0
0.43727393738365   0.350574320898209   -0.00158695291136174   0.0151540793017002   0
0.449629111384806   0.382421070829707   0.0123551740011559   0.0318467499314987   0
0.441134658491463   0.378907189786381   -0.00849445289334222   -0.00351388104332634   0
0.421600062105605   0.355665931833146   -0.0195345963858583   -0.023241257953235   0
0.429154637153521   0.349761231620333   0.00755457504791557   -0.00590470021281253   0
0.433010639378491   0.340491540530484   0.00385600222497079   -0.00926969108984904   0
0.45808144209506   0.359586680839089   0.0250708027165688   0.0190951403086042   0
0.421552557974187   0.357635542663282   -0.0365288841208735   -0.00195113817580678   0
0.452531484360735   0.337520576177472   0.0309789263865481   -0.02011496648581   0
0.410431098818864   0.342225435190007   -0.042100385541871   0.0047048590125357   0
0.426353706927816   0.374167615863546   0.0159226081089521   0.0319421806735384   0
0.462438132834145   0.387409443892728   0.0360844259063287   0.0132418280291818   0
0.437357748263501   0.392753975917243   -0.0250803845706435   0.00534453202451562   0
0.438696068524953   0.429982318122501   0.00133832026145164   0.0372283422052582   0
0.433815326473743   0.384654945597106   -0.00488074205120997   -0.0453273725253955   0
0.400219926775917   0.364853556967138   -0.0335953996978262   -0.0198013886299681   0
0.421710332968508   0.360730241415604   0.0214904061925916   -0.00412331555153372   0
0.420018382831966   0.374680423248537   -0.00169195013654216   0.0139501818329325   0
0.437133976057604   0.384009889586587   0.0171155932256381   0.0093294663380501   0
0.420975545503061   0.385008332934353   -0.0161584305545429   0.000998443347766831   0
0.429658360559177   0.387756369839004   0.00868281505611601   0.00274803690465053   0
0.423255208492772   0.373392123699858   -0.00640315206640507   -0.0143642461391461   0
0.437299431804753   0.3598569035555   0.014044223311981   -0.0135352201443578   0
0.42807791332664   0.373582698983441   -0.00922151847811348   0.0137257954279412   0
0.45679265383202   0.38762870686323   0.0287147405053807   0.0140460078797888   0
0.431816181243142   0.385666273383336   -0.0249764725888784   -0.00196243347989411   0
0.446328837004702   0.391658715718548   0.0145126557615602   0.00599244233521218   0
0.424059293889722   0.3625391874318   -0.0222695431149798   -0.0291195282867479   0
0.443619191930252   0.381359157116084   0.0195598980405299   0.0188199696842837   0
0.440215660811607   0.362736594411568   -0.00340353111864505   -0.0186225627045158   0
0.446670135611661   0.388773210357469   0.00645447480005423   0.0260366159459005   0
0.442233190395667   0.388739982465661   -0.00443694521599469   -3.32278918074858e-05   0
0.428446689207339   0.368158125775396   -0.013786501188328   -0.0205818566902648   0
0.433860862435551   0.362019979057513   0.00541417322821208   -0.00613814671788282   0
0.428071545093633   0.361777699609404   -0.00578931734191818   -0.000242279448109062   0
0.445855936762493   0.367631220815184   0.0177843916688601   0.00585352120577948   0
0.453068896517472   0.363633988127929   0.00721295975497943   -0.00399723268725533   0
0.469535004782657   0.378339461341349   0.016466108265185   0.0147054732134209   0
0.43945289371968   0.371720201571679   -0.0300821110629776   -0.00661925976967004   0
0.4646917463836   0.366210054531443   0.0252388526639203   -0.00551014704023639   0
0.460992954325866   0.359385079647083   -0.00369879205773388   -0.00682497488436035   0
0.483858770358759   0.362636601727873   0.0228658160328927   0.00325152208079033   0
0.471999721499081   0.369372413968951   -0.0118590488596778   0.00673581224107783   0
0.490201512922278   0.382456721445973   0.0182017914231968   0.013084307477022   0
0.450353818217732   0.38204969748287   -0.0398476947045457   -0.000407023963102882   0
0.461417911256173   0.396893726187175   0.0110640930384415   0.0148440287043047   0
0.45733552360148   0.417099296583559   -0.00408238765469332   0.0202055703963846   0
0.51605511552934   0.423577727905989   0.0587195919278594   0.00647843132242959   0
0.566386445298614   0.437497098364092   0.0503313297692745   0.0139193704581032   0
0.550620473452232   0.458390268452822   -0.0157659718463822   0.0208931700887297   0
0.515094099530455   0.481337044183699   -0.0355263739217772   0.0229467757308771   0
0.519094081158599   0.470028429243647   0.00399998162814419   -0.0113086149400519   0
0.51807077018863   0.48309783552144   -0.0010233109699691   0.0130694062777927   0
0.553716316338069   0.530937289423384   0.0356455461494387   0.0478394539019441   0
0.565640050372284   0.543252822884981   0.0119237340342155   0.0123155334615968   0
0.550640497037087   0.546485050349275   -0.0149995533351972   0.00323222746429475   0
0.548485663854581   0.532994629576368   -0.00215483318250609   -0.013490420772907   0
0.502918153522181   0.510065856628828   -0.0455675103323998   -0.0229287729475405   0
0.570106857995069   0.547331395347691   0.0671887044728883   0.0372655387188627   0
0.562986464678335   0.578599398504699   -0.00712039331673431   0.0312680031570087   0
0.562002025693182   0.554363232895409   -0.00098443898515288   -0.0242361656092899   0
0.540861584925654   0.569566295498162   -0.0211404407675284   0.0152030626027528   0
0.516437961011669   0.51835809694795   -0.0244236239139848   -0.0512081985502126   0
0.520271557498284   0.534817909978948   0.00383359648661485   0.0164598130309983   0
0.543300020035532   0.548697490668583   0.0230284625372488   0.0138795806896352   0
0.532473050424911   0.561167970141071   -0.0108269696106214   0.0124704794724877   0
0.577722764412352   0.587057992443038   0.0452497139874409   0.0258900223019671   0
0.546146076955607   0.610473656035418   -0.0315766874567449   0.0234156635923801   0
0.536726560910675   0.561219530200527   -0.00941951604493252   -0.0492541258348913   0
0.53559465120071   0.565246226210313   -0.0011319097099648   0.00402669600978589   0
0.581392765264318   0.609324784072911   0.0457981140636079   0.0440785578625985   0
0.547683609107156   0.592080147275265   -0.0337091561571617   -0.0172446367976458   0
0.554098228368843   0.602804086709978   0.00641461926168663   0.0107239394347121   0
