0.185544964830291   0.283339352528134   0   0   0
0.256164313115801   0.203039348247852   0.0706193482855093   -0.0803000042802825   0
0.419444597494136   0.0917820435228073   0.163280284378335   -0.111257304725045   0
0.298607453868212   0.279783736023688   -0.120837143625924   0.18800169250088   1
0.272711195490761   0.0804105195986352   -0.0258962583774506   -0.199373216425052   1
0.285961587656891   0.0804096907129047   0.0132503921661305   -8.2888573049722e-07   0
0.233685868101283   0.259669557860309   -0.0522757195556089   0.179259867147405   1
0.42744727279144   0.0360879061748877   0.193761404690158   -0.223581651685422   1
0.16959204376164   0.177111745365101   -0.2578552290298   0.141023839190214   1
0.11849818282189   0.142461165434251   -0.0510938609397502   -0.0346505799308505   0
0.404597129394525   0.0391106204198105   0.286098946572635   -0.10335054501444   0
0.110845107485085   0.145814193544087   -0.29375202190944   0.106703573124277   0
0.240512279805086   0.171594681096734   0.129667172320001   0.0257804875526474   0
0.261861013702403   0.0395465814557255   0.0213487338973167   -0.132048099641009   1
0.318155013317801   0.0580354544784852   0.056293999615398   0.0184888730227597   0
0.268977631907265   0.0400073907016254   -0.0491773814105361   -0.0180280637768598   0
0.312001512419475   0.123627877922831   0.0430238805122106   0.083620487221206   0
0.221523126665366   0.0556259546435609   -0.0904783857541088   -0.0680019232792704   0
0.260719014634699   0.0301815037771058   0.0391958879693325   -0.0254444508664552   0
0.396859116221979   0.0939887936167924   0.13614010158728   0.0638072898396866   1
0.102276008568237   0.0373233595309292   -0.294583107653742   -0.0566654340858633   0
0.312803572003046   0.0910802835377257   0.21052756343481   0.0537569240067965   0
0.155190798365174   0.0431738988652577   -0.157612773637872   -0.047906384672468   0
0.364437531502643   0.0337056570067251   0.20924673313747   -0.00946824185853255   1
0.155231149923268   0.0625503679774548   -0.209206381579376   0.0288447109707296   0
0.202211342881204   0.0764031509350891   0.0469801929579367   0.0138527829576343   0
0.377568133308745   0.0559581447968479   0.17535679042754   -0.0204450061382411   1
0.223887971775372   0.121355882070926   -0.153680161533372   0.0653977372740781   1
0.214003250593093   0.0538253483895367   -0.00988472118227987   -0.0675305336813893   0
0.242202903251984   0.0681033615783758   0.0281996526588916   0.0142780131888392   0
0.291496280558243   0.100674405348341   0.0492933773062589   0.0325710437699652   1
0.315604794090549   0.0741201807747053   0.0241085135323056   -0.0265542245736357   1
0.135022625245142   0.0551930041487823   -0.180582168845407   -0.018927176625923   1
0.234626895314433   0.0394576318484777   0.0996042700692915   -0.0157353723003046   0
0.201960421506888   0.0683356401133588   -0.0326664738075449   0.0288780082648812   0
0.295840555055827   0.0783787627993706   0.093880133548939   0.0100431226860118   0
0.19275188259781   0.0597202148542895   -0.103088672458017   -0.0186585479450811   0
0.233825062861127   0.12482578457985   0.0410731802633168   0.06510556972556   0
0.111930650924088   0.131771680713507   -0.121894411937039   0.00694589613365773   0
0.219436727462702   0.0898001301878928   0.107506076538614   -0.0419715505256144   0
0.164400023624694   0.092887678612949   -0.0550367038380075   0.00308754842505614   0
0.213045065448158   0.0931291326471475   0.048645041823464   0.000241454034198535   0
0.19086638514157   0.103573678036712   -0.0221786803065885   0.0104445453895646   0
0.258192588526472   0.0586747931279267   0.0673262033849021   -0.0448988849087854   0
0.219866363709049   0.0682989633751128   -0.0383262248174224   0.00962417024718604   1
0.147700661288736   0.256757233316396   -0.0721657024203131   0.188458269941283   1
0.296423099736576   0.124561673428266   0.14872243844784   -0.13219555988813   1
0.160957744443565   0.173975996730734   -0.135465355293011   0.0494143233024683   1
0.265111856681307   0.0964244498575958   0.104154112237742   -0.0775515468731386   1
0.182854516027251   0.109993015861485   -0.0822573406540568   0.0135685660038897   1
0.135312638686303   0.115815996760821   -0.0475418773409475   0.0058229808993355   1
0.281685172069197   0.12046169366338   0.146372533382894   0.00464569690255896   0
0.149089420594957   0.144654595912989   -0.13259575147424   0.0241929022496086   0
0.158369270328969   0.133535171027936   0.00927984973401169   -0.011119424885053   0
0.140766373924812   0.123654993723717   -0.0176028964041567   -0.00988017730421852   0
0.183327421089945   0.10321337373932   0.042561047165133   -0.0204416199843973   0
0.237089879032847   0.184707722979637   0.053762457942902   0.0814943492403177   0
0.344470881775354   0.0823481535856755   0.107381002742507   -0.102359569393962   1
0.217762167575109   0.0967517841780244   -0.126708714200245   0.014403630592349   1
0.209774088376139   0.0794482304149218   -0.00798807919897077   -0.0173035537631027   0
0.156037676133811   0.0706569842997005   -0.0537364122423279   -0.00879124611522124   0
0.357701757451386   0.0958455290166944   0.201664081317575   0.0251885447169938   0
0.114280387161621   0.210429027777182   -0.243421370289765   0.114583498760488   1
0.238736754818126   0.155669734130057   0.124456367656505   -0.0547592936471253   0
0.266646133317174   0.128411383825783   0.0279093784990478   -0.0272583503042738   1
0.189568205570159   0.129930030365347   -0.0770779277470149   0.00151864653956429   0
0.154761326520105   0.0857708553931637   -0.034806879050054   -0.0441591749721833   0
0.249000418544327   0.109486415332554   0.0942390920242221   0.0237155599393902   1
0.57091016527318   0.162723153778865   0.321909746728853   0.0532367384463106   1
0.402894586903274   0.0759562179149892   -0.168015578369906   -0.0867669358638753   1
0.235420265744562   0.102257872907649   -0.167474321158713   0.0263016549926598   0
0.260639216751739   0.118823341449145   0.0252189510071774   0.0165654685414956   0
0.274946428694773   0.113235482520498   0.0143072119430342   -0.00558785892864661   1
0.355761868962934   0.146377379832071   0.080815440268161   0.0331418973115734   1
0.19758000521485   0.0909605297759006   -0.158181863748085   -0.0554168500561708   1
0.30075088658265   0.152084912601185   0.1031708813678   0.0611243828252841   1
0.146357099441776   0.0779616638369848   -0.154393787140874   -0.0741232487641999   1
0.211566360716183   0.0874653004268836   0.0652092612744065   0.00950363658989876   0
0.152908785353376   0.113732351577069   -0.0586575753628066   0.0262670511501853   0
0.173410542198679   0.106968978701117   0.0205017568453032   -0.00676337287595197   0
0.179009762913675   0.157683940966265   0.00559922071499516   0.050714962265148   0
0.225452030435293   0.100705438232761   0.046442267521618   -0.0569785027335036   0
0.24090712725812   0.126036172908068   0.0154550968228274   0.0253307346753071   0
0.185628066256433   0.103361014641655   -0.0552790610016874   -0.0226751582664129   0
0.349232684912097   0.153066891299695   0.163604618655665   0.0497058766580391   1
0.30114458251081   0.100564821537852   -0.0480881024012872   -0.0525020697618426   1
0.16499719407993   0.118737521144719   -0.13614738843088   0.0181726996068667   0
0.35730176860693   0.172109035744786   0.192304574527   0.0533715146000673   1
0.214918493970714   0.0879843549133879   -0.142383274636215   -0.0841246808313981   1
0.279889776136183   0.138433777352242   0.0649712821654683   0.0504494224388538   0
0.265927800549999   0.109866216082334   -0.0139619755861838   -0.0285675612699081   1
0.163346610435785   0.158436187089124   -0.102581190114214   0.0485699710067908   0
0.140292001579848   0.0730857983105473   -0.0230546088559369   -0.085350388778577   0
0.302484129906666   0.0843214268515423   0.162192128326818   0.011235628540995   0
0.318532256780754   0.132035645041263   0.0160481268740875   0.0477142181897211   1
0.232501439390297   0.109890563271477   -0.0860308173904566   -0.0221450817697863   1
0.22481111815513   0.0836589909378843   -0.00769032123516669   -0.0262315723335928   0
0.217230757305889   0.144451066063944   -0.00758036084924152   0.0607920751260601   0
0.20111557281066   0.0465217580648292   -0.0161151844952286   -0.0979293079991151   1
0.210479161230203   0.117482282484945   0.00936358841954321   0.0709605244201162   0
0.235615933791074   0.0873756078254824   0.025136772560871   -0.030106674659463   0
0.264228527863458   0.115273808035166   0.0286125940723831   0.027898200209684   1
0.3559895877905   0.0865268224501456   0.0917610599270423   -0.0287469855850208   1
0.20350272198155   0.0865501489520527   -0.15248686580895   2.332650190702e-05   0
0.156047585617337   0.186115301976013   -0.0474551363642133   0.0995651530239603   0
0.212411495445138   0.0942080183685152   0.0563639098278017   -0.0919072836074978   0
0.254258362505621   0.129483245340362   0.0418468670604832   0.0352752269718472   0
0.266515480625892   0.101946984723875   0.0122571181202702   -0.0275362606164875   1
0.219764634171675   0.119902582013483   -0.046750846454217   0.0179555972896079   0
0.131482195291168   0.188058677267123   -0.0882824388805064   0.0681560952536402   0
0.178103589197411   0.0724977916515738   0.0466213939062424   -0.115560885615549   0
0.310763681850051   0.0661406604019986   0.132660092652641   -0.00635713124957521   0
0.317783589423699   0.0888832866996096   0.0070199075736474   0.022742626297611   0
0.170640760345968   0.0857164749109091   -0.147142829077731   -0.00316681178870055   0
0.466949400966796   0.0888421933823817   0.296308640620829   0.00312571847147261   0
0.246668702848355   0.0922615921335092   -0.220280698118442   0.0034193987511275   0
0.357149679347805   0.196990106021825   0.11048097649945   0.104728513888316   1
0.3284568471444   0.13988769824049   -0.0286928322034046   -0.057102407781335   0
0.291006970144187   0.0876835565403229   -0.037449877000213   -0.0522041417001675   0
0.288868328603743   0.159496216910465   -0.00213864154044446   0.0718126603701418   0
0.310883490784651   0.0835579782339933   0.0220151621809077   -0.0759382386764713   0
0.271627836663697   0.152879572715921   -0.0392556541209537   0.0693215944819274   0
0.300051399542745   0.0464940793623511   0.0284235628790481   -0.10638549335357   1
0.102682443703732   0.21250815340144   -0.197368955839013   0.166014074039089   0
0.178600785593128   0.141575217113645   0.0759183418893965   -0.0709329362877954   0
0.217422916488143   0.236166568584146   0.0388221308950149   0.094591351470501   1
0.14948585532772   0.229186142058611   -0.0679370611604231   -0.00698042652553429   1
0.126355722320281   0.23313801375038   -0.0231301330074387   0.00395187169176889   0
0.212795695229579   0.233879455908658   0.0864399729092981   0.000741442158277927   0
0.0825845538512499   0.258446501585609   -0.130211141378329   0.0245670456769504   0
0.247390209890367   0.296022238518329   0.164805656039117   0.0375757369327204   0
0.0797807545713257   0.30959546818794   -0.167609455319042   0.0135732296696113   0
0.345536064421386   0.316853704777   0.26575530985006   0.00725823658905922   1
0.229403744531884   0.296267417919555   -0.116132319889502   -0.020586286857445   1
0.226619363279046   0.115043118235001   -0.0027843812528387   -0.181224299684553   1
0.176075966688501   0.216523419477345   -0.0505433965905448   0.101480301242344   1
0.295099681461451   0.111660906636925   0.119023714772951   -0.104862512840421   1
0.333727515004697   0.139096646592082   0.0386278335432453   0.0274357399551571   1
0.223015064403192   0.143017531451672   -0.110712450601504   0.00392088485959022   0
0.153428038891201   0.187250277223727   -0.0695870255119909   0.0442327457720547   0
0.360290557582696   0.214870933691559   0.206862518691495   0.0276206564678327   0
0.302579495605646   0.201294809316525   -0.0577110619770504   -0.0135761243750347   0
0.501214548619421   0.0883242963062826   0.198635053013775   -0.112970513010242   1
0.290652677464358   0.182994890926803   -0.210561871155063   0.0946705946205203   1
0.240009063778725   0.0797042003002351   -0.050643613685633   -0.103290690626568   1
0.362582464668674   0.19927071017945   0.122573400889949   0.119566509879215   1
0.0743977206673027   0.174909982549889   -0.288184744001371   -0.0243607276295613   0
0.39675847087417   0.208851531182441   0.322360750206868   0.0339415486325516   0
0.339836032255263   0.185900369543642   -0.0569224386189077   -0.0229511616387991   0
0.24388033212297   0.0823967789267275   -0.095955700132293   -0.103503590616914   1
0.287397147809438   0.162380833859334   0.0435168156864683   0.0799840549326061   1
0.272663090200361   0.146646890288577   -0.0147340576090774   -0.0157339435707564   1
0.240547261471109   0.190264955468011   -0.0321158287292518   0.0436180651794333   1
0.299197972233787   0.240365378909056   0.0586507107626782   0.0501004234410456   0
0.173677884941677   0.237625959963137   -0.12552008729211   -0.00273941894591889   0
0.269461982199567   0.279117592194509   0.0957840972578904   0.0414916322313713   0
0.0549474014967951   0.272422401966721   -0.214514580702772   -0.00669519022778753   0
0.335669836886977   0.359654043785573   0.280722435390182   0.0872316418188521   0
0.114954131769937   0.299946555186507   -0.22071570511704   -0.0597074885990657   0
0.329699285403714   0.343072022971934   0.214745153633778   0.0431254677854263   0
0.355794119238767   0.233738826543244   0.0260948338350526   -0.10933319642869   1
0.0402145155719922   0.335424553338102   -0.315579603666775   0.101685726794858   1
0.212475816473899   0.298406666650265   0.172261300901907   -0.0370178866878365   0
0.333732579521523   0.170925918555386   0.121256763047624   -0.127480748094879   1
0.285487663984679   0.325185508323841   -0.0482449155368446   0.154259589768455   1
0.327261159826521   0.236912791107561   0.0417734958418426   -0.0882727172162799   1
0.177056220436476   0.33328545319298   -0.150204939390045   0.0963726620854186   0
0.255812601482157   0.402983501943973   0.078756381045681   0.0696980487509933   0
0.354644227781364   0.431455314980242   0.0988316262992069   0.0284718130362689   0
0.207382033895152   0.365489287776475   -0.147262193886212   -0.0659660272037672   0
0.214606649931823   0.356979322822717   0.00722461603667088   -0.00850996495375805   0
0.285055245179141   0.392749482909529   0.0704485952473178   0.0357701600868122   0
0.440411607675422   0.237646327008536   0.155356362496281   -0.155103155900993   1
0.161889601364047   0.316967722574492   -0.278522006311375   0.0793213955659559   0
0.307707700774225   0.35911413476916   0.145818099410178   0.0421464121946682   0
0.0734849485960009   0.341829736339267   -0.234222752178224   -0.0172843984298935   0
0.303308746367146   0.391223561108444   0.229823797771146   0.0493938247691775   0
0.188296601975688   0.379927152918175   -0.115012144391458   -0.0112964081902696   0
0.200952219281002   0.394841838843986   0.0126556173053139   0.0149146859258116   0
0.275322255840315   0.347662172221382   0.0743700365593131   -0.0471796666226039   0
0.103807182129766   0.381212554268791   -0.171515073710549   0.0335503820474092   0
0.0937748347729987   0.359730705538257   -0.0100323473567673   -0.021481848730534   0
0.118898487886979   0.401870541643562   0.0251236531139799   0.0421398361053046   0
0.212199862568193   0.332003821150435   0.0933013746812144   -0.0698667204931271   0
0.401975689464256   0.441994573008945   0.189775826896063   0.10999075185851   1
0.130558738924095   0.423535299093724   -0.271416950540161   -0.0184592739152217   1
0.385809317418398   0.362576420362056   0.255250578494303   -0.0609588787316675   1
0.158062421558699   0.43403005373109   -0.227746895859698   0.0714536333690333   0
0.241089561692621   0.374138218009069   0.0830271401339214   -0.0598918357220201   0
