0.123214854294643   0.149755854087411   0   0   0
0.14787772175551   0.160832508429181   0.0246628674608673   0.0110766543417696   0
0.081829830609931   0.141684489940184   -0.0660478911455789   -0.0191480184889971   0
0.0691436804333556   0.116804218410445   -0.0126861501765754   -0.0248802715297384   0
0.0592589548508915   0.103744737874663   -0.00988472558246405   -0.0130594805357824   0
0.105953789367677   0.0745344757781498   0.0466948345167852   -0.029210262096513   0
0.199180487628307   0.136013380244813   0.0932266982606299   0.0614789044666629   0
0.128052794232887   0.0317313527457009   -0.07112769339542   -0.104282027499112   0
0.106767487675509   0.0720254391340657   -0.0212853065573774   0.0402940863883648   0
0.106391914121986   0.0253867027945734   -0.000375573553523356   -0.0466387363394923   0
0.109166667895562   0.0637348839785168   0.00277475377357653   0.0383481811839434   0
0.115744151778913   0.0316018288816882   0.00657748388335046   -0.0321330550968287   0
0.0795084516280502   0.067132539325669   -0.0362357001508626   0.0355307104439809   0
0.107952535649006   0.0408369569766774   0.0284440840209562   -0.0262955823489917   0
0.0841594263502907   0.0707541040172406   -0.0237931092987157   0.0299171470405632   0
0.117215824047012   0.0321986021441973   0.033056397696721   -0.0385555018730433   0
0.0875567950565997   0.0633100906861023   -0.0296590289904119   0.031111488541905   0
0.104496737983394   0.0331942958916607   0.0169399429267938   -0.0301157947944416   0
0.0726066610639134   0.0408570180644159   -0.0318900769194801   0.00766272217275512   0
0.115238086684438   0.0402430523837966   0.0426314256205244   -0.000613965680619222   0
0.0476669484431299   0.0262983367311034   -0.0675711382413079   -0.0139447156526933   0
0.106014080099862   0.0383768236243569   0.0583471316567323   0.0120784868932536   0
0.0631997673212489   0.0266989055708193   -0.0428143127786133   -0.0116779180535376   0
0.108261771487862   0.0430078223264039   0.0450620041666129   0.0163089167555846   0
0.0563537274558658   0.0346012088706811   -0.051908044031996   -0.0084066134557228   0
0.107958059080876   0.0575315913545549   0.0516043316250106   0.0229303824838738   0
0.0923722077565   0.0377688407543838   -0.0155858513243764   -0.0197627506001712   0
0.0574816870910206   0.0319503958095201   -0.0348905206654794   -0.00581844494486365   0
0.104272077556642   0.0247791954439995   0.0467903904656216   -0.00717120036552062   0
0.0684006713424656   0.0630805029421532   -0.0358714062141765   0.0383013074981537   0
0.0889548731338537   0.0415906716795064   0.020554201791388   -0.0214898312626468   0
0.0512550595558726   0.0562238045718362   -0.037699813577981   0.0146331328923297   0
0.0967685259337456   0.0509363412047531   0.045513466377873   -0.00528746336708309   0
0.0519502008201123   0.0637608862006287   -0.0448183251136333   0.0128245449958756   0
0.103501153006061   0.0593326815069657   0.0515509521859489   -0.00442820469366306   0
0.0589240538529046   0.0662936483561549   -0.0445770991531566   0.00696096684918929   0
0.104835746060922   0.0569532273332427   0.0459116922080173   -0.00934042102291224   0
0.0423278766717633   0.0766724934726074   -0.0625078693891586   0.0197192661393647   0
0.127700610406804   0.0861637420616672   0.085372733735041   0.00949124858905984   0
0.0532790970089584   0.0835739770423158   -0.0744215133978459   -0.00258976501935149   0
0.107771188776454   0.091487897543484   0.0544920917674952   0.00791392050116822   0
0.0578577394878862   0.0816583584447393   -0.0499134492885674   -0.00982953909874469   0
0.114708231747726   0.105473747377546   0.0568504922598398   0.0238153889328072   0
0.0541593396128498   0.0815993682721257   -0.0605488921348761   -0.0238743791054207   0
0.120643523161793   0.0950105225581331   0.0664841835489429   0.0134111542860074   0
0.046318938955668   0.101811825991495   -0.0743245842061246   0.00680130343336206   0
0.121502355889341   0.122889526589901   0.0751834169336727   0.0210777005984059   0
0.0753061437481033   0.0980556869784564   -0.0461962121412374   -0.0248338396114447   0
0.102081042328534   0.116509881689301   0.0267748985804309   0.0184541947108449   0
0.0792988771744594   0.110294752359199   -0.0227821651540748   -0.00621512933010236   0
0.0595790723734433   0.12446348397968   -0.0197198048010161   0.0141687316204808   0
0.120737896265846   0.11934699522201   0.0611588238924023   -0.00511648875766967   0
0.0548736368537752   0.131774058189994   -0.0658642594120704   0.0124270629679842   0
0.114697383470287   0.117525022941412   0.0598237466165115   -0.0142490352485818   0
0.0877530148180677   0.145709220934195   -0.0269443686522191   0.0281841979927824   0
0.0952407911765227   0.247713476318029   0.00748777635845502   0.102004255383834   0
0.115590652996425   0.216750292142403   0.0203498618199026   -0.0309631841756257   0
0.138636954673168   0.216638481683218   0.0230463016767426   -0.000111810459184875   0
0.13525096072436   0.218602790276833   -0.0033859939488074   0.00196430859361499   0
0.103312424984316   0.204483562858173   -0.0319385357400441   -0.0141192274186598   0
0.199756665475623   0.142907349689064   0.0964442404913067   -0.061576213169109   0
0.128879323599792   0.190643888281981   -0.0708773418758308   0.0477365385929168   0
0.143272435916962   0.182868670343137   0.0143931123171697   -0.00777521793884378   0
0.144858265442673   0.192041105198385   0.00158582952571126   0.00917243485524727   0
0.138402199311788   0.193054345464734   -0.00645606613088492   0.00101324026634983   0
0.106400913893867   0.171816950511328   -0.0320012854179219   -0.0212373949534065   0
0.117955554224208   0.172852172320745   0.0115546403303411   0.0010352218094174   0
0.142504234968544   0.203194208710294   0.0245486807443363   0.0303420363895487   0
0.104894333460202   0.196257806904126   -0.0376099015083423   -0.00693640180616845   0
0.15168091993804   0.217674738063607   0.0467865864778379   0.0214169311594817   0
0.107566568890664   0.200212161007324   -0.0441143510473755   -0.0174625770562835   0
0.14360883872304   0.205842476137094   0.0360422698323754   0.00563031512977002   0
0.0969448660658727   0.198912490698052   -0.0466639726571669   -0.006929985439042   0
0.143352542561407   0.235350861693711   0.0464076764955343   0.0364383709956597   0
0.0973817031015581   0.212213881791702   -0.045970839459849   -0.0231369799020094   0
0.112284047818869   0.21068709379205   0.0149023447173107   -0.00152678799965225   0
0.118735540630807   0.210659788336437   0.00645149281193817   -2.7305455612664e-05   0
0.159411916303644   0.23106641467715   0.0406763756728371   0.0204066263407126   0
0.143828273739415   0.212117657370951   -0.0155836425642293   -0.018948757306199   0
0.06147695177064   0.191190803850636   -0.0823513219687746   -0.0209268535203143   0
0.104569437166124   0.220637354164724   0.0430924853954842   0.029446550314088   0
0.109378067676111   0.224208252337113   0.00480863050998716   0.00357089817238854   0
0.130962771791109   0.23900047961069   0.0215847041149973   0.0147922272735775   0
0.0822121484498489   0.245708695844423   -0.0487506233412597   0.00670821623373236   0
0.177443699780212   0.250707814840548   0.095231551330363   0.00499911899612529   0
0.0987619270477242   0.240145751848206   -0.0786817727324878   -0.0105620629923423   0
0.169574555631321   0.254328208480086   0.0708126285835969   0.0141824566318801   0
0.0926268915003089   0.246069684674997   -0.0769476641310122   -0.00825852380508879   0
0.16634501422829   0.262570088080288   0.0737181227279811   0.0165004034052905   0
0.0787037817975096   0.259393906620447   -0.0876412324307804   -0.00317618145984094   0
0.189911732805243   0.272010867602422   0.111207951007733   0.0126169609819756   0
0.113846323140275   0.257202886100156   -0.0760654096649676   -0.0148079815022659   0
0.187012154311852   0.278584379524952   0.0731658311715768   0.0213814934247957   0
0.0999922685468232   0.278056677844864   -0.087019885765029   -0.000527701680087977   0
0.189425405926159   0.295139008871349   0.0894331373793355   0.0170823310264854   0
0.0891669376769775   0.266685024034647   -0.100258468249181   -0.028453984836703   0
0.180053533152578   0.272450296503899   0.0908865954756002   0.00576527246925257   0
0.101389416579542   0.261575221044774   -0.0786641165730353   -0.0108750754591249   0
0.178718986674304   0.28080566264707   0.0773295700947614   0.0192304416022956   0
0.101765184173174   0.269343411542978   -0.0769538025011299   -0.0114622511040918   0
0.175482534379807   0.286608437499356   0.0737173502066327   0.0172650259563785   0
0.108158432441812   0.270461209518671   -0.0673241019379946   -0.0161472279806854   0
0.182525101836021   0.277989788022604   0.0743666693942095   0.00752857850393324   0
0.105130926464528   0.266248336524869   -0.0773941753714935   -0.0117414514977351   0
0.190612322605754   0.27823596021273   0.0854813961412259   0.0119876236878611   0
0.103484806213135   0.273430383803739   -0.0871275163926194   -0.00480557640899132   0
0.193357671163081   0.282347925958099   0.089872864949946   0.00891754215435975   0
0.110708194389982   0.32649188670892   -0.0826494767730988   0.0441439607508209   0
0.247406999702838   0.31990619657475   0.136698805312856   -0.00658569013416976   1
0.0464571926996897   0.383460899744081   -0.200949807003148   0.063554703169331   1
0.123735281346106   0.297386117356897   0.0772780886464163   -0.086074782387184   0
0.0645038279616799   0.298418571045118   -0.059231453384426   0.00103245368822097   0
0.171906697873585   0.298068443419729   0.107402869911905   -0.000350127625389052   0
0.0938062502986875   0.274524921499306   -0.0781004475748974   -0.0235435219204225   0
0.15842558200619   0.295603612318693   0.0646193317075024   0.0210786908193866   0
0.0830316050485825   0.289728751331068   -0.0753939769576074   -0.00587486098762452   0
0.153852813683208   0.291950770520117   0.0708212086346258   0.00222201918904874   0
0.0855107808894189   0.297543139287163   -0.0683420327937894   0.00559236876704583   0
0.151832371256231   0.302971187885783   0.0663215903668123   0.00542804859862028   0
0.0775948967834225   0.317440855451816   -0.0742374744728086   0.0144696675660327   0
0.159718457357564   0.301592142192829   0.0821235605741415   -0.0158487132589868   0
0.0946424316577929   0.301736162240292   -0.0650760256997711   0.000144020047463278   0
0.152169320238509   0.307889870498529   0.0575268885807164   0.00615370825823619   0
0.0790819629628628   0.307530830876438   -0.0730873572756465   -0.000359039622090218   0
0.151239961954769   0.29928764330792   0.0721579989919063   -0.00824318756851788   0
0.0782599044242203   0.284558524492858   -0.0729800575305488   -0.0147291188150623   0
0.151166330721394   0.317632866668202   0.0729064262971742   0.0330743421753443   0
0.0680532324744299   0.301858498695784   -0.0831130982469646   -0.0157743679724185   0
0.165343229771315   0.311652535055553   0.0972899972968855   0.00979403635976894   0
0.0884313711141482   0.306772806331987   -0.0769118586571672   -0.00487972872356623   0
0.138314273560649   0.331250463896358   0.0498829024465007   0.0244776575643717   0
0.0890279348068908   0.287184382183973   -0.049286338753758   -0.044066081712385   0
0.108108196608814   0.202146510285368   0.0190802618019233   -0.085037871898605   0
0.198417393068677   0.324668359632017   0.0903091964598632   0.122521849346649   0
0.127399118257781   0.360924558295085   -0.0710182748108965   0.036256198663068   0
0.100784483771809   0.284093692492728   -0.0266146344859719   -0.0768308658023578   0
0.157727447694084   0.301859093486932   0.0569429639222751   0.0177654009942046   0
0.0803111999174991   0.2346317786434   -0.0774162477765849   -0.0672273148435319   0
0.143859791610477   0.307471962173805   0.0635485916929784   0.0728401835304051   0
0.0808784232639311   0.288917049072242   -0.0629813683465463   -0.0185549131015635   0
0.122053202969881   0.311078300052451   0.0411747797059496   0.0221612509802087   0
0.10962753077398   0.307845256908406   -0.0124256721959004   -0.00323304314404466   0
0.131505567186216   0.321328056281229   0.0218780364122358   0.0134827993728227   0
0.189500529794932   0.320088786797995   0.0579949626087161   -0.00123926948323333   0
0.079506631096406   0.234435284086602   -0.109993898698526   -0.0856535027113937   0
0.138278424420045   0.24100542966326   0.0587717933236386   0.00657014557665819   0
0.122279820574329   0.240898040350939   -0.015998603845716   -0.000107389312321127   0
0.123783336787994   0.260827703228439   0.00150351621366558   0.0199296628775   0
0.212778280193163   0.241980773587846   0.0889949434051684   -0.0188469296405925   0
0.183412266048075   0.207224952040198   -0.0293660141450872   -0.0347558215476478   0
0.147574430148654   0.230866651114063   -0.0358378358994212   0.0236416990738647   0
0.114070669526789   0.266563920916114   -0.0335037606218647   0.0356972698020513   0
0.162197735121949   0.311408188557916   0.0481270655951598   0.0448442676418015   0
0.104502288096147   0.291452275450326   -0.0576954470258027   -0.0199559131075902   0
0.175728657562049   0.311553034592704   0.0712263694659028   0.0201007591423781   0
0.116022707856006   0.29975359341628   -0.0597059497060438   -0.0117994411764239   0
0.168078564138024   0.297765734703344   0.0520558562820189   -0.0019878587129355   0
0.116405600347794   0.290148769639253   -0.0516729637902302   -0.0076169650640911   0
0.172532338660583   0.296783646604597   0.0561267383127884   0.00663487696534398   0
0.101691945619356   0.280027198263686   -0.070840393041227   -0.0167564483409108   0
0.180972309467664   0.295925575565391   0.0792803638483084   0.015898377301705   0
0.106698966381498   0.287159504731469   -0.0742733430861663   -0.00876607083392256   0
0.157009004585724   0.29068405509429   0.0503100382042265   0.00352455036282073   0
0.151063284803588   0.298299621363609   -0.00594571978213612   0.00761556626931936   0
0.128652596073185   0.305507884545428   -0.0224106887304036   0.00720826318181894   0
0.147531494048027   0.300252851127466   0.0188788979748419   -0.00525503341796152   0
0.131337361206665   0.298632639158046   -0.0161941328413615   -0.00162021196941992   0
0.182123727699221   0.285813805838998   0.050786366492556   -0.0128188333190484   0
0.0986428197275909   0.304531168060139   -0.0834809079716301   0.0187173622211407   0
0.166118479837886   0.298483723611393   0.0674756601102947   -0.00604744444874572   0
0.108704566860873   0.302434103771384   -0.0574139129770126   0.0039503801599905   0
0.171372220241351   0.309197193806885   0.0626676533804777   0.00676309003550152   0
0.116224893227097   0.32109708360216   -0.0551473270142541   0.0118998897952748   0
0.186186093657099   0.317285573344818   0.0699612004300023   -0.00381151025734172   0
0.106513395592573   0.31444623125969   -0.0796726980645256   -0.00283934208512809   0
0.17270122260624   0.316672444316118   0.0661878270136666   0.00222621305642812   0
0.114747240821032   0.314763749603985   -0.0579539817852074   -0.00190869471213351   0
0.181069971025043   0.322696743092973   0.0663227302040108   0.00793299348898874   0
0.112033123223536   0.305966163932779   -0.0690368478015072   -0.0167305791601948   0
0.168061741960685   0.321895988461991   0.0560286187371494   0.0159298245292128   0
0.151578502413745   0.352619929305676   -0.0164832395469408   0.0307239408436847   0
0.139974081307662   0.405159261820201   -0.0116044211060822   0.0525393325145246   0
0.156846209930301   0.364679883099054   0.0168721286226384   -0.0404793787211463   0
0.113498368244315   0.340400403666495   -0.043347841685986   -0.0242794794325598   0
0.206214009989355   0.349187688340844   0.0927156417450406   0.00878728467434953   0
0.0902196711669223   0.336223692948445   -0.115994338822433   -0.0129639953923995   0
0.196517093304272   0.352764813021211   0.10629742213735   0.0165411200727664   0
0.0931536002560287   0.34638830972644   -0.103363493048243   -0.00637650329477124   0
0.176226598988149   0.363568861682955   0.0830729987321206   0.0171805519565157   0
0.144145353596604   0.34725133303688   -0.0320812453915454   -0.0163175286460757   0
0.137127254215564   0.35137202291715   -0.00701809938103967   0.00412068988026992   0
0.171916464884926   0.353050316688556   0.0347892106693617   0.00167829377140677   0
0.112873947646445   0.34927955584496   -0.0590425172384806   -0.00377076084359651   0
0.168513874486613   0.356539998153784   0.0556399268401677   0.00726044230882361   0
0.088737576181683   0.348347574611422   -0.0797762983049301   -0.00819242354236188   0
0.180643201046462   0.367450986193397   0.091905624864779   0.0191034115819752   0
0.0932279956770073   0.361329450700202   -0.0874152053694547   -0.00612153549319444   0
0.174654315542137   0.356681272535733   0.08142631986513   -0.00464817816446922   0
0.121230093117982   0.36092378025107   -0.0534242224241557   0.00424250771533657   0
0.186009459408924   0.354839680636819   0.064779366290942   -0.00608409961425038   0
0.0948256231767553   0.356406497844137   -0.0911838362321683   0.00156681720731711   0
0.18948924514698   0.358747315281679   0.0946636219702242   0.00234081743754261   0
0.117717519739283   0.35311036879714   -0.0717717254076969   -0.00563694648453872   0
0.17579291199507   0.355738136967573   0.0580753922557873   0.00262776817043298   0
0.113531241830734   0.35303766758703   -0.0622616701643364   -0.0027004693805438   0
0.151028352847061   0.36164217929357   0.0374971110163276   0.00860451170654025   0
0.150007794517304   0.366520798382561   -0.00102055832975748   0.00487861908899134   0
0.13440570788166   0.365469895200425   -0.0156020866356441   -0.00105090318213569   0
0.176673293717191   0.359242648349013   0.0422675858355316   -0.00622724685141257   0
0.104583658770663   0.365300189572371   -0.0720896349465285   0.00605754122335778   0
0.311385858376709   0.593992743291743   0.206802199606047   0.228692553719372   0
0.384483708683801   0.397942731111174   0.0730978503070919   -0.196050012180569   1
0.235444508257381   0.351305636137381   -0.14903920042642   -0.0466370949737928   1
0.260630808006057   0.351478207399694   0.0251862997486756   0.000172571262313237   0
0.285381258433416   0.435175462203779   0.024750450427359   0.0836972548040845   0
0.21171247874653   0.393142463303783   -0.0736687796868855   -0.042032998899996   0
0.183634922305344   0.415461022838714   -0.0280775564411865   0.0223185595349307   0
0.185806115670125   0.408590264661216   0.00217119336478167   -0.00687075817749749   0
0.191720627309657   0.428447638529074   0.00591451163953169   0.0198573738678579   0
0.176650873981761   0.417332734996085   -0.0150697533278958   -0.0111149035329889   0
0.184523116181636   0.421528552611208   0.0078722421998749   0.00419581761512311   0
0.190997888648592   0.412208310636349   0.00647477246695599   -0.00932024197485948   0
0.189593874332552   0.417637772913191   -0.00140401431603995   0.00542946227684238   0
0.20214439597286   0.423977108235424   0.012550521640308   0.00633933532223308   0
0.168479601597612   0.413990935383134   -0.0336647943752484   -0.0099861728522897   0
0.211261146974204   0.416595194397559   0.0427815453765919   0.00260425901442474   0
0.167020502508674   0.415455553570884   -0.0442406444655296   -0.00113964082667467   0
0.205052845504104   0.408366551270366   0.0380323429954301   -0.0070890023005184   0
0.143618904859353   0.378934241430489   -0.0614339406447508   -0.0294323098398772   0
0.162427538655888   0.372105450016175   0.0188086337965346   -0.00682879141431403   0
0.173227414955312   0.406775973913775   0.0107998762994244   0.0346705238975999   0
0.17939852271906   0.40126636963515   0.00617110776374791   -0.00550960427862524   0
0.167049656478695   0.415788834444003   -0.0123488662403654   0.0145224648088534   0
0.207768252323767   0.42233838556043   0.040718595845072   0.00654955111642658   0
0.134607727720811   0.436238814517347   -0.073160524602956   0.0139004289569171   0
0.200026139236301   0.42644665288024   0.06541841151549   -0.00979216163710644   0
0.127993616003534   0.425582927525071   -0.0720325232327675   -0.000863725355168987   0
0.213574521090344   0.422017843061464   0.0855809050868109   -0.00356508446360765   0
0.128741561964814   0.423030290580166   -0.0848329591255307   0.00101244751870289   0
0.194253137031246   0.421149356426363   0.0655115750664321   -0.00188093415380314   0
0.194474696047481   0.419656879935561   0.000221559016234774   -0.00149247649080209   0
0.176202393484311   0.409554860361222   -0.0182723025631696   -0.0101020195743393   0
0.170749143418415   0.389034945915672   -0.00545325006589592   -0.0205199144455497   0
0.157610571079005   0.41170788507296   -0.0131385723394104   0.0226729391572883   0
0.171242492107829   0.408218540027961   0.0136319210288246   -0.00348934504499948   0
