0.129162522479278   0.0863910233879221   0   0   0
0.172459336679259   0.0942189648483388   0.043296814199981   0.0078279414604167   0
0.131077491346403   0.0905995   -0.0413818453328558   -0.00361946484833879   0
0.0938710392880041   0.0815985210451911   -0.0372064520583991   -0.00900097895480886   0
0.162486237722153   0.081941   0.0686151984341489   0.000342478954808864   0
0.147393436265311   0.0831758392015147   -0.0150928014568416   0.00123483920151468   0
0.12744332858667   0.0688047631368098   -0.0199501076786411   -0.0143710760647049   0
0.146386719798245   0.0830819767807195   0.0189433912115751   0.0142772136439098   0
0.0789453570166099   0.0563914204184688   -0.0674413627816355   -0.0266905563622507   0
0.126522157121668   0.0361442   0.0475768001050579   -0.0202472204184688   0
0.0571417469137057   0.0649308643356178   -0.0693804102079621   0.0287866643356178   0
0.106193631088404   0.0583982717604939   0.049051884174698   -0.00653259257512388   0
0.127449490551369   0.0704556414961925   0.0212558594629656   0.0120573697356986   0
0.0493692183695468   0.0478515500156735   -0.0780802721818226   -0.022604091480519   0
0.106198402999104   0.0423569061818731   0.0568291846295567   -0.00549464383380037   0
0.050145751987282   0.0290052178678251   -0.0560526510118215   -0.013351688314048   0
0.0875286710934766   0.0344317765552364   0.0373829191061945   0.00542655868741128   0
0.0901330795363168   0.0623260740873352   0.00260440844284018   0.0278942975320988   0
0.0714921068831378   0.0357419284497563   -0.0186409726531789   -0.0265841456375789   0
0.0901432499211117   0.0391881238791167   0.0186511430379739   0.00344619542936043   0
0.0465759402361348   0.0342465566661818   -0.0435673096849769   -0.00494156721293496   0
0.0981511333547402   0.022644391214272   0.0515751931186054   -0.0116021654519098   0
0.0682858423684588   0.0502698058907134   -0.0298652909862815   0.0276254146764413   0
0.0673089851928403   0.0285192328725476   -0.000976857175618434   -0.0217505730181658   0
0.0843456400842391   0.0480763043740105   0.0170366548913987   0.0195570715014629   0
0.0612068491156014   0.0510831767542163   -0.0231387909686377   0.00300687238020576   0
0.0811682056244931   0.0283432943969557   0.0199613565088917   -0.0227398823572606   0
0.0633495491126811   0.0448305490080704   -0.017818656511812   0.0164872546111147   0
0.0667302336592642   0.0420741632450141   0.00338068454658307   -0.00275638576305623   0
0.0780688729116157   0.0553052201803094   0.0113386392523515   0.0132310569352952   0
0.0639670825184329   0.0499716399967522   -0.0141017903931828   -0.00533358018355724   0
0.0610342321895672   0.061919639756722   -0.00293285032886569   0.0119479997599698   0
0.0581976791862012   0.0529418495094467   -0.00283655300336596   -0.0089777902472753   0
0.0822665158538393   0.0390888995283495   0.0240688366676381   -0.0138529499810972   0
0.0513218149464962   0.0640392981445565   -0.0309447009073431   0.024950398616207   0
0.0699033338195683   0.0655842368476603   0.0185815188730721   0.00154493870310378   0
0.0998592933133416   0.0468481697003202   0.0299559594937734   -0.0187360671473401   0
0.0756298605184645   0.0597019460392559   -0.0242294327948771   0.0128537763389357   0
0.0766805565303878   0.0590401052040052   0.00105069601192329   -0.000661840835250734   0
0.0752171787919488   0.0618677648354537   -0.00146337773843895   0.00282765963144851   0
0.0771621098229183   0.0780712894539343   0.00194493103096942   0.0162035246184807   0
0.0701089153279923   0.0714725383779421   -0.00705319449492592   -0.00659875107599228   0
0.106589253272785   0.0812584514809266   0.0364803379447931   0.00978591310298454   0
0.0715967125662904   0.0894501400781463   -0.034992540706495   0.00819168859721972   0
0.0892457781305088   0.0737840499515309   0.0176490655642184   -0.0156660901266155   0
0.0875609628618256   0.0838568726150248   -0.00168481526868319   0.010072822663494   0
0.0912166507819028   0.0863129546856959   0.00365568792007717   0.00245608207067111   0
0.110204341695824   0.0938749412836035   0.0189876909139216   0.00756198659790754   0
0.0950120780463726   0.0907053853045672   -0.0151922636494517   -0.00316955597903623   0
0.0951741223713148   0.0893306800983045   0.00016204432494217   -0.00137470520626271   0
0.109054767177322   0.09366529972327   0.0138806448060076   0.00433461962496545   0
0.096408916083576   0.0888589158131586   -0.0126458510937464   -0.00480638391011143   0
0.130877624697151   0.0953784056837422   0.0344687086135753   0.00651948987058359   0
0.106587757620141   0.102262641069454   -0.02428986707701   0.00688423538571192   0
0.132056113208363   0.0993698679102473   0.0254683555882217   -0.00289277315920677   0
0.120294905530075   0.11157961036408   -0.0117612076782883   0.0122097424538331   0
0.101327484075465   0.105106252765904   -0.0189674214546098   -0.0064733575981769   0
0.140303127014796   0.123423355393135   0.0389756429393312   0.0183171026272311   0
0.103940647064611   0.131421931704991   -0.0363624799501852   0.00799857631185606   0
0.123264343526707   0.128741580428586   0.019323696462096   -0.00268035127640492   0
0.126836858122708   0.132478489103892   0.00357251459600129   0.00373690867530616   0
0.131347714773307   0.118416833049877   0.0045108566505988   -0.0140616560540146   0
0.157599371909748   0.13757641526439   0.0262516571364409   0.0191595822145132   0
0.121328327952873   0.124272676470936   -0.0362710439568744   -0.0133037387934542   0
0.167971321279378   0.136649846675627   0.0466429933265046   0.0123771702046912   0
0.135991081581983   0.133474086130979   -0.031980239697395   -0.00317576054464849   0
0.126827064858018   0.131770658804758   -0.00916401672396458   -0.00170342732622081   0
0.176387119746908   0.142550991321185   0.0495600548888894   0.0107803325164266   0
0.13954622839684   0.131936768018813   -0.0368408913500683   -0.0106142233023721   0
0.152776877153874   0.136275186795873   0.0132306487570348   0.00433841877705998   0
0.163789014381857   0.142952629371586   0.0110121372279822   0.0066774425757132   0
0.135735555548646   0.133461314612138   -0.0280534588332104   -0.0094913147594482   0
0.160726326950005   0.129698025002536   0.0249907714013592   -0.0037632896096019   0
0.170291777928717   0.138142966890284   0.00956545097871209   0.00844494188774783   0
0.153709353438314   0.137428125413047   -0.0165824244904038   -0.000714841477236466   0
0.178346363015454   0.144909490585193   0.0246370095771401   0.00748136517214537   0
0.169032708225243   0.145813788579853   -0.00931365479021107   0.000904297994660241   0
0.145355198764165   0.133862348846343   -0.0236775094610773   -0.0119514397335099   0
0.177464652013324   0.142149626731562   0.0321094532491582   0.00828727788521944   0
0.146461141573626   0.144001487370305   -0.0310035104396979   0.00185186063874226   0
0.170565970609146   0.14229701886164   0.0241048290355202   -0.00170446850866438   0
0.187095518161847   0.149802661204074   0.0165295475527011   0.00750564234243351   0
0.154395492570624   0.14034651199646   -0.032700025591223   -0.0094561492076137   0
0.186911551113782   0.150859962148312   0.0325160585431583   0.0105134501518515   0
0.160762101013765   0.140490789360237   -0.0261494501000171   -0.0103691727880745   0
0.182385499151358   0.148309725659682   0.0216233981375929   0.00781893629944447   0
0.200656918394638   0.153633098070012   0.01827141924328   0.00532337241033071   0
0.172797620388708   0.136771792208774   -0.0278592980059301   -0.0168613058612384   0
0.239667189262527   0.152308494097801   0.0668695688738192   0.0155367018890276   0
0.20514223172677   0.153870641405216   -0.0345249575357566   0.00156214730741436   0
0.197550672830664   0.153170460402651   -0.00759155889610635   -0.000700181002564998   0
0.260218344232781   0.158668762433103   0.0626676714021167   0.00549830203045232   0
0.222050009935622   0.151736564377246   -0.0381683342971584   -0.00693219805585746   0
0.206645033681258   0.143508338887014   -0.015404976254364   -0.00822822549023181   0
0.22951689285985   0.162688879811475   0.0228718591785919   0.019180540924461   0
0.210673015017362   0.152288426810157   -0.0188438778424883   -0.0104004530013179   0
0.250472140590046   0.167810820505548   0.0397991255726845   0.015522393695391   0
0.218527047496849   0.156321809834265   -0.0319450930931977   -0.0114890106712833   0
0.249487125261425   0.163976890253457   0.0309600777645763   0.00765508041919272   0
0.267238955281766   0.168584700239576   0.0177518300203414   0.00460780998611834   0
0.271562046381743   0.177795730227725   0.00432309109997669   0.00921102998814941   0
0.341473375423458   0.173836536347376   0.0699113290417144   -0.00395919388034929   0
0.295182411453139   0.174532170642951   -0.046290963970319   0.000695634295574732   0
0.319791189747326   0.176722793808701   0.024608778294187   0.00219062316575003   0
0.259863234540479   0.165846882891276   -0.0599279552068466   -0.0108759109174249   0
0.295382129604831   0.182560717025569   0.0355188950643515   0.0167138341342937   0
0.318581277392485   0.173137118341839   0.0231991477876547   -0.00942359868373016   0
0.286103688159034   0.180284742933512   -0.0324775892334515   0.00714762459167284   0
0.362654550408857   0.189660384395345   0.076550862249823   0.00937564146183295   0
0.296516930556908   0.180113488239617   -0.066137619851949   -0.0095468961557284   0
0.333194559008697   0.173546917721232   0.0366776284517892   -0.00656657051838475   0
0.313251389243783   0.183967192541116   -0.0199431697649139   0.010420274819884   0
0.2863683107349   0.180482238087686   -0.0268830785088834   -0.00348495445343031   0
0.325436662721557   0.171677976181163   0.0390683519866574   -0.00880426190652245   0
0.295393492048705   0.181796054088256   -0.0300431706728518   0.0101180779070926   0
0.386492895617255   0.188620540958567   0.0910994035685494   0.0068244868703114   0
0.328538821131933   0.190161757891308   -0.0579540744853219   0.00154121693274101   0
0.363002081007587   0.191346509239919   0.0344632598756539   0.00118475134861112   0
0.367063810862853   0.179874118719453   0.00406172985526598   -0.0114723905204659   0
0.334326224430944   0.183138698515449   -0.0327375864319084   0.00326457979599562   0
0.349748232798966   0.189209438359956   0.0154220083680223   0.00607073984450709   0
0.311343240028686   0.177902801248491   -0.0384049927702804   -0.0113066371114653   0
0.34439000132588   0.176448999595698   0.0330467612971945   -0.00145380165279313   0
0.329452602552416   0.185984999619082   -0.0149373987734647   0.00953600002338453   0
0.35611524324464   0.191838581818153   0.0266626406922239   0.00585358219907037   0
0.353814441954989   0.183321768988983   -0.0023008012896506   -0.00851681282916969   0
0.331367399568651   0.196381115938499   -0.022447042386338   0.0130593469495157   0
0.379442298743946   0.195871755784774   0.048074899175295   -0.00050936015372488   0
0.343161185213007   0.199737121444037   -0.0362811135309392   0.0038653656592634   0
0.380201984368585   0.197683986695995   0.0370407991555785   -0.00205313474804161   0
0.314129429681461   0.173298313075178   -0.0660725546871243   -0.0243856736208171   0
0.344503106961258   0.188545906670557   0.030373677279797   0.015247593595379   0
0.335874803659895   0.190737329860098   -0.00862830330136305   0.00219142318954113   0
0.322081677461132   0.185821070992104   -0.0137931261987626   -0.00491625886799457   0
0.373587330489459   0.202228524141007   0.0515056530283263   0.0164074531489035   0
0.341383249317878   0.196125583737876   -0.0322040811715807   -0.00610294040313164   0
0.379225616393249   0.209458116376765   0.0378423670753715   0.0133325326388895   0
0.391418096348598   0.199778367887273   0.0121924799553482   -0.00967974848949246   0
0.348793852945031   0.198548614698114   -0.0426242434035665   -0.00122975318915905   0
0.382162445741284   0.204824099453873   0.0333685927962531   0.00627548475575918   0
0.334326097114184   0.193431623558559   -0.0478363486271007   -0.0113924758953141   0
0.362606353834858   0.210762726720126   0.0282802567206741   0.0173311031615672   0
0.379466410392939   0.204746939535912   0.0168600565580814   -0.00601578718421375   0
0.365611553780637   0.199295457551878   -0.013854856612302   -0.005451481984034   0
0.406113216462466   0.211258680788175   0.0405016626818293   0.0119632232362967   0
0.367186103822157   0.206347374435586   -0.0389271126403092   -0.0049113063525888   0
0.378408829666077   0.228389108507417   0.0112227258439198   0.0220417340718304   0
0.370750365483842   0.209707203219399   -0.00765846418223476   -0.0186819052880171   0
0.310319203417449   0.214637806849725   -0.0604311620663933   0.00493060363032591   0
0.374414737258511   0.211051744603521   0.0640955338410624   -0.00358606224620403   0
0.332887968354301   0.211001501971106   -0.0415267689042099   -5.02426324156535e-05   0
0.36421160479172   0.224233472672687   0.0313236364374185   0.0132319707015809   0
0.333008838502959   0.205412592165506   -0.0312027662887607   -0.0188208805071806   0
0.344903206948616   0.216356052086376   0.011894368445657   0.0109434599208696   0
0.363833597486049   0.212030537505238   0.0189303905374323   -0.00432551458113797   0
0.336573697938328   0.209992606332586   -0.0272598995477205   -0.00203793117265152   0
0.333142988699582   0.211467461347107   -0.00343070923874578   0.00147485501452044   0
0.365497707950953   0.222160992600726   0.0323547192513706   0.0106935312536198   0
0.36933155959762   0.241101396390419   0.00383385164666661   0.0189404037896927   0
0.371462573198499   0.238571266492012   0.00213101360087919   -0.00253012989840729   0
0.327288309310578   0.228842328118756   -0.044174263887921   -0.00972893837325553   0
0.343902190227047   0.23310374897367   0.0166138809164691   0.00426142085491357   0
0.318374081040543   0.22959552118302   -0.0255281091865043   -0.00350822779065002   0
0.324925303526657   0.224730167000539   0.00655122248611412   -0.00486535418248113   0
0.359066463078128   0.219338736133178   0.0341411595514709   -0.00539143086736046   0
