0.245481734106247   0.18388203039846   0   0   0
0.206892126167962   0.190563334265173   -0.0385896079382845   0.00668130386671331   0
0.260216403405742   0.160866843586621   0.0533242772377801   -0.0296964906785515   0
0.362916738801409   0.161401473156257   0.102700335395667   0.000534629569635792   0
0.262751768737339   0.125870264785304   -0.10016497006407   -0.0355312083709533   0
0.262237903548076   0.0599282372423296   -0.000513865189262885   -0.0659420275429743   0
0.163870780066551   0.0821571177093774   -0.0983671234815248   0.0222288804670478   0
0.190628260347725   0.0790379523192023   0.0267574802811738   -0.00311916539017512   0
0.181804503382755   0.0909330136961269   -0.00882375696497043   0.0118950613769246   0
0.134012095505742   0.094058741469108   -0.047792407877013   0.00312572777298115   0
0.211279927759738   0.0584542017661904   0.0772678322539962   -0.0356045397029176   0
0.279994192412718   0.099214137361177   0.0687142646529799   0.0407599355949866   0
0.0909669360926815   0.118873179967403   -0.189027256320036   0.0196590426062256   0
0.138180471025612   0.0311223589108377   0.0472135349329305   -0.0877508210565649   0
0.117442131001868   0.0358313537055886   -0.0207383400237437   0.00470899479475091   0
0.0850325361125963   0.0531076873487022   -0.032409594889272   0.0172763336431135   0
0.183765016347644   0.0210260016103371   0.098732480235048   -0.032081685738365   0
0.176557333456444   0.0639113450263177   -0.00720768289120027   0.0428853434159806   0
0.0797042616296644   0.0176534079869865   -0.0968530718267797   -0.0462579370393312   0
0.142192967890434   0.0302485902206202   0.0624887062607696   0.0125951822336337   0
0.0636483870922901   0.032511089807761   -0.078544580798144   0.00226249958714079   0
0.118070393826099   0.0440721870440701   0.0544220067338084   0.0115610972363091   0
0.142860771158077   0.0483636206470049   0.0247903773319783   0.00429143360293484   0
0.278318055607339   0.0138737203196628   0.135457284449262   -0.0344899003273421   0
0.117162040232939   0.0508908083943702   -0.1611560153744   0.0370170880747074   0
0.155366246948847   0.0792340614223138   0.0382042067159073   0.0283432530279436   0
0.123212792667969   0.0738262828626262   -0.0321534542808773   -0.00540777855968759   0
0.0808380545720269   0.0866436692913135   -0.0423747380959424   0.0128173864286873   0
0.160144786867447   0.0853652738556786   0.07930673229542   -0.00127839543563492   0
0.157090649843363   0.0797925805794074   -0.00305413702408416   -0.00557269327627118   0
0.149384577226901   0.0997682436339465   -0.00770607261646156   0.0199756630545391   0
0.172776252537957   0.104513972163989   0.0233916753110561   0.00474572853004231   0
0.0788718360017693   0.095597139550577   -0.093904416536188   -0.00891683261341178   0
0.175212814067693   0.106682651378118   0.0963409780659238   0.0110855118275407   0
0.149228421364062   0.0985170209980488   -0.0259843927036313   -0.00816563038006887   0
0.158230665791053   0.0490686750932206   0.00900224442699141   -0.0494483459048282   0
0.280602499845422   0.077771792008189   0.122371834054369   0.0287031169149683   0
0.143703985097554   0.0709356198851679   -0.136898514747868   -0.00683617212302108   0
0.165758948749985   0.0979544870555964   0.0220549636524302   0.0270188671704285   0
0.189053302860675   0.114608565874382   0.0232943541106902   0.0166540788187854   0
0.105481769478427   0.122729792810161   -0.0835715333822478   0.00812122693577907   0
0.175119903590454   0.0631975030445428   0.0696381341120274   -0.059532289765618   0
0.099569675760143   0.0786836148011333   -0.0755502278303113   0.0154861117565905   0
0.125966502002001   0.0692187684383587   0.0263968262418576   -0.00946484636277459   0
0.0943776357005197   0.0587534110240684   -0.0315888663014809   -0.0104653574142903   0
0.0740176457008732   0.0620679461985865   -0.0203599899996464   0.00331453517451804   0
0.13861165066202   0.0577487344747539   0.0645940049611472   -0.00431921172383261   0
0.159507470137326   0.0335350528752752   0.0208958194753057   -0.0242136815994787   0
0.0921725565407622   0.044993231062579   -0.067334913596564   0.0114581781873039   0
0.111683614060927   0.0368179261125949   0.0195110575201644   -0.00817530494998408   0
0.106904814005497   0.0521042551357372   -0.00477880005542919   0.0152863290231423   0
0.108531430814949   0.0395886366797658   0.00162661680945131   -0.0125156184559714   0
0.124029205601302   0.0470117870762748   0.0154977747863531   0.00742315039650899   0
0.128520882715651   0.0503004973780826   0.00449167711434868   0.00328871030180784   0
0.0971888629231251   0.0440549947806999   -0.0313320197925254   -0.0062455025973827   0
0.13888940797559   0.0287728912542175   0.0417005450524653   -0.0152821035264825   0
0.104788046982946   0.0462467067293175   -0.0341013609926449   0.0174738154751   0
0.11291452310974   0.0456419073745281   0.00812647612679444   -0.000604799354789423   0
0.125483679212757   0.0490855157201073   0.0125691561030166   0.00344360834557922   0
0.112223520811192   0.0493628767891672   -0.0132601584015648   0.00027736106905988   0
0.112508504416655   0.0391840754887429   0.000284983605462849   -0.0101788013004243   0
0.11974345404143   0.0538845642649637   0.00723494962477556   0.0147004887762208   0
0.0897767545001489   0.052558713413691   -0.0299666995412813   -0.0013258508512727   0
0.0993588006192707   0.0709547835085838   0.00958204611912188   0.0183960700948928   0
0.125506684731133   0.072664520359337   0.0261478841118622   0.00170973685075317   0
0.136118444486704   0.0710367010062632   0.0106117597555714   -0.00162781935307384   0
0.0849124956664212   0.0640731355625681   -0.0512059488202831   -0.00696356544369507   0
0.132203150532542   0.0615901616845783   0.047290654866121   -0.00248297387798975   0
0.105644919751307   0.0645723564045211   -0.0265582307812356   0.00298219471994279   0
0.121716082864714   0.0651615668157427   0.0160711631134078   0.000589210411221577   0
0.0751953363616388   0.0618663061283159   -0.0465207465030755   -0.00329526068742678   0
0.0906865810625806   0.0459766118979737   0.0154912447009418   -0.0158896942303422   0
0.143726942896174   0.0698281278933855   0.0530403618335931   0.0238515159954118   0
0.107993506983522   0.0611615661399584   -0.0357334359126518   -0.00866656175342715   0
0.107194522704618   0.0578587647491933   -0.000798984278903764   -0.00330280139076501   0
0.098165934483504   0.0538611303736516   -0.00902858822111417   -0.00399763437554171   0
0.0868916930822504   0.0365505559430017   -0.0112742414012536   -0.0173105744306499   0
0.124746552996145   0.0526626743236137   0.0378548599138946   0.0161121183806119   0
0.112413870966443   0.0321418985935803   -0.0123326820297024   -0.0205207757300334   0
0.131488657053983   0.0309488091580678   0.0190747860875406   -0.00119308943551253   0
0.119264307441497   0.032698027455261   -0.0122243496124858   0.00174921829719319   0
0.120059539674155   0.04736077866947   0.00079523223265765   0.014662751214209   0
0.0976790378811135   0.0337978857544744   -0.0223805017930415   -0.0135628929149956   0
0.163919750668917   0.0330700326970658   0.0662407127878038   -0.000727853057408565   0
0.143115355323669   0.0225808206641721   -0.0208043953452484   -0.0104892120328937   0
0.106221310666787   0.0575624567012   -0.0368940446568823   0.0349816360370279   0
0.120641828712723   0.0244768584825545   0.0144205180459364   -0.0330855982186455   0
0.103149034418505   0.0216224027909967   -0.0174927942942177   -0.00285445569155784   0
0.0953743941391504   0.016484773742912   -0.00777464027935497   -0.00513762904808468   0
0.242890768745953   0.0199692785408512   0.147516374606803   0.00348450479793922   0
0.107694343484372   0.0249732138033058   -0.13519642526158   0.00500393526245464   0
0.11184503145357   0.0371726858688392   0.00415068796919724   0.0121994720655334   0
0.135594716812234   0.0129307481959176   0.0237496853586645   -0.0242419376729217   0
0.117623352119254   0.0740496998879806   -0.0179713646929803   0.0611189516920631   0
0.0578893632545738   0.106546911370602   -0.0597339888646801   0.0324972114826217   0
0.0990988326064722   0.0899692530503894   0.0412094693518984   -0.016577658320213   0
0.195718209420432   0.0687573003858499   0.0966193768139596   -0.0212119526645394   0
0.139610441362564   0.0397132052106865   -0.0561077680578675   -0.0290440951751634   0
0.162558174859002   0.0725121564283707   0.0229477334964381   0.0327989512176842   0
0.157565591273507   0.0540511692182651   -0.00499258358549501   -0.0184609872101056   0
0.120544630944808   0.0579589999912749   -0.0370209603286993   0.0039078307730098   0
0.101374878669274   0.0972241511794909   -0.0191697522755343   0.039265151188216   0
0.107297274934688   0.0820386323877239   0.00592239626541399   -0.015185518791767   0
0.0993498942829714   0.0802975588526824   -0.00794738065171643   -0.00174107353504147   0
0.127948949867984   0.0844172757585199   0.028599055585013   0.00411971690583751   0
0.11250537222893   0.0888998526994421   -0.0154435776390549   0.00448257694092215   0
0.0962802050201826   0.109869391927734   -0.016225167208747   0.0209695392282918   0
0.10330063635651   0.094874009189161   0.00702043133632781   -0.0149953827385729   0
0.123422884921476   0.0839489244172461   0.0201222485649659   -0.0109250847719149   0
0.114385704357363   0.0765215114502778   -0.00903718056411358   -0.00742741296696832   0
0.125540418800679   0.03069730209257   0.0111547144433167   -0.0458242093577078   0
0.147628741720066   0.117116269280687   0.0220883229193867   0.0864189671881171   0
0.147073369215674   0.0988418968899955   -0.000555372504392027   -0.0182743723906915   0
0.0890694410309176   0.130541223921124   -0.0580039281847566   0.0316993270311284   0
0.15312006273526   0.150476316546342   0.0640506217043426   0.0199350926252184   0
0.161084476273662   0.107786239689953   0.00796441353840191   -0.0426900768563893   0
0.140877225584336   0.146257627299211   -0.0202072506893257   0.0384713876092583   0
0.136258973022403   0.136387244921968   -0.00461825256193321   -0.00987038237724289   0
0.116697729345905   0.145503324655495   -0.0195612436764986   0.00911607973352699   0
0.149001346131939   0.163167553977874   0.0323036167860347   0.0176642293223788   0
0.157523835227317   0.146291014693316   0.00852248909537762   -0.0168765392845582   0
0.133502072938251   0.158643467471056   -0.0240217622890663   0.01235245277774   0
0.134211460754252   0.171801459590715   0.000709387816000856   0.0131579921196588   0
0.157784435412622   0.171851259920461   0.0235729746583709   4.98003297466632e-05   0
0.143659665555924   0.189893208220436   -0.0141247698566981   0.0180419482999749   0
0.203871631084947   0.184661616835362   0.0602119655290232   -0.00523159138507448   0
0.260674320452169   0.232841083817912   0.0568026893672214   0.0481794669825503   0
0.228304246086576   0.213287412785542   -0.0323700743655925   -0.0195536710323706   0
0.192056941244153   0.182481611455894   -0.0362473048424234   -0.0308058013296472   0
0.195151773085796   0.176764927026687   0.00309483184164308   -0.00571668442920731   0
0.182857257952099   0.180761721413855   -0.0122945151336972   0.00399679438716763   0
0.193270598022552   0.165222293085475   0.0104133400704531   -0.01553942832838   0
0.245601537894696   0.159177446893396   0.0523309398721446   -0.00604484619207835   0
0.218722357428796   0.148002916932986   -0.0268791804659005   -0.0111745299604099   0
0.219167481103584   0.148926497165179   0.000445123674788328   0.000923580232192328   0
0.208251944070542   0.152676404651767   -0.0109155370330427   0.00374990748658791   0
0.203392219035931   0.152604389677198   -0.00485972503461091   -7.20149745689902e-05   0
0.195643747767875   0.14120142569784   -0.00774847126805545   -0.0114029639793582   0
0.184018663594131   0.151562709994906   -0.0116250841737441   0.0103612842970666   0
0.227137958328435   0.184934197114812   0.0431192947343041   0.0333714871199055   0
0.193336423086831   0.178478873332392   -0.0338015352416046   -0.0064553237824197   0
0.206329834277644   0.185021194377158   0.0129934111908132   0.00654232104476582   0
0.174907507234681   0.167642827875136   -0.0314223270429629   -0.0173783665020217   0
0.170619098290695   0.182745690808292   -0.00428840894398561   0.0151028629331563   0
0.190120284745431   0.231777605217264   0.0195011864547352   0.0490319144089718   0
0.182966110263513   0.212789000952234   -0.0071541744819176   -0.0189886042650299   0
0.195871306262556   0.190190596403319   0.012905195999043   -0.0225984045489158   0
0.156469504037453   0.211399056450449   -0.0394018022251034   0.0212084600471301   0
0.167425734285384   0.202369453295822   0.0109562302479314   -0.00902960315462645   0
0.134899509819643   0.235416084181816   -0.0325262244657408   0.033046630885994   0
0.150115927093072   0.263940808738437   0.0152164172734288   0.0285247245566204   0
0.165417964046865   0.228853636613781   0.0153020369537933   -0.0350871721246556   0
0.133188325555808   0.224398643105908   -0.0322296384910568   -0.00445499350787337   0
0.139109206063869   0.226524377571935   0.00592088050806072   0.00212573446602726   0
0.151510610495437   0.235196803060097   0.0124014044315678   0.00867242548816202   0
0.125217575302484   0.234178481576105   -0.0262930351929528   -0.00101832148399217   0
0.18011272354661   0.231728840761136   0.0548951482441259   -0.00244964081496854   0
0.13828376261908   0.215135470826036   -0.0418289609275303   -0.0165933699351006   0
0.151645676585322   0.200658953111424   0.013361913966242   -0.0144765177146119   0
0.114321277288307   0.217436312592238   -0.0373243992970146   0.0167773594808147   0
0.143910273017599   0.224394298816983   0.0295889957292923   0.00695798622474494   0
0.161916380416189   0.210473348376493   0.0180061073985895   -0.0139209504404905   0
0.158002950466756   0.224767768204216   -0.00391342994943339   0.0142944198277233   0
0.15385672636726   0.234772340974528   -0.00414622409949525   0.0100045727703118   0
0.198643845912628   0.220573851729392   0.044787119545368   -0.0141984892451354   0
0.182719502149989   0.233951655055569   -0.0159243437626388   0.0133778033261767   0
0.18047116030682   0.215211495871277   -0.00224834184316922   -0.0187401591842926   0
0.13555076645202   0.244417678048259   -0.0449203938548005   0.0292061821769826   0
0.187604011533362   0.227540557296765   0.0520532450813427   -0.0168771207514939   0
0.211507642098341   0.215096057393116   0.0239036305649787   -0.0124444999036496   0
0.167966720481714   0.189969165590761   -0.0435409216166276   -0.0251268918023546   0
0.177462800436204   0.18648482907226   0.00949607995449053   -0.00348433651850114   0
0.148905776078003   0.212556409668704   -0.028557024358201   0.0260715805964442   0
0.166168182183744   0.212141432560921   0.0172624061057411   -0.000414977107782682   0
0.167119044445449   0.228425787017359   0.000950862261704932   0.0162843544564378   0
0.203788930468263   0.258844837314751   0.0366698860228136   0.0304190502973919   0
0.199236526202526   0.226997715139382   -0.00455240426573625   -0.0318471221753692   0
0.164952686903275   0.231179819256028   -0.0342838392992511   0.00418210411664646   0
0.167325409436971   0.229937819369852   0.00237272253369566   -0.00124199988617685   0
0.175546207077823   0.226628449126213   0.00822079764085218   -0.00330937024363862   0
0.183420437811194   0.24762263240009   0.00787423073337051   0.0209941832738768   0
0.215024602154172   0.261833360212655   0.0316041643429784   0.0142107278125654   0
0.219097143095956   0.2344090922365   0.00407254094178428   -0.027424267976155   0
0.17847198548856   0.241645648897823   -0.0406251576073961   0.00723655666132303   0
0.18824459292224   0.232518824593838   0.00977260743368005   -0.00912682430398515   0
0.190772178464681   0.244322412781758   0.0025275855424404   0.0118035881879205   0
0.159631986840858   0.291314763500754   -0.0311401916238223   0.0469923507189951   0
0.201654018015908   0.293670009320836   0.0420220311750492   0.00235524582008262   0
0.19449720055826   0.31905442866931   -0.00715681745764768   0.0253844193484741   0
0.15381791650276   0.263644534651299   -0.0406792840555001   -0.0554098940180113   0
0.15190138778646   0.265149353290744   -0.00191652871629983   0.0015048186394454   0
0.133369141008593   0.264592528305789   -0.0185322467778669   -0.000556824984954907   0
0.232079852576866   0.256798210240551   0.0987107115682732   -0.00779431806523895   0
0.158968757400566   0.23748926146144   -0.0731110951763004   -0.019308948779111   0
0.198299237498811   0.241058858382139   0.0393304800982454   0.00356959692069914   0
0.127809231135646   0.251939880657073   -0.0704900063631657   0.010881022274934   0
0.144638530787823   0.231707621492157   0.0168292996521773   -0.0202322591649161   0
0.121111686064764   0.237071210023486   -0.0235268447230587   0.00536358853132984   0
0.132350189363106   0.239391233909896   0.0112385032983417   0.00232002388640948   0
0.18108843370025   0.241461855710281   0.0487382443371445   0.002070621800385   0
0.140529253785213   0.249046278379421   -0.0405591799150371   0.00758442266914   0
0.171623069109138   0.245858047930005   0.0310938153239248   -0.00318823044941616   0
0.135057741121769   0.253431875070481   -0.0365653279873687   0.00757382714047647   0
0.163979174631474   0.261245396028624   0.028921433509705   0.00781352095814264   0
0.137035020264894   0.286216774792708   -0.0269441543665801   0.0249713787640846   0
0.188116499382404   0.262175834665878   0.0510814791175097   -0.0240409401268301   0
0.256941092290898   0.232198518161599   0.0688245929084945   -0.0299773165042798   0
0.228046854819706   0.232462512674458   -0.0288942374711926   0.000263994512859328   0
0.174521900761939   0.22653922045007   -0.0535249540577671   -0.00592329222438748   0
0.15192177601506   0.249230681083309   -0.022600124746879   0.0226914606332385   0
0.215539432840606   0.304117723577108   0.063617656825546   0.0548870424937995   0
0.266148024522257   0.296810503195056   0.0506085916816514   -0.00730722038205212   0
0.251908015047656   0.27310096584491   -0.0142400094746014   -0.0237095373501466   0
0.236114532370881   0.276533525672404   -0.0157934826767744   0.00343255982749407   0
0.222963604673139   0.272374266215551   -0.013150927697742   -0.00415925945685247   0
0.235444268193854   0.281599110001008   0.0124806635207149   0.00922484378545707   0
0.250604212301031   0.277579236647844   0.0151599441071763   -0.00401987335316395   0
0.249591478927887   0.239848194629577   -0.00101273337314334   -0.0377310420182679   0
0.241985964860134   0.248731410263039   -0.00760551406775326   0.00888321563346206   0
0.211213276852143   0.246397421432454   -0.030772688007991   -0.00233398883058425   0
0.259721507836009   0.255211492484582   0.0485082309838659   0.00881407105212803   0
0.209179955639182   0.253436362686124   -0.0505415521968272   -0.00177512979845856   0
0.224793911294546   0.250039812119018   0.0156139556553639   -0.00339655056710542   0
0.220669660185831   0.252088369038225   -0.00412425110871484   0.00204855691920702   0
0.225562953135594   0.262772594669148   0.00489329294976287   0.0106842256309221   0
0.209713268762852   0.261817251974011   -0.0158496843727421   -0.000955342695137029   0
0.213411541939137   0.250792369920351   0.0036982731762854   -0.0110248820536594   0
0.235529962054645   0.253500432991682   0.0221184201155079   0.00270806307133115   0
0.222419341277282   0.24826405161372   -0.0131106207773629   -0.0052363813779619   0
0.268803414539399   0.250864500968057   0.0463840732621171   0.00260044935433712   0
0.235412784035638   0.261818784972545   -0.0333906305037609   0.010954284004488   0
0.236528415016061   0.250960159758755   0.00111563098042289   -0.0108586252137901   0
0.234349600326179   0.261161930448544   -0.00217881468988165   0.0102017706897884   0
0.184427568821611   0.271069158329567   -0.0499220315045685   0.00990722788102355   0
0.247441140174871   0.307943357833303   0.0630135713532599   0.0368741995037362   0
0.221338321904225   0.292538850591251   -0.0261028182706456   -0.0154045072420529   0
0.241215309884447   0.305973589497676   0.0198769879802223   0.0134347389064258   0
0.250311083180609   0.319210271566381   0.00909577329616204   0.0132366820687045   0
0.236445364146075   0.305243117145289   -0.0138657190345345   -0.013967154421092   0
0.266241193455408   0.312775416792145   0.029795829309333   0.00753229964685614   0
0.25823395426603   0.317120531717358   -0.00800723918937796   0.00434511492521328   0
0.217570296116933   0.285689843006905   -0.0406636581490969   -0.0314306887104532   0
0.23031723189173   0.273012418290698   0.0127469357747967   -0.0126774247162071   0
0.190387584418339   0.266691959134101   -0.0399296474733914   -0.00632045915659685   0
0.213624704726326   0.253751028400734   0.0232371203079875   -0.0129409307333673   0
