0.205207696350259   0.122364570981238   0   0   0
0.179284561771866   0.0983069036644426   -0.0259231345783929   -0.0240576673167957   0
0.187549858914401   0.0815688645336105   0.00826529714253479   -0.0167380391308321   0
0.196231157824235   0.070586594012253   0.00868129890983474   -0.0109822705213575   0
0.122478778711416   0.0455708753848401   -0.0737523791128194   -0.0250157186274129   0
0.116837639980616   0.0464338985566849   -0.00564113873080013   0.000863023171844758   0
0.127366230157134   0.0562641635159293   0.010528590176518   0.00983026495924441   0
0.0775139887473223   0.0550336177297568   -0.0498522414098116   -0.00123054578617247   0
0.102352702698317   0.0822385056577953   0.0248387139509944   0.0272048879280385   0
0.0630993141847041   0.056110322731166   -0.0392533885136125   -0.0261281829266293   0
0.0814767836223915   0.0374238574998957   0.0183774694376874   -0.0186864652312703   0
0.064643354492554   0.0672765940976689   -0.0168334291298375   0.0298527365977732   0
0.0412347602578262   0.0642392172886042   -0.0234085942347278   -0.00303737680906477   0
0.0557484292213691   0.0703148265971539   0.0145136689635429   0.00607560930854978   0
0.0494802549102165   0.0829573001866623   -0.00626817431115264   0.0126424735895084   0
0.0905317885855018   0.0513502086039823   0.0410515336752854   -0.03160709158268   0
0.0967775552022265   0.0444920430834548   0.0062457666167247   -0.00685816552052749   0
0.0682784712315676   0.0419690621587962   -0.028499083970659   -0.00252298092465861   0
0.0509698543616715   0.0417290005550696   -0.0173086168698961   -0.000240061603726603   0
0.0616547186173938   0.0488671319194776   0.0106848642557223   0.00713813136440798   0
0.0435803938278442   0.0388619025721528   -0.0180743247895496   -0.0100052293473247   0
0.07185535334775   0.0324290409077265   0.0282749595199058   -0.00643286166442632   0
0.0658341611011335   0.0359215287158342   -0.00602119224661644   0.00349248780810767   0
0.0708944907537426   0.0656440099614199   0.00506032965260914   0.0297224812455857   0
0.254038302784462   0.0584906616060419   0.183143812030719   -0.00715334835537806   0
0.187097326140595   0.0557212160072355   -0.0669409766438674   -0.00276944559880635   0
0.191962919920684   0.0427764890581555   0.00486559378008936   -0.01294472694908   0
0.0940428706978897   0.0378180939594065   -0.0979200492227942   -0.004958395098749   0
0.0720918674994621   0.0416584489761756   -0.0219510031984276   0.00384035501676906   0
0.0909361602922622   0.0358651661438017   0.0188442927928001   -0.00579328283237387   0
0.140704138124826   0.039919473961871   0.0497679778325634   0.00405430781806933   0
0.147958302995134   0.0351625564481154   0.00725416487030886   -0.00475691751375568   0
0.175717507314268   0.0809685305117081   0.0277592043191341   0.0458059740635927   0
0.108794977732844   0.0985621879506791   -0.0669225295814246   0.0175936574389711   0
0.0969308526042147   0.0868426074571693   -0.0118641251286292   -0.0117195804935098   0
0.0760109523312977   0.0911119696012138   -0.020919900272917   0.00426936214404444   0
0.11419500967932   0.0699385391300998   0.0381840573480223   -0.021173430471114   0
0.121659775372625   0.0497214670384181   0.00746476569330506   -0.0202170720916817   0
0.0973214287680776   0.0570784891595117   -0.0243383466045475   0.00735702212109363   0
0.0727838545811233   0.107988436098374   -0.0245375741869543   0.0509099469388618   0
0.0985061382606181   0.112233113566852   0.0257222836794948   0.00424467746847892   0
0.0969214380544903   0.094681897744025   -0.00158470020612776   -0.0175512158228275   0
0.104640552927677   0.0886958638735518   0.00771911487318686   -0.0059860338704732   0
0.141426387551121   0.100204629333582   0.0367858346234443   0.0115087654600305   0
0.106680816812537   0.0917041863283242   -0.0347455707385848   -0.00850044300525811   0
0.193083659745096   0.138005734129021   0.0864028429325594   0.0463015478006967   0
0.215363022271141   0.132711487631855   0.0222793625260451   -0.00529424649716592   0
0.22784995840105   0.13027255757626   0.0124869361299085   -0.00243893005559487   0
0.190983027676519   0.129910005617004   -0.0368669307245306   -0.000362551959256135   0
0.19040191173066   0.12623677547986   -0.000581115945859023   -0.0036732301371443   0
0.208094589156374   0.149553129918977   0.0176926774257139   0.0233163544391176   0
0.274887140776324   0.186732342899536   0.0667925516199498   0.037179212980559   0
0.406521772664146   0.200635356253578   0.131634631887823   0.0139030133540413   0
0.326471099662742   0.214867646794812   -0.0800506730014045   0.0142322905412342   0
0.332038223655892   0.203124934117528   0.00556712399314979   -0.011742712677284   0
0.314226811048787   0.190147230114588   -0.0178114126071049   -0.01297770400294   0
0.310064923980785   0.19366445517828   -0.00416188706800186   0.00351722506369212   0
0.304736809498003   0.195054554894906   -0.00532811448278159   0.00139009971662638   0
0.302637472115219   0.195129350407621   -0.00209933738278434   7.47955127143318e-05   0
0.317062373451802   0.208998397493258   0.014424901336583   0.0138690470856377   0
0.26493945648393   0.179863781215118   -0.0521229169678726   -0.0291346162781399   0
0.332594274895946   0.201336968966829   0.0676548184120164   0.0214731877517109   0
0.286410090945221   0.193912036307059   -0.0461841839507245   -0.00742493265977073   0
0.370077958144294   0.2300512293474   0.0836678671990728   0.0361391930403414   0
0.389503470215607   0.206088016058334   0.0194255120713124   -0.0239632132890663   0
0.436856848572848   0.187997203886181   0.047353378357241   -0.0180908121721522   0
0.374248822082315   0.156336013874635   -0.062608026490533   -0.0316611900115467   0
0.349335915361204   0.146709323765363   -0.0249129067211111   -0.00962669010927217   0
0.324853219778656   0.144888707764279   -0.0244826955825473   -0.00182061600108413   0
0.295750222072417   0.126372124139988   -0.0291029977062391   -0.0185165836242907   0
0.344827224993097   0.147723655593612   0.0490770029206798   0.0213515314536238   0
0.28765071479786   0.123691062140722   -0.0571765101952367   -0.0240325934528895   0
0.361103499605639   0.122516324493677   0.073452784807779   -0.00117473764704504   0
0.369280805535571   0.122110864813107   0.00817730592993138   -0.000405459680569709   0
0.382970183487906   0.0981273854390939   0.0136893779523348   -0.0239834793740135   0
0.365798898289757   0.11027606418956   -0.0171712851981485   0.0121486787504663   0
0.362603984865087   0.113027588476221   -0.00319491342467038   0.00275152428666096   0
0.389071280582312   0.132402766094595   0.0264672957172251   0.0193751776183737   0
0.347154264695913   0.0968979463679442   -0.0419170158863988   -0.0355048197266506   0
0.395212288203234   0.104465844814753   0.048058023507321   0.00756789844680848   0
0.393140476984004   0.125864597642109   -0.00207181121923022   0.0213987528273563   0
0.404588962082816   0.138223023635211   0.0114484850988119   0.0123584259931016   0
0.417623814125296   0.135549234577367   0.0130348520424806   -0.00267378905784388   0
0.374324233102547   0.124341083623083   -0.0432995810227492   -0.0112081509542838   0
0.36348471846284   0.124466804379815   -0.0108395146397071   0.000125720756732464   0
0.352192370524973   0.119427930575256   -0.0112923479378667   -0.00503887380455914   0
0.364826819007663   0.133763460870635   0.0126344484826897   0.0143355302953791   0
0.316510376736119   0.102597229623623   -0.0483164422715439   -0.031166231247012   0
0.306016168340465   0.109836795705037   -0.0104942083956537   0.00723956608141348   0
0.290327201661591   0.0683312146543035   -0.0156889666788745   -0.0415055810507333   0
0.326522398327603   0.159722368179945   0.0361951966660125   0.0913911535256418   0
0.462272678897899   0.155621265236061   0.135750280570296   -0.00410110294388411   0
0.510742400691621   0.118671649500692   0.0484697217937216   -0.0369496157353696   0
0.540505658125918   0.123777660869813   0.0297632574342978   0.00510601136912164   0
0.593391542506834   0.156677477368319   0.0528858843809158   0.0328998164985054   0
0.538453054881937   0.136660669885304   -0.0549384876248974   -0.0200168074830148   0
0.5548209442359   0.166561077533138   0.0163678893539637   0.0299004076478341   0
0.549496058653745   0.119747137243443   -0.00532488558215549   -0.0468139402896949   0
0.539494426353053   0.138753769833472   -0.0100016323006917   0.0190066325900285   0
0.67599051268506   0.173046563600668   0.136496086332006   0.0342927937671963   0
0.558173138588879   0.153196779415184   -0.117817374096181   -0.0198497841854844   0
0.536262792085942   0.145432965417276   -0.0219103465029373   -0.00776381399790785   0
0.559323096546719   0.148308729191078   0.023060304460777   0.00287576377380233   0
0.525479734186476   0.142343968977343   -0.0338433623602423   -0.0059647602137346   0
0.562473969955944   0.145599049651122   0.0369942357694674   0.00325508067377897   0
0.595023049294941   0.156310100194005   0.0325490793389974   0.010711050542883   0
0.580954937687942   0.146194023074312   -0.0140681116069996   -0.0101160771196933   0
0.594287446679812   0.134225822158676   0.0133325089918701   -0.0119682009156362   0
0.577078790411051   0.132217421433751   -0.0172086562687608   -0.00200840072492536   0
0.507981831097192   0.135405658440896   -0.0690969593138586   0.0031882370071451   0
0.527676894788828   0.119965905830834   0.019695063691636   -0.0154397526100618   0
0.564445918652584   0.103314275908173   0.0367690238637561   -0.0166516299226613   0
0.757092061497649   0.151678683661242   0.192646142845065   0.0483644077530691   0
0.725480926077316   0.190081875823262   -0.0316111354203331   0.0384031921620203   0
0.636682777653833   0.15395084039687   -0.0887981484234831   -0.0361310354263921   0
0.625322918286672   0.136720580806658   -0.0113598593671607   -0.0172302595902115   0
0.61385596042483   0.131656280663182   -0.0114669578618426   -0.00506430014347656   0
0.660570432662377   0.1257852526696   0.0467144722375474   -0.00587102799358225   0
0.544576735224997   0.122162665543262   -0.11599369743738   -0.0036225871263371   0
0.513442081940812   0.0968974124177214   -0.0311346532841851   -0.025265253125541   0
0.575369824225143   0.098154762792723   0.0619277422843318   0.00125735037500158   0
0.483352210353465   0.0708744675304161   -0.0920176138716786   -0.027280295262307   0
0.495781440274107   0.110591119027832   0.0124292299206423   0.0397166514974159   0
0.379334848588104   0.0868823878081887   -0.116446591686003   -0.0237087312196432   0
0.626621935672933   0.109350347806054   0.247287087084828   0.0224679599978654   0
0.401083978714383   0.115315431911529   -0.225537956958549   0.00596508410547499   0
0.249803160643415   0.126965318347423   -0.151280818070968   0.0116498864358941   0
0.325632170613178   0.159779530347515   0.0758290099697628   0.032814212000092   0
0.444557677304363   0.134601175739562   0.118925506691185   -0.025178354607953   0
0.362085823935832   0.210593498678117   -0.0824718533685312   0.0759923229385547   0
0.362218302792609   0.218125595757473   0.000132478856777751   0.00753209707935609   0
0.349880572898528   0.242604735746749   -0.0123377298940808   0.0244791399892763   0
0.33414642641197   0.257802626446571   -0.0157341464865586   0.0151978906998213   0
0.366204676903626   0.184655800982531   0.0320582504916558   -0.0731468254640398   0
0.285675358315501   0.143509116592814   -0.0805293185881246   -0.0411466843897163   0
0.314552255122484   0.130353646676733   0.0288768968069824   -0.0131554699160815   0
0.380833781403593   0.157237518778121   0.0662815262811098   0.0268838721013883   0
0.369445912310584   0.15919031412319   -0.011387869093009   0.0019527953450692   0
0.382308496434816   0.211718416366769   0.012862584124232   0.0525281022435785   0
0.389979472238681   0.215175089995194   0.00767097580386439   0.00345667362842556   0
0.271400367374475   0.173672963075726   -0.118579104864206   -0.0415021269194684   0
0.210189979046956   0.149333026369261   -0.0612103883275186   -0.0243399367064647   0
0.230101167367226   0.19989794606301   0.0199111883202692   0.0505649196937485   0
0.229454442073127   0.179686985935466   -0.000646725294098649   -0.0202109601275435   0
0.278463940615046   0.197845140399404   0.0490094985419192   0.0181581544639379   0
0.254486254446895   0.136648067720184   -0.0239776861681508   -0.0611970726792203   0
0.268735130033273   0.185169356242745   0.0142488755863773   0.0485212885225607   0
0.228508682692803   0.15175072074076   -0.04022644734047   -0.0334186355019851   0
0.175485405413214   0.147817359706822   -0.0530232772795889   -0.00393336103393724   0
0.187730695885995   0.13984242187759   0.0122452904727814   -0.00797493782923187   0
0.182504819098839   0.146946602134662   -0.00522587678715605   0.00710418025707102   0
0.196122743860471   0.169580065779597   0.0136179247616321   0.0226334636449357   0
0.230602619561964   0.145174690919251   0.034479875701493   -0.0244053748603464   0
0.153438936335474   0.158530043264684   -0.0771636832264903   0.0133553523454329   0
0.271885247371019   0.221583625690731   0.118446311035545   0.0630535824260472   0
0.336950116417564   0.269729016369207   0.0650648690465455   0.0481453906784761   0
0.322696396092922   0.288741296165789   -0.0142537203246421   0.0190122797965821   0
0.266523555659326   0.312865111235657   -0.0561728404335957   0.0241238150698677   0
0.258576035385803   0.265288405824337   -0.00794752027352347   -0.0475767054113201   0
0.212365563790272   0.275227945699487   -0.0462104715955311   0.0099395398751505   0
0.18516716906312   0.298667844788588   -0.027198394727152   0.0234398990891005   0
0.248585900713556   0.281534664457598   0.0634187316504363   -0.0171331803309895   0
0.252472397315053   0.390987894544144   0.00388649660149687   0.109453230086546   0
0.338982599844004   0.420605623768275   0.0865102025289508   0.0296177292241314   0
0.225722360864093   0.484667439734941   -0.11326023897991   0.0640618159666655   0
0.221613766844707   0.425264228201127   -0.00410859401938674   -0.0594032115338141   0
0.267212287293904   0.47185086576216   0.0455985204491976   0.0465866375610332   0
0.305383385129512   0.305499156419457   0.038171097835608   -0.166351709342703   0
0.275046031182055   0.196783370899322   -0.0303373539474571   -0.108715785520136   0
0.20904248529665   0.234719538286654   -0.0660035458854054   0.0379361673873323   0
0.229633409489756   0.333139346891807   0.0205909241931064   0.0984198086051535   0
0.181429220126032   0.388741387314883   -0.0482041893637245   0.0556020404230756   0
0.203367355975928   0.39912355447405   0.0219381358498969   0.0103821671591669   0
0.171782897734612   0.442215615342222   -0.0315844582413169   0.0430920608681719   0
0.16363581500855   0.441376030796304   -0.00814708272606118   -0.00083958454591776   0
0.169440365365989   0.498868329509401   0.00580455035743913   0.0574922987130966   0
0.166190890285268   0.523170434008624   -0.00324947508072138   0.0243021044992237   0
0.158099921937647   0.479854939854851   -0.0080909683476213   -0.0433154941537736   0
0.160599428074947   0.453766794428041   0.00249950613730002   -0.0260881454268099   0
0.261126502013871   0.504554882812811   0.100527073938924   0.0507880883847706   0
0.249473420920947   0.492754317083828   -0.0116530810929237   -0.0118005657289831   0
0.168335138176793   0.443336396359751   -0.081138282744154   -0.0494179207240776   0
0.190646012392182   0.471986607166718   0.022310874215389   0.0286502108069674   0
0.19548213343976   0.471502516224728   0.00483612104757769   -0.000484090941990201   0
0.186058154068157   0.470561721359961   -0.0094239793716028   -0.000940794864766559   0
0.249058825174616   0.455507886681998   0.0630006711064593   -0.0150538346779634   0
0.242504322650319   0.450890804989966   -0.00655450252429718   -0.00461708169203157   0
0.23681702997861   0.436889062880384   -0.00568729267170867   -0.0140017421095826   0
0.259466344439891   0.506281291763571   0.0226493144612804   0.069392228883187   0
