0.120502901467143   0.15356860325926   0   0   0
0.124153056991642   0.139856796612642   0.00365015552449928   -0.0137118066466177   0
0.126657307158016   0.133128525432155   0.00250425016637357   -0.00672827118048711   0
0.129354205207253   0.1235482629026   0.00269689804923656   -0.00958026252955509   0
0.205495983030375   0.0852554599917384   0.0761417778231221   -0.0382928029108618   0
0.164124724082053   0.04746421789688   -0.0413712589483217   -0.0377912420948584   0
0.122122642569673   0.061690376072022   -0.0420020815123804   0.014226158175142   0
0.116620092545539   0.0454396443888   -0.0055025500241339   -0.016250731683222   0
0.11942732520215   0.0519451842879828   0.00280723265661095   0.00650553989918289   0
0.133368479161279   0.0482750172001588   0.0139411539591289   -0.00367016708782408   0
0.121032460563189   0.0302895801108583   -0.0123360185980892   -0.0179854370893005   0
0.134341905632981   0.0682498484619272   0.0133094450697921   0.0379602683510689   0
0.0765328386649522   0.0762742880461037   -0.0578090669680293   0.00802443958417656   0
0.0654978557680326   0.0878479089527178   -0.0110349828969196   0.0115736209066141   0
0.0828491048925696   0.070685902348718   0.017351249124537   -0.0171620066039998   0
0.0990940979072417   0.0603741351241159   0.0162449930146721   -0.0103117672246022   0
0.132370373259918   0.0773673816852748   0.0332762753526762   0.016993246561159   0
0.0995028776340665   0.0445771919715958   -0.0328674956258515   -0.0327901897136791   0
0.0771609940577491   0.0426697456141937   -0.0223418835763173   -0.00190744635740208   0
0.0952766270967334   0.031039819919621   0.0181156330389843   -0.0116299256945727   0
0.0500484324603678   0.0311006001272483   -0.0452281946363656   6.07802076273561e-05   0
0.0611466481617758   0.0178677536193697   0.011098215701408   -0.0132328465078786   0
0.0575059720430704   0.0432914328482264   -0.00364067611870535   0.0254236792288567   0
0.050048779262036   0.0426542059190826   -0.0074571927810345   -0.000637226929143864   0
0.0497783616220944   0.0446031819010987   -0.000270417639941553   0.00194897598201613   0
0.0727831764414002   0.0263286591032571   0.0230048148193058   -0.0182745227978416   0
0.0735187566418258   0.0306716793313473   0.000735580200425523   0.00434302022809021   0
0.091483929534069   0.0408995940645809   0.0179651728922432   0.0102279147332335   0
0.084264379097538   0.0109844237629973   -0.00721955043653097   -0.0299151703015836   0
0.0774410095383163   0.0284086674979063   -0.00682336955922168   0.017424243734909   0
0.0679078427154036   0.028430235188176   -0.00953316682291269   2.15676902696436e-05   0
0.075438584211927   0.0549559659023704   0.00753074149652334   0.0265257307141944   0
0.0920043172367688   0.0556594213225847   0.0165657330248419   0.00070345542021432   0
0.0897192150871401   0.0609110762423797   -0.00228510214962878   0.00525165491979502   0
0.121878127506866   0.0696866837472196   0.0321589124197264   0.00877560750483986   0
0.128674967458897   0.0766291584364757   0.00679683995203011   0.00694247468925613   0
0.131105756522473   0.0682725055311067   0.00243078906357655   -0.00835665290536901   0
0.134336448727142   0.0731597514256644   0.00323069220466865   0.00488724589455766   0
0.155733196476392   0.0727899717559019   0.0213967477492499   -0.000369779669762454   0
0.148388578445653   0.0514595381869581   -0.00734461803073902   -0.0213304335689438   0
0.136358919026744   0.0522988015058902   -0.0120296594189087   0.000839263318932068   0
0.159355868330099   0.0438802466288933   0.0229969493033556   -0.00841855487699689   0
0.177162829435748   0.0474017739614511   0.0178069611056487   0.00352152733255778   0
0.167538024867073   0.0416409823303317   -0.00962480456867504   -0.00576079163111933   0
0.107886303641472   0.143170412395692   -0.0596517212256006   0.10152943006536   0
0.10383493385836   0.135173473264996   -0.00405136978311248   -0.00799693913069621   0
0.0905308596095276   0.135362946120938   -0.0133040742488324   0.000189472855942424   0
0.0750372115679947   0.169689393487108   -0.0154936480415329   0.0343264473661697   0
0.130291686139561   0.115291684551716   0.0552544745715668   -0.0543977089353913   0
0.160182995564729   0.0870628723080194   0.0298913094251676   -0.028228812243697   0
0.152749927092029   0.0720510421811857   -0.00743306847270025   -0.0150118301268337   0
0.177253613869393   0.0606797241436338   0.0245036867773646   -0.0113713180375519   0
0.166919246065036   0.0606918501737672   -0.0103343678043575   1.21260301333137e-05   0
0.137403139251765   0.0769803783751944   -0.0295161068132706   0.0162885282014273   0
0.16969359211467   0.0679952241906923   0.0322904528629047   -0.00898515418450214   0
0.191177051643365   0.059462148160069   0.0214834595286954   -0.00853307603062323   0
0.180950602634531   0.068676977997543   -0.0102264490088342   0.00921482983747395   0
0.190768012096499   0.0682470339199807   0.00981740946196782   -0.00042994407756225   0
0.217289535442949   0.0832160973088891   0.0265215233464498   0.0149690633889084   0
0.207719370672405   0.0857926189809036   -0.00957016477054376   0.00257652167201451   0
0.193150209628835   0.0744482824027022   -0.01456916104357   -0.0113443365782014   0
0.255029766615982   0.0663802172722634   0.0618795569871475   -0.00806806513043878   0
0.275547594107526   0.0745644594812115   0.0205178274915439   0.00818424220894803   0
0.233495802484466   0.0982615695430314   -0.0420517916230601   0.02369711006182   0
0.228765157498315   0.117967605693512   -0.00473064498615122   0.0197060361504809   0
0.218601802908193   0.133064207122201   -0.0101633545901222   0.0150966014286887   0
0.215913276418044   0.119885944704915   -0.00268852649014925   -0.0131782624172857   0
0.219173005139077   0.112521865922406   0.00325972872103369   -0.00736407878250885   0
0.250346664728206   0.117124179411683   0.0311736595891289   0.00460231348927613   0
0.249418449684486   0.119302470105233   -0.000928215043720121   0.00217829069355042   0
0.225188094495787   0.123660522313115   -0.0242303551886989   0.00435805220788241   0
0.263272323397143   0.119881805273371   0.0380842289013561   -0.00377871703974411   0
0.226767856722867   0.151702532989112   -0.0365044666742768   0.0318207277157403   0
0.224361982998501   0.137093060417231   -0.00240587372436563   -0.0146094725718808   0
0.247903911249682   0.149257179754686   0.0235419282511807   0.0121641193374547   0
0.204787741184165   0.258391932979094   -0.0431161700655167   0.109134753224408   0
0.219468033165493   0.277486114636503   0.0146802919813283   0.0190941816574092   0
0.23949139307282   0.285122750937644   0.0200233599073269   0.00763663630114142   0
0.225385821435378   0.288990200253832   -0.0141055716374422   0.00386744931618777   0
0.271657322878604   0.255610373588886   0.0462715014432261   -0.0333798266649459   0
0.256016646081559   0.264900917250205   -0.0156406767970453   0.00929054366131887   0
0.218693950281987   0.266702583098196   -0.037322695799572   0.00180166584799063   0
0.222727014492652   0.26404064756823   0.00403306421066543   -0.00266193552996619   0
0.219259545285604   0.268152570688312   -0.00346746920704755   0.00411192312008218   0
0.201774719512257   0.263195066968399   -0.0174848257733474   -0.00495750371991283   0
0.217149989408266   0.237816407613625   0.0153752698960089   -0.0253786593547735   0
0.213052568420284   0.246594237824508   -0.00409742098798144   0.0087778302108826   0
0.196757246841787   0.256668781571698   -0.0162953215784972   0.01007454374719   0
0.206611544659634   0.254669728143629   0.00985429781784694   -0.00199905342806883   0
0.233655141552246   0.252415371336117   0.0270435968926115   -0.00225435680751179   0
0.238078142161119   0.298822283882076   0.00442300060887332   0.0464069125459586   0
0.293109365332281   0.292664408953515   0.0550312231711618   -0.00615787492856146   0
0.323632393254588   0.29641247806749   0.0305230279223074   0.00374806911397507   0
0.47695370110561   0.335334753781907   0.153321307851022   0.0389222757144179   0
0.486505809383578   0.374116232767051   0.00955210827796726   0.0387814789851432   0
0.489981107673816   0.402830202943588   0.00347529829023857   0.0287139701765377   0
0.499637317679534   0.376461927582727   0.00965621000571809   -0.0263682753608611   0
0.429157880775898   0.379721368582692   -0.0704794369036363   0.00325944099996467   0
0.491604936249857   0.310615610885287   0.0624470554739593   -0.0691057576974049   0
0.488722664264233   0.312830933174391   -0.00288227198562474   0.00221532228910359   0
0.469854116875547   0.307557343440654   -0.0188685473886859   -0.00527358973373637   0
0.509642481478152   0.297871620206776   0.0397883646026048   -0.00968572323387784   0
0.464682994079835   0.279472664112002   -0.0449594873983167   -0.0183989560947741   0
0.475535953792017   0.248265032474048   0.0108529597121816   -0.0312076316379544   0
0.4989948476742   0.244891377333727   0.0234588938821834   -0.00337365514032051   0
0.467477034599829   0.237389651031506   -0.0315178130743706   -0.00750172630222171   0
0.451381009513559   0.246635503591961   -0.0160960250862699   0.00924585256045499   0
0.484411365155909   0.247093965620313   0.0330303556423498   0.000458462028352591   0
0.506853833093463   0.23944146946031   0.0224424679375541   -0.00765249616000332   0
0.495332619162707   0.239324597561262   -0.0115212139307561   -0.000116871899047855   0
0.529612504508428   0.221688142007108   0.0342798853457211   -0.0176364555541542   0
0.531531473649237   0.235622158806324   0.00191896914080913   0.013934016799216   0
0.474157994319246   0.247814337582816   -0.0573734793299917   0.0121921787764924   0
0.514532040899311   0.236084249821732   0.0403740465800649   -0.0117300877610842   0
0.539176037398269   0.230960711882344   0.0246439964989587   -0.00512353793938822   0
0.527582361071454   0.227455588994006   -0.0115936763268154   -0.00350512288833824   0
0.561324250628897   0.238303202474159   0.0337418895574428   0.0108476134801534   0
0.589127830049345   0.239105049098722   0.0278035794204482   0.000801846624563507   0
0.552552002156611   0.240853679331539   -0.0365758278927336   0.00174863023281691   0
0.51627865291938   0.247363522861036   -0.036273349237231   0.00650984352949707   0
0.521439328670923   0.237393728055018   0.00516067575154244   -0.00996979480601815   0
0.547145505816049   0.240979804511996   0.025706177145126   0.00358607645697814   0
0.552544000263517   0.244276927359713   0.00539849444746865   0.00329712284771655   0
0.560847156585999   0.245639909108557   0.00830315632248146   0.00136298174884369   0
0.570127521884473   0.253688556905515   0.00928036529847387   0.00804864779695794   0
0.555804009196452   0.253537366007562   -0.0143235126880206   -0.000151190897952569   0
0.537817776742142   0.255658173359097   -0.0179862324543106   0.0021208073515348   0
0.562571611847505   0.241952939332368   0.0247538351053636   -0.0137052340267289   0
0.563585924975536   0.241641224326588   0.00101431312803035   -0.000311715005779728   0
0.54732408425274   0.244817863019884   -0.0162618407227958   0.0031766386932954   0
0.567915055853666   0.253034143169518   0.0205909716009262   0.00821628014963441   0
0.571406792258055   0.253692056366676   0.00349173640438916   0.000657913197157578   0
0.595612293387234   0.268873059692849   0.0242055011291786   0.0151810033261733   0
0.547015387739769   0.281208800299888   -0.0485969056474645   0.0123357406070395   0
0.589501997742281   0.26961064278478   0.0424866100025117   -0.0115981575151079   0
0.562261086223295   0.268755969311795   -0.0272409115189854   -0.000854673472985457   0
0.57583538763869   0.280510577227174   0.0135743014153943   0.0117546079153792   0
0.555253691719589   0.321079240050256   -0.0205816959191003   0.0405686628230819   0
0.589476600810482   0.340271363701932   0.0342229090908923   0.0191921236516759   0
0.55568501684286   0.314346117940767   -0.0337915839676214   -0.025925245761165   0
0.585688774663056   0.313733032163211   0.0300037578201958   -0.000613085777555922   0
0.613960611386898   0.31881632975922   0.0282718367238414   0.00508329759600934   0
0.581598119255472   0.3157228554707   -0.0323624921314254   -0.00309347428852047   0
0.580828402004249   0.312970981887415   -0.000769717251222768   -0.00275187358328521   0
0.57822091072368   0.301728833805874   -0.00260749128056892   -0.0112421480815412   0
0.575794954955679   0.308660986126887   -0.00242595576800142   0.00693215232101363   0
0.551784587858324   0.294829600852293   -0.0240103670973554   -0.0138313852745941   0
0.595593274409147   0.284555983397947   0.0438086865508237   -0.0102736174543465   0
0.576841180628901   0.295256904820192   -0.0187520937802459   0.0107009214222455   0
0.539316800367252   0.314195103470057   -0.0375243802616497   0.0189381986498652   0
0.557871161254819   0.314282378924893   0.018554360887567   8.72754548356669e-05   0
0.574704100164511   0.297187473805378   0.016832938909692   -0.0170949051195146   0
0.561523165335901   0.310144782166849   -0.0131809348286095   0.012957308361471   0
0.554652271686234   0.298772489991867   -0.00687089364966709   -0.0113722921749829   0
0.567225745914781   0.341507946722624   0.0125734742285472   0.0427354567307573   0
0.561754576210831   0.370896872107629   -0.00547116970395056   0.0293889253850046   0
0.529842024650301   0.365016392210361   -0.0319125515605297   -0.00588047989726731   0
0.510386329375357   0.350963251784033   -0.0194556952749443   -0.0140531404263283   0
0.538127017451401   0.34564497125891   0.0277406880760439   -0.00531828052512323   0
0.544542446625605   0.341954015707628   0.00641542917420457   -0.0036909555512819   0
0.503499833929963   0.341200639328713   -0.0410426126956425   -0.000753376378914705   0
0.500501090364736   0.380645610845209   -0.00299874356522623   0.0394449715164962   0
0.522344373924607   0.388371878409714   0.0218432835598709   0.00772626756450517   0
0.50822419490713   0.373676862585272   -0.0141201790174778   -0.014695015824442   0
0.536172502869375   0.37290596191704   0.0279483079622456   -0.000770900668232877   0
0.595234605685195   0.359527333057241   0.0590621028158202   -0.0133786288597982   0
0.547786397834119   0.377274147807706   -0.0474482078510761   0.0177468147504645   0
0.560297567895855   0.391835340633821   0.0125111700617354   0.0145611928261152   0
0.578305771208182   0.373588286864434   0.0180082033123271   -0.0182470537693871   0
0.562716291077129   0.383552568317033   -0.015589480131053   0.00996428145259931   0
0.571629621789109   0.389903279976679   0.00891333071198042   0.00635071165964574   0
0.586686160594308   0.392278398132401   0.0150565388051986   0.002375118155722   0
0.560075013095112   0.388290928675359   -0.0266111474991958   -0.00398746945704226   0
0.550756929989737   0.394285560557729   -0.0093180831053753   0.00599463188237026   0
0.565540558916334   0.413940270939326   0.0147836289265977   0.0196547103815967   0
0.541886290309803   0.40087176243345   -0.0236542686065315   -0.0130685085058761   0
0.561893104623468   0.404089476557881   0.0200068143136655   0.00321771412443167   0
0.581216598392716   0.407784386992161   0.0193234937692478   0.00369491043427961   0
0.572990753395148   0.394504494108207   -0.00822584499756773   -0.0132798928839536   0
0.53795170063475   0.394217264139107   -0.0350390527603982   -0.000287229969100244   0
0.581254471097617   0.393352606870188   0.0433027704628662   -0.000864657268919267   0
0.599704961895831   0.405258956876406   0.0184504907982143   0.011906350006218   0
0.584929927840293   0.403506873261655   -0.0147750340555381   -0.0017520836147506   0
0.580860514693536   0.406876100514904   -0.00406941314675624   0.00336922725324879   0
0.588178330590655   0.417338566500656   0.00731781589711877   0.0104624659857521   0
0.565979570400558   0.424880660091245   -0.0221987601900974   0.00754209359058933   0
0.562833524919652   0.419831280278843   -0.00314604548090625   -0.00504937981240244   0
0.567687042359406   0.423902581956719   0.00485351743975448   0.00407130167787567   0
0.58206825410084   0.411662982816736   0.014381211741434   -0.0122395991399823   0
0.609420903130997   0.415142541921461   0.0273526490301569   0.00347955910472464   0
0.582997622807829   0.404628313479345   -0.0264232803231677   -0.0105142284421162   0
0.539968828839453   0.41319944495948   -0.0430287939683767   0.00857113148013539   0
0.583527139511899   0.424724152982642   0.0435583106724469   0.0115247080231616   0
0.558380633915119   0.426012785679283   -0.0251465055967806   0.00128863269664092   0
0.489908354853609   0.442699322938843   -0.0684722790615097   0.0166865372595601   0
0.54979254332157   0.451518686418018   0.0598841884679604   0.00881936347917517   0
0.516098062116087   0.430870645134445   -0.033694481205483   -0.0206480412835734   0
0.588329977321035   0.448306285162167   0.0722319152049488   0.0174356400277228   0
0.536908822291048   0.449778193875003   -0.0514211550299876   0.00147190871283576   0
0.554077846406342   0.45487080860009   0.0171690241152942   0.0050926147250871   0
0.576817137523999   0.457806814856725   0.0227392911176569   0.00293600625663504   0
0.570089449481439   0.453636034161003   -0.00672768804256019   -0.00417078069572252   0
0.568568671591304   0.45364421118059   -0.00152077789013494   8.1770195875519e-06   0
0.576866227557187   0.497993971510271   0.00829755596588289   0.0443497603296806   0
0.621468887113281   0.480942323478284   0.0446026595560942   -0.0170516480319872   0
0.562094198398961   0.468920142474074   -0.0593746887143204   -0.0120221810042095   0
0.562880507943071   0.458342990854998   0.000786309544110741   -0.0105771516190759   0
0.59226832324146   0.458705422401319   0.0293878152983883   0.000362431546320596   0
0.584207614619846   0.494279053537443   -0.00806070862161401   0.0355736311361237   0
0.531087947558829   0.467390208032641   -0.0531196670610161   -0.026888845504802   0
0.532488713048127   0.470580354251941   0.00140076548929702   0.00319014621930064   0
0.581298214668555   0.478650876579018   0.048809501620429   0.00807052232707689   0
0.599869927380545   0.478973841170666   0.0185717127119893   0.000322964591647934   0
0.570641985175267   0.469016130558533   -0.0292279422052775   -0.00995771061213263   0
0.534720100382864   0.472795541956294   -0.0359218847924035   0.00377941139776067   0
0.556393415953029   0.479162682591633   0.0216733155701649   0.00636714063533927   0
0.577252379274031   0.478755677868174   0.0208589633210025   -0.00040700472345917   0
0.558304968190576   0.479361062790244   -0.0189474110834553   0.000605384922070074   0
0.57795843174596   0.478787581125907   0.0196534635553846   -0.000573481664337239   0
0.586156340859408   0.47898245100817   0.0081979091134472   0.000194869882263027   0
0.563123821730044   0.468858527397961   -0.0230325191293639   -0.0101239236102086   0
0.542453330925869   0.477984602855712   -0.020670490804175   0.00912607545775029   0
0.576844431860827   0.523778950177279   0.034391100934958   0.0457943473215672   0
0.507055862942694   0.529202498991964   -0.0697885689181328   0.00542354881468543   0
0.591994625298786   0.517753850239185   0.0849387623560921   -0.0114486487527798   0
0.619190340909683   0.528925288733685   0.0271957156108974   0.011171438494501   0
0.637522261989062   0.511160547986526   0.0183319210793785   -0.0177647407471599   0
0.674893018435789   0.523123523398435   0.0373707564467269   0.011962975411909   0
0.645961924917661   0.527605548619726   -0.0289310935181278   0.00448202522129182   0
0.61000753154898   0.515194348468927   -0.0359543933686809   -0.0124112001507992   0
0.671393029052618   0.526564321143524   0.0613854975036382   0.0113699726745965   0
0.678413973974424   0.532651425464461   0.00702094492180527   0.00608710432093762   0
0.667294538891141   0.532503034113959   -0.0111194350832829   -0.000148391350502042   0
0.656866880123895   0.540711734053657   -0.0104276587672452   0.00820869993969764   0
0.63313533202291   0.537946766743411   -0.0237315481009859   -0.00276496731024567   0
0.609103838458312   0.514259410268128   -0.0240314935645972   -0.0236873564752836   0
0.622184186741716   0.509538419301894   0.0130803482834032   -0.00472099096623391   0
0.639931210385773   0.512332289664679   0.017747023644057   0.00279387036278533   0
0.626599493581993   0.516927873782562   -0.0133317168037798   0.00459558411788263   0
0.588090622097352   0.513713494574069   -0.0385088714846413   -0.00321437920849221   0
0.582973036153689   0.504575416332982   -0.00511758594366285   -0.00913807824108703   0
0.552188296179571   0.496941811162849   -0.0307847399741178   -0.00763360517013362   0
0.613312342058148   0.51910845857702   0.0611240458785767   0.0221666474141715   0
0.630691070271532   0.52468407362152   0.017378728213384   0.00557561504449966   0
0.60971176892303   0.507815766775238   -0.0209793013485019   -0.0168683068462824   0
