0.0690065141866506   0.298585303145098   0   0   0
0.222084876540772   0.244995379746741   0.153078362354121   -0.0535899233983565   0
0.212597802362889   0.277171297165368   -0.00948707417788311   0.0321759174186262   0
0.229168624935156   0.197675083268605   0.0165708225722674   -0.0794962138967624   0
0.16714583963599   0.226604527364308   -0.0620227852991667   0.0289294440957025   0
0.245309784021836   0.109429638053066   0.0781639443858466   -0.117174889311242   0
0.188399042409376   0.221630297146351   -0.05691074161246   0.112200659093285   0
0.184153998792234   0.18291897583409   -0.0042450436171427   -0.0387113213122611   0
0.0988487727549007   0.176497556659292   -0.085305226037333   -0.00642141917479827   0
0.0666865932905558   0.167417688311189   -0.0321621794643449   -0.00907986834810282   0
0.0639555116130737   0.193551706810028   -0.00273108167748214   0.0261340184988387   0
0.0901543288139288   0.196301051281628   0.0261988172008552   0.00274934447160047   0
0.0871630449580417   0.156794844190981   -0.00299128385588714   -0.039506207090647   1
0.12642973132788   0.117762085285174   0.0392666863698386   -0.0390327589058078   0
0.128402591470577   0.074945584346031   0.00197286014269715   -0.0428165009391425   0
0.107755701132423   0.0918788538548452   -0.0206468903381548   0.0169332695088142   0
0.133723693277781   0.0389284301828689   0.0259679921453582   -0.0529504236719763   0
0.120262791394055   0.0658284906442682   -0.0134609018837258   0.0269000604613992   0
0.128422690873887   0.0529365652699058   0.00815989947983219   -0.0128919253743623   0
0.145048429899431   0.0528996201790845   0.0166257390255433   -3.6945090821347e-05   0
0.104276511258097   0.0231723027930437   -0.0407719186413337   -0.0297273173860408   0
0.114189465696097   0.0625303236992461   0.00991295443799967   0.0393580209062024   0
0.132338644019978   0.0407797479868991   0.0181491783238813   -0.021750575712347   0
0.119348390738753   0.0502677164448516   -0.012990253281225   0.00948796845795247   0
0.10095275010048   0.0659789875213723   -0.0183956406382726   0.0157112710765207   0
0.115380048946124   0.0723167123545796   0.0144272988456439   0.00633772483320727   0
0.189717398563047   0.0648601318550155   0.0743373496169228   -0.00745658049956403   0
0.22310855479981   0.0514965663750749   0.0333911562367626   -0.0133635654799406   0
0.165701033673319   0.065037141371873   -0.0574075211264905   0.0135405749967981   0
0.140344861722188   0.0530333268768093   -0.0253561719511313   -0.0120038144950638   0
0.191240447615577   0.0494862848356239   0.0508955858933888   -0.00354704204118536   0
0.270925956305482   0.066256575887228   0.0796855086899055   0.0167702910516041   0
0.127432413511202   0.0601452314860039   -0.14349354279428   -0.00611134440122405   0
0.168058548790027   0.0294824002369634   0.0406261352788252   -0.0306628312490405   0
0.18324711152171   0.0349133819220185   0.0151885627316826   0.00543098168505504   0
0.178491077616112   0.0525696431170357   -0.00475603390559834   0.0176562611950173   0
0.174713159547376   0.044234462243199   -0.00377791806873545   -0.00833518087383669   0
0.194074625698261   0.0290774204246611   0.0193614661508846   -0.0151570418185379   0
0.231203361044968   0.0471209282674111   0.0371287353467077   0.0180435078427499   0
0.221068508715941   0.0400434636962451   -0.0101348523290276   -0.00707746457116596   0
0.147463031321243   0.0359835441851897   -0.0736054773946975   -0.0040599195110554   0
0.213127744402295   0.0290782223690256   0.0656647130810517   -0.00690532181616412   0
0.220344580392394   0.0218281014565519   0.00721683599009856   -0.00725012091247365   0
0.200560377437569   0.0258458488193462   -0.0197842029548249   0.00401774736279427   0
0.201541333173148   0.0480968916639631   0.000980955735579686   0.0222510428446168   0
0.205487556153651   0.0359626959170541   0.00394622298050293   -0.012134195746909   0
0.228806493030814   0.0305265669931439   0.0233189368771629   -0.00543612892391025   0
0.225623899000749   0.0338612667922362   -0.00318259403006557   0.00333469979909238   0
0.224910936654601   0.0398419223344268   -0.000712962346147455   0.0059806555421906   0
0.211523666659218   0.0463956765113141   -0.0133872699953831   0.00655375417688723   0
0.198099501275192   0.0482729593540991   -0.0134241653840256   0.00187728284278499   0
0.210769066497174   0.0479578875223617   0.0126695652219811   -0.000315071831737311   0
0.233394883458271   0.0315570618578869   0.0226258169610976   -0.0164008256644748   0
0.21472351657655   0.0475651283251712   -0.0186713668817211   0.0160080664672843   0
0.248103281377978   0.0292116276776047   0.0333797648014276   -0.0183535006475665   0
0.225679119954262   0.039191892775962   -0.0224241614237161   0.00998026509835728   0
0.242089493222341   0.0481137977100644   0.0164103732680796   0.00892190493410246   0
0.327946055196278   0.0593508202393404   0.0858565619739364   0.011237022529276   0
0.279618766632776   0.0244382444270246   -0.0483272885635015   -0.0349125758123158   0
0.255133492437763   0.0394872595747666   -0.0244852741950133   0.015049015147742   0
0.264911772153108   0.0714685344441349   0.00977827971534473   0.0319812748693683   0
0.281737916728189   0.0679860910642942   0.0168261445750815   -0.00348244337984073   0
0.272825195350301   0.0666047964527518   -0.00891272137788784   -0.00138129461154239   0
0.224396369832246   0.0909177311639072   -0.0484288255180555   0.0243129347111554   0
0.310813378874864   0.107895440949212   0.0864170090426187   0.0169777097853053   0
0.302230879777183   0.0886212473251336   -0.00858249909768144   -0.0192741936240789   0
0.264122369400189   0.0994497022762889   -0.0381085103769938   0.0108284549511553   0
0.27911050264793   0.0924531323684736   0.0149881332477406   -0.00699656990781529   0
0.29055390573539   0.104661777199797   0.0114434030874605   0.0122086448313237   0
0.338642190248587   0.119045882017323   0.0480882845131964   0.0143841048175262   0
0.298133142373806   0.108339578586498   -0.0405090478747808   -0.0107063034308254   0
0.326954736686655   0.0993937724910872   0.0288215943128493   -0.00894580609541092   0
0.259459221239832   0.111159327136772   -0.0674955154468233   0.0117655546456853   0
0.278254469195465   0.116057712620704   0.0187952479556333   0.00489838548393187   0
0.28854960949426   0.138004870291776   0.0102951402987951   0.0219471576710719   0
0.28532989434204   0.131000483459032   -0.00321971515221964   -0.00700438683274474   0
0.223322695981152   0.183527996072125   -0.0620071983608886   0.0525275126130936   0
0.324805356502029   0.18229096744082   0.101482660520877   -0.00123702863130543   0
0.343837311416315   0.200320703787758   0.0190319549142863   0.0180297363469378   0
0.371672917220235   0.210676716408227   0.0278356058039204   0.0103560126204695   0
0.35182784713061   0.191220526643775   -0.0198450700896252   -0.0194561897644524   0
0.302921000734531   0.196652436026159   -0.0489068463960787   0.00543190938238428   0
0.32202781605234   0.182765929556831   0.0191068153178089   -0.0138865064693279   0
0.292794482795851   0.210112929476086   -0.0292333332564892   0.0273469999192546   0
0.310055167301498   0.207946506646451   0.0172606845056469   -0.00216642282963453   0
0.279259240634898   0.205753583676773   -0.0307959266666   -0.0021929229696776   0
0.297291527634475   0.168289574403088   0.0180322869995772   -0.0374640092736854   0
0.293283167666353   0.180280559866483   -0.00400835996812254   0.0119909854633948   0
0.34520988039077   0.209692594460373   0.0519267127244176   0.0294120345938903   0
0.361414269486818   0.221047407491018   0.0162043890960472   0.0113548130306445   0
0.379481912397007   0.232017472758309   0.0180676429101898   0.0109700652672909   0
0.322609589149176   0.185339169052982   -0.0568723232478316   -0.0466783037053262   0
0.389044649029401   0.257673977275626   0.0664350598802255   0.0723348082226439   0
0.443986620025153   0.275546829263176   0.0549419709957523   0.0178728519875498   0
0.359802288423462   0.265077942028925   -0.0841843316016917   -0.0104688872342514   0
0.364528195270393   0.255231168227237   0.00472590684693153   -0.00984677380168808   0
0.395354139357222   0.309711178644592   0.030825944086829   0.0544800104173555   0
0.391307060011968   0.233913698234327   -0.00404707934525422   -0.0757974804102648   0
0.343380446240842   0.279619737272966   -0.0479266137711258   0.0457060390386385   0
0.394405157622527   0.301877269538533   0.0510247113816842   0.0222575322655669   0
0.409572084095633   0.268555662928638   0.0151669264731061   -0.0333216066098952   0
0.377171524440804   0.292445770455464   -0.0324005596548287   0.0238901075268265   0
0.423943657348426   0.290981249419099   0.0467721329076224   -0.00146452103636491   0
0.47664798770556   0.306651261772229   0.0527043303571339   0.0156700123531296   0
0.449788453316178   0.298072180938611   -0.0268595343893819   -0.00857908083361791   0
0.381832931788184   0.31507649647903   -0.0679555215279944   0.0170043155404187   0
0.422645466477519   0.304057014796978   0.0408125346893354   -0.0110194816820511   0
0.43158665921737   0.288066892619145   0.00894119273985022   -0.0159901221778335   0
0.459882148331505   0.269234734749252   0.0282954891141349   -0.0188321578698931   0
0.398729056522045   0.255923817305761   -0.0611530918094598   -0.0133109174434909   0
0.430455647886341   0.260698628276502   0.0317265913642966   0.00477481097074145   0
0.440747458159931   0.2619387294927   0.0102918102735894   0.00124010121619783   0
0.466667962105189   0.272573602155913   0.025920503945258   0.0106348726632129   0
0.39921962017302   0.27068598116914   -0.0674483419321693   -0.0018876209867732   0
0.433378566289151   0.298693724504902   0.0341589461161314   0.0280077433357616   0
0.492214576200756   0.265370635256635   0.0588360099116052   -0.0333230892482665   0
0.493428694400721   0.302842945073036   0.00121411819996464   0.0374723098164012   0
0.502845919103745   0.302897801339429   0.00941722470302409   5.48562663925667e-05   0
0.446464610142405   0.275100597688573   -0.0563813089613395   -0.027797203650856   0
0.417683903360292   0.29534389193618   -0.0287807067821131   0.0202432942476073   0
0.399748972206821   0.332699458023307   -0.0179349311534709   0.0373555660871274   0
0.472390141030102   0.352704271040914   0.072641168823281   0.0200048130176066   0
0.470825527914364   0.318634325242216   -0.00156461311573786   -0.0340699457986977   0
0.388139177112811   0.390027498986943   -0.0826863508015536   0.071393173744727   0
0.456134982748265   0.406407582412659   0.0679958056354541   0.016380083425716   0
0.488018720890183   0.423777568353084   0.0318837381419176   0.0173699859404244   0
0.495716092892252   0.417736659251079   0.00769737200206955   -0.00604090910200428   0
0.463291599925965   0.397672639482845   -0.0324244929662876   -0.0200640197682347   0
0.434585267965402   0.393630305003632   -0.0287063319605628   -0.00404233447921259   0
0.433961540334118   0.414283785905269   -0.000623727631284099   0.0206534809016366   0
0.477023069122962   0.448092235335539   0.0430615287888442   0.0338084494302701   0
0.454126291797293   0.455783493944493   -0.022896777325669   0.00769125860895437   0
0.452536430484265   0.452921802106335   -0.00158986131302791   -0.00286169183815826   0
0.448693857597806   0.494562736708903   -0.00384257288645928   0.0416409346025684   0
0.455988632452049   0.51047498726921   0.0072947748542434   0.0159122505603066   0
0.441624673125268   0.484144996477553   -0.014363959326781   -0.0263299907916567   0
0.406722928008011   0.503058746366167   -0.0349017451172568   0.0189137498886142   0
0.43383586149106   0.517042778635385   0.0271129334830484   0.0139840322692178   0
0.535176755104106   0.518713461692002   0.101340893613046   0.00167068305661677   0
0.498091892438785   0.46803430865616   -0.037084862665321   -0.0506791530358418   0
0.453509140264019   0.498674376931982   -0.0445827521747654   0.0306400682758212   0
0.478471182034498   0.527495337835558   0.0249620417704789   0.0288209609035769   0
0.502662736847093   0.538455747194001   0.0241915548125949   0.0109604093584427   0
0.474375966163295   0.572793358337018   -0.0282867706837978   0.0343376111430173   0
0.479691196092069   0.522540544427177   0.00531522992877381   -0.0502528139098418   0
0.429019082077942   0.534505021979682   -0.0506721140141272   0.0119644775525051   0
0.468417414958325   0.53274206315674   0.0393983328803833   -0.00176295882294164   0
0.59580987794565   0.462503685148562   0.127392462987324   -0.0702383780081781   0
0.398090369657443   0.480269373091029   -0.197719508288206   0.017765687942467   0
0.490267204672269   0.528198423093775   0.0921768350148251   0.0479290500027456   0
0.518328908211533   0.53144575400082   0.0280617035392647   0.00324733090704543   0
0.525074402172387   0.558393337051939   0.00674549396085422   0.0269475830511187   0
0.581729697005413   0.544325934011507   0.0566552948330258   -0.0140674030404312   0
0.555039455879138   0.517767398856137   -0.0266902411262748   -0.0265585351553705   0
0.557165969775838   0.524150947898361   0.0021265138966996   0.00638354904222393   0
0.581524678325555   0.547032831335789   0.0243587085497168   0.0228818834374283   0
0.511665927371405   0.509668616789625   -0.0698587509541496   -0.0373642145461637   0
0.490056669621269   0.53662844806486   -0.0216092577501357   0.0269598312752345   0
0.484860325673652   0.554808633434538   -0.00519634394761725   0.0181801853696786   0
0.474891115386348   0.563788247695223   -0.0099692102873038   0.00897961426068439   0
0.485303513349337   0.526562665800807   0.0104123979629885   -0.0372255818944157   0
0.509267418328524   0.489422217264401   0.0239639049791872   -0.0371404485364061   0
0.457440505236298   0.54518890676151   -0.0518269130922256   0.0557666894971087   0
0.536372434746604   0.543487276494862   0.0789319295103055   -0.00170163026664782   0
0.637071161528286   0.539035167531071   0.100698726781682   -0.00445210896379067   0
0.547834903825961   0.564694263228342   -0.0892362577023255   0.0256590956972708   0
0.588794562380632   0.561585893942603   0.040959658554671   -0.00310836928573899   0
0.497644056624813   0.542344933111032   -0.0911505057558191   -0.0192409608315708   0
0.5917219083818   0.602607465273085   0.0940778517569876   0.060262532162053   0
0.6377056354589   0.564836485233269   0.0459837270771   -0.0377709800398166   0
0.561987100205156   0.537864133576966   -0.0757185352537445   -0.0269723516563029   0
0.611117867092339   0.589520452982125   0.0491307668871833   0.0516563194051594   0
0.66450056191606   0.59758586251266   0.0533826948237212   0.00806540953053514   0
0.565909571973297   0.561802079075229   -0.0985909899427636   -0.035783783437431   0
0.599371344181552   0.588089222509008   0.0334617722082547   0.0262871434337792   0
0.597925809165686   0.572252090424187   -0.00144553501586586   -0.015837132084821   0
0.606348802025699   0.524098131468964   0.00842299286001302   -0.048153958955223   0
0.545013953510367   0.524288004578114   -0.0613348485153322   0.000189873109149086   0
0.574637769512238   0.547737159159035   0.0296238160018715   0.0234491545809214   0
0.617800237838251   0.486777207500813   0.0431624683260134   -0.0609599516582215   0
0.591790390009841   0.53090894665093   -0.0260098478284102   0.0441317391501164   0
0.616967963559697   0.440405351582778   0.0251775735498561   -0.0905035950681523   0
0.612708389843521   0.527925247018458   -0.00425957371617625   0.0875198954356805   0
0.811717678275772   0.404094197782967   0.199009288432251   -0.123831049235491   1
0.190851840584889   0.287162821335405   -0.620865837690883   -0.116931376447562   1
0.256917784308522   0.320025855850352   0.0660659437236322   0.0328630345149462   0
0.358959247173325   0.355905657016579   0.102041462864803   0.0358798011662271   0
0.487320045735859   0.365438991655587   0.128360798562535   0.00953333463900879   0
0.70707900559231   0.336811267792884   0.219758959856451   -0.0286277238627032   0
