0.0359962101309027   0.0399051701083018   0   0   0
0.0373441086139434   0.0295635241155803   0.00134789848304071   -0.0103416459927214   0
0.074851465039303   0.0425879132945652   0.0375073564253596   0.0130243891789848   0
0.0791493179337636   0.0367565148368626   0.00429785289446065   -0.00583139845770257   0
0.0940790998660702   0.0565712127377962   0.0149297819323065   0.0198146979009336   0
0.0789360683147292   0.0542282607256977   -0.0151430315513409   -0.00234295201209852   0
0.107357638511892   0.0518589490832826   0.0284215701971624   -0.00236931164241511   0
0.126010709630293   0.0516637484894873   0.0186530711184013   -0.000195200593795332   0
0.144492845080855   0.0606296132218613   0.0184821354505622   0.00896586473237403   0
0.185012993303092   0.0951576282451912   0.040520148222237   0.0345280150233298   0
0.182949940761209   0.108940943355058   -0.00206305254188277   0.0137833151098671   0
0.170022960951661   0.115405475299961   -0.0129269798095484   0.00646453194490319   0
0.192035414265833   0.111372816697837   0.0220124533141718   -0.00403265860212441   0
0.20834046414043   0.126211570254078   0.0163050498745977   0.0148387535562407   0
0.238325285460104   0.126559596938557   0.0299848213196734   0.000348026684479225   0
0.229461591809523   0.129453318676077   -0.00886369365058121   0.00289372173752026   0
0.22552626782548   0.130822939989982   -0.00393532398404295   0.00136962131390506   0
0.24266098659902   0.135853805782733   0.0171347187735408   0.00503086579275058   0
0.220018905884835   0.13684723824094   -0.0226420807141852   0.000993432458206822   0
0.231294949875694   0.141348285177792   0.0112760439908591   0.00450104693685266   0
0.2562690279358   0.159647969239386   0.0249740780601059   0.0182996840615939   0
0.246710381303584   0.191088355570139   -0.00955864663221595   0.0314403863307531   0
0.224317917876593   0.186071981057735   -0.0223924634269912   -0.00501637451240458   0
0.256004586534871   0.2056233411234   0.0316866686582774   0.0195513600656649   0
0.260557583157908   0.222071435401427   0.00455299662303726   0.016448094278027   0
0.273432608335235   0.228039917439365   0.0128750251773271   0.00596848203793854   0
0.294463598872322   0.222032615291994   0.0210309905370875   -0.00600730214737144   0
0.304453892375529   0.232489848652581   0.00999029350320624   0.0104572333605872   0
0.329968697499157   0.248813401834085   0.0255148051236281   0.0163235531815043   0
0.329949268011387   0.265131748692513   -1.94294877698398e-05   0.016318346858428   0
0.32320431331783   0.256249184289433   -0.0067449546935569   -0.00888256440307983   0
0.361568119557518   0.295610369999515   0.0383638062396885   0.0393611857100814   0
0.355653230480323   0.303003310936531   -0.00591488907719517   0.00739294093701615   0
0.356840762654661   0.308206817807053   0.00118753217433754   0.00520350687052212   0
0.353108383077618   0.310205497819591   -0.00373237957704264   0.0019986800125375   0
0.385186929275397   0.347033194905041   0.0320785461977792   0.0368276970854501   0
0.369667018796227   0.332309833929497   -0.0155199104791705   -0.0147233609755436   0
0.367557068992354   0.360051500214553   -0.00210994980387302   0.0277416662850554   0
0.39458610693642   0.400654257749434   0.0270290379440662   0.0406027575348816   0
0.374361824780466   0.404410702694056   -0.0202242821559546   0.00375644494462168   0
0.36140208158284   0.395771420356182   -0.0129597431976252   -0.00863928233787353   0
0.391582262652128   0.414120125992749   0.0301801810692874   0.0183487056365664   0
0.418648496998723   0.467270063569773   0.0270662343465955   0.0531499375770247   0
0.414487965831048   0.472474040858596   -0.00416053116767529   0.00520397728882244   0
0.394972806976949   0.460701478315677   -0.0195151588540993   -0.0117725625429189   0
0.406559279209023   0.462774945702552   0.0115864722320739   0.00207346738687514   0
0.395789717022322   0.436366600168081   -0.0107695621867003   -0.0264083455344709   0
0.38138500910728   0.426914434623028   -0.0144047079150423   -0.00945216554505274   0
0.407106732349994   0.429890296120999   0.0257217232427145   0.00297586149797036   0
0.40853891837224   0.442536822561976   0.00143218602224582   0.0126465264409775   0
0.394959632159098   0.439065115476623   -0.0135792862131422   -0.00347170708535366   0
0.399122848819759   0.440776475974501   0.00416321666066072   0.00171136049787862   0
0.43448614005876   0.454298884257105   0.0353632912390008   0.0135224082826034   0
0.42594663365761   0.455156784161513   -0.00853950640114981   0.000857899904408266   0
0.394384120841293   0.400894459723033   -0.0315625128163163   -0.0542623244384798   0
0.426658938235694   0.386805414690979   0.0322748173944008   -0.0140890450320543   0
0.422020230168128   0.385646748011195   -0.00463870806756594   -0.00115866667978382   0
0.417557555400079   0.403811120987043   -0.00446267476804935   0.0181643729758483   0
0.439768359292264   0.392050560031866   0.0222108038921852   -0.0117605609551769   0
0.4428976034291   0.375812366618064   0.00312924413683535   -0.0162381934138025   0
0.419554150946704   0.350122016707255   -0.0233434524823952   -0.0256903499108093   0
0.409666469107993   0.298567357475922   -0.00988768183871158   -0.0515546592313325   0
0.447981719809815   0.312816301018221   0.0383152507018227   0.0142489435422994   0
0.43215355745199   0.307128154608178   -0.0158281623578259   -0.00568814641004317   0
0.434232110245385   0.298930775931891   0.00207855279339525   -0.00819737867628717   0
0.446542867486695   0.302271331231582   0.0123107572413101   0.00334055529969052   0
0.453276892864615   0.305259865604174   0.00673402537792051   0.00298853437259189   0
0.463088551323567   0.312485477649168   0.00981165845895166   0.00722561204499456   0
0.465669896924646   0.300191519387332   0.00258134560107848   -0.0122939582618359   0
0.430868993828762   0.274443985058559   -0.0348009030958833   -0.0257475343287732   0
0.447918193758235   0.243114490299679   0.017049199929473   -0.0313294947588803   0
0.424315605992756   0.249199677967367   -0.023602587765479   0.00608518766768879   0
0.429991107441119   0.249505714868888   0.00567550144836276   0.000306036901520979   0
0.42531671599086   0.21891734038041   -0.00467439145025894   -0.0305883744884778   0
0.438607423864724   0.202138086597467   0.0132907078738643   -0.0167792537829436   0
0.477097812300046   0.170861082119174   0.0384903884353217   -0.0312770044782932   0
0.47041517070456   0.137883372024149   -0.00668264159548648   -0.0329777100950242   0
0.503945733729823   0.114951525482483   0.0335305630252637   -0.0229318465416662   0
0.501400167101089   0.119996693166614   -0.00254556662873429   0.00504516768413071   0
0.484764257268417   0.101671146814128   -0.016635909832672   -0.0183255463524858   0
0.496878260620245   0.106197870081337   0.0121140033518279   0.00452672326720868   0
0.499557136152222   0.122828336114229   0.00267887553197749   0.0166304660328921   0
0.498434959969543   0.103971971326711   -0.00112217618267935   -0.0188563647875175   0
0.507381404719063   0.102445414777688   0.00894644474952039   -0.00152655654902359   0
0.514848834233127   0.11367141410623   0.00746742951406365   0.0112259993285421   0
0.512577933323314   0.115613642821684   -0.00227090090981286   0.00194222871545442   0
0.525220952708372   0.130530361423358   0.0126430193850577   0.0149167186016738   0
0.513065567723503   0.143058448178533   -0.0121553849848695   0.0125280867551748   0
0.512344993136471   0.144825381741263   -0.000720574587032008   0.00176693356272989   0
0.539620032298987   0.143354634813458   0.0272750391625166   -0.00147074692780449   0
0.540954249382515   0.220973469757118   0.00133421708352766   0.0776188349436598   0
0.551110077361138   0.235290147862166   0.0101558279786236   0.014316678105048   0
0.539040079932142   0.219272428027899   -0.0120699974289964   -0.0160177198342675   0
0.550026114750573   0.219439437891756   0.0109860348184306   0.000167009863857703   0
0.56279183557223   0.188675319165624   0.0127657208216574   -0.0307641187261326   0
0.561565709770459   0.200946001250336   -0.00122612580177051   0.0122706820847121   0
0.571412210619059   0.190329599535254   0.00984650084859973   -0.0106164017150823   0
0.543225149577052   0.187346461870781   -0.0281870610420076   -0.00298313766447258   0
0.573365375638432   0.187746882358936   0.0301402260613802   0.000400420488154613   0
0.574261515537346   0.153321777557039   0.000896139898914572   -0.0344251048018971   0
0.554984087855895   0.154811336733587   -0.0192774276814512   0.00148955917654828   0
0.538595383372193   0.151838798994229   -0.0163887044837017   -0.00297253773935741   0
0.557422632337664   0.159117292652496   0.0188272489654701   0.00727849365826641   0
0.565370802791407   0.155687787225781   0.00794817045374352   -0.003429505426715   0
0.56450957208438   0.155453676495998   -0.000861230707026928   -0.000234110729782466   0
0.538991729523784   0.148261736639431   -0.0255178425605961   -0.00719193985656733   0
0.585055526509442   0.173705116913701   0.0460637969856575   0.0254433802742699   0
0.594777653261284   0.190389043084817   0.00972212675184225   0.0166839261711166   0
0.568796996284263   0.208204239007045   -0.0259806569770208   0.017815195922227   0
0.609743196947699   0.236456636794048   0.0409462006634356   0.0282523977870038   0
0.537094139275416   0.321456211337174   -0.0726490576722826   0.0849995745431259   0
0.573735936776667   0.346799725948565   0.0366417975012513   0.0253435146113911   0
0.590639660064408   0.349395203817253   0.0169037232877411   0.00259547786868802   0
0.587040017387231   0.389849521925448   -0.00359964267717794   0.0404543181081943   0
0.578367411616526   0.411980954719087   -0.0086726057707045   0.0221314327936389   0
0.637053492300293   0.404713507969218   0.0586860806837673   -0.0072674467498689   0
0.599344584480414   0.381507483632366   -0.0377089078198796   -0.0232060243368516   0
0.62882152341185   0.328705261344415   0.0294769389314364   -0.0528022222879512   0
0.60150605491383   0.335903510542462   -0.0273154684980198   0.00719824919804746   0
0.631833521153318   0.353454452659038   0.0303274662394872   0.0175509421165756   0
0.649205685018238   0.358878033814763   0.0173721638649205   0.00542358115572494   0
0.628954572651316   0.336756129221504   -0.0202511123669218   -0.0221219045932591   0
0.622358609146688   0.383240983805882   -0.00659596350462821   0.046484854584378   0
0.639550039825657   0.38789337328833   0.0171914306789692   0.00465238948244873   0
0.659567413607586   0.385634383843363   0.0200173737819284   -0.00225898944496755   0
0.652108570754901   0.395894057566857   -0.00745884285268461   0.0102596737234944   0
0.634919896555463   0.371829668737246   -0.017188674199438   -0.0240643888296113   0
0.639006864477996   0.406274411598245   0.00408696792253294   0.0344447428609989   0
0.640405228939458   0.419267766625339   0.00139836446146224   0.0129933550270945   0
0.681968552360004   0.451862944682068   0.041563323420546   0.0325951780567291   0
0.658483934283897   0.446995505341497   -0.0234846180761069   -0.00486743934057166   0
0.666275252991585   0.459939832401207   0.00779131870768712   0.0129443270597098   0
0.669930232992959   0.481357542154218   0.0036549800013741   0.0214177097530117   0
0.680156510042358   0.497101675996471   0.0102262770493993   0.0157441338422523   0
0.690770060435454   0.476237239645589   0.0106135503930956   -0.0208644363508818   0
0.662361452321163   0.496862661038239   -0.0284086081142908   0.0206254213926502   0
0.634709466506527   0.501804705767842   -0.0276519858146358   0.00494204472960258   0
0.644669868116232   0.521935434277795   0.00996040160970513   0.020130728509953   0
0.651125587558959   0.523918290645116   0.00645571944272727   0.00198285636732121   0
0.6523913244135   0.525009976775918   0.00126573685454023   0.00109168613080224   0
0.658705311690288   0.523114673095202   0.00631398727678889   -0.00189530368071611   0
0.6421092261368   0.533898291932321   -0.0165960855534886   0.0107836188371193   0
0.665130273360791   0.52269801217266   0.0230210472239908   -0.0112002797596614   0
0.617312371158233   0.438767336686825   -0.0478179022025577   -0.0839306754858343   0
0.620114121039096   0.367598435077599   0.00280174988086257   -0.0711689016092262   0
0.677013627240988   0.383615097877417   0.0568995062018928   0.0160166627998174   0
0.703344029153586   0.402681874222382   0.0263304019125974   0.0190667763449651   0
0.69085919549862   0.429137036881286   -0.0124848336549661   0.026455162658904   0
0.67206592239229   0.447934542583512   -0.0187932731063293   0.0187975057022261   0
0.679291207637785   0.440687746342294   0.00722528524549448   -0.00724679624121793   0
0.669670370954248   0.43882464012006   -0.00962083668353686   -0.00186310622223407   0
0.682833752759045   0.447173593336246   0.0131633818047967   0.00834895321618589   0
0.658945304854659   0.449103146536238   -0.0238884479043853   0.00192955319999266   0
0.668064095272302   0.494511157265688   0.00911879041764307   0.0454080107294496   0
0.675417813228227   0.500624060968158   0.00735371795592443   0.00611290370247008   0
0.690351828084057   0.48234032918625   0.0149340148558305   -0.018283731781908   0
0.695427928539687   0.522944952997206   0.00507610045562967   0.0406046238109559   0
0.720648571846222   0.542533261601996   0.0252206433065353   0.0195883086047902   0
0.805697155271756   0.535624292562193   0.0850485834255337   -0.00690896903980287   0
0.768505390236139   0.555258787185534   -0.0371917650356171   0.0196344946233405   0
0.78189141543887   0.608904571885858   0.0133860252027312   0.0536457847003242   0
0.814717278367165   0.615241338201929   0.0328258629282945   0.00633676631607061   0
0.833721438278398   0.630799556452166   0.0190041599112331   0.0155582182502378   0
0.81726390248071   0.63410478038452   -0.0164575357976874   0.00330522393235333   0
0.839127279159723   0.656933758550282   0.0218633766790129   0.0228289781657621   0
