0.0979149997175354   0.155524127135471   0   0   0
0.110010343227353   0.149643917845573   0.0120953435098175   -0.00588020928989788   0
0.0933956889061802   0.154416317755548   -0.0166146543211727   0.00477239990997577   0
0.0757119273113556   0.142759532625189   -0.0176837615948246   -0.0116567851303591   0
0.077841904978627   0.135136260970409   0.0021299776672714   -0.00762327165478033   0
0.0480680532946374   0.179962203498499   -0.0297738516839897   0.0448259425280895   0
0.0593258613350873   0.170426506111285   0.0112578080404499   -0.0095356973872131   0
0.0879303861629187   0.150232732484677   0.0286045248278314   -0.0201937736266085   0
0.0539638466434809   0.143274527354071   -0.0339665395194378   -0.00695820513060569   0
0.0781170859831574   0.148068744029049   0.0241532393396765   0.0047942166749777   0
0.0851097950518793   0.129754935709446   0.00699270906872194   -0.0183138083196028   0
0.0684960561655925   0.135236042816967   -0.0166137388862868   0.00548110710752076   0
0.0772968993141381   0.126388880612032   0.00880084314854561   -0.00884716220493478   0
0.0545214358696651   0.13011936789042   -0.022775463444473   0.00373048727838804   0
0.0518422502634675   0.133528721348452   -0.00267918560619753   0.0034093534580317   0
0.095263567547056   0.0591824481737829   0.0434213172835885   -0.0743462731746689   0
0.0835956757629245   0.0424983378885869   -0.0116678917841315   -0.016684110285196   0
0.0969693543153712   0.0259895258401322   0.0133736785524467   -0.0165088120484547   0
0.105469496532884   0.0211753418731552   0.00850014221751265   -0.00481418396697701   0
0.101122851916666   0.0518438907960475   -0.00434664461621766   0.0306685489228923   0
0.0333344577454021   0.0481965176563089   -0.0677883941712641   -0.00364737313973856   0
0.109483145026118   0.0369327733654178   0.0761486872807159   -0.0112637442908911   0
0.0592642413633213   0.0525940683419889   -0.0502189036627968   0.0156612949765711   0
0.0780148966491176   0.0291574899080416   0.0187506552857963   -0.0234365784339473   0
0.0699471182273358   0.0516083463045087   -0.00806777842178175   0.0224508563964671   0
0.0492744569902094   0.0579895179125935   -0.0206726612371264   0.00638117160808476   0
0.0984470979802858   0.0174030515788963   0.0491726409900764   -0.0405864663336972   0
0.101543654605593   0.0448776691562184   0.00309655662530733   0.0274746175773222   0
0.0919179463807933   0.0359426703609373   -0.00962570822479981   -0.00893499879528117   0
0.10689261563705   0.0205091087320366   0.0149746692562562   -0.0154335616289007   0
0.0496127160272253   0.0777147962387151   -0.0572798996098242   0.0572056875066785   0
0.0896140044144887   0.0264640065520605   0.0400012883872634   -0.0512507896866546   0
0.0968579565766799   0.0255859553492732   0.00724395216219115   -0.000878051202787316   0
0.0521052790584601   0.0904377986734529   -0.0447526775182198   0.0648518433241797   0
0.125333952540453   0.0250427231928259   0.0732286734819928   -0.065395075480627   0
0.0653632131263672   0.0701176793760675   -0.0599707394140857   0.0450749561832416   0
0.067085553530638   0.0613826827777998   0.00172234040427083   -0.00873499659826769   0
0.114275353282942   0.0209069463577775   0.047189799752304   -0.0404757364200223   0
0.0650093661796521   0.079206499169134   -0.0492659871032899   0.0582995528113565   0
0.108036289749486   0.0350396843767891   0.0430269235698339   -0.0441668147923449   0
0.108258966712093   0.0374420008764222   0.000222676962606708   0.00240231649963307   0
0.0999970346188326   0.0429987969532288   -0.00826193209326015   0.00555679607680663   0
0.135829833186865   0.0251172794666884   0.0358327985680325   -0.0178815174865405   0
0.13109890773172   0.0315915023065143   -0.00473092545514522   0.00647422283982596   0
0.0898636859932309   0.0650853506397561   -0.041235221738489   0.0334938483332418   0
0.177691868062361   0.0252792331536184   0.0878281820691304   -0.0398061174861377   0
0.124171484368796   0.0551141740079628   -0.0535203836935654   0.0298349408543444   0
0.129764376638005   0.0313092017374286   0.00559289226920913   -0.0238049722705342   0
0.115607694311732   0.0393883711270284   -0.0141566823262728   0.00807916938959984   0
0.0822847437416445   0.0817011306653402   -0.0333229505700876   0.0423127595383118   0
0.151226972471349   0.02151785302304   0.068942228729704   -0.0601832776423002   0
0.15852871158112   0.0145929810434238   0.00730173910977169   -0.00692487197961627   0
0.162553999033214   0.0124874364094567   0.00402528745209338   -0.00210554463396704   0
0.202773698174221   0.0391069465281106   0.0402196991410072   0.0266195101186539   0
0.15318098788208   0.0449525298472177   -0.0495927102921406   0.00584558331910713   0
0.164195788811833   0.0227511262864611   0.0110148009297527   -0.0222014035607566   0
0.191940433977445   0.0119340962912593   0.0277446451656124   -0.0108170299952017   0
0.18215341620321   0.0154207663056185   -0.00978701777423477   0.0034866700143592   0
0.200964180365184   0.0215679433477725   0.0188107641619731   0.00614717704215399   0
0.191766075322305   0.0188889224813044   -0.00919810504287838   -0.00267902086646817   0
0.150535118275205   0.0365117354059366   -0.0412309570471   0.0176228129246323   0
0.188828999223583   0.0158536279887255   0.0382938809483781   -0.0206581074172111   0
0.193673435366753   0.0279739661834106   0.00484443614317012   0.0121203381946851   0
0.119108994025556   0.0379048425207783   -0.0745644413411971   0.00993087633736766   0
0.127047884221423   0.0151828918122348   0.00793889019586635   -0.0227219507085435   0
0.122925349717501   0.0233191727882873   -0.00412253450392129   0.00813628097605257   0
0.13422814557089   0.0174737004981773   0.0113027958533885   -0.00584547229011007   0
0.181059655882253   0.0224701743676479   0.0468315103113635   0.00499647386947063   0
0.200593822509792   0.0363637419055369   0.0195341666275388   0.013893567537889   0
0.173003136753817   0.0111421053968718   -0.0275906857559749   -0.0252216365086651   0
0.234832864594162   0.0462881309524645   0.0618297278403447   0.0351460255555927   0
0.206912952195482   0.0145129867846009   -0.0279199123986795   -0.0317751441678636   0
0.199065347339511   0.0159243629291724   -0.0078476048559718   0.0014113761445715   0
0.266689786697222   0.0469374317677629   0.0676244393577119   0.0310130688385905   0
0.18790191378283   0.02648525940731   -0.0787878729143927   -0.020452172360453   0
0.156798395494979   0.0421741929124909   -0.0311035182878503   0.015688933505181   0
0.175440290413975   0.031101373832303   0.0186418949189958   -0.0110728190801879   0
0.140260853300199   0.0435097340007957   -0.0351794371137761   0.0124083601684927   0
0.194520839680483   0.0224038997973567   0.0542599863802833   -0.021105834203439   0
0.162425868144517   0.0454206238872277   -0.0320949715359656   0.023016724089871   0
0.15207831849866   0.061049235764545   -0.0103475496458565   0.0156286118773173   0
0.242699828439185   0.0357758376377479   0.0906215099405249   -0.0252733981267971   0
0.222319494421205   0.0220054270607843   -0.0203803340179808   -0.0137704105769636   0
0.233210638454087   0.0412274467481616   0.0108911440328825   0.0192220196873773   0
0.281083242221392   0.0181119772992901   0.0478726037673055   -0.0231154694488715   0
0.296375842551798   0.0257243691499908   0.0152926003304054   0.00761239185070072   0
0.28343827156949   0.0245926954402892   -0.0129375709823079   -0.00113167370970165   0
0.346538032151234   0.0126374374437621   0.0630997605817444   -0.0119552579965271   0
0.317022252791504   0.0329711105617099   -0.0295157793597309   0.0203336731179478   0
0.345609828440222   0.0201841133554942   0.0285875756487189   -0.0127869972062157   0
0.428123810310627   0.00927294919879053   0.0825139818704048   -0.0109111641567037   0
0.206812846279843   0.0666984140781473   -0.221310964030784   0.0574254648793568   0
0.348124219502981   0.0606958076750157   0.141311373223138   -0.00600260640313158   0
0.20180744860448   0.184104981355095   -0.146316770898501   0.12340917368008   0
0.222216713131573   0.175408486277211   0.020409264527093   -0.00869649507788445   0
0.165517018837943   0.172109031514016   -0.0566996942936303   -0.00329945476319535   0
0.154460971587   0.173080166578937   -0.0110560472509432   0.000971135064921219   0
0.120638406722085   0.174578468452677   -0.033822564864915   0.00149830187374067   0
0.107200453297782   0.162455862186811   -0.0134379534243026   -0.0121226062658669   0
0.142443286469984   0.122699535090753   0.035242833172202   -0.0397563270960577   0
0.0847173537672772   0.166498399651017   -0.0577259327027071   0.043798864560264   0
0.131129915264252   0.128412340141978   0.0464125614969751   -0.038086059509039   0
0.127695363707106   0.124872465078694   -0.0034345515571467   -0.0035398750632839   0
0.0871512392901558   0.139081742194745   -0.0405441244169498   0.0142092771160515   0
0.0967739755776314   0.13417642357761   0.00962273628747558   -0.00490531861713586   0
0.0945378880359615   0.146351091016349   -0.00223608754166986   0.0121746674387393   0
0.0847760197383081   0.132394882720453   -0.00976186829765346   -0.0139562082958959   0
0.144632509402501   0.0847587421111828   0.0598564896641924   -0.0476361406092702   0
0.136225252083048   0.0667992718992926   -0.00840725731945244   -0.0179594702118902   0
0.113831067251124   0.0839202887666363   -0.0223941848319237   0.0171210168673437   0
0.11109039705123   0.0827479893634885   -0.00274067019989406   -0.00117229940314785   0
0.114184725792954   0.0688122187841665   0.00309432874172372   -0.013935770579322   0
0.111641704921548   0.0623581774120684   -0.002543020871406   -0.0064540413720981   0
0.16470570040287   0.0664560368628389   0.0530639954813221   0.00409785945077045   0
0.190004712064333   0.0293340483711761   0.0252990116614627   -0.0371219884916628   0
0.185206308899347   0.0492784239969789   -0.00479840316498559   0.0199443756258028   0
0.244820594008429   0.0266826868862096   0.0596142851090818   -0.0225957371107693   0
0.179417214450286   0.0657604505543319   -0.0654033795581427   0.0390777636681223   0
0.226342942859149   0.0494341891755595   0.0469257284088628   -0.0163262613787724   0
0.203521959322944   0.0440936909492801   -0.0228209835362052   -0.00534049822627938   0
0.174118293078642   0.0606421422153444   -0.0294036662443015   0.0165484512660643   0
0.243380102574163   0.0282505838200231   0.0692618094955204   -0.0323915583953213   0
0.185357419784588   0.0556210728498482   -0.0580226827895748   0.0273704890298252   0
0.211599686455439   0.0307799051254325   0.0262422666708508   -0.0248411677244158   0
0.259929272318625   0.0274254521922105   0.0483295858631865   -0.00335445293322196   0
0.227948762123882   0.0294793941839889   -0.0319805101947435   0.0020539419917784   0
0.20316352638141   0.0179138399353524   -0.0247852357424714   -0.0115655542486366   0
0.264079357370943   0.0255424843888418   0.0609158309895323   0.0076286444534894   0
0.234702568211769   0.0154111636554747   -0.0293767891591737   -0.010131320733367   0
0.238213447391305   0.0325722569308529   0.00351087917953602   0.0171610932753782   0
0.288076306894718   0.0381863842720233   0.0498628595034135   0.00561412734117034   0
0.201175127839726   0.0474868708934901   -0.0869011790549927   0.00930048662146685   0
0.247056094430496   0.0294233458679498   0.0458809665907699   -0.0180635250255403   0
0.117005450001186   0.101225897474081   -0.13005064442931   0.071802551606131   0
0.159010602665336   0.0438677113426835   0.0420051526641506   -0.0573581861313974   0
0.130882159811488   0.0705371655362086   -0.0281284428538479   0.0266694541935252   0
0.134946898468805   0.0405270312258374   0.00406473865731666   -0.0300101343103712   0
0.155710064328321   0.0578170586748626   0.0207631658595163   0.0172900274490252   0
0.0940075976471583   0.0900505447616781   -0.0617024666811632   0.0322334860868156   0
0.14565206965179   0.0601800470567073   0.0516444720046321   -0.0298704977049709   0
0.104984841775849   0.076182969979271   -0.0406672278759416   0.0160029229225637   0
0.0944896515640734   0.0840541142265654   -0.0104951902117754   0.00787114424729443   0
0.146515621517468   0.0478097388706004   0.0520259699533948   -0.036244375355965   0
0.100799651443842   0.0706544488660304   -0.0457159700736264   0.02284470999543   0
0.140952094378551   0.0545903703872304   0.0401524429347093   -0.0160640784788   0
0.187368486217965   0.0479614781870565   0.0464163918394135   -0.00662889220017386   0
0.158305184354641   0.0482226655754843   -0.0290633018633236   0.000261187388427793   0
0.195039051325626   0.0547224461070821   0.0367338669709845   0.00649978053159773   0
0.192570993413157   0.0507553873926207   -0.00246805791246896   -0.00396705871446135   0
0.162306230967545   0.0462074320430437   -0.0302647624456118   -0.00454795534957702   0
0.208629702551434   0.0557103630073661   0.0463234715838896   0.00950293096432238   0
0.191632041151395   0.0552799990483448   -0.0169976614000393   -0.000430363959021282   0
0.248835664374804   0.060638926277454   0.0572036232234086   0.00535892722910921   0
0.304155479845588   0.0819889605208073   0.0553198154707844   0.0213500342433533   0
0.218331774691188   0.0600100735611114   -0.0858237051544004   -0.0219788869596959   0
0.293152298109123   0.0758478141933734   0.074820523417935   0.0158377406322621   0
0.301646665854208   0.0768748377924955   0.00849436774508483   0.0010270235991221   0
0.287507967765069   0.0678124476463761   -0.0141386980891385   -0.00906239014611944   0
0.344060396101687   0.0879098132198704   0.0565524283366182   0.0200973655734943   0
0.265207885866672   0.0890109938724004   -0.0788525102350155   0.00110118065253   0
0.356079884610743   0.110144027671318   0.0908719987440711   0.0211330337989173   0
0.326753515255154   0.110217484970625   -0.0293263693555891   7.345729930755e-05   0
0.199074518656532   0.0972120921647611   -0.127678996598622   -0.0130053928058642   0
0.249745975767859   0.0725550457702633   0.0506714571113267   -0.0246570463944978   0
0.170513647005265   0.110138825711417   -0.0792323287625942   0.0375837799411542   0
