0.166495621234434   0.26193545812988   0   0   0
0.192829825447232   0.228828254104885   0.0263342042127984   -0.0331072040249944   0
0.182398097940083   0.207774465854138   -0.0104317275071494   -0.021053788250747   0
0.176534383956327   0.187214194416242   -0.00586371398375538   -0.0205602714378963   0
0.141708745144751   0.14751428870995   -0.0348256388115763   -0.039699905706292   0
0.12324777513144   0.107527357152134   -0.018460970013311   -0.0399869315578164   0
0.0509993047514081   0.09420127588844   -0.0722484703800319   -0.0133260812636936   0
0.0896494169363081   0.0590663179871786   0.0386501121848999   -0.0351349579012614   0
0.0340296516064858   0.117905324310758   -0.0556197653298223   0.0588390063235793   0
0.0497361296120677   0.130758842843126   0.015706478005582   0.0128535185323684   0
0.0953798201144771   0.142060577672027   0.0456436905024093   0.0113017348289007   0
0.0920280704232138   0.108960563658471   -0.00335174969126324   -0.0331000140135559   0
0.0914043916978458   0.106191231250798   -0.000623678725368004   -0.00276933240767276   0
0.0499073263038965   0.114476697671603   -0.0414970653939493   0.00828546642080472   0
0.0304473663762057   0.108176912239731   -0.0194599599276908   -0.00629978543187185   0
0.0265861236627982   0.0803881439400892   -0.00386124271340744   -0.027788768299642   0
0.0406807766170952   0.0710029876808011   0.014094652954297   -0.00938515625928805   0
0.0652551563874457   0.0387803472302015   0.0245743797703505   -0.0322226404505996   0
0.0584967664508903   0.0389326722156661   -0.00675838993655546   0.000152324985464573   0
0.0634555422727597   0.0488613958318323   0.00495877582186949   0.00992872361616619   0
0.0526292273784254   0.028221900841157   -0.0108263148943344   -0.0206394949906753   0
0.0556808775539009   0.0360133384413418   0.00305165017547547   0.00779143760018474   0
0.0495485453992345   0.0302589814232992   -0.00613233215466638   -0.00575435701804253   0
0.0380194323046781   0.0353563562487316   -0.0115291130945564   0.0050973748254324   0
0.0367910555789379   0.0510449990702569   -0.00122837672574017   0.0156886428215252   0
0.0620914752156075   0.0521731348925345   0.0253004196366696   0.00112813582227762   0
0.0693917454023719   0.0474975393794773   0.00730027018676439   -0.00467559551305716   0
0.0563441400858155   0.0485686428872066   -0.0130476053165564   0.00107110350772923   0
0.0421571232176724   0.0712270146148391   -0.0141870168681431   0.0226583717276325   0
0.0681251698249626   0.0682790479264652   0.0259680466072903   -0.00294796668837391   0
0.0699452263200578   0.079043783494421   0.00182005649509512   0.0107647355679558   0
0.0490360692778449   0.0740230293132819   -0.0209091570422129   -0.00502075418113904   0
0.0734666970963034   0.093460044758509   0.0244306278184586   0.019437015445227   0
0.101565523587115   0.112634739151474   0.028098826490812   0.0191746943929647   0
0.10068786080225   0.122745580883896   -0.000877662784865313   0.0101108417324221   0
0.0793170641328434   0.136456889305313   -0.0213707966694067   0.0137113084214174   0
0.0980374606209789   0.148102280994563   0.0187203964881355   0.0116453916892498   0
0.115901639478482   0.151560154387095   0.017864178857503   0.00345787339253173   0
0.149861599002713   0.169013621969096   0.0339599595242313   0.0174534675820013   0
0.14147055930747   0.16771043251973   -0.00839103969524316   -0.00130318944936578   0
0.164609918090524   0.184982444416308   0.0231393587830536   0.0172720118965778   0
0.175149474529186   0.201083101461622   0.0105395564386624   0.016100657045314   0
0.146127941831528   0.221724047409753   -0.0290215326976582   0.0206409459481312   0
0.143729470674945   0.213620840893234   -0.00239847115658245   -0.00810320651651902   0
0.148590332185947   0.221278854128953   0.00486086151100129   0.00765801323571888   0
0.154886024335041   0.235638326745735   0.00629569214909423   0.0143594726167824   0
0.151110375855134   0.252891671778115   -0.00377564847990652   0.0172533450323798   0
0.166595719663171   0.232945604146231   0.0154853438080369   -0.0199460676318844   0
0.200236679699125   0.245494727099606   0.0336409600359537   0.0125491229533751   0
0.202582821335019   0.265742874842629   0.00234614163589436   0.0202481477430227   0
0.223086180703738   0.261078920591595   0.0205033593687187   -0.00466395425103339   0
0.231826412881557   0.281578268210657   0.00874023217781858   0.0204993476190614   0
0.257036460690496   0.284348497859537   0.0252100478089393   0.00277022964888013   0
0.279692487608731   0.258215519669345   0.0226560269182347   -0.0261329781901916   0
0.276734763247807   0.262457131864425   -0.00295772436092334   0.00424161219507951   0
0.252936312893285   0.282276468507827   -0.0237984503545219   0.0198193366434019   0
0.225387827672614   0.285219874766819   -0.0275484852206713   0.00294340625899259   0
0.224206787466593   0.330299688430446   -0.00118104020602108   0.0450798136636273   0
0.25769851675072   0.372642120959574   0.0334917292841268   0.0423424325291279   0
0.25806438370934   0.408697775388489   0.000365866958620398   0.036055654428915   0
0.279835287748024   0.410446079172709   0.0217709040386841   0.00174830378422003   0
0.305836304511109   0.434902369623632   0.0260010167630844   0.0244562904509223   0
0.291115147647196   0.433288512950378   -0.0147211568639124   -0.0016138566732537   0
0.252428779363168   0.427653214111913   -0.038686368284028   -0.0056352988384647   0
0.259435311242786   0.440853926107333   0.00700653187961753   0.0132007119954199   0
0.270332663621176   0.441317157235304   0.0108973523783906   0.000463231127970753   0
0.27953845155615   0.444935208475908   0.00920578793497362   0.00361805124060433   0
0.27303509868017   0.468062440454797   -0.00650335287598031   0.0231272319788882   0
0.271953778357139   0.458828891155788   -0.00108132032303027   -0.00923354929900844   0
0.298513798241749   0.481702782893664   0.02656001988461   0.0228738917378755   0
0.323758043040619   0.515992367862161   0.0252442447988697   0.0342895849684977   0
0.314800494315511   0.498297944532435   -0.00895754872510823   -0.017694423329726   0
0.30439799641793   0.50517150158758   -0.0104024978975811   0.00687355705514436   0
0.28582263185807   0.48627359040025   -0.0185753645598601   -0.0188979111873298   0
0.298452938264927   0.514892065191337   0.0126303064068575   0.0286184747910872   0
0.311237673773613   0.514556867559359   0.012784735508686   -0.000335197631977757   0
0.311935335128262   0.511459994677247   0.000697661354648549   -0.0030968728821118   0
0.308279154700775   0.522053980023378   -0.00365618042748711   0.010593985346131   0
0.317973484012909   0.557988590935559   0.00969432931213432   0.0359346109121801   0
0.335269408510073   0.547754303244621   0.0172959244971644   -0.0102342876909376   0
0.330543475170188   0.576512463673596   -0.00472593333988491   0.0287581604289755   0
0.32501306607556   0.583620701679824   -0.00553040909462871   0.0071082380062274   0
0.296723579875698   0.582062384275947   -0.0282894861998612   -0.00155831740387713   0
0.320321433833517   0.582566272150431   0.0235978539578182   0.000503887874484188   0
0.342104442146021   0.607582367710749   0.021783008312504   0.0250160955603184   0
0.349691952377017   0.637452120492983   0.00758751023099646   0.0298697527822334   0
0.348925581295281   0.629773388680603   -0.000766371081735773   -0.00767873181237955   0
0.38418202429791   0.638954460413455   0.0352564430026288   0.00918107173285232   0
0.374574473391661   0.649169827110942   -0.00960755090624932   0.0102153666974865   0
0.341882342991343   0.665909479630678   -0.0326921304003183   0.0167396525197357   0
0.331857757492408   0.65391194422185   -0.0100245854989344   -0.0119975354088275   0
0.355424823598465   0.675859920986775   0.0235670661060568   0.0219479767649252   0
0.376775020529825   0.702014241731961   0.02135019693136   0.0261543207451856   0
0.362529879815223   0.689552962614185   -0.014245140714602   -0.0124612791177756   0
0.34768174578968   0.681145247581234   -0.0148481340255425   -0.00840771503295168   0
0.323604639181533   0.701174665597845   -0.0240771066081478   0.0200294180166115   0
0.318319953082885   0.718190724855174   -0.00528468609864791   0.0170160592573286   0
0.319558887656657   0.70131711387592   0.00123893457377233   -0.0168736109792538   0
0.342331936628121   0.714794682955532   0.0227730489714641   0.0134775690796124   0
0.352628764637827   0.731763602717606   0.0102968280097057   0.0169689197620735   0
0.348044153855743   0.727675779135529   -0.00458461078208416   -0.00408782358207638   0
0.37289007191364   0.727848146960271   0.0248459180578977   0.000172367824741393   0
0.362752482728926   0.746937095903999   -0.0101375891847142   0.0190889489437283   0
0.339683104240467   0.722533340415686   -0.0230693784884592   -0.024403755488313   0
0.345654079079128   0.721253755747587   0.00597097483866083   -0.00127958466809908   0
0.35751222847567   0.720995832836779   0.0118581493965426   -0.000257922910808506   0
0.340889649839783   0.744230663676424   -0.0166225786358872   0.0232348308396451   0
0.359833569669702   0.736616920379243   0.0189439198299184   -0.00761374329718045   0
0.377656157659107   0.739832842231271   0.017822587989405   0.00321592185202735   0
0.378097368097108   0.764380865760322   0.000441210438001383   0.0245480235290517   0
0.361000603512917   0.74741338806647   -0.0170967645841915   -0.0169674776938522   0
0.348328916201354   0.724417420654004   -0.0126716873115624   -0.0229959674124662   0
0.346275675959502   0.725605878527214   -0.00205324024185222   0.00118845787321009   0
0.32993080505894   0.710835501370395   -0.0163448709005623   -0.0147703771568194   0
0.30562036976486   0.700255525803617   -0.0243104352940792   -0.0105799755667776   0
0.296603900726137   0.713945607111984   -0.00901646903872361   0.0136900813083675   0
0.264860291615712   0.716148719938289   -0.0317436091104248   0.00220311282630459   0
0.27089885575432   0.731940703853802   0.0060385641386082   0.0157919839155135   0
0.274026921881574   0.735996290856313   0.0031280661272533   0.00405558700251041   0
0.28135866506829   0.725699008063605   0.00733174318671614   -0.0102972827927078   0
0.286947899648281   0.722280662175376   0.00558923457999139   -0.00341834588822887   0
0.255542946970583   0.73044612020121   -0.0314049526776984   0.00816545802583335   0
0.266250839219335   0.723551919696334   0.0107078922487521   -0.00689420050487566   0
0.294717700444408   0.718674900263847   0.0284668612250736   -0.0048770194324872   0
0.282059301228111   0.739859085196127   -0.0126583992162978   0.0211841849322805   0
0.278806152618625   0.703545189253149   -0.0032531486094855   -0.0363138959429777   0
0.252978150050553   0.702896609562352   -0.0258280025680722   -0.000648579690797013   0
0.25646811857112   0.724534083594588   0.0034899685205671   0.021637474032236   0
0.247425261244057   0.724486887255387   -0.00904285732706259   -4.71963392012498e-05   0
0.271244081650992   0.7394172515975   0.0238188204069346   0.0149303643421124   0
0.250930240529295   0.721803277790597   -0.0203138411216966   -0.0176139738069023   0
0.26956300805756   0.743775971284365   0.0186327675282644   0.0219726934937675   0
0.269215921477612   0.759241566275188   -0.000347086579947253   0.0154655949908229   0
0.310951949160976   0.750423473786635   0.0417360276833632   -0.00881809248855314   0
0.301542029867828   0.761450512403794   -0.00940991929314783   0.0110270386171594   0
0.306711464248746   0.741965710275751   0.00516943438091849   -0.0194848021280427   0
0.305596114697504   0.763997310374192   -0.00111534955124237   0.0220316000984412   0
0.309084543868259   0.749557264953286   0.00348842917075548   -0.0144400454209067   0
0.30283907347172   0.769131471733702   -0.00624547039653917   0.019574206780416   0
0.309839648658786   0.790022075084773   0.00700057518706582   0.0208906033510711   0
0.323330591250828   0.767814392236171   0.0134909425920419   -0.022207682848602   0
0.330219402636808   0.798498183398215   0.00688881138597958   0.0306837911620446   0
0.345796365058122   0.78659755915414   0.0155769624213146   -0.0119006242440758   0
0.317050202495693   0.792069431767506   -0.028746162562429   0.00547187261336657   0
0.331393360654208   0.783021676738582   0.0143431581585149   -0.00904775502892419   0
0.311048561798331   0.80616142024597   -0.0203447988558773   0.0231397435073885   0
0.306991051434728   0.797412434202408   -0.00405751036360241   -0.00874898604356222   0
0.315706884837819   0.784323047265762   0.00871583340309079   -0.0130893869366466   0
0.317646020163955   0.811513172230539   0.00193913532613638   0.0271901249647775   0
0.309163214658536   0.803129990778759   -0.00848280550541952   -0.00838318145177963   0
0.297631534493575   0.789289779801799   -0.0115316801649611   -0.0138402109769603   0
0.305083341211873   0.804906247492023   0.00745180671829798   0.0156164676902241   0
0.307585867440297   0.827062380268024   0.00250252622842417   0.0221561327760013   0
0.289544723497079   0.804610473280139   -0.0180411439432179   -0.022451906987885   0
0.312091342350281   0.836344068817178   0.0225466188532014   0.0317335955370387   0
0.312066748643619   0.848855776504126   -2.45937066610802e-05   0.012511707686948   0
0.320764787121342   0.861555582040806   0.00869803847772282   0.0126998055366803   0
0.316385944852169   0.87076612200657   -0.0043788422691729   0.00921053996576326   0
0.317726853127022   0.8650337709471   0.00134090827485228   -0.00573235105946956   0
0.315626307227392   0.890090844727842   -0.00210054589962971   0.0250570737807416   0
0.298619330894703   0.864056046459066   -0.0170069763326891   -0.0260347982687752   0
0.320422820243815   0.863944138563259   0.0218034893491119   -0.000111907895807062   0
0.318276120478744   0.862252843437405   -0.00214669976507065   -0.00169129512585431   0
0.322500596597898   0.89005423320796   0.00422447611915366   0.0278013897705554   0
0.344791761924498   0.870057941404255   0.0222911653266006   -0.0199962918037054   0
