0.130812063970797   0.159621360010182   0   0   0
0.0867926869957371   0.147889463391252   -0.0440193769750603   -0.0117318966189295   0
0.110200988758949   0.135467120636559   0.0234083017632118   -0.0124223427546933   0
0.102376759729443   0.133364853027231   -0.00782422902950648   -0.00210226760932761   0
0.0787161703126492   0.140984974209213   -0.0236605894167933   0.00762012118198191   0
0.0523257800435885   0.12294067467482   -0.0263903902690608   -0.0180442995343929   0
0.0776010772778961   0.119739676826073   0.0252752972343076   -0.00320099784874689   0
0.0823637030107316   0.131922129916942   0.00476262573283551   0.0121824530908685   0
0.034293781672952   0.119199647928066   -0.0480699213377796   -0.0127224819888755   0
0.0807282795362938   0.120726000939483   0.0464344978633418   0.00152635301141632   0
0.0805416641064735   0.0746615382659137   -0.000186615429820347   -0.0460644626735691   0
0.0591892847037367   0.0729505809625503   -0.0213523794027368   -0.00171095730336347   0
0.0484822445755144   0.0637860838912572   -0.0107070401282223   -0.00916449707129308   0
0.0763757855782839   0.0640810663536625   0.0278935410027695   0.000294982462405349   0
0.0491345724994123   0.0664689574351253   -0.0272412130788716   0.00238789108146277   0
0.0634081422784961   0.0593275158350027   0.0142735697790838   -0.00714144160012258   0
0.0821110409831102   0.0383560829018358   0.0187028987046141   -0.0209714329331669   0
0.0549702606938515   0.0630965345144248   -0.0271407802892586   0.024740451612589   0
0.091846418650593   0.0249979235035112   0.0368761579567415   -0.0380986110109135   0
0.0804363952600438   0.0338369162193454   -0.0114100233905492   0.00883899271583416   0
0.0494473187682608   0.0334657955078857   -0.030989076491783   -0.000371120711459665   0
0.0664110842021872   0.0327519122829496   0.0169637654339264   -0.000713883224936145   0
0.0858279171350441   0.0324927864642   0.0194168329328569   -0.000259125818749581   0
0.0623964607288747   0.042650541952858   -0.0234314564061694   0.010157755488658   0
0.0488358794037744   0.0411158232331425   -0.0135605813251002   -0.00153471871971545   0
0.0795237015127566   0.0290120003471533   0.0306878221089821   -0.0121038228859892   0
0.0864405980200276   0.0292857685161138   0.00691689650727105   0.00027376816896043   0
0.0432328109728306   0.0438935665734914   -0.043207787047197   0.0146077980573777   0
0.099303983230231   0.0331229584934306   0.0560711722574004   -0.0107706080800609   0
0.0926338285670521   0.0226446040500863   -0.00667015466317891   -0.0104783544433443   0
0.0701126677282358   0.039924819805155   -0.0225211608388163   0.0172802157550688   0
0.112986191094709   0.0691958346516248   0.0428735233664728   0.0292710148464698   0
0.0786362377600811   0.0338952851259582   -0.0343499533346275   -0.0353005495256666   0
0.0650782776804211   0.0374887629114712   -0.0135579600796599   0.00359347778551306   0
0.0916802221056428   0.0263427411655925   0.0266019444252217   -0.0111460217458788   0
0.0814415758475363   0.042482403916357   -0.0102386462581066   0.0161396627507645   0
0.0539601420980338   0.0482000661837048   -0.0274814337495025   0.00571766226734787   0
0.0683351493826567   0.0404095686181754   0.0143750072846229   -0.00779049756552943   0
0.0820965060784562   0.0494180619021022   0.0137613566957996   0.00900849328392677   0
0.084214794707106   0.036721085032608   0.00211828862864973   -0.0126969768694942   0
0.0957060528884668   0.0371797880564494   0.0114912581813608   0.000458703023841468   0
0.0875731853499689   0.0588450734867136   -0.0081328675384979   0.0216652854302642   0
0.0786727651720721   0.0637965731722551   -0.00890042017789679   0.0049514996855415   0
0.100893228034294   0.05164545989787   0.0222204628622217   -0.0121511132743851   0
0.118309937535991   0.0618780265733168   0.0174167095016969   0.0102325666754468   0
0.0888724537825416   0.0549552112751375   -0.029437483753449   -0.0069228152981793   0
0.076013123440896   0.076179886046597   -0.0128593303416456   0.0212246747714595   0
0.107365555752206   0.0622337898507113   0.0313524323113097   -0.0139460961958856   0
0.0830944897553382   0.0790652899714691   -0.0242710659968676   0.0168315001207578   0
0.092794987644959   0.0781291316815944   0.00970049788962085   -0.0009361582898747   0
0.115560894668871   0.0702530685962003   0.0227659070239124   -0.00787606308539412   0
0.110474283713813   0.0758011077821096   -0.00508661095505868   0.00554803918590932   0
0.0985884815709219   0.0759387290769506   -0.0118858021428909   0.000137621294840962   0
0.0996150072639158   0.0555428358676886   0.00102652569299395   -0.0203958932092619   0
0.101838858575398   0.0599864965392212   0.00222385131148259   0.00444366067153257   0
0.109043266448048   0.0678776380054212   0.00720440787264964   0.00789114146619998   0
0.100967604912481   0.077547106615995   -0.00807566153556684   0.00966946861057383   0
0.103606614467755   0.0744840798812907   0.00263900955527371   -0.00306302673470429   0
0.121565336919288   0.0643496481533893   0.0179587224515331   -0.0101344317279014   0
0.108370170594034   0.0571453418406083   -0.0131951663252541   -0.00720430631278098   0
0.102539227667903   0.07036106263348   -0.00583094292613108   0.0132157207928717   0
0.127422480783808   0.0673435105295076   0.0248832531159055   -0.00301755210397245   0
0.109722496929208   0.0411704284120666   -0.0176999838546006   -0.026173082117441   0
0.114138812512046   0.0603061473874007   0.0044163155828383   0.0191357189753341   0
0.130007066012429   0.0470548502414735   0.0158682535003827   -0.0132512971459272   0
0.132965728411347   0.0546462621141394   0.0029586623989179   0.00759141187266586   0
0.119097502599383   0.0682904219435822   -0.0138682258119638   0.0136441598294429   0
0.117966599651469   0.0655089162425429   -0.00113090294791368   -0.00278150570103936   0
0.119113586636689   0.0660223595914483   0.0011469869852202   0.000513443348905379   0
0.106891416235589   0.0683083276142814   -0.0122221704011001   0.00228596802283312   0
0.125179170013106   0.0609151141433922   0.0182877537775163   -0.00739321347088921   0
0.10794970437727   0.07060287590589   -0.0172294656358356   0.0096877617624978   0
0.0823351724898904   0.0544372142416151   -0.0256145318873797   -0.0161656616642749   0
0.109081003090272   0.0573529245788085   0.026745830600382   0.00291571033719346   0
0.129125017656301   0.0662099031895909   0.0200440145660285   0.00885697861078236   0
0.114326644785938   0.0784881461326008   -0.014798372870363   0.0122782429430099   0
0.107682681941841   0.0707963985905004   -0.00664396284409723   -0.00769174754210046   0
0.13693194759343   0.0742042577209185   0.0292492656515899   0.00340785913041819   0
0.127026190793867   0.0850246091902368   -0.0099057567995631   0.0108203514693183   0
0.0932596685403181   0.0776771295311078   -0.0337665222535493   -0.00734747965912902   0
0.128983443998096   0.0764935858206588   0.035723775457778   -0.00118354371044897   0
0.126670300988748   0.0744746885237025   -0.00231314300934815   -0.00201889729695638   0
0.106462489623063   0.0763881223883825   -0.0202078113656845   0.00191343386468003   0
0.0934503801866643   0.0820054719882917   -0.0130121094363992   0.00561734959990924   0
0.127921823164814   0.0757214252183951   0.0344714429781499   -0.00628404676989663   0
0.131695854101411   0.0976476400264748   0.00377403093659628   0.0219262148080797   0
0.145436222511072   0.0946506460212502   0.0137403684096613   -0.00299699400522463   0
0.148021980343731   0.103718030915326   0.00258575783265955   0.00906738489407574   0
0.132158751425624   0.0948976597319581   -0.0158632289181069   -0.00882037118336781   0
0.119269046504221   0.0930578450197779   -0.0128897049214032   -0.0018398147121802   0
0.155624974001476   0.0964196303234072   0.0363559274972545   0.00336178530362928   0
0.142710244159649   0.0871957193212631   -0.0129147298418265   -0.00922391100214404   0
0.128576276427108   0.103576237452468   -0.0141339677325417   0.0163805181312047   0
0.124852488302997   0.0873460796358657   -0.00372378812411067   -0.0162301578166021   0
0.150298408970288   0.0996392544969226   0.0254459206672912   0.0122931748610568   0
0.149838017319404   0.107553659240679   -0.00046039165088424   0.007914404743756   0
0.125997952923887   0.106207384982743   -0.0238400643955171   -0.00134627425793593   0
0.14134044866237   0.0912186268481526   0.015342495738483   -0.0149887581345901   0
0.137485677628944   0.102300850163574   -0.00385477103342552   0.0110822233154214   0
0.115821778997824   0.105391610030685   -0.0216638986311198   0.00309075986711115   0
0.11656878400318   0.107211067879032   0.000747005005355364   0.00181945784834736   0
0.135208327190821   0.104566302089643   0.0186395431876408   -0.00264476578938933   0
0.137214344820285   0.102221785226597   0.00200601762946412   -0.00234451686304624   0
0.15490832528373   0.0893857612651618   0.0176939804634455   -0.0128360239614351   0
0.154921598825245   0.0992130007861873   1.32735415142304e-05   0.00982723952102549   0
0.139482672349937   0.0952847815842724   -0.0154389264753071   -0.00392821920191487   0
0.129874892635952   0.104402371800668   -0.00960777971398566   0.00911759021639601   0
0.423313419881818   0.0657587123995178   0.293438527245866   -0.0386436594011506   1
0.272517879646841   0.0646801059491634   -0.150795540234977   -0.00107860645035443   1
0.178060739193035   0.0577421274386388   -0.0944571404538058   -0.00693797851052463   0
0.205368832398297   0.0192857601089534   0.0273080932052625   -0.0384563673296853   0
0.149868660504923   0.0455250548052937   -0.055500171893374   0.0262392946963403   0
0.161585708208925   0.0430693299136114   0.011717047704002   -0.00245572489168237   0
0.160336814451891   0.0337588144786291   -0.00124889375703485   -0.00931051543498225   0
0.137621231738166   0.0401971217683866   -0.0227155827137246   0.00643830728975747   0
0.146450917949462   0.0425750154881064   0.00882968621129576   0.0023778937197198   0
0.186948324924643   0.0457582586425937   0.0404974069751814   0.00318324315448727   0
0.170038458429527   0.0670305000284385   -0.0169098664951162   0.0212722413858449   0
0.14563054931394   0.0698773406215133   -0.0244079091155867   0.00284684059307479   0
0.204876145828404   0.11020269933434   0.059245596514464   0.0403253587128269   0
0.271297514663689   0.129045247568101   0.0664213688352844   0.0188425482337608   0
0.219223836724226   0.102203190745813   -0.052073677939463   -0.0268420568222883   0
0.205931459136238   0.0920189142461076   -0.0132923775879879   -0.0101842764997053   0
0.20841710174477   0.0842145686130523   0.0024856426085326   -0.00780434563305525   0
0.245025729547123   0.107254718465646   0.0366086278023528   0.0230401498525938   0
0.217926596675991   0.0924407748509823   -0.0270991328711323   -0.0148139436146638   0
0.206521269097979   0.0943984093567789   -0.0114053275780116   0.00195763450579661   0
0.219311618382178   0.109887749279822   0.0127903492841985   0.015489339923043   0
0.182724001364184   0.105355472882582   -0.0365876170179936   -0.0045322763972398   0
0.203696043417736   0.107021066701725   0.0209720420535513   0.00166559381914257   0
0.224625999949716   0.110795727366684   0.0209299565319809   0.00377466066495902   0
0.189790524149152   0.106623128665923   -0.0348354758005641   -0.00417259870076057   0
0.183931755796681   0.0983696259212924   -0.00585876835247107   -0.00825350274463073   0
0.40459669434968   0.0886693769945549   0.220664938552998   -0.00970024892673751   0
0.418323253787176   0.173285030577009   0.0137265594374962   0.0846156535824543   0
0.342162507915406   0.168229540690763   -0.0761607458717704   -0.00505548988624643   0
0.324103040519231   0.170021210969751   -0.018059467396175   0.00179167027898808   0
0.258636275535838   0.132437183991327   -0.0654667649833924   -0.0375840269784242   0
0.261329717507692   0.142303701266736   0.00269344197185367   0.00986651727540958   0
0.245933351339118   0.106729894388779   -0.015396366168574   -0.0355738068779568   0
0.212200618613259   0.0996350216326569   -0.0337327327258584   -0.00709487275612251   0
0.232888033116677   0.118070018229322   0.0206874145034172   0.0184349965966654   0
0.195518776029439   0.0907330665661092   -0.0373692570872375   -0.0273369516632131   0
0.230536622776859   0.109404213271016   0.0350178467474203   0.018671146704907   0
0.211618036157909   0.126672381103735   -0.0189185866189506   0.0172681678327192   0
0.20486989744882   0.128597255083419   -0.00674813870908891   0.0019248739796838   0
0.233075334453391   0.127618760946383   0.0282054370045709   -0.000978494137036462   0
0.221284425000157   0.128205934190817   -0.0117909094532341   0.000587173244433803   0
0.167708592172643   0.100058472277127   -0.0535758328275135   -0.0281474619136901   0
0.213409673647434   0.115422891080106   0.045701081474791   0.0153644188029794   0
0.22033736963661   0.106986755908103   0.00692769598917542   -0.00843613517200303   0
0.232948834980839   0.111338190046408   0.0126114653442289   0.00435143413830479   0
0.218781716813014   0.113108176371881   -0.0141671181678243   0.00176998632547312   0
0.209045925265718   0.0971250855950846   -0.0097357915472967   -0.0159830907767963   0
0.238440892759694   0.115021652116254   0.0293949674939766   0.0178965665211692   0
0.204977265094351   0.108217186546177   -0.0334636276653428   -0.00680446557007708   0
0.189819659777379   0.110088887728156   -0.0151576053169722   0.00187170118197917   0
0.221178941674835   0.103581535103524   0.0313592818974557   -0.00650735262463221   0
0.180424986711486   0.101668658172184   -0.0407539549633486   -0.00191287693133912   0
0.202776243159424   0.0877294390753896   0.0223512564479381   -0.0139392190967949   0
0.251321888418021   0.104823950821347   0.0485456452585962   0.017094511745957   0
0.25693401796364   0.095911376622041   0.00561212954561924   -0.00891257419930561   0
0.219646470098133   0.0935628646909259   -0.0372875478655069   -0.00234851193111518   0
0.198237352057174   0.0870849079885832   -0.0214091180409588   -0.00647795670234268   0
0.18778612523464   0.105597808334264   -0.0104512268225339   0.018512900345681   0
