0.13328679479292   0.152125660158798   0   0   0
0.14802214060204   0.134069812043017   0.0147353458091195   -0.0180558481157803   0
0.138869726739488   0.110902086651481   -0.00915241386255189   -0.0231677253915368   0
0.121185711676748   0.10049270319507   -0.0176840150627394   -0.0104093834564102   0
0.133675714001048   0.0949451899995598   0.0124900023242997   -0.0055475131955106   0
0.127003881436907   0.0828558829870426   -0.00667183256414081   -0.0120893070125171   0
0.129313049476377   0.0592300649722335   0.00230916803947001   -0.0236258180148091   0
0.115811925626552   0.0398936103474604   -0.0135011238498253   -0.0193364546247731   0
0.120718778392179   0.0428125886592659   0.00490685276562697   0.00291897831180544   0
0.110793007505424   0.0665918152483284   -0.00992577088675442   0.0237792265890625   0
0.114934293171968   0.0765993457641937   0.00414128566654398   0.0100075305158653   0
0.140771148991333   0.0961900223926708   0.0258368558193643   0.019590676628477   0
0.111047730238578   0.0549974781200011   -0.0297234187527547   -0.0411925442726697   0
0.101832454740814   0.0594587152914735   -0.00921527549776371   0.00446123717147235   0
0.0844099740673459   0.0677475745333735   -0.0174224806734685   0.00828885924190008   0
0.0829944830905043   0.0684398332376329   -0.00141549097684159   0.000692258704259346   0
0.0958852138943748   0.0833397417429404   0.0128907308038705   0.0148999085053075   0
0.0978469851724109   0.0593000654897193   0.00196177127803614   -0.0240396762532211   0
0.0939879560800744   0.0359973411873016   -0.00385902909233649   -0.0233027243024177   0
0.0672914679863651   0.0378384727552857   -0.0266964880937093   0.00184113156798412   0
0.0488318804998333   0.0233894323959181   -0.0184595874865318   -0.0144490403593676   0
0.0377293959070762   0.0535071947719884   -0.0111024845927571   0.0301177623760702   0
0.054909319521644   0.0390007718702464   0.0171799236145678   -0.014506422901742   0
0.0614301139579767   0.0490606165581416   0.00652079443633263   0.0100598446878953   0
0.0328941373349416   0.0577943421856794   -0.0285359766230351   0.00873372562753776   0
0.0300392684616302   0.0612083173907356   -0.00285486887331145   0.0034139752050562   0
0.0508001744860645   0.0493515259077924   0.0207609060244343   -0.0118567914829432   0
0.0319864380238891   0.0577072839860249   -0.0188137364621753   0.00835575807823253   0
0.0397712135477408   0.0562683699495996   0.00778477552385165   -0.00143891403642531   0
0.0608729525483198   0.0804385335974774   0.0211017390005791   0.0241701636478778   0
0.0721078083191411   0.0821919887857692   0.0112348557708213   0.00175345518829176   0
0.0584256634093272   0.0855938632485414   -0.0136821449098139   0.00340187446277221   0
0.0516829812513839   0.0704559560711513   -0.00674268215794334   -0.0151379071773901   0
0.0587303430579117   0.059151436811015   0.00704736180652783   -0.0113045192601363   0
0.0565417851030545   0.0595684087806196   -0.00218855795485719   0.000416971969604635   0
0.0806013793197734   0.0325185814562613   0.0240595942167189   -0.0270498273243583   0
0.0648158375111361   0.0426855162302742   -0.0157855418086373   0.0101669347740129   0
0.0521406335974161   0.0572187776824619   -0.01267520391372   0.0145332614521877   0
0.0548150050476145   0.0514426520920969   0.00267437145019834   -0.00577612559036497   0
0.0631013377510335   0.0275910212293759   0.00828633270341898   -0.0238516308627211   0
0.0733895490337691   0.0305722352283588   0.0102882112827357   0.00298121399898288   0
0.059252661581907   0.0624361008837435   -0.0141368874518621   0.0318638656553848   0
0.0846521156033918   0.0663247266203374   0.0253994540214847   0.00388862573659392   0
0.111921849930253   0.0711525863546435   0.0272697343268609   0.00482785973430605   0
0.132402366071003   0.0761520170994341   0.0204805161407507   0.00499943074479059   0
0.110299356885886   0.0723637999272772   -0.0221030091851176   -0.00378821717215691   0
0.136554857605652   0.0770687716560995   0.0262555007197666   0.00470497172882231   0
0.170727250720938   0.0820638878670149   0.0341723931152855   0.00499511621091543   0
0.0936889521480521   0.107392974146543   -0.0770382985728858   0.0253290862795278   0
0.121040006687252   0.142910492766661   0.0273510545391998   0.0355175186201187   0
0.113707825566801   0.128270403402344   -0.00733218112045116   -0.0146400893643177   0
0.150823388519321   0.13864408130894   0.03711556295252   0.0103736779065964   0
0.137223800040445   0.142177303451746   -0.013599588478876   0.00353322214280632   0
0.122861728807428   0.118112573228107   -0.0143620712330168   -0.0240647302236392   0
0.12285842032018   0.112435647064321   -3.30848724813815e-06   -0.00567692616378652   0
0.138593208250441   0.112011826369741   0.0157347879302607   -0.00042382069457976   0
0.144732918393882   0.113298268123932   0.00613971014344103   0.00128644175419151   0
0.139867601402505   0.10627139308678   -0.00486531699137671   -0.00702687503715207   0
0.151258864967479   0.106128935043194   0.0113912635649739   -0.000142458043586369   0
0.15536315311315   0.107848957092037   0.00410428814567085   0.00172002204884278   0
0.134524374395312   0.109676967815481   -0.020838778717838   0.00182801072344403   0
0.140288512850661   0.115871979807911   0.00576413845534901   0.00619501199243046   0
0.13630185138042   0.123694655652467   -0.0039866614702411   0.00782267584455616   0
0.147945498778908   0.130562070306426   0.0116436473984888   0.00686741465395806   0
0.1590685318674   0.122557915287382   0.0111230330884914   -0.00800415501904303   0
0.147643749326309   0.106213968834515   -0.0114247825410908   -0.0163439464528672   0
0.163758126021428   0.111831040871855   0.0161143766951192   0.00561707203733966   0
0.171640314277532   0.126063784687053   0.00788218825610379   0.0142327438151982   0
0.173513203692428   0.13366855498857   0.00187288941489586   0.00760477030151735   0
0.187567382440578   0.135970104623232   0.0140541787481499   0.002301549634661   0
0.197819566763452   0.130252016466365   0.0102521843228745   -0.00571808815686695   0
0.177201515161835   0.136372680154641   -0.0206180516016175   0.00612066368827641   0
0.192771017470314   0.149028500108803   0.0155695023084788   0.0126558199541624   0
0.194591664475768   0.159329801706939   0.00182064700545462   0.0103013015981357   0
0.199469964341752   0.158214722312293   0.00487829986598412   -0.00111507939464564   0
0.214386698535613   0.139869870931025   0.014916734193861   -0.0183448513812686   0
0.209570016588729   0.138198749089934   -0.00481668194688478   -0.00167112184109083   0
0.204942933771428   0.147075978417424   -0.00462708281730051   0.00887722932748986   0
0.209240941786592   0.146862662516395   0.00429800801516386   -0.000213315901028438   0
0.231051486394353   0.15992219752693   0.0218105446077612   0.0130595350105349   0
0.252379997178936   0.17126807756661   0.0213285107845833   0.0113458800396802   0
0.260523480425777   0.148191461223463   0.00814348324684006   -0.0230766163431479   0
0.260024961811823   0.134598793233121   -0.000498518613953558   -0.0135926679903414   0
0.229679357734233   0.12436851201124   -0.0303456040775895   -0.0102302812218809   0
0.220956396135278   0.145807145985408   -0.00872296159895522   0.0214386339741675   0
0.220709750296538   0.164014066645181   -0.000246645838740622   0.0182069206597737   0
0.212900004674143   0.163026901188493   -0.00780974562239492   -0.000987165456688893   0
0.239668430425056   0.168360890185496   0.0267684257509135   0.0053339889970031   0
0.235684295243107   0.16347649818727   -0.00398413518194929   -0.00488439199822557   0
0.233008573735152   0.159126563557197   -0.00267572150795445   -0.00434993463007352   0
0.239350561908678   0.19167493348107   0.00634198817352569   0.0325483699238732   0
0.211481902026651   0.207617031275134   -0.0278686598820272   0.0159420977940644   0
0.240715890498654   0.209534619850879   0.029233988472003   0.0019175885757452   0
0.232028835697398   0.211906040982914   -0.00868705480125628   0.0023714211320349   0
0.217069626071659   0.201401303758789   -0.0149592096257384   -0.0105047372241252   0
0.213126968124191   0.212475264807233   -0.00394265794746812   0.0110739610484436   0
0.199120169836433   0.227191683054359   -0.014006798287758   0.0147164182471269   0
0.207263449883307   0.266069705976817   0.00814328004687356   0.0388780229224579   0
0.233872360166416   0.297671272240873   0.0266089102831097   0.0316015662640558   0
0.23990679264456   0.298897070850657   0.00603443247814375   0.00122579860978361   0
0.220169979830153   0.305504510877728   -0.0197368128144071   0.00660744002707159   0
0.21978784149502   0.292305469674278   -0.000382138335133148   -0.0131990412034507   0
0.228651283943476   0.289705607863465   0.00886344244845591   -0.00259986181081212   0
0.239539562401788   0.276027936786496   0.010888278458312   -0.0136776710769691   0
0.254312573064015   0.288242795909299   0.0147730106622272   0.012214859122803   0
0.213275875387748   0.29643647559796   -0.0410366976762675   0.00819367968866075   0
0.247799704624198   0.303090897706035   0.0345238292364509   0.0066544221080746   0
0.230036040163819   0.287640751723487   -0.0177636644603798   -0.0154501459825481   0
0.290601924940287   0.295174059113009   0.060565884776468   0.00753330738952213   0
0.26090686110218   0.279891072289293   -0.0296950638381069   -0.0152829868237162   0
0.284273848504552   0.301780651659202   0.0233669874023721   0.0218895793699093   0
0.29522492233899   0.295029947526895   0.0109510738344378   -0.00675070413230666   0
0.306659481912039   0.290774503586972   0.0114345595730491   -0.00425544393992316   0
0.30808185092277   0.315804592088114   0.00142236901073151   0.0250300885011419   0
0.36223011645501   0.379673245597543   0.0541482655322397   0.0638686535094296   0
0.393198736740036   0.400614665799319   0.0309686202850259   0.0209414202017756   0
0.410015779474705   0.403673565496925   0.0168170427346693   0.00305889969760581   0
0.39704967105803   0.403409746408425   -0.0129661084166748   -0.000263819088499428   0
0.419011058405813   0.378828140622182   0.0219613873477832   -0.024581605786243   0
0.424344386276053   0.44853504376666   0.00533332787023949   0.0697069031444781   0
0.445113088026953   0.377874320864424   0.0207687017509   -0.0706607229022361   0
0.383574926029492   0.528452001147209   -0.0615381619974613   0.150577680282785   0
0.334076950679959   0.486387266998287   -0.0494979753495322   -0.0420647341489226   0
0.339671569746203   0.499388371744888   0.00559461906624409   0.013001104746601   0
0.315306751371398   0.503519638700769   -0.0243648183748059   0.00413126695588112   0
0.318197066214071   0.52005135049719   0.00289031484267299   0.0165317117964215   0
0.321390470442692   0.532073263371984   0.00319340422862147   0.0120219128747937   0
0.353263726060644   0.532930411445528   0.0318732556179523   0.000857148073544312   0
0.35444109318702   0.537042506792991   0.00117736712637589   0.00411209534746304   0
0.355475029792881   0.540958794809041   0.00103393660586121   0.00391628801604971   0
0.37024963822216   0.54418185283612   0.014774608429278   0.00322305802707901   0
0.372163801497405   0.524689874463659   0.00191416327524563   -0.0194919783724612   0
0.356647099013801   0.549143970227444   -0.015516702483604   0.0244540957637854   0
0.384254338677926   0.572667620210153   0.0276072396641246   0.0235236499827086   0
0.364660577988093   0.559335159203576   -0.0195937606898328   -0.0133324610065765   0
0.374843396041347   0.608304463529974   0.0101828180532539   0.0489693043263981   0
0.404352417088374   0.612978314616504   0.0295090210470267   0.00467385108652973   0
0.374229856388089   0.595273997036692   -0.0301225607002842   -0.0177043175798119   0
0.360834867244894   0.587058959530506   -0.0133949891431958   -0.00821503750618646   0
0.388151596938619   0.583651900018729   0.0273167296937251   -0.00340705951177678   0
0.410852237640249   0.597101398357884   0.0227006407016307   0.0134494983391545   0
0.382118031088563   0.578879894658676   -0.0287342065516864   -0.0182215036992073   0
0.375168529042616   0.564864427965941   -0.00694950204594735   -0.014015466692735   0
0.383987904672647   0.558717861752748   0.00881937563003149   -0.00614656621319354   0
0.389692533327237   0.583363413305926   0.00570462865459015   0.0246455515531778   0
0.383941325904102   0.580621946984473   -0.00575120742313523   -0.00274146632145267   0
0.388894847097516   0.577512669674259   0.00495352119341341   -0.00310927731021371   0
0.39338937833907   0.571175284220431   0.00449453124155452   -0.00633738545382834   0
0.392680468703245   0.586619580833961   -0.000708909635825261   0.0154442966135305   0
0.37457062313134   0.583210801468476   -0.0181098455719053   -0.00340877936548512   0
0.402488377493065   0.569594174705467   0.0279177543617255   -0.0136166267630088   0
0.452631446493723   0.61945528834024   0.0501430690006579   0.0498611136347726   0
0.441324898671036   0.58571622158706   -0.0113065478226871   -0.0337390667531796   0
0.448356987913649   0.590393417989471   0.00703208924261317   0.00467719640241038   0
0.455483329049483   0.586532206158579   0.00712634113583444   -0.00386121183089172   0
0.465098010132273   0.595052267337467   0.00961468108278968   0.00852006117888759   0
0.425896744787983   0.575743023305105   -0.0392012653442904   -0.0193092440323619   0
0.478018212337145   0.598520044184447   0.0521214675491625   0.0227770208793422   0
0.463884006455278   0.561128598920292   -0.0141342058818675   -0.0373914452641551   0
0.487323645976675   0.599996255582066   0.0234396395213978   0.0388676566617741   0
0.495430532834826   0.599103664555017   0.00810688685815109   -0.000892591027049416   0
0.467835704653888   0.595294830571928   -0.0275948281809384   -0.00380883398308896   0
0.455431980023362   0.587753882553252   -0.0124037246305261   -0.00754094801867533   0
0.478442125633812   0.592504756708636   0.0230101456104497   0.00475087415538389   0
0.505272281338488   0.574196611488443   0.0268301557046763   -0.0183081452201933   0
0.515058873262077   0.591919011631372   0.00978659192358877   0.0177224001429289   0
0.485433944584637   0.571020218776227   -0.0296249286774401   -0.020898792855145   0
0.505301306171872   0.59482707036903   0.0198673615872355   0.0238068515928027   0
0.444254221502734   0.725547102638761   -0.0610470846691384   0.130720032269731   0
0.472206477369805   0.73617850021598   0.0279522558670712   0.0106313975772198   0
0.495590029539538   0.608763754908462   0.023383552169733   -0.127414745307518   0
0.499681755060158   0.601766388065377   0.00409172552062037   -0.00699736684308494   0
0.505216372091206   0.567877334389655   0.00553461703104779   -0.0338890536757223   0
0.507577313600598   0.520274959317186   0.00236094150939214   -0.0476023750724686   0
0.550602222801543   0.516803488665179   0.0430249092009448   -0.00347147065200726   0
0.558612935186789   0.521582738009513   0.0080107123852462   0.0047792493443336   0
0.544398986224258   0.51131761963798   -0.0142139489625311   -0.0102651183715327   0
0.549194966087636   0.528013612126856   0.0047959798633781   0.016695992488876   0
0.565942915200818   0.535781670909896   0.0167479491131816   0.00776805878303988   0
0.573303554658438   0.579075832584343   0.00736063945761978   0.043294161674447   0
0.55960072677401   0.561658686900683   -0.0137028278844278   -0.0174171456836595   0
0.596751400622571   0.584388132639815   0.0371506738485611   0.0227294457391316   0
0.580546516080322   0.579061139697701   -0.0162048845422483   -0.00532699294211436   0
0.576606678355359   0.574936573455933   -0.00393983772496387   -0.00412456624176727   0
0.57433444221725   0.550617805878088   -0.00227223613810834   -0.0243187675778452   0
0.559486708111998   0.541543421459443   -0.0148477341052523   -0.00907438441864505   0
0.566233194774909   0.545412553785664   0.00674648666291111   0.00386913232622099   0
0.586642153761558   0.575571988221282   0.0204089589866494   0.0301594344356182   0
0.570153588891625   0.550372957914449   -0.0164885648699336   -0.0251990303068332   0
0.58696235207209   0.566643308404037   0.016808763180465   0.0162703504895879   0
0.616206288161684   0.574701711253107   0.0292439360895939   0.00805840284907045   0
0.597813446560882   0.568749129984952   -0.0183928416008022   -0.00595258126815523   0
0.639040753021276   0.590174513117139   0.041227306460395   0.0214253831321872   0
0.639653259784549   0.57822837680388   0.000612506763272624   -0.0119461363132592   0
0.646048457920147   0.591427033826439   0.00639519813559786   0.013198657022559   0
0.627853956692159   0.597003124870132   -0.0181945012279875   0.00557609104369283   0
0.633478406799316   0.598003463841408   0.00562445010715684   0.00100033897127627   0
0.638881994643768   0.608097213409632   0.00540358784445194   0.0100937495682242   0
0.649070754338847   0.640654970207474   0.0101887596950789   0.032557756797842   0
0.649793444002785   0.623314863410692   0.000722689663937515   -0.0173401067967822   0
0.659866342042841   0.628233274367669   0.0100728980400566   0.00491841095697654   0
0.662119290866835   0.636108963411537   0.00225294882399329   0.00787568904386826   0
0.671236828509878   0.643058335235422   0.00911753764304379   0.006949371823885   0
0.608458553781603   0.616105219724277   -0.0627782747282754   -0.0269531155111447   0
0.63014038401772   0.619245390348003   0.0216818302361171   0.00314017062372518   0
0.671595947589769   0.630987737847575   0.0414555635720489   0.0117423474995724   0
0.678788089860893   0.640585778081728   0.00719214227112397   0.00959804023415289   0
0.676201385982017   0.64366596621121   -0.00258670387887661   0.00308018812948185   0
0.699545593314689   0.633639715433495   0.0233442073326723   -0.0100262507777151   0
0.729366222559696   0.648140965020218   0.0298206292450072   0.0145012495867239   0
0.719560425858037   0.627887690092145   -0.0098057967016586   -0.0202532749280732   0
0.725271661298716   0.683259907221988   0.00571123544067909   0.055372217129843   0
0.729870022774603   0.666864199629505   0.00459836147588688   -0.0163957075924834   0
0.75040503281961   0.650143299230254   0.0205350100450067   -0.0167209003992504   0
0.706211031152162   0.600418577176997   -0.0441940016674481   -0.049724722053257   0
0.753120338270718   0.592601576411167   0.0469093071185557   -0.00781700076583058   0
0.760372759807977   0.602905874823135   0.00725242153725969   0.0103042984119683   0
0.730699888133288   0.611357739449661   -0.0296728716746891   0.00845186462652625   0
0.759043931743743   0.598430093586544   0.0283440436104548   -0.0129276458631173   0
0.771919621050016   0.59499190266465   0.0128756893062728   -0.00343819092189435   0
0.773450929970997   0.568488467547056   0.00153130892098119   -0.0265034351175939   0
0.76589563121159   0.562979593038238   -0.00755529875940686   -0.00550887450881787   0
0.756214601876346   0.566850174777472   -0.00968102933524451   0.0038705817392336   0
0.785455132257088   0.583227141587864   0.0292405303807427   0.0163769668103921   0
0.798197948455144   0.587700412946299   0.0127428161980553   0.004473271358435   0
0.809639545423147   0.613504826851631   0.0114415969680033   0.0258044139053325   0
0.795121869115672   0.595012375355757   -0.0145176763074748   -0.0184924514958744   0
0.781575984863916   0.594669197936973   -0.0135458842517563   -0.00034317741878398   0
0.752323759513815   0.58997905668432   -0.0292522253501011   -0.00469014125265255   0
0.795245118423873   0.616014682019976   0.0429213589100584   0.026035625335656   0
0.793840171705867   0.62685235164103   -0.00140494671800639   0.0108376696210541   0
0.782601089783933   0.645282280291636   -0.0112390819219335   0.0184299286506057   0
0.780974204752628   0.622502715515019   -0.00162688503130504   -0.0227795647766171   0
0.796412711783281   0.630432749308213   0.0154385070306531   0.00793003379319435   0
0.759687318702899   0.625908299080225   -0.0367253930803824   -0.00452445022798864   0
0.746359365813815   0.659815853222937   -0.0133279528890841   0.0339075541427125   0
0.747642626160387   0.643166787723223   0.001283260346572   -0.0166490654997137   0
0.806934367714004   0.663501390054226   0.0592917415536175   0.0203346023310025   0
0.787112006808434   0.640645790711273   -0.0198223609055705   -0.0228555993429527   0
0.781440894045097   0.623260217031256   -0.00567111276333709   -0.0173855736800174   0
0.792391901226281   0.638873124288162   0.010951007181184   0.0156129072569058   0
0.82157677656869   0.657058506158234   0.0291848753424097   0.0181853818700722   0
0.809502236563309   0.66202423882608   -0.012074540005381   0.00496573266784572   0
0.838013528221353   0.66711833480519   0.0285112916580433   0.0050940959791107   0
0.853125800488416   0.691320294727415   0.0151122722670628   0.0242019599222247   0
