0.25061580168489   0.200918193577635   0   0   0
0.252596255512626   0.199845793497762   0.00198045382773654   -0.00107240007987333   0
0.149962296775056   0.203672045894251   -0.10263395873757   0.00382625239648962   0
0.295689413764189   0.178299224807969   0.145727116989133   -0.0253728210862827   0
0.167087076133135   0.203406874893648   -0.128602337631055   0.0251076500856791   0
0.0960962609869916   0.19842065637743   -0.0709908151461433   -0.004986218516218   0
0.117181141109735   0.160279434021493   0.0210848801227433   -0.038141222355937   0
0.119162032419181   0.172519031137213   0.00198089130944636   0.0122395971157199   0
0.11519913144959   0.127983603185379   -0.00396290096959087   -0.0445354279518337   0
0.141610293724362   0.182454008245229   0.0264111622747713   0.05447040505985   0
0.104201734115033   0.184308529053704   -0.0374085596093289   0.00185452080847509   0
0.221698343370581   0.102015854990058   0.117496609255548   -0.0822926740636461   0
0.162495770394955   0.107148554571445   -0.0592025729756257   0.00513269958138757   0
0.149149877495792   0.142630263972097   -0.0133458928991634   0.0354817094006514   0
0.179240178403616   0.0585761205842449   0.0300903009078239   -0.0840541433878518   0
0.152689948063388   0.053249029263288   -0.0265502303402281   -0.00532709132095694   0
0.108617757266756   0.0785349429831715   -0.0440721907966312   0.0252859137198835   0
0.13211375348797   0.067390604671664   0.0234959962212133   -0.0111443383115075   0
0.0993286824590964   0.0602260858387169   -0.0327850710288732   -0.00716451883294706   0
0.154164114207587   0.0398723910482307   0.0548354317484908   -0.0203536947904863   0
0.0739102165335754   0.0497476185364184   -0.0802538976740118   0.00987522748818775   0
0.112731792688221   0.0711092259294284   0.0388215761546455   0.02136160739301   0
0.159239934306576   0.0767187690073296   0.0465081416183547   0.00560954307790117   0
0.125594533102321   0.137304161259046   -0.0336454012042542   0.060585392251716   0
0.0901741314375853   0.119650394007719   -0.0354204016647361   -0.0176537672513262   0
0.149443245267794   0.165365403711213   0.0592691138302087   0.0457150097034937   0
0.179178187348854   0.17511965879221   0.0297349420810598   0.00975425508099675   0
0.120982447974903   0.167301157633517   -0.0581957393739511   -0.00781850115869254   0
0.151939516108384   0.183113735390774   0.0309570681334819   0.0158125777572569   0
0.128242453014788   0.154013616514398   -0.0236970630935968   -0.0291001188763761   0
0.165765729999448   0.19019893716832   0.0375232769846607   0.0361853206539223   0
0.106323275084245   0.169017335077471   -0.0594424549152035   -0.0211816020908498   0
0.180423693654797   0.206538761449401   0.0741004185705521   0.0375214263719302   0
0.179134251763447   0.218992803223875   -0.00128944189134994   0.0124540417744745   0
0.130585583530495   0.206402106451103   -0.0485486682329515   -0.0125906967727723   0
0.167167142113814   0.206835302265794   0.0365815585833183   0.000433195814691201   0
0.0982427645900196   0.181886442675238   -0.0689243775237942   -0.0249488595905567   0
0.165385006632282   0.215169822889904   0.0671422420422625   0.033283380214666   0
0.137688005616902   0.199437407275196   -0.0276970010153803   -0.0157324156147074   0
0.152021569785113   0.204522867452175   0.0143335641682112   0.00508546017697892   0
0.239876393718598   0.269530348866783   0.0878548239334853   0.0650074814146083   0
0.164496163106925   0.232750951004502   -0.0753802306116735   -0.0367793978622817   0
0.163176031732777   0.215508327718612   -0.00132013137414824   -0.0172426232858902   0
0.0893827758950375   0.207389511123658   -0.073793255837739   -0.00811881659495323   0
0.225486248395272   0.266774133411581   0.136103472500235   0.0593846222879226   0
0.194916349737599   0.260791948440462   -0.030569898657673   -0.00598218497111913   0
0.239683620805297   0.27078406903917   0.0447672710676982   0.00999212059870819   0
0.249948920376244   0.27196976732029   0.0102652995709466   0.00118569828111964   0
0.236115257407589   0.262529782374253   -0.0138336629686547   -0.00943998494603693   0
0.292269634197202   0.311633482539108   0.0561543767896122   0.0491037001648553   0
0.228074436244161   0.272463289825845   -0.0641951979530403   -0.0391701927132628   0
0.243392378612264   0.328309007008854   0.0153179423681024   0.0558457171830093   0
0.21093791571607   0.29655539419517   -0.0324544628961934   -0.0317536128136847   0
0.255229183175298   0.299290445533269   0.044291267459228   0.00273505133809898   0
0.291850865748823   0.261899684024747   0.0366216825735248   -0.0373907615085214   0
0.287279706534287   0.254024928522123   -0.00457115921453605   -0.00787475550262462   0
0.295299870929875   0.272096445896584   0.0080201643955875   0.018071517374461   0
0.206115569056755   0.266217793451696   -0.0891843018731192   -0.00587865244488722   0
0.264889823711312   0.30513893078579   0.0587742546545567   0.0389211373340933   0
0.245412343422677   0.279865434135483   -0.019477480288635   -0.0252734966503066   0
0.261661630625814   0.273446987347668   0.016249287203137   -0.00641844678781534   0
0.285758304212861   0.298401038389183   0.0240966735870468   0.0249540510415149   0
0.2145117287547   0.260695677364513   -0.0712465754581609   -0.0377053610246693   0
0.24790261906055   0.281736025839743   0.0333908903058496   0.0210403484752298   0
0.265681864336202   0.293935420446452   0.0177792452756523   0.0121993946067088   0
0.271233482203765   0.280617199981777   0.00555161786756281   -0.0133182204646753   0
0.323387910787107   0.282384985101944   0.0521544285833424   0.00176778512016701   0
0.331874017434658   0.300843040583109   0.00848610664755134   0.018458055481165   0
0.293415176378694   0.266604901399848   -0.0384588410559647   -0.0342381391832611   0
0.307976265883046   0.268492580837129   0.0145610895043526   0.00188767943728174   0
0.335643848199606   0.315284907006591   0.0276675823165594   0.0467923261694621   0
0.345954479780635   0.31065558269671   0.0103106315810296   -0.00462932430988139   0
0.380401915408808   0.329580100139606   0.0344474356281728   0.0189245174428956   0
0.37669627936814   0.331009705502271   -0.00370563604066776   0.00142960536266501   0
0.379428436148189   0.363386550838566   0.00273215678004818   0.0323768453362957   0
0.341601110589881   0.309382042994358   -0.0378273255583077   -0.0540045078442088   0
0.369798162508428   0.320507105163099   0.0281970519185475   0.0111250621687417   0
0.371429428656939   0.282694312102601   0.00163126614851045   -0.0378127930604987   0
0.323600040330582   0.249284016057519   -0.0478293883263571   -0.0334102960450811   0
0.498612311996593   0.339039276101287   0.175012271666011   0.0897552600437679   0
0.490928728268259   0.343416983426173   -0.007683583728334   0.00437770732488579   0
0.497820944225381   0.352282839574996   0.00689221595712225   0.00886585614882301   0
0.503737267125671   0.388575990659372   0.00591632290029037   0.036293151084376   0
0.549037141696561   0.394809199627098   0.0452998745708899   0.00623320896772611   0
0.510185889984984   0.389412076159163   -0.0388512517115776   -0.00539712346793497   0
0.501512160886902   0.427295419038076   -0.00867372909808162   0.0378833428789127   0
0.481722747235472   0.43193689277428   -0.0197894136514307   0.00464147373620416   0
0.509302622073046   0.438820354635527   0.0275798748375746   0.00688346186124705   0
0.47981375212751   0.424128436476703   -0.0294888699455357   -0.0146919181588244   0
0.526120478987673   0.409912989521743   0.0463067268601622   -0.01421544695496   0
0.483225139150065   0.401696035217713   -0.0428953398376073   -0.00821695430402991   0
0.520931221900598   0.467940808085008   0.0377060827505326   0.0662447728672947   0
0.526965783162256   0.455013311110785   0.00603456126165824   -0.0129274969742226   0
0.530401889258183   0.467691223305773   0.00343610609592704   0.0126779121949875   0
0.531415120695601   0.457435495081274   0.00101323143741761   -0.0102557282244988   0
0.602320896193981   0.490202828873162   0.0709057754983797   0.0327673337918878   0
0.579500461448522   0.493101162618027   -0.0228204347454584   0.00289833374486553   0
0.573742214995768   0.526715551828024   -0.00575824645275425   0.033614389209997   0
0.591146691716502   0.543007753557903   0.0174044767207343   0.0162922017298787   0
0.562664106587092   0.519491600502116   -0.0284825851294106   -0.0235161530557868   0
0.508700360216936   0.500332408353686   -0.053963746370156   -0.0191591921484295   0
0.623592840102386   0.578108110027225   0.11489247988545   0.0777757016735384   0
0.617539541057717   0.578363701434108   -0.00605329904466867   0.000255591406883582   0
0.617295083006734   0.583993456480678   -0.00024445805098372   0.00562975504656993   0
0.606145565014015   0.583863161785576   -0.0111495179927181   -0.000130294695102173   0
0.560619913583526   0.553460344456809   -0.0455256514304895   -0.0304028173287669   0
0.580486838212547   0.610425918578577   0.0198669246290213   0.0569655741217682   0
0.527729235126158   0.531727194720187   -0.052757603086389   -0.0786987238583902   0
0.568580772975626   0.562240691922285   0.0408515378494675   0.030513497202098   0
0.553612027629458   0.55584216113592   -0.0149687453461675   -0.00639853078636521   0
0.534415076484828   0.577901792851735   -0.0191969511446298   0.0220596317158154   0
0.555341561241449   0.587663862630033   0.0209264847566207   0.0097620697782973   0
0.533410157964216   0.565970447010487   -0.021931403277233   -0.021693415619546   0
0.613057382599704   0.60345767833399   0.079647224635488   0.0374872313235037   0
0.603909202257227   0.596453415179467   -0.00914818034247744   -0.00700426315452318   0
0.615245843315792   0.63551912390895   0.0113366410585654   0.0390657087294832   0
0.592905348440069   0.606956126009327   -0.0223404948757228   -0.0285629978996235   0
0.611795612882186   0.633117076540745   0.0188902644421172   0.0261609505314183   0
0.604442526195006   0.61747630741673   -0.00735308668718082   -0.0156407691240155   0
0.663244753444398   0.627428107081799   0.0588022272493929   0.00995179966506954   0
0.601810182439978   0.560992488906937   -0.0614345710044202   -0.0664356181748623   0
0.623561324260759   0.618305302388715   0.0217511418207812   0.0573128134817776   0
0.616185928411514   0.638700026557851   -0.00737539584924507   0.0203947241691365   0
0.629532479223145   0.667086227823098   0.0133465508116311   0.0283862012652466   0
0.626712733517167   0.702125760141657   -0.00281974570597809   0.0350395323185596   0
0.634813659190821   0.638452604419467   0.00810092567365372   -0.0636731557221908   0
0.654673428864506   0.625657044920178   0.0198597696736853   -0.0127955594992885   0
0.648955971429102   0.630632616728829   -0.00571745743540408   0.00497557180865071   0
0.664681079268013   0.667783516362152   0.0157251078389103   0.0371508996333227   0
0.558543172334064   0.567234182195722   -0.106137906933949   -0.100549334166429   0
0.459492484839796   0.535168305711857   -0.0990506874942682   -0.0320658764838651   0
0.558523904225021   0.620870649287152   0.0990314193852248   0.0857023435752949   0
0.660025653908361   0.653429775765154   0.101501749683341   0.0325591264780021   0
0.649624996367012   0.62907088933462   -0.0104006575413497   -0.0243588864305342   0
0.693915521373459   0.683258034891102   0.0442905250064478   0.0541871455564816   0
0.636502784616501   0.67032495638235   -0.0574127367569583   -0.0129330785087515   0
0.597091630411321   0.696807670869444   -0.0394111542051798   0.0264827144870941   0
0.60991486115585   0.669718111966706   0.012823230744529   -0.0270895589027379   0
0.576257550559956   0.642698887961929   -0.0336573105958945   -0.0270192240047776   0
0.57321210774394   0.674296749318132   -0.00304544281601604   0.0315978613562033   0
0.602548145848687   0.716274827349984   0.0293360381047468   0.0419780780318522   0
0.556480392729349   0.69683521015804   -0.046067753119338   -0.0194396171919442   0
0.56109585679758   0.72611086216655   0.00461546406823099   0.0292756520085093   0
0.547059752771121   0.653528722369568   -0.0140361040264586   -0.0725821397969814   0
0.558480436734782   0.706084426524548   0.0114206839636608   0.05255570415498   0
0.575865692069505   0.693892699270752   0.0173852553347233   -0.0121917272537964   0
0.562678634677033   0.72974635290644   -0.0131870573924722   0.0358536536356878   0
0.539900526842269   0.711156925915968   -0.0227781078347636   -0.0185894269904714   0
0.597683537345274   0.768480159201264   0.0577830105030052   0.0573232332852958   0
0.581344710038932   0.771355473781058   -0.0163388273063424   0.00287531457979384   0
0.630349998214484   0.755316117837426   0.0490052881755519   -0.0160393559436321   0
0.624708544157802   0.790113678688706   -0.00564145405668237   0.0347975608512805   0
0.631264947695696   0.834930152801718   0.00655640353789455   0.0448164741130117   0
0.603275919429907   0.832417109234457   -0.0279890282657889   -0.0025130435672609   0
0.629035003672204   0.862064679108244   0.025759084242297   0.0296475698737872   0
0.653587975542696   0.86868345579532   0.0245529718704918   0.006618776687076   0
0.649883536511858   0.861529765393802   -0.00370443903083773   -0.00715369040151792   0
0.626026404801147   0.840151668957606   -0.023857131710711   -0.0213780964361968   0
0.641604427439065   0.870841720400154   0.0155780226379174   0.0306900514425484   0
0.585612990741326   0.856399779479771   -0.0559914366977392   -0.0144419409203832   0
0.607303416351999   0.917374954082163   0.0216904256106739   0.060975174602392   0
0.633112673814859   0.90216874982026   0.0258092574628596   -0.0152062042619032   0
0.646343921260663   0.909114621256445   0.0132312474458038   0.00694587143618575   0
0.655593268327551   0.951588829688143   0.00924934706688862   0.0424742084316979   0
0.660146654909112   0.980594132238716   0.00455338658156046   0.0290053025505727   0
0.646382829357773   0.996904178406832   -0.0137638255513388   0.0163100461681157   0
0.674659676918697   1.04378824156064   0.0282768475609234   0.046884063153807   0
0.705927273421852   1.08880525202869   0.0312675965031554   0.0450170104680472   0
0.693477181978614   1.03823660253203   -0.0124500914432377   -0.0505686494966571   0
0.699159758332107   1.09945363609624   0.00568257635349267   0.0612170335642144   0
0.707018864064291   1.12915162381365   0.00785910573218396   0.0296979877174059   0
0.729023270263028   1.13252134812649   0.0220044061987371   0.00336972431284455   0
0.724118082492359   1.12345470151994   -0.00490518777066939   -0.00906664660655698   0
0.693475547884711   1.07277001641883   -0.0306425346076475   -0.0506846851011098   0
0.714458856954688   1.04912472828973   0.0209833090699775   -0.0236452881290967   0
0.70769083847669   1.09679679850964   -0.00676801847799879   0.047672070219912   0
0.67635522215327   1.09536799036226   -0.0313356163234192   -0.001428808147385   0
0.710843527586775   1.13622462890267   0.0344883054335043   0.0408566385404083   0
0.725131732357646   1.13930563039522   0.0142882047708708   0.00308100149255486   0
0.75239373162448   1.14482712359869   0.0272619992668344   0.00552149320346973   0
0.768208724664072   1.0897920616371   0.0158149930395921   -0.0550350619615858   0
0.748620323971611   1.04971139653954   -0.0195884006924609   -0.0400806650975603   0
0.759685593619492   1.06012883531024   0.0110652696478808   0.0104174387706979   0
0.797126743341835   1.13045126991879   0.0374411497223432   0.0703224346085458   0
0.756436181070816   1.12719941439226   -0.0406905622710194   -0.00325185552652929   0
0.75058765798239   1.13348448431419   -0.00584852308842532   0.00628506992192923   0
0.754193085502645   1.11263114134065   0.00360542752025461   -0.0208533429735365   0
0.76097847484078   1.11761863046658   0.00678538933813522   0.00498748912593161   0
0.807811599085554   1.18327541728416   0.0468331242447739   0.0656567868175759   0
0.825529473510183   1.20391591340508   0.0177178744246288   0.0206404961209261   0
0.792658892362913   1.21989060617131   -0.0328705811472702   0.0159746927662228   0
0.804073751854269   1.22488960744428   0.0114148594913558   0.00499900127297148   0
0.806925464414775   1.16542310405921   0.0028517125605062   -0.0594665033850708   0
0.794151868055474   1.19856068384125   -0.0127735963593004   0.0331375797820397   0
0.755662799658684   1.20636025113769   -0.0384890683967907   0.00779956729644615   0
0.784665492805852   1.25555169972208   0.0290026931471677   0.0491914485843843   0
0.790427104513123   1.26732856878159   0.00576161170727174   0.0117768690595144   0
0.793646230052786   1.26905496135904   0.00321912553966308   0.00172639257744955   0
0.800165141605781   1.27604956115544   0.00651891155299489   0.00699459979640116   0
0.788127678649849   1.25183752071705   -0.0120374629559319   -0.0242120404383974   0
0.789586003499302   1.24171746651563   0.00145832484945285   -0.0101200542014137   0
0.765031262934398   1.22520892923411   -0.0245547405649041   -0.0165085372815199   0
0.832656714128602   1.28483370867595   0.0676254511942036   0.0596247794418392   0
0.825069860868763   1.28180823719853   -0.00758685325983854   -0.00302547147742271   0
0.833732960681056   1.25928739143414   0.0086630998122933   -0.0225208457643895   0
0.827900249989387   1.28231346045926   -0.00583271069166902   0.0230260690251198   0
0.827083666100353   1.31362772393856   -0.000816583889034606   0.0313142634793004   0
0.785280772069048   1.30499470384941   -0.0418028940313049   -0.00863302008915312   0
0.725288149253798   1.26884770092789   -0.0599926228152495   -0.0361470029215134   0
0.764989012121357   1.31054516999606   0.0397008628675588   0.0416974690681662   0
0.755926454378334   1.27218365117816   -0.00906255774302289   -0.0383615188178972   0
0.76687421216667   1.33961495249568   0.0109477577883352   0.0674313013175165   0
0.757077705799081   1.33172767751143   -0.00979650636758844   -0.00788727498424402   0
0.750268799094091   1.36222184201032   -0.00680890670498979   0.0304941644988892   0
0.755303428170428   1.34567517852564   0.00503462907633623   -0.0165466634846887   0
0.742476920486294   1.31841431126562   -0.0128265076841338   -0.027260867260015   0
0.737878936705094   1.33492052559319   -0.0045979837811998   0.0165062143275703   0
0.74371659730435   1.36213448376069   0.00583766059925572   0.0272139581674993   0
0.692116010902659   1.36954040459747   -0.0516005864016904   0.0074059208367796   0
0.728510502988536   1.40778371999217   0.036394492085877   0.0382433153947035   0
0.728268770601211   1.41811850648139   -0.000241732387324722   0.0103347864892145   0
0.734569841088674   1.42071418186418   0.00630107048746287   0.00259567538279049   0
0.738720820837453   1.41484018314791   0.00415097974877854   -0.00587399871627214   0
0.704982284759163   1.37883170817725   -0.0337385360782896   -0.0360084749706531   0
0.746507756500822   1.4421620364751   0.0415254717416583   0.0633303282978448   0
0.743112863682395   1.46538177377092   -0.00339489281842642   0.0232197372958201   0
0.724894960933438   1.49219749802933   -0.0182179027489576   0.0268157242584153   0
0.77800757804292   1.51791815270949   0.0531126171094823   0.0257206546801605   0
0.727130433291586   1.47270022491001   -0.0508771447513336   -0.0452179277994811   0
0.736023183087061   1.52263007140605   0.00889274979547527   0.0499298464960403   0
0.767504884979405   1.5313304457644   0.0314817018923437   0.00870037435834892   0
0.722326385699263   1.53113957649197   -0.0451784992801424   -0.000190869272434391   0
0.753784403023199   1.52709040348795   0.0314580173239358   -0.00404917300401353   0
0.752727841615155   1.51725973727309   -0.00105656140804344   -0.00983066621486528   0
0.815254175299391   1.55400407528423   0.0625263336842358   0.0367443380111441   0
0.82090150710986   1.52424228492389   0.00564733181046928   -0.0297617903603427   0
0.783683824821362   1.43941543334438   -0.0372176822884978   -0.0848268515795056   0
0.791697807179608   1.42433927505001   0.00801398235824569   -0.0150761582943695   0
0.806189543135484   1.43772127984704   0.0144917359558756   0.0133820047970219   0
0.860876050819164   1.41612774933973   0.0546865076836804   -0.0215935305073096   0
0.854734390065709   1.36533003880014   -0.00614166075345501   -0.0507977105395836   0
0.857821464639123   1.37941369833346   0.00308707457341384   0.0140836595333191   0
0.860375093498969   1.3886217391086   0.00255362885984622   0.00920804077514026   0
0.85917145751674   1.37053265968929   -0.00120363598222883   -0.0180890794193123   0
0.845983551916348   1.32889171387288   -0.0131879056003925   -0.0416409458164102   0
