0.567711625470969   0.78572182925384   0   0   0
0.579416391607115   0.916039914105275   0.0117047661361459   0.130318084851436   0
0.559057186849977   1.05204743575326   -0.0203592047571383   0.13600752164798   0
0.577195410167787   1.03581465654286   0.0181382233178101   -0.0162327792103967   0
0.224732950928074   0.925023393999444   -0.352462459239713   -0.110791262543415   1
0.147841544806526   1.03550576509416   -0.0768914061215479   0.110482371094721   1
0.415647324366463   0.435095595131705   0.267805779559937   -0.600410169962459   1
0.277863601658818   0.289966477173655   -0.137783722707646   -0.14512911795805   1
0.150514165667089   0.228290400013886   -0.127349435991728   -0.0616760771597696   0
0.673435861324833   0.313977655533001   0.522921695657744   0.0856872555191155   1
0.226017963330904   0.396917517853206   -0.447417897993929   0.0829398623202046   1
0.232600532449039   0.255410496126314   0.00658256911813465   -0.141507021726892   1
0.246787933568479   0.143662308773723   0.0141874011194401   -0.111748187352592   0
0.227111949145988   0.107910868457434   -0.0196759844224906   -0.0357514403162889   0
0.21632069030384   0.0692516325450891   -0.010791258842148   -0.0386592359123445   0
0.179891665711172   0.0740107888010593   -0.0364290245926685   0.00475915625597011   0
0.192507908972281   0.0558063457728823   0.0126162432611091   -0.0182044430281769   0
0.188775474174375   0.0453097393098051   -0.00373243479790628   -0.0104966064630772   0
0.137427301945028   0.0686802092929433   -0.0513481722293463   0.0233704699831382   0
0.134333190274779   0.0644622356001558   -0.00309411167024928   -0.00421797369278749   0
0.0763568966073137   0.0523379957603938   -0.0579762936674653   -0.012124239839762   0
0.182447663878412   0.0882548506630797   0.106090767271098   0.0359168549026859   0
0.54493853319435   0.143126702366295   0.362490869315938   0.0548718517032153   0
0.0956867361999039   0.191421230158125   -0.449251796994446   0.0482945277918303   1
0.568718345962578   0.501349661465429   0.473031609762674   0.309928431307303   1
0.314412454538445   0.278187065953829   -0.254305891424132   -0.2231625955116   0
0.282794022169564   0.213354991966769   -0.0316184323688812   -0.0648320739870601   0
0.266183979730186   0.122754389953924   -0.0166100424393784   -0.090600602012845   0
0.355824614411426   0.118605570515902   0.0896406346812401   -0.00414881943802227   0
0.279776774511556   0.078102071350589   -0.0760478398998701   -0.0405034991653126   0
0.177027700270805   0.0749549138097464   -0.102749074240751   -0.00314715754084266   0
0.173775456994738   0.0926300750323565   -0.00325224327606716   0.0176751612226102   0
0.115118602768187   0.11598613938204   -0.0586568542265512   0.0233560643496834   0
0.131053324373402   0.208885822542298   0.0159347216052148   0.0928996831602582   0
0.0707798095269802   0.216833607966276   -0.0602735148464213   0.00794778542397742   0
0.218937711563837   0.197651921233389   0.148157902036857   -0.0191816867328861   0
0.655149787665386   0.389569089812706   0.436212076101548   0.191917168579316   1
0.676117185532942   0.304511196127088   0.0209673978675565   -0.0850578936856175   0
0.320231685780226   0.213909348701757   -0.355885499752716   -0.090601847425331   0
0.337585020867031   0.242265288656485   0.0173533350868045   0.0283559399547277   0
0.319976063271052   0.218898471267069   -0.017608957595979   -0.0233668173894156   0
0.329297145047387   0.255131934754237   0.0093210817763355   0.0362334634871671   0
0.304115255556573   0.239855251197071   -0.0251818894908138   -0.0152766835571655   0
0.329011378196395   0.256068693698898   0.024896122639822   0.0162134425018269   0
0.326982496761769   0.27601301931985   -0.00202888143462687   0.0199443256209523   0
0.400537699687108   0.28693314603209   0.0735552029253395   0.0109201267122396   0
0.40697079531635   0.320039173929259   0.00643309562924194   0.0331060278971693   0
0.278170731374403   0.27763336911969   -0.128800063941947   -0.0424058048095691   0
0.311255552807271   0.269279420073276   0.0330848214328687   -0.00835394904641362   0
0.342503002016479   0.29998079911261   0.0312474492092076   0.0307013790393336   0
0.362403967609296   0.303433768697652   0.0199009655928177   0.00345296958504182   0
0.38313356045374   0.324239202039266   0.020729592844444   0.0208054333416143   0
0.388448310184593   0.350939914914305   0.00531474973085228   0.0267007128750394   0
0.296620325420966   0.330163333626707   -0.0918279847636264   -0.0207765812875988   0
0.403421756995083   0.386070039337502   0.106801431574117   0.0559067057107949   0
0.396816784377965   0.379743988060127   -0.00660497261711873   -0.00632605127737446   0
0.462154665614229   0.447445810412624   0.0653378812362647   0.067701822352497   0
0.375205878187989   0.429343759974522   -0.0869487874262403   -0.0181020504381021   0
0.403784850742831   0.441839790968469   0.0285789725548417   0.0124960309939466   0
0.358471898733555   0.429115776582789   -0.0453129520092759   -0.0127240143856796   0
0.367945894464607   0.436118140841745   0.00947399573105262   0.00700236425895578   0
0.387650880061254   0.429980126370513   0.0197049855966462   -0.00613801447123152   0
0.427051299973223   0.456764518700927   0.0394004199119694   0.0267843923304142   0
0.442924010051026   0.480195964645945   0.0158727100778034   0.023431445945018   0
0.440166125210028   0.46749614945453   -0.00275788484099843   -0.0126998151914151   0
0.395046100088382   0.496829495044326   -0.0451200251216458   0.0293333455897957   0
0.549929198332076   0.608337370724707   0.154883098243694   0.111507875680381   0
0.521410178763936   0.525557920548725   -0.02851901956814   -0.0827794501759822   0
0.529138984735126   0.554095487172789   0.00772880597118974   0.0285375666240636   0
0.509047613562268   0.543269916410342   -0.0200913711728582   -0.0108255707624467   0
0.490236175979915   0.53325937103299   -0.0188114375823531   -0.0100105453773521   0
0.475304765545686   0.539517451183231   -0.0149314104342284   0.0062580801502411   0
0.694851085659366   0.705628815045311   0.21954632011368   0.16611136386208   0
1.24678281557174   0.764326204178066   0.551931729912375   0.0586973891327546   1
1.06192278348758   0.726319070723226   -0.184860032084166   -0.0380071334548402   0
0.831035036580288   0.699181060492917   -0.230887746907288   -0.0271380102303086   0
0.856206613157484   0.714583636783862   0.0251715765771966   0.0154025762909448   0
0.800001371785699   0.705287342160981   -0.0562052413717853   -0.00929629462288117   0
0.854989670918895   0.71993271648693   0.0549882991331959   0.0146453743259493   0
0.852573839591035   0.725688058552709   -0.00241583132785972   0.00575534206577921   0
0.87160548742995   0.723766779395994   0.0190316478389145   -0.00192127915671458   0
0.918117832126683   0.769391307206548   0.0465123446967333   0.0456245278105533   0
0.863174866025998   0.743969803194491   -0.0549429661006847   -0.0254215040120566   0
0.706992609801545   0.724752964018948   -0.156182256224453   -0.0192168391755435   0
0.643552485889069   0.60206832330351   -0.0634401239124766   -0.122684640715437   0
0.371917605245355   0.476389912026378   -0.271634880643713   -0.125678411277132   0
0.461477484124632   0.531203801152863   0.0895598788792767   0.0548138891264848   0
0.493263100839704   0.559428910259382   0.0317856167150719   0.0282251091065197   0
0.558602029289189   0.598620962714721   0.065338928449485   0.0391920524553392   0
0.493378862963342   0.570031191254917   -0.0652231663258472   -0.0285897714598042   0
0.64396267407436   0.672779993797564   0.150583811111018   0.102748802542647   0
0.562857258754829   0.630585577848281   -0.0811054153195312   -0.0421944159492831   0
0.578040207205347   0.641421548132934   0.015182948450518   0.0108359702846536   0
0.602572166838131   0.674864715304482   0.0245319596327842   0.033443167171548   0
0.583837365854567   0.66485635078677   -0.0187348009835634   -0.0100083645177125   0
0.570245687196317   0.689689173819265   -0.0135916786582503   0.024832823032495   0
0.640635544381515   0.764306832555486   0.0703898571851979   0.0746176587362215   0
0.639646616839329   0.765144946030652   -0.000988927542185492   0.000838113475166158   0
1.02442492637479   0.965847866498135   0.384778309535463   0.200702920467483   0
1.74476438660812   0.865523334297378   0.720339460233325   -0.100324532200758   1
1.43305424789104   0.928232933279681   -0.31171013871708   0.062709598982303   0
1.00967233391477   0.904130180190469   -0.423381913976272   -0.0241027530892116   0
0.86757345993812   0.852029257761287   -0.142098873976646   -0.0521009224291819   0
0.933092994704172   0.896988464829537   0.0655195347660524   0.0449592070682502   0
0.90386239056009   0.870689962228376   -0.0292306041440824   -0.0262985026011617   0
0.9846764720968   0.899720789156836   0.0808140815367103   0.0290308269284607   0
0.920627870646441   0.882703028305811   -0.0640486014503591   -0.0170177608510249   0
0.857734173693109   0.879245842382692   -0.0628936969533321   -0.00345718592311905   0
0.811555875055439   0.862585770418803   -0.0461782986376693   -0.0166600719638892   0
0.803277171032515   0.857251526697532   -0.00827870402292474   -0.00533424372127067   0
0.823036767564487   0.882127655697292   0.0197595965319727   0.0248761289997594   0
0.798234094798637   0.869394111030205   -0.02480267276585   -0.0127335446670871   0
0.81462000884707   0.878284537932326   0.0163859140484324   0.00889042690212161   0
0.770515942197824   0.847713761640832   -0.044104066649246   -0.0305707762914941   0
0.837534417249226   0.892059214681963   0.0670184750514019   0.0443454530411304   0
0.822152993947598   0.878346776362275   -0.0153814233016272   -0.0137124383196877   0
0.848747609177781   0.892770472353477   0.0265946152301829   0.0144236959912017   0
0.86347921616215   0.912212020631854   0.0147316069843682   0.0194415482783774   0
0.823378402567131   0.86901058477213   -0.0401008135950188   -0.0432014358597238   0
0.802090482373404   0.869297965035005   -0.0212879201937266   0.000287380262874337   0
0.821633367052483   0.895552004374397   0.0195428846790787   0.0262540393393924   0
0.788373345176636   0.867043232584743   -0.0332600218758463   -0.0285087717896544   0
0.848553276230196   0.921790322878392   0.0601799310535599   0.0547470902936493   0
0.809203937363753   0.878815217449607   -0.0393493388664439   -0.0429751054287849   0
0.796599482031592   0.863250490273391   -0.0126044553321609   -0.0155647271762159   0
0.845318973925228   0.920810073617247   0.0487194918936361   0.0575595833438559   0
0.833529791168258   0.898664507447579   -0.0117891827569695   -0.0221455661696679   0
0.830634377235857   0.88957797490102   -0.00289541393240123   -0.009086532546559   0
0.906685954532218   0.964085734624261   0.0760515772963614   0.0745077597232403   0
0.836740321766556   0.903126464527671   -0.0699456327656621   -0.0609592700965897   0
0.8696549154544   0.910071914161733   0.032914593687844   0.00694544963406185   0
0.803784848047038   0.887340145743023   -0.0658700674073621   -0.0227317684187092   0
0.877460185056849   0.933648721997331   0.0736753370098112   0.0463085762543078   0
0.827437658667407   0.892805533560501   -0.0500225263894426   -0.0408431884368308   0
0.890787339646225   0.95876736624637   0.0633496809788188   0.0659618326858691   0
0.821777378692064   0.900055284447711   -0.0690099609541615   -0.0587120817986585   0
0.839822936884913   0.907849416054915   0.0180455581928487   0.00779413160720388   0
0.770475729915615   0.85874291046928   -0.0693472069692975   -0.0491065055856349   0
0.884923576244864   0.947980811667093   0.114447846329249   0.0892379011978127   0
0.816882225394212   0.897729421900608   -0.0680413508506524   -0.0502513897664848   0
0.844719336466853   0.91388512409438   0.027837111072641   0.0161557021937719   0
0.841526884878315   0.915783402525401   -0.00319245158853831   0.00189827843102064   0
0.82305374707974   0.898602180448056   -0.0184731377985748   -0.0171812220773447   0
0.854270820535853   0.944802886558355   0.0312170734561136   0.0462007061102993   0
1.00827387182303   1.04123163630818   0.154003051287175   0.0964287497498202   0
0.831051919946907   0.915260723786534   -0.177221951876121   -0.125970912521641   0
0.8736164609421   0.919234198335903   0.0425645409951932   0.00397347454936881   0
0.924902252619162   0.949389154923312   0.0512857916770618   0.030154956587409   0
0.909598544583268   0.946360371796204   -0.0153037080358936   -0.00302878312710742   0
0.872922708359681   0.922794756201101   -0.0366758362235876   -0.023565615595103   0
0.866087961343996   0.903032313167696   -0.00683474701568432   -0.0197624430334054   0
0.811189190983213   0.864438896975373   -0.0548987703607831   -0.0385934161923227   0
0.865314976218487   0.890549605468584   0.0541257852352732   0.0261107084932103   0
0.863566233847179   0.899672031145239   -0.00174874237130784   0.00912242567665555   0
0.886517471684005   0.919689919402186   0.022951237836826   0.0200178882569472   0
0.817332104414112   0.881346046568685   -0.0691853672698931   -0.0383438728335017   0
0.883477784659014   0.926223392466553   0.066145680244903   0.0448773458978683   0
0.835659158046509   0.874675358475932   -0.0478186266125057   -0.051548033990621   0
0.850999960877202   0.893954388716365   0.0153408028306936   0.0192790302404332   0
0.874530241772118   0.910897244087389   0.023530280894916   0.0169428553710237   0
0.844868857869078   0.884520569021574   -0.0296613839030405   -0.0263766750658143   0
0.84171519771595   0.887192717027845   -0.00315366015312835   0.00267214800627069   0
0.822425763719742   0.88505467669574   -0.0192894339962081   -0.00213804033210563   0
0.862248559888621   0.911574717028176   0.0398227961688791   0.0265200403324369   0
0.835441618981243   0.887221570647519   -0.0268069409073778   -0.0243531463806578   0
0.863629411820255   0.908464662131114   0.0281877928390125   0.0212430914835957   0
0.812256633902118   0.880399023719359   -0.0513727779181369   -0.0280656384117557   0
0.802190936604871   0.859372074769712   -0.0100656972972476   -0.0210269489496464   0
0.839198312786674   0.917593800634164   0.0370073761818029   0.0582217258644518   0
0.811423229759908   0.893320339151779   -0.0277750830267661   -0.0242734614823849   0
0.826798614954694   0.893893582002914   0.0153753851947861   0.00057324285113447   0
0.803083056659148   0.87886004172863   -0.0237155582955459   -0.0150335402742834   0
0.822289691042032   0.879430993780069   0.0192066343828839   0.000570952051438756   0
0.842182820944479   0.900609959444709   0.0198931299024471   0.0211789656646396   0
0.771346704744371   0.8427884030728   -0.0708361162001078   -0.0578215563719089   0
0.841854230006003   0.923153438842103   0.0705075252616318   0.0803650357693029   0
0.800074066253244   0.897707405965886   -0.0417801637527592   -0.0254460328762167   0
0.847128084823069   0.930571620618746   0.0470540185698248   0.0328642146528604   0
0.822294393665675   0.90577463814185   -0.0248336911573938   -0.024796982476896   0
0.78685159800435   0.894006491520755   -0.0354427956613244   -0.0117681466210953   0
0.836122239223428   0.949867867337347   0.0492706412190779   0.055861375816592   0
0.80562967652576   0.91000743488721   -0.0304925626976686   -0.039860432450137   0
0.818551818242437   0.908703962836632   0.0129221417166775   -0.00130347205057768   0
0.811365210999954   0.905595002266604   -0.0071866072424831   -0.00310896057002874   0
0.799551023604498   0.898405406104199   -0.0118141873954564   -0.00718959616240522   0
0.800296576274696   0.898528702444863   0.000745552670198046   0.00012329634066488   0
0.807045992098963   0.931677832618255   0.00674941582426758   0.033149130173392   0
0.960311599768013   1.08798346662403   0.15326560766905   0.156305634005778   0
0.791576452528428   0.980884568622756   -0.168735147239585   -0.107098898001278   0
0.863598812413496   1.00321870664489   0.0720223598850681   0.0223341380221361   0
0.787526947657031   0.946682901638796   -0.0760718647564647   -0.0565358050060962   0
0.797595000777337   0.990905562527151   0.0100680531203059   0.0442226608883555   0
0.784945106876271   0.953424156927152   -0.0126498939010662   -0.0374814055999997   0
0.648314723350473   0.799632254775437   -0.136630383525798   -0.153791902151714   0
0.608481212807758   0.761445985059512   -0.0398335105427148   -0.0381862697159258   0
0.673958046257332   0.801506378515636   0.0654768334495741   0.0400603934561243   0
0.675765885253909   0.827436719080076   0.00180783899657744   0.0259303405644397   0
0.649929486738369   0.81830339808472   -0.0258363985155402   -0.00913332099535547   0
0.882859799050223   1.00474364584256   0.232930312311854   0.18644024775784   0
1.5448770242919   1.13014269396612   0.662017225241679   0.12539904812356   1
1.29377018819581   1.08965387085544   -0.251106836096096   -0.0404888231106777   0
1.02463119261405   1.06819399598399   -0.269138995581755   -0.0214598748714501   0
1.00541679016448   1.06728521586313   -0.0192144024495728   -0.000908780120866259   0
1.00025405256615   1.07159787237051   -0.00516273759833052   0.00431265650738188   0
0.948638444982597   1.06950294018074   -0.0516156075835493   -0.00209493218976697   0
0.94413432883568   1.05816708740586   -0.00450411614691715   -0.0113358527748815   0
0.967427080267035   1.06847960895377   0.0232927514313549   0.0103125215479098   0
0.938629765344143   1.05171860223826   -0.0287973149228924   -0.0167610067155091   0
0.950857934594858   1.06643503406455   0.0122281692507158   0.0147164318262858   0
0.89618238331603   1.05222764063023   -0.0546755512788283   -0.0142073934343212   0
0.91317522621291   1.07618215691815   0.0169928428968804   0.023954516287924   0
0.879255092000609   1.06828257749015   -0.033920134212301   -0.00789957942799813   0
0.867744227496213   1.05542866488882   -0.0115108645043961   -0.0128539126013296   0
0.885411583209188   1.06598475261387   0.0176673557129742   0.010556087725047   0
0.896268049221883   1.07040282896499   0.0108564660126956   0.00441807635112013   0
0.879456976665147   1.05556689905484   -0.0168110725567366   -0.0148359299101486   0
0.945560672152771   1.10772261769599   0.0661036954876245   0.0521557186411472   0
0.898112247973492   1.07177388401239   -0.0474484241792786   -0.0359487336835991   0
0.919909829553962   1.08982441570982   0.0217975815804697   0.0180505316974318   0
0.922513996850454   1.10207610776899   0.00260416729649215   0.0122516920591718   0
0.913157750227747   1.09513358981907   -0.00935624662270751   -0.00694251794992318   0
0.856923772975753   1.06922771793992   -0.0562339772519937   -0.0259058718791525   0
0.92359777185147   1.10665329814141   0.0666739988757168   0.0374255802014896   0
0.894556541093966   1.09329807816761   -0.0290412307575041   -0.0133552199737905   0
0.840474220978252   1.06421637370755   -0.0540823201157136   -0.0290817044600638   0
0.893871679102767   1.09329672091981   0.0533974581245148   0.0290803472122547   0
0.89540236316474   1.11309785466834   0.00153068406197254   0.0198011337485293   0
0.883083372914472   1.11248823915907   -0.0123189902502677   -0.000609615509264305   0
0.908612881395041   1.12990558644782   0.0255295084805697   0.0174173472887527   0
0.875698928060324   1.09630295715065   -0.0329139533347178   -0.0336026292971781   0
0.931115128177499   1.13300534444911   0.0554162001171751   0.036702387298466   0
0.87779605127558   1.09533263413232   -0.0533190769019191   -0.03767271031679   0
0.896686421646386   1.10215544139937   0.0188903703708062   0.00682280726705287   0
0.857369567873738   1.07922658954468   -0.039316853772648   -0.0229288518546902   0
0.847561101311286   1.13482869909086   -0.00980846656245182   0.0556021095461745   0
0.859769462040843   1.12973454359431   0.0122083607295567   -0.00509415549654602   0
0.978973362466518   1.19941671109294   0.119203900425675   0.0696821674986252   0
1.0835926999994   1.23237353359848   0.104619337532887   0.0329568225055406   0
0.850228205974143   1.12538188560995   -0.233364494025262   -0.106991647988531   0
0.885093655687917   1.13699840268138   0.0348654497137734   0.0116165170714289   0
0.850491530766768   1.10463995385872   -0.0346021249211487   -0.0323584488226538   0
0.853097907436772   1.08728135260428   0.00260637667000463   -0.0173586012544389   0
0.893815026001465   1.12365410867012   0.0407171185646927   0.0363727560658402   0
0.865144346926569   1.10129008575443   -0.028670679074896   -0.0223640229156932   0
0.87741584029068   1.10308258111077   0.0122714933641107   0.00179249535634041   0
