0.049707233590903   0.0979870037520283   0   0   0
0.158556428906714   0.0330048181368266   0.108849195315811   -0.0649821856152016   0
0.11090940565998   0.0316124760541625   -0.0476470232467345   -0.0013923420826641   0
0.108636704001594   0.0704518031076487   -0.00227270165838576   0.0388393270534862   0
0.115591549622366   0.0303516645263897   0.0069548456207722   -0.040100138581259   0
0.1021515087404   0.0247297590820028   -0.0134400408819665   -0.00562190544438685   0
0.11604976308317   0.0290581076027414   0.0138982543427706   0.00432834852073864   0
0.0824351985325443   0.0814216072455434   -0.0336145645506261   0.0523634996428019   0
0.140275862257482   0.0482770216063473   0.0578406637249374   -0.0331445856391961   0
0.124680078952373   0.063139095845785   -0.0155957833051086   0.0148620742394377   0
0.161240033909696   0.0546857671817211   0.0365599549573231   -0.00845332866406395   0
0.131138201089423   0.0586013319489626   -0.0301018328202731   0.0039155647672415   0
0.148101649849487   0.0538722537108157   0.0169634487600636   -0.00472907823814683   0
0.136017469183521   0.046431334283784   -0.0120841806659661   -0.00744091942703169   0
0.147152628526472   0.0634708929664023   0.0111351593429518   0.0170395586826183   0
0.168783419773685   0.0434458683444985   0.0216307912472126   -0.0200250246219038   0
0.142517250355036   0.0391415488689973   -0.0262661694186491   -0.00430431947550129   0
0.17716329994093   0.0483984876801951   0.0346460495858942   0.00925693881119787   0
0.108485076845896   0.121923148655413   -0.068678223095034   0.0735246609752181   0
0.126329252172646   0.074468187066563   0.0178441753267499   -0.0474549615888502   0
0.0541545931326236   0.0405093396572321   -0.0721746590400225   -0.0339588474093309   0
0.129922633578218   0.0388207672195566   0.0757680404455948   -0.00168857243767553   0
0.148515853549882   0.0219097113617455   0.0185932199716636   -0.0169110558578111   0
0.0929247518747831   0.0307207374411406   -0.0555911016750989   0.00881102607939513   0
0.141286857880448   0.0227820801272074   0.0483621060056652   -0.0079386573139332   0
0.148047986109403   0.0252444290735105   0.00676112822895475   0.00246234894630302   0
0.100656681599832   0.0270641611891538   -0.0473913045095709   0.00181973211564337   0
0.133135368908829   0.0135418989529755   0.0324786873089968   -0.0135222622361783   0
0.136301641432559   0.0196102905759961   0.00316627252373039   0.00606839162302052   0
0.0790724163679092   0.0200831146968666   -0.0572292250646502   0.000472824120870557   0
0.142853663156742   0.0185106774582942   0.0637812467888331   -0.00157243723857245   0
0.14352862179879   0.019351527889743   0.000674958642047307   0.000840850431448794   0
0.113712578297654   0.034480289384208   -0.029816043501136   0.015128761494465   0
0.175803347780212   0.02732586244316   0.0620907694825579   -0.00715442694104801   0
0.150533228911261   0.0223343650071476   -0.0252701188689508   -0.00499149743601233   0
0.127708522538631   0.03640968053317   -0.0228247063726298   0.0140753155260224   0
0.156520351455458   0.0266000997239202   0.0288118289168268   -0.00980958080924981   0
0.145163557012943   0.0287060889914492   -0.0113567944425145   0.00210598926752897   0
0.122772159135775   0.0204176799517994   -0.0223913978771684   -0.00828840903964981   0
0.153289428370387   0.0268940719058123   0.0305172692346122   0.00647639195401288   0
0.168637192898275   0.0247830221350726   0.015347764527888   -0.00211104977073962   0
0.156585540449334   0.0249108482380513   -0.012051652448941   0.000127826102978696   0
0.118612482137674   0.0281326020594434   -0.0379730583116601   0.00322175382139209   0
0.161532501774007   0.0379513684542797   0.0429200196363332   0.00981876639483633   0
0.181040257338582   0.0213935876591562   0.0195077555645749   -0.0165577807951236   0
0.160860646629186   0.035464068552762   -0.0201796107093955   0.0140704808936058   0
0.159840075772692   0.0384911823701546   -0.00102057085649424   0.00302711381739263   0
0.181393667994117   0.0333626811964356   0.0215535922214249   -0.00512850117371896   0
0.152694498038567   0.0241071368845411   -0.02869916995555   -0.00925554431189458   0
0.162833837101384   0.0369712780826887   0.0101393390628166   0.0128641411981477   0
0.191054238594725   0.0323057646840699   0.028220401493341   -0.00466551339861881   0
0.16299945371752   0.0210604082623058   -0.0280547848772046   -0.0112453564217641   0
0.162043278734325   0.0349756375847889   -0.000956174983195612   0.0139152293224831   0
0.190984675683738   0.0394766699977455   0.0289413969494132   0.00450103241295657   0
0.142510980461331   0.0311376868717797   -0.0484736952224063   -0.00833898312596584   0
0.158635408996289   0.0412050115100093   0.0161244285349579   0.0100673246382296   0
0.186953919237228   0.0326756235394659   0.0283185102409387   -0.00852938797054338   0
0.147475002503102   0.0301502101352959   -0.0394789167341258   -0.00252541340417002   0
0.141015480220613   0.0381343008448103   -0.00645952228248955   0.0079840907095144   0
0.177148688937288   0.0324396147510262   0.0361332087166752   -0.00569468609378406   0
0.11959177836415   0.0412758919090188   -0.0575569105731378   0.00883627715799251   0
0.157439871637079   0.0453158902095887   0.0378480932729292   0.00403999830056997   0
0.179609367677218   0.0357859643423563   0.0221694960401385   -0.00952992586723238   0
0.150928523953062   0.0283655100502512   -0.0286808437241558   -0.00742045429210518   0
0.168408429740794   0.0369622860214976   0.0174799057877322   0.00859677597124648   0
0.185327926095772   0.0286588508034795   0.0169194963549781   -0.0083034352180181   0
0.164002402830599   0.0232113013486023   -0.0213255232651734   -0.00544754945487729   0
0.194511087705528   0.00992452783041843   0.0305086848749292   -0.0132867735181838   0
0.134707223850579   0.0564737138367267   -0.059803863854949   0.0465491860063083   0
0.222632579036066   0.0303128671468487   0.0879253551854866   -0.026160846689878   0
0.176851521254413   0.0301358340743209   -0.0457810577816529   -0.000177033072527821   0
0.196481792665376   0.0270978885615482   0.0196302714109637   -0.00303794551277271   0
0.164517371272124   0.0342915312389954   -0.0319644213932522   0.00719364267744726   0
0.143199208008459   0.0361004185157873   -0.021318163263665   0.00180888727679188   0
0.136939970221335   0.0504162776220637   -0.00625923778712478   0.0143158591062764   0
0.1713715522265   0.0292328723277837   0.0344315820051654   -0.02118340529428   0
0.138500600303428   0.0330600986127915   -0.0328709519230717   0.00382722628500786   0
0.179519929173176   0.0713737231391217   0.0410193288697477   0.0383136245263302   0
0.151926601786521   0.050589309719421   -0.0275933273866553   -0.0207844134197008   0
0.137836416315464   0.0569458600069838   -0.0140901854710563   0.00635655028756286   0
0.127634903158345   0.0617400795374042   -0.0102015131571198   0.0047942195304204   0
0.174146914758775   0.0547298668236092   0.0465120116004303   -0.007010212713795   0
0.186427612652311   0.0464723155318572   0.0122806978935359   -0.00825755129175197   0
0.155158119977944   0.063137450683192   -0.0312694926743669   0.0166651351513347   0
0.182917337049526   0.05005872857909   0.0277592170715825   -0.013078722104102   0
0.156666604434417   0.0432782349231112   -0.0262507326151095   -0.0067804936559788   0
0.135682058386988   0.0572912780464444   -0.0209845460474288   0.0140130431233332   0
0.192981767783281   0.0412084390684117   0.0572997093962926   -0.0160828389780327   0
0.175920585508035   0.0524629880753089   -0.0170611822752451   0.0112545490068972   0
0.172398415220906   0.0665924502832153   -0.00352217028712917   0.0141294622079064   0
0.198235348952325   0.0527470933808679   0.0258369337314186   -0.0138453569023474   0
0.184040430445079   0.0509606787194303   -0.0141949185072457   -0.00178641466143759   0
0.191841433167212   0.0732245114441367   0.00780100272213324   0.0222638327247063   0
0.217767671832253   0.0596471929510098   0.025926238665041   -0.0135773184931268   0
0.186947082312509   0.0510185825049315   -0.0308205895197444   -0.00862861044607837   0
0.178313522814199   0.0682235724524889   -0.0086335594983096   0.0172049899475574   0
0.207372949748732   0.0662775872558741   0.0290594269345323   -0.00194598519661483   0
0.175960426756018   0.0526575303560184   -0.0314125229927136   -0.0136200568998557   0
0.168204429095312   0.0720486225265445   -0.00775599766070562   0.0193910921705261   0
0.1950845477146   0.0649798321304003   0.0268801186192875   -0.00706879039614426   0
0.18459258641939   0.063753504474813   -0.0104919612952098   -0.00122632765558729   0
0.171885641660873   0.0715243912400693   -0.0127069447585172   0.00777088676525629   0
0.1538235668374   0.0843366097279823   -0.0180620748234731   0.012812218487913   0
0.215751429686016   0.0620675555718122   0.0619278628486164   -0.0222690541561701   0
0.167338558758106   0.0669384607261214   -0.0484128709279105   0.00487090515430918   0
0.186290555686782   0.075787265421062   0.0189519969286762   0.00884880469494058   0
0.188159476740477   0.0575755250202072   0.00186892105369479   -0.0182117404008548   0
0.163153921730034   0.0567133976081878   -0.0250055550104429   -0.000862127412019374   0
0.150429011307826   0.0678006573758323   -0.0127249104222079   0.0110872597676445   0
0.191683018359087   0.0612819337448852   0.0412540070512609   -0.00651872363094708   0
0.152760184598638   0.0658817946751035   -0.0389228337604487   0.00459986093021832   0
0.18153482851566   0.0551313597712999   0.0287746439170216   -0.0107504349038037   0
0.185540123100665   0.05940133797039   0.00400529458500545   0.00426997819909017   0
0.176078163216823   0.0514750151992692   -0.00946195988384269   -0.00792632277112078   0
0.176145346474694   0.0601458160096985   6.71832578714726e-05   0.00867080081042922   0
0.197782088698876   0.0547176342452321   0.0216367422241819   -0.00542818176446633   0
0.219672428486349   0.0545216723937601   0.0218903397874728   -0.000195961851472061   0
0.1951078338489   0.0511198715477895   -0.0245645946374487   -0.00340180084597056   0
0.190155709956919   0.0579633454354991   -0.00495212389198083   0.00684347388770963   0
0.18206337449056   0.0538363801958768   -0.00809233546635896   -0.0041269652396223   0
0.123923668478503   0.0901628172678411   -0.058139706012057   0.0363264370719642   0
0.290930919537955   0.128351051769756   0.167007251059452   0.0381882345019146   0
0.383159352550463   0.0985476343700701   0.0922284330125082   -0.0298034173996856   0
0.384507308560657   0.203892083574105   0.0013479560101935   0.105344449204035   0
0.354242013721989   0.16588775638168   -0.0302652948386674   -0.0380043271924255   0
0.238649883742712   0.191446788410502   -0.115592129979277   0.0255590320288222   0
0.244063038798504   0.184785853071889   0.00541315505579176   -0.00666093533861353   0
0.236233735111732   0.171139759710954   -0.00782930368677173   -0.0136460933609342   0
0.194471453851022   0.191629483310125   -0.0417622812607106   0.0204897235991709   0
0.193828489706751   0.192904301213192   -0.000642964144270758   0.00127481790306694   0
0.21782432922401   0.185465951954368   0.0239958395172595   -0.00743834925882411   0
0.218948445876672   0.161869387080109   0.00112411665266182   -0.0235965648742597   0
0.255655544431487   0.14395186007395   0.0367070985548149   -0.0179175270061588   0
0.255557868692964   0.143130779550242   -9.76757385233729e-05   -0.000821080523707635   0
0.280422649960092   0.140066381453438   0.0248647812671279   -0.00306439809680412   0
0.249725957114674   0.131732351378607   -0.0306966928454175   -0.00833403007483119   0
0.220835703241686   0.143881360918849   -0.028890253872988   0.0121490095402419   0
0.21937487727641   0.150319446727784   -0.00146082596527589   0.00643808580893573   0
0.218782007388565   0.143171879406305   -0.000592869887845349   -0.00714756732147992   0
0.181809754177079   0.144851650089045   -0.0369722532114855   0.00167977068274011   0
0.17924273718522   0.142387874704985   -0.00256701699185888   -0.00246377538405965   0
0.212483092594234   0.14355756942034   0.033240355409014   0.001169694715355   0
0.236419170516712   0.143790616686584   0.0239360779224773   0.00023304726624393   0
0.214133888938767   0.147120540444549   -0.0222852815779452   0.00332992375796484   0
0.200343749588676   0.138258555427839   -0.0137901393500908   -0.00886198501670948   0
0.26877124667384   0.127843616409617   0.068427497085164   -0.0104149390182218   0
0.235448668481455   0.141512268195181   -0.033322578192385   0.0136686517855631   0
0.210748576142782   0.15528444158966   -0.0247000923386727   0.0137721733944794   0
0.186726902025525   0.156043468478606   -0.0240216741172571   0.000759026888946523   0
0.222107350826599   0.167712550867988   0.0353804488010742   0.011669082389382   0
0.164639616596857   0.168168355328952   -0.0574677342297423   0.000455804460963632   0
0.187715468257706   0.164318140838199   0.0230758516608497   -0.00385021449075301   0
0.221717096055514   0.151343623678723   0.0340016277978075   -0.0129745171594761   0
0.204748197558391   0.163485846870304   -0.0169688984971227   0.0121422231915808   0
0.212769319766737   0.15453511968077   0.00802112220834583   -0.00895072718953341   0
0.222386300532564   0.17370051182203   0.00961698076582723   0.0191653921412596   0
0.199278618433815   0.211338741632693   -0.0231076820987493   0.0376382298106627   0
0.18645025109782   0.203635834742568   -0.0128283673359953   -0.00770290689012457   0
0.254319175618454   0.181697935110722   0.0678689245206343   -0.0219378996318464   0
0.229092008078872   0.195196596859993   -0.0252271675395819   0.0134986617492711   0
0.211476450590627   0.19982006932301   -0.0176155574882449   0.00462347246301725   0
0.212826133503971   0.196880970576666   0.00134968291334359   -0.00293909874634399   0
0.202895603847989   0.191562634589767   -0.00993052965598204   -0.00531833598689921   0
0.210949659593563   0.205530697871881   0.00805405574557397   0.0139680632821144   0
0.213122811052313   0.193978686305591   0.00217315145875049   -0.0115520115662898   0
0.244595114388984   0.200562619136923   0.0314723033366704   0.0065839328313318   0
0.24307956710929   0.195485303254467   -0.00151554727969333   -0.00507731588245622   0
0.196077628195595   0.19788205918014   -0.0470019389136953   0.00239675592567321   0
0.217019047555186   0.196591958094736   0.0209414193595908   -0.00129010108540398   0
0.228848119300225   0.204981695939717   0.0118290717450392   0.00838973784498057   0
0.214512431541764   0.19959166357977   -0.0143356877584609   -0.00539003235994695   0
0.218251869459141   0.193941316080997   0.00373943791737713   -0.00565034749877266   0
0.225923129502249   0.193806616496471   0.00767126004310789   -0.000134699584526582   0
0.202311647845496   0.197482975835646   -0.0236114816567531   0.00367635933917584   0
0.196876334668847   0.199239427071634   -0.00543531317664864   0.00175645123598747   0
0.230853240657891   0.177275479139558   0.0339769059890433   -0.0219639479320755   0
0.190418137182596   0.191795296173583   -0.0404351034752946   0.0145198170340249   0
0.210495601081091   0.186546387012916   0.0200774638984953   -0.00524890916066759   0
0.227969391726697   0.194276956766777   0.017473790645605   0.00773056975386105   0
0.174117652486386   0.209885957800713   -0.0538517392403102   0.0156090010339359   0
0.187131678165403   0.217589244565242   0.0130140256790167   0.00770328676452894   0
0.18141484092885   0.243809615319722   -0.00571683723655295   0.0262203707544801   0
0.135077963668172   0.244748869942233   -0.0463368772606781   0.000939254622511265   0
0.207023273885909   0.228542817356048   0.0719453102177368   -0.0162060525861847   0
0.189726271357553   0.246678795488566   -0.0172970025283554   0.0181359781325183   0
0.169862634316585   0.238123924945605   -0.0198636370409681   -0.00855487054296175   0
0.173032742268682   0.233473931535857   0.0031701079520963   -0.00464999340974784   0
0.191680607725456   0.233483495270656   0.018647865456774   9.56373479921169e-06   0
0.17490654864424   0.234089854167823   -0.0167740590812153   0.00060635889716662   0
0.180343930313055   0.236689151678256   0.00543738166881461   0.00259929751043333   0
0.226447264324179   0.33824295526042   0.0461033340111237   0.101553803582164   0
0.155128595337241   0.335663898509819   -0.0713186689869371   -0.00257905675060111   0
0.151177296892622   0.297742104033239   -0.00395129844461936   -0.0379217944765802   0
0.129596785112517   0.303106157445292   -0.0215805117801047   0.00536405341205304   0
0.216601662949203   0.283632428911241   0.0870048778366853   -0.0194737285340511   0
0.191173813528527   0.276662268687835   -0.0254278494206757   -0.00697016022340535   0
0.195870101888063   0.270987354462109   0.00469628835953559   -0.00567491422572669   0
0.187196843689844   0.282414426361774   -0.00867325819821824   0.0114270718996656   0
0.144374621138204   0.279542271929672   -0.0428222225516401   -0.00287215443210259   0
0.17817813263229   0.27312309034547   0.033803511494086   -0.00641918158420124   0
0.182883046125112   0.275349753889376   0.00470491349282218   0.00222666354390566   0
0.177192600288189   0.273946741810539   -0.00569044583692316   -0.00140301207883736   0
0.171304066490203   0.264451631433052   -0.00588853379798593   -0.00949511037748724   0
0.221009466577882   0.261129396057974   0.0497054000876788   -0.00332223537507703   0
0.212270147612635   0.274318448550863   -0.0087393189652468   0.0131890524928886   0
0.199804464820084   0.267957814365158   -0.0124656827925518   -0.00636063418570504   0
0.21492279219757   0.268308205371565   0.0151183273774868   0.000350391006407103   0
0.218097895878525   0.258198907438839   0.0031751036809548   -0.0101092979327264   0
0.174980292229182   0.270131150134819   -0.0431176036493429   0.0119322426959801   0
0.166015361278678   0.265844497600294   -0.00896493095050413   -0.0042866525345252   0
0.192752295739895   0.262443443705615   0.0267369344612171   -0.00340105389467826   0
0.191932159963775   0.265724469107142   -0.000820135776120418   0.00328102540152669   0
0.169138310319986   0.268952399311853   -0.0227938496437884   0.00322793020471113   0
0.174677568174308   0.261179876054038   0.00553925785432158   -0.00777252325781541   0
0.223609982943092   0.247457501821651   0.0489324147687843   -0.0137223742323865   0
0.224336804006587   0.257542561093133   0.000726821063495142   0.0100850592714815   0
0.184023460341338   0.252363571842273   -0.0403133436652494   -0.00517898925085986   0
0.244600632928453   0.251581660203183   0.0605771725871154   -0.000781911639089528   0
0.233628655412815   0.25995496758633   -0.0109719775156381   0.0083733073831469   0
0.200158006397446   0.257163582758956   -0.0334706490153694   -0.00279138482737407   0
0.184336189460995   0.249724315637244   -0.0158218169364505   -0.00743926712171195   0
0.232336251153388   0.255028857783904   0.0480000616923922   0.00530454214665932   0
0.180448163269261   0.267417330327524   -0.0518880878841263   0.0123884725436203   0
0.20703507407181   0.332786449571909   0.026586910802549   0.0653691192443856   0
0.157688691316943   0.307395534926851   -0.0493463827548678   -0.0253909146450584   0
0.171308784137446   0.299041405404579   0.0136200928205032   -0.00835412952227166   0
0.128545064320222   0.299695529251355   -0.0427637198172238   0.000654123846775934   0
0.187886038275866   0.300486011259127   0.0593409739556435   0.000790482007771542   0
0.175865010811929   0.302656398960062   -0.0120210274639362   0.00217038770093558   0
0.146683172650921   0.297822571480084   -0.029181838161008   -0.00483382747997807   0
0.176606496829788   0.293598344544192   0.0299233241788669   -0.00422422693589236   0
0.192770364400885   0.315374708008826   0.0161638675710968   0.0217763634646344   0
0.123751069593034   0.317840023960561   -0.0690192948078508   0.0024653159517346   0
0.212053999466009   0.321607739403672   0.0883029298729744   0.00376771544311072   0
0.179084795983383   0.312448361696073   -0.0329692034826254   -0.00915937770759878   0
0.199693502717439   0.300607203475727   0.0206087067340562   -0.0118411582203461   0
0.209721701185738   0.295501922519137   0.0100281984682986   -0.00510528095658952   0
0.191503682591772   0.294391102512709   -0.0182180185939664   -0.0011108200064287   0
0.212407753846229   0.305657984947018   0.0209040712544569   0.011266882434309   0
0.343817470540998   0.273365388439466   0.131409716694769   -0.0322925965075518   0
0.301813354662596   0.268244526243761   -0.0420041158784019   -0.00512086219570435   0
0.31291183634027   0.276570364177744   0.0110984816776741   0.00832583793398267   0
0.33107654842536   0.289728324560026   0.0181647120850902   0.0131579603822823   0
0.34899942693261   0.27925667255217   0.0179228785072493   -0.0104716520078563   0
0.31895916265541   0.298054964843269   -0.0300402642772002   0.0187982922910992   0
