0.0686493783558162   0.16967912482684   0   0   0
0.222983823155044   0.193791660290252   0.154334444799228   0.0241125354634117   0
0.0499335870511022   0.152739343754884   -0.173050236103942   -0.0410523165353686   0
0.129171853873086   0.154515113232493   0.0792382668219843   0.00177576947760902   0
0.201118406200949   0.178992003632146   0.0719465523278627   0.024476890399653   0
0.185124032635447   0.221567945676377   -0.0159943735655023   0.0425759420442316   0
0.148469666414861   0.19943185540743   -0.0366543662205862   -0.0221360902689473   0
0.154243271672122   0.184024905124714   0.00577360525726123   -0.0154069502827158   0
0.151851048083969   0.182153332080421   -0.00239222358815244   -0.00187157304429342   0
0.120465855182371   0.178139206270188   -0.0313851929015983   -0.00401412581023289   0
0.171234386627394   0.178609384593734   0.0507685314450233   0.000470178323546538   0
0.144108003799546   0.161233404124443   -0.0271263828278483   -0.0173759804692911   0
0.120562986566359   0.145807411849501   -0.0235450172331874   -0.0154259922749423   0
0.126587364738745   0.144619368325097   0.00602437817238603   -0.00118804352440421   0
0.0958383402925468   0.152509541167922   -0.030749024446198   0.00789017284282492   0
0.103642804322394   0.139878939284118   0.00780446402984697   -0.0126306018838036   0
0.143726008194063   0.108676376020734   0.0400832038716697   -0.031202563263384   0
0.121585980788736   0.114370957149313   -0.0221400274053274   0.00569458112857887   0
0.109521553834942   0.119007913567586   -0.0120644269537945   0.0046369564182729   0
0.16907759982579   0.102698790870402   0.0595560459908485   -0.0163091226971842   0
0.0871005769893059   0.035820531223378   -0.0819770228364842   -0.0668782596470237   0
0.173193561104621   0.05555888522552   0.0860929841153149   0.0197383540021419   0
0.0845507309783304   0.0460734238545455   -0.0886428301262903   -0.00948546137097449   0
0.125426292867923   0.068267498121965   0.0408755618895926   0.0221940742674196   0
0.100457541028138   0.0558826354456149   -0.0249687518397852   -0.0123848626763501   0
0.26528961093988   0.0586078590417915   0.164832069911742   0.00272522359617654   0
0.201241803116232   0.0465327467326506   -0.0640478078236477   -0.0120751123091409   0
0.199879755349085   0.0470587169436291   -0.00136204776714746   0.000525970210978499   0
0.140720001248843   0.0565752574443988   -0.0591597541002417   0.00951654050076973   0
0.152190038312894   0.0596509015875284   0.0114700370640504   0.00307564414312964   0
0.195809811701968   0.0619084810946772   0.0436197733890741   0.00225757950714875   0
0.15946461454398   0.07672442242026   -0.0363451971579879   0.0148159413255829   0
0.193004508470657   0.0716567728920477   0.0335398939266776   -0.00506764952821236   0
0.188242695209095   0.0853137084668841   -0.00476181326156197   0.0136569355748365   0
0.138846660212985   0.108354229552981   -0.0493960349961106   0.0230405210860965   0
0.173563560901619   0.0938512154361492   0.0347169006886344   -0.0145030141168314   0
0.143048372060817   0.10191802584082   -0.0305151888408018   0.0080668104046705   0
0.191420422055642   0.105338462121831   0.0483720499948245   0.00342043628101162   0
0.235465530046162   0.143607642374979   0.0440451079905203   0.0382691802531481   0
0.225756603951867   0.1640421496158   -0.00970892609429524   0.0204345072408205   0
0.246627118022086   0.15750658658053   0.0208705140702194   -0.00653556303526995   0
0.210713069583174   0.153943553032435   -0.0359140484389118   -0.0035630335480954   0
0.234311743456149   0.13976205310187   0.0235986738729743   -0.0141814999305644   0
0.283763914419047   0.143015164204709   0.049452170962898   0.00325311110283918   0
0.216499355682759   0.157477333543754   -0.0672645587362871   0.0144621693390442   0
0.187563652718244   0.142274872978092   -0.0289357029645156   -0.0152024605656615   0
0.133364285748172   0.130902836363656   -0.0541993669700722   -0.0113720366144364   0
0.140801160382195   0.177985055161669   0.00743687463402293   0.0470822187980138   0
0.142005008437758   0.144395460581704   0.00120384805556298   -0.0335895945799652   0
0.174955986588607   0.131245330619798   0.0329509781508491   -0.0131501299619066   0
0.144006723053787   0.152894674653828   -0.0309492635348201   0.0216493440340306   0
0.110088067041664   0.165773337946094   -0.0339186560121222   0.0128786632922661   0
0.16843751121689   0.162097573790634   0.0583494441752257   -0.00367576415546045   0
0.0883457853318425   0.182514544426526   -0.0800917258850476   0.0204169706358926   0
0.132135263022745   0.179303586759029   0.0437894776909025   -0.00321095766749785   0
0.124336385416579   0.171738765983513   -0.00779887760616631   -0.00756482077551512   0
0.107156819256359   0.187475187804153   -0.0171795661602197   0.0157364218206397   0
0.160094679199154   0.174460257313729   0.0529378599427949   -0.0130149304904242   0
0.125960913819843   0.185249289099884   -0.0341337653793106   0.0107890317861554   0
0.129330584872334   0.184546287765238   0.0033696710524907   -0.000703001334646375   0
0.126069289900316   0.180217880602966   -0.00326129497201771   -0.00432840716227165   0
0.13207048551391   0.18746822276712   0.00600119561359402   0.00725034216415366   0
0.134333868485836   0.176344825502344   0.0022633829719261   -0.0111233972647763   0
0.151876341624362   0.172514113039701   0.0175424731385258   -0.00383071246264219   0
0.114012984597808   0.193236968036172   -0.0378633570265543   0.0207228549964704   0
0.107062358864402   0.202612524515447   -0.00695062573340598   0.0093755564792749   0
0.105947806720385   0.202856555612365   -0.00111455214401728   0.000244031096918146   0
0.131604553431141   0.202052994571158   0.0256567467107561   -0.000803561041206657   0
0.131404029715264   0.205851923764177   -0.000200523715876755   0.00379892919301866   0
0.0749020559066973   0.223647288471295   -0.0565019738085668   0.0177953647071178   0
0.139115533578569   0.212714009304253   0.0642134776718719   -0.0109332791670412   0
0.118848348233621   0.222690655912198   -0.0202671853449484   0.00997664660794464   0
0.0799516021153423   0.247927311005368   -0.0388967461182785   0.02523665509317   0
0.133532239194024   0.229627007407237   0.0535806370786816   -0.0183003035981312   0
0.0712011487202278   0.239458342260846   -0.062331090473796   0.00983133485360926   0
0.144257057434775   0.228403183493712   0.0730559087145473   -0.0110551587671336   0
0.0791980727109568   0.246658206534853   -0.0650589847238183   0.0182550230411401   0
0.0828061290785289   0.270960707704899   0.00360805636757215   0.0243025011700469   0
0.104727935710058   0.224500042997769   0.0219218066315289   -0.0464606647071308   0
0.123111501738796   0.177380395433381   0.0183835660287383   -0.047119647564388   0
0.0726584268039847   0.215017759077733   -0.0504530749348115   0.0376373636443522   0
0.153582198196178   0.206763974876694   0.080923771392193   -0.00825378420103931   0
0.0451133026099442   0.232101023296026   -0.108468895586233   0.0253370484193326   0
0.107265286932383   0.210748236965111   0.0621519843224385   -0.0213527863309154   0
0.119683843819456   0.19155965350447   0.0124185568870736   -0.0191885834606411   0
0.0828695334742221   0.216739808645782   -0.0368143103452342   0.0251801551413118   0
0.139746967944426   0.20511482983902   0.0568774344702036   -0.0116249788067619   0
0.160243481244219   0.199334413673913   0.0204965132997934   -0.00578041616510711   0
0.154063998013724   0.196102151371224   -0.00617948323049558   -0.00323226230268844   0
0.157370456692926   0.192999887364604   0.00330645867920215   -0.0031022640066197   0
0.108121731961803   0.207332329747974   -0.0492487247311226   0.0143324423833693   0
0.0815524714811881   0.220226725865641   -0.026569260480615   0.0128943961176668   0
0.138544492324488   0.214521993216313   0.0569920208432995   -0.00570473264932717   0
0.102197552936452   0.223081742391662   -0.0363469393880356   0.00855974917534894   0
0.121383743111131   0.207260447232395   0.0191861901746794   -0.015821295159267   0
0.0853049298991471   0.225929626654457   -0.0360788132119843   0.0186691794220621   0
0.1288077675751   0.22159548270046   0.0435028376759526   -0.00433414395399709   0
0.0838601798750936   0.222269157205853   -0.0449475877000061   0.000673674505392269   0
0.0938184142092705   0.240133894988239   0.0099582343341769   0.0178647377823863   0
0.141425371811413   0.240411707119729   0.0476069576021426   0.000277812131490501   0
0.0759313913712241   0.258301400820771   -0.0654939804401891   0.0178896937010415   0
0.150663180889867   0.214440149795281   0.074731789518643   -0.04386125102549   0
0.0601687422371658   0.233497652948959   -0.0904944386527013   0.0190575031536781   0
0.123754932796152   0.215191468253298   0.0635861905589858   -0.0183061846956613   0
0.0766975944860072   0.246624164663872   -0.0470573383101444   0.031432696410574   0
0.0773052980081572   0.272603894492467   0.000607703522150047   0.0259797298285952   0
0.137704506106845   0.261781151946817   0.0603992080986873   -0.0108227425456498   0
0.0642400731792798   0.240686970912947   -0.0734644329275647   -0.0210941810338696   0
0.15164773514316   0.218572598275928   0.0874076619638802   -0.0221143726370199   0
0.112146596518931   0.237197060339078   -0.0395011386242286   0.01862446206315   0
0.150295257146724   0.243785715623173   0.0381486606277929   0.00658865528409527   0
0.153970282510132   0.231429393280699   0.00367502536340811   -0.0123563223424737   0
0.1271987457288   0.227190819529443   -0.0267715367813321   -0.004238573751256   0
0.156762880012967   0.196926749377757   0.029564134284167   -0.030264070151686   0
0.130981734283907   0.213743724762179   -0.0257811457290605   0.0168169753844215   0
0.129235910605451   0.222666304941745   -0.00174582367845641   0.0089225801795659   0
0.150370882789621   0.230303092688879   0.0211349721841707   0.00763678774713464   0
0.121099428161284   0.249884993169678   -0.0292714546283372   0.0195819004807987   0
0.165001281498811   0.245528849596967   0.0439018533375274   -0.004356143572711   0
0.184153974407885   0.230703554400035   0.0191526929090737   -0.0148252951969318   0
0.3664033919538   0.203772243619316   0.182249417545915   -0.0269313107807189   0
0.22863703328538   0.227579769984993   -0.13776635866842   0.0238075263656771   0
0.227558691128879   0.248799674834414   -0.00107834215650146   0.0212199048494204   0
0.203886583675655   0.281963726427266   -0.0236721074532233   0.0331640515928521   0
0.252491888144233   0.287640565307751   0.048605304468578   0.00567683888048504   0
0.217913886510612   0.295623113529609   -0.034578001633621   0.00798254822185795   0
0.247641927198546   0.270034534737707   0.0297280406879338   -0.0255885787919016   0
0.237322175876781   0.28931266339378   -0.0103197513217646   0.0192781286560725   0
0.25058298689093   0.266440643475245   0.0132608110141485   -0.0228720199185349   0
0.259491903610575   0.272863561494115   0.00890891671964511   0.00642291801886991   0
0.217686756483944   0.282820122883738   -0.041805147126631   0.00995656138962303   0
0.185864233119581   0.287639088253409   -0.031822523364363   0.00481896536967147   0
0.23335612003258   0.265009389820436   0.0474918869129991   -0.0226296984329729   0
0.211460594629023   0.269697759687715   -0.0218955254035572   0.00468836986727872   0
0.210197970661279   0.291364486888197   -0.00126262396774379   0.0216667272004822   0
0.223479017550485   0.290081977927279   0.0132810468892058   -0.00128250896091808   0
0.198366409222681   0.303041832995467   -0.0251126083278044   0.0129598550681878   0
0.222208826619939   0.313233356476769   0.0238424173972581   0.0101915234813018   0
0.194225952057829   0.278971164219423   -0.02798287456211   -0.0342621922573462   0
0.210919057835488   0.297081559443278   0.0166931057776594   0.0181103952238556   0
0.200167468916755   0.322586434688321   -0.0107515889187333   0.0255048752450431   0
0.210943468171546   0.329518725128846   0.0107759992547911   0.00693229044052485   0
0.188298074415008   0.343666727774293   -0.0226453937565376   0.0141480026454469   0
0.169522247835645   0.346211823050243   -0.0187758265793628   0.00254509527594959   0
0.231617299903397   0.330607715032736   0.0620950520677512   -0.0156041080175062   0
0.214314744707335   0.352186961140755   -0.0173025551960621   0.021579246108019   0
0.259007518424948   0.345059077466261   0.0446927737176138   -0.0071278836744943   0
0.19494475293144   0.366681500247043   -0.0640627654935089   0.0216224227807823   0
0.246985132510299   0.355045255499707   0.0520403795788595   -0.011636244747336   0
0.208799604634827   0.351831973543412   -0.0381855278754722   -0.00321328195629494   0
0.233915497003362   0.323563863747595   0.0251158923685355   -0.028268109795817   0
0.220284513387528   0.347956167754967   -0.0136309836158343   0.0243923040073712   0
0.240653319964882   0.35688195689987   0.0203688065773543   0.00892578914490294   0
0.215335484441119   0.384846597142642   -0.0253178355237628   0.0279646402427727   0
0.246287572056164   0.376768507680297   0.0309520876150442   -0.00807808946234539   0
0.231631893522891   0.382153104027892   -0.0146556785332725   0.00538459634759464   0
0.180838810144974   0.402128000556473   -0.050793083377917   0.019974896528581   0
0.211311424704605   0.40247216700977   0.030472614559631   0.000344166453297212   0
0.222498456997189   0.400652243026306   0.0111870322925839   -0.00181992398346403   0
0.19871044807312   0.419742947622006   -0.0237880089240693   0.0190907045957002   0
0.208011041263895   0.438080459144667   0.0093005931907757   0.0183375115226613   0
0.195331595166117   0.462559259858118   -0.012679446097778   0.0244788007134508   0
0.161976883061781   0.455739226701414   -0.0333547121043361   -0.00682003315670437   0
0.165204716773039   0.467403644318923   0.00322783371125751   0.011664417617509   0
0.234952355493726   0.471085363660568   0.0697476387206867   0.00368171934164563   0
0.562102066195535   0.440629613066658   0.32714971070181   -0.0304557505939106   0
0.51375997161348   0.429093131793216   -0.0483420945820554   -0.011536481273442   0
0.532510460737073   0.498842123806643   0.0187504891235933   0.0697489920134276   0
0.462530986428293   0.443638006108392   -0.0699794743087799   -0.0552041176982508   0
0.447610300599729   0.451814225734065   -0.014920685828564   0.00817621962567239   0
0.426286345520731   0.454593699924402   -0.0213239550789983   0.00277947419033664   0
0.467014721141218   0.450015700619021   0.0407283756204874   -0.00457799930538078   0
0.430406242623594   0.461853675524283   -0.0366084785176244   0.0118379749052626   0
0.454147460603987   0.468515351443325   0.0237412179803932   0.00666167591904182   0
0.396365474412416   0.479821180030449   -0.0577819861915707   0.0113058285871236   0
0.42672111252496   0.461193588072124   0.030355638112544   -0.0186275919583249   0
0.438625107968707   0.46574992851113   0.0119039954437467   0.00455634043900588   0
0.429183020344992   0.47072747000852   -0.00944208762371501   0.0049775414973906   0
0.474186908471638   0.496600146211718   0.0450038881266462   0.0258726762031979   0
0.416238815608119   0.501660489747919   -0.057948092863519   0.00506034353620111   0
0.495438111642352   0.462580607094658   0.079199296034233   -0.0390798826532613   0
0.401160346158392   0.493526580404744   -0.0942777654839604   0.0309459733100855   0
0.415188499721283   0.539475360016044   0.0140281535628912   0.0459487796113   0
0.418239361273051   0.517567767974275   0.0030508615517682   -0.0219075920417692   0
0.407777657442202   0.512208572909389   -0.0104617038308492   -0.00535919506488591   0
0.445137183861515   0.493754013796468   0.0373595264193126   -0.0184545591129208   0
0.378659714964769   0.483590876662763   -0.0664774688967459   -0.0101631371337045   0
0.419119018060467   0.494602065446041   0.040459303095698   0.0110111887832779   0
0.461054345683597   0.508409245555559   0.0419353276231303   0.0138071801095176   0
0.448070894912847   0.537347533395902   -0.0129834507707497   0.0289382878403434   0
0.447827480535529   0.568058581975706   -0.000243414377318008   0.030711048579804   0
0.426103523967709   0.555943368709037   -0.0217239565678204   -0.012115213266669   0
0.40682050380749   0.554151355278691   -0.0192830201602191   -0.0017920134303463   0
0.454980466361898   0.528811208184511   0.0481599625544078   -0.0253401470941794   0
0.449306897881504   0.55705391564426   -0.00567356848039408   0.0282427074597488   0
0.44118068455337   0.560926149422444   -0.0081262133281339   0.00387223377818391   0
0.46196463584242   0.571590057740458   0.0207839512890505   0.0106639083180138   0
0.395998280281367   0.551397089079343   -0.0659663555610535   -0.0201929686611153   0
0.432196991241135   0.531751386008245   0.0361987109597684   -0.0196457030710971   0
0.444584447340323   0.570477223258572   0.0123874560991873   0.0387258372503261   0
0.430793592988487   0.594609306407159   -0.0137908543518357   0.0241320831485874   0
0.476431022934202   0.602381563640956   0.0456374299457151   0.0077722572337966   0
0.461256506433384   0.600122232140305   -0.0151745165008183   -0.00225933150065027   0
0.468819773955376   0.591806997823887   0.0075632675219926   -0.0083152343164179   0
0.550656141505749   0.557151942246359   0.0818363675503733   -0.0346550555775286   0
0.509649655058159   0.614490152794201   -0.041006486447591   0.0573382105478418   0
0.564062797152055   0.644715341351997   0.0544131420938961   0.0302251885577967   0
0.550058942108943   0.672136744291026   -0.0140038550431112   0.0274214029390286   0
0.538142774542342   0.678316557386787   -0.0119161675666014   0.00617981309576121   0
0.551803595674004   0.688323291500397   0.0136608211316622   0.0100067341136095   0
0.527492570800054   0.671586337124245   -0.0243110248739501   -0.0167369543761517   0
0.545556832977766   0.643379842161332   0.0180642621777118   -0.0282064949629132   0
0.596123462589454   0.64327963974714   0.0505666296116879   -0.000100202414191952   0
0.536992629253382   0.653515449179138   -0.0591308333360721   0.0102358094319978   0
0.559824454525684   0.619346336977026   0.0228318252723025   -0.0341691122021114   0
0.551225506636767   0.605325492632063   -0.0085989478889178   -0.0140208443449629   0
0.522425702594694   0.597305493310209   -0.0287998040420723   -0.00801999932185393   0
0.618289489844531   0.586248590731355   0.0958637872498364   -0.0110569025788542   0
0.603767429180309   0.613046205642006   -0.0145220606642212   0.0267976149106504   0
0.672563376984177   0.637018202517989   0.0687959478038673   0.0239719968759837   0
0.648906460184363   0.64074797949935   -0.0236569167998141   0.00372977698136112   0
0.604961214973324   0.663034951650364   -0.043945245211039   0.0222869721510132   0
0.694047191058533   0.645593725775369   0.0890859760852095   -0.0174412258749945   0
0.677927170193407   0.692307073654656   -0.0161200208651266   0.0467133478792866   0
0.704573416337858   0.70243162387399   0.0266462461444511   0.010124550219334   0
0.74610992819608   0.706795778172167   0.0415365118582225   0.00436415429817782   0
0.710564662320045   0.696649127303157   -0.0355452658760349   -0.0101466508690106   0
0.679264367480357   0.671802185959982   -0.0313002948396879   -0.0248469413431751   0
0.64041521762423   0.634805863546092   -0.0388491498561272   -0.0369963224138894   0
0.705810002300903   0.6485692016703   0.0653947846766724   0.0137633381242075   0
0.6768065053625   0.657140467422681   -0.0290034969384023   0.00857126575238132   0
0.711844158311354   0.668568284591036   0.0350376529488537   0.0114278171683544   0
0.735750866971287   0.676522738574987   0.0239067086599327   0.00795445398395123   0
0.668445448207256   0.678295145579157   -0.0673054187640302   0.00177240700417047   0
0.715726015230689   0.640566119218492   0.0472805670234322   -0.0377290263606648   0
0.680860111026487   0.690186996489538   -0.0348659042042019   0.0496208772710458   0
0.705688155871983   0.691552628602632   0.0248280448454961   0.00136563211309371   0
0.708819177577752   0.716127762282138   0.00313102170576873   0.0245751336795061   0
0.692303048612383   0.691574967990682   -0.0165161289653682   -0.0245527942914563   0
0.702235475627656   0.705896559437047   0.00993242701527242   0.0143215914463648   0
0.649657569158553   0.664117255705724   -0.0525779064691028   -0.0417793037313222   0
0.657545560567479   0.704151765785821   0.00788799140892582   0.0400345100800967   0
0.684677840796677   0.72639188216778   0.0271322802291983   0.0222401163819587   0
0.703847722646028   0.725187524758941   0.0191698818493508   -0.00120435740883851   0
0.704966481220916   0.689900595231842   0.00111875857488808   -0.0352869295270993   0
