0.13388518793924   0.072853891359436   0   0   0
0.0973606883222381   0.0715613552133762   -0.0365244996170014   -0.00129253614605981   0
0.150774731880577   0.0691773402590942   0.0534140435583392   -0.00238401495428192   0
0.111649423434158   0.0696514002814014   -0.039125308446419   0.000474060022307141   0
0.133741704440313   0.0622796911138976   0.0220922810061544   -0.00737170916750375   0
0.108891535510296   0.0955519861516363   -0.0248501689300171   0.0332722950377387   0
0.192716438840826   0.141226306967091   0.0838249033305307   0.0456743208154543   0
0.172598562923797   0.129680495090147   -0.0201178759170292   -0.0115458118769437   0
0.169781720112149   0.125894491117721   -0.00281684281164854   -0.00378600397242565   0
0.183651069267483   0.191994398075237   0.0138693491553347   0.0660999069575156   0
0.199326143029859   0.210658468507731   0.015675073762376   0.0186640704324937   0
0.205768264191444   0.173278162197289   0.0064421211615848   -0.0373803063104415   0
0.115962490332392   0.11626475859649   -0.0898057738590527   -0.0570134036007995   0
0.159493347292293   0.0878190554709654   0.0435308569599015   -0.0284457031255242   0
0.115653564818297   0.0814399887359074   -0.0438397824739962   -0.00637906673505804   0
0.244530879255852   0.133758563410245   0.128877314437555   0.0523185746743375   0
0.129462692006539   0.0776535481146755   -0.115068187249313   -0.0561050152955694   0
0.143178901862705   0.0786658870088554   0.0137162098561655   0.00101233889417986   0
0.0854613011420959   0.073981397916233   -0.0577176007206087   -0.00468448909262241   0
0.123961893195812   0.0760166615032191   0.0385005920537165   0.00203526358698618   0
0.0487311144073271   0.0428358540499078   -0.0752307787884853   -0.0331808074533114   0
0.0977015725411316   0.0398721201970437   0.0489704581338045   -0.00296373385286407   0
0.3190358628809   0.0232238999060774   0.221334290339768   -0.0166482202909663   0
0.212220181821852   0.128801639610342   -0.106815681059047   0.105577739704265   0
0.307349668214332   0.0389461003055826   0.0951294863924799   -0.0898555393047597   0
0.154896273485484   0.0426280912352993   -0.152453394728848   0.0036819909297167   0
0.124282524896182   0.0435500902369329   -0.0306137485893029   0.000921999001633637   0
0.1117081345427   0.0458740735690924   -0.0125743903534814   0.00232398333215945   0
0.119421101143558   0.0519481930698749   0.00771296660085821   0.00607411950078254   0
0.127290653680465   0.0553840653030102   0.00786955253690631   0.0034358722331353   0
0.129421870672503   0.0632668041021674   0.00213121699203794   0.00788273879915718   0
0.195661784535816   0.0807485788067041   0.0662399138633132   0.0174817747045367   0
0.16463534812579   0.0805816814605063   -0.031026436410026   -0.000166897346197806   0
0.194216110575951   0.0964630852143062   0.0295807624501611   0.0158814037537999   0
0.196294429526057   0.115703389368657   0.00207831895010568   0.0192403041543506   0
0.233444810405479   0.13194367194375   0.0371503808794224   0.0162402825750935   0
0.247584427832225   0.146994970303825   0.0141396174267455   0.0150512983600751   0
0.24307845005471   0.157701123030053   -0.00450597777751485   0.0107061527262279   0
0.23567209044435   0.152625315187586   -0.00740635961035943   -0.00507580784246719   0
0.237486698180846   0.153671967455389   0.00181460773649531   0.00104665226780248   0
0.269047228007296   0.16792550959354   0.0315605298264506   0.0142535421381511   0
0.215029150222848   0.153677649640644   -0.0540180777844485   -0.0142478599528958   0
0.199732849399484   0.146275799831175   -0.0152963008233638   -0.00740184980946881   0
0.224799053957675   0.15272612894676   0.025066204558191   0.00645032911558535   0
0.212185129286102   0.143570315762312   -0.0126139246715724   -0.00915581318444836   0
0.214049550998096   0.159221269720003   0.00186442171199336   0.0156509539576911   0
0.208140338809083   0.145140813864364   -0.00590921218901244   -0.014080455855639   0
0.217703685205855   0.164006242208948   0.00956334639677162   0.0188654283445835   0
0.214461671925894   0.15833232419503   -0.00324201327996046   -0.00567391801391789   0
0.216520137649042   0.173526385217061   0.00205846572314727   0.0151940610220317   0
0.216499596968239   0.163783155157521   -2.05406808025943e-05   -0.0097432300595407   0
0.303648921358614   0.536543755346663   0.0871493243903752   0.372760600189143   1
0.111303865504528   0.443842994484818   -0.192345055854087   -0.0927007608618456   0
0.107995373762814   0.289338819446164   -0.00330849174171327   -0.154504175038654   0
0.114401893224606   0.270327902960923   0.00640651946179127   -0.0190109164852416   0
0.124174276928597   0.25475620662606   0.00977238370399165   -0.0155716963348622   0
0.153020218668547   0.255253773043123   0.0288459417399498   0.000497566417062223   0
0.162806646400197   0.291460097881768   0.00978642773165017   0.0362063248386457   0
0.193681387112621   0.277871101965012   0.0308747407124235   -0.0135889959167566   0
0.174220775176556   0.219400466853423   -0.0194606119360651   -0.0584706351115888   0
0.209693150460381   0.223084145546585   0.0354723752838252   0.00368367869316211   0
0.209393634722381   0.206658876944646   -0.000299515737999856   -0.0164252686019388   0
0.230616605111254   0.229622425923101   0.0212229703888727   0.0229635489784546   0
0.238776270426067   0.243562884760203   0.00815966531481338   0.0139404588371022   0
0.229133296989874   0.243269640104786   -0.0096429734361928   -0.000293244655417357   0
0.312394233225647   0.272288835008893   0.0832609362357727   0.0290191949041069   0
0.312677525697003   0.285204783940417   0.000283292471355889   0.0129159489315244   0
0.31988088627919   0.285786354802412   0.00720336058218685   0.000581570861994618   0
0.330672245801587   0.288958414503281   0.0107913595223967   0.00317205970086931   0
0.336403963157764   0.307828182834597   0.00573171735617706   0.0188697683313158   0
0.349185287935059   0.314791924150303   0.0127813247772953   0.00696374131570598   0
0.340122295278978   0.318926633342608   -0.00906299265608135   0.00413470919230469   0
0.353538541463253   0.319259801023399   0.0134162461842752   0.000333167680791002   0
0.358904545038792   0.328621843136606   0.00536600357553951   0.00936204211320735   0
0.34735874158295   0.302993059303757   -0.0115458034558426   -0.0256287838328488   0
0.401467783179124   0.212511868637313   0.0541090415961741   -0.0904811906664442   0
0.31248842929139   0.208633491012948   -0.0889793538877339   -0.00387837762436444   1
0.211405740212133   0.210158950295961   -0.101082689079257   0.00152545928301215   0
0.249586967955561   0.238760900298814   0.0381812277434272   0.0286019500028531   0
0.308676593662186   0.287522290325898   0.059089625706625   0.0487613900270845   0
0.301367941833251   0.291086653504588   -0.00730865182893414   0.00356436317868986   0
0.343009854686072   0.32526102425821   0.0416419128528202   0.0341743707536223   0
0.355585426282644   0.326350509187974   0.0125755715965728   0.00108948492976396   0
0.378164705973469   0.340001881397736   0.0225792796908242   0.0136513722097617   0
0.373872673306849   0.336570221378467   -0.00429203266661943   -0.00343166001926931   0
0.409604287524874   0.396583902630011   0.0357316142180252   0.0600136812515443   0
0.403107774799743   0.369790043706899   -0.0064965127251318   -0.0267938589231122   0
0.429003688713825   0.391199436059473   0.025895913914082   0.0214093923525747   0
0.452977384448992   0.390577423572779   0.0239736957351676   -0.000622012486694412   0
0.417180978684503   0.390167815043732   -0.0357964057644888   -0.000409608529046757   0
0.477235730008148   0.432210841362754   0.0600547513236447   0.0420430263190222   0
0.483201585410585   0.436806518446669   0.00596585540243655   0.0045956770839144   0
0.475711970784055   0.44545013680265   -0.0074896146265292   0.00864361835598171   0
0.521796005295566   0.468089444885003   0.0460840345115102   0.0226393080823521   0
0.526458921291084   0.472250343177747   0.00466291599551871   0.00416089829274457   0
0.572747154406061   0.520199695326948   0.0462882331149764   0.0479493521492012   0
0.607035618188266   0.535101943193538   0.0342884637822051   0.0149022478665892   0
0.603115828289069   0.514163980309055   -0.00391978989919661   -0.020937962884483   0
0.620475556586438   0.520347841047698   0.0173597282973688   0.00618386073864297   0
0.600749030559351   0.495453810855513   -0.019726526027087   -0.0248940301921851   0
0.618253391591191   0.521868759245799   0.0175043610318397   0.0264149483902867   0
0.618591724898179   0.513593279953603   0.000338333306988736   -0.0082754792921963   0
0.632793255437698   0.531165344772463   0.0142015305395189   0.0175720648188605   0
0.663282200389125   0.540706424974311   0.0304889449514272   0.0095410802018473   0
0.678720038854578   0.572054239826304   0.0154378384654525   0.0313478148519928   0
0.596553457686207   0.508282317290795   -0.0821665811683713   -0.0637719225355089   0
0.545301791716376   0.462286288901964   -0.0512516659698307   -0.0459960283888308   0
0.520787025188071   0.471311947278551   -0.0245147665283054   0.00902565837658753   0
0.608841348987575   0.517023699246224   0.0880543237995043   0.0457117519676727   0
0.605771249123126   0.525873151045478   -0.00307009986444917   0.00884945179925378   0
0.698476263351877   0.571407691380025   0.0927050142287508   0.0455345403345472   1
0.159882166146071   1.37111378424586   -0.538594097205805   0.799706092865834   1
0.246763310361589   0.803806710025022   0.0868811442155177   -0.567307074220837   1
0.338006926104718   0.542069580493363   0.0912436157431283   -0.26173712953166   1
0.362331025967052   0.453545043185349   0.024324099862334   -0.0885245373080136   0
0.418831813364565   0.451743395022827   0.0565007873975137   -0.00180164816252193   0
0.511707724578602   0.506629554977303   0.0928759112140363   0.0548861599544759   0
0.562481417507716   0.513877229619342   0.0507736929291148   0.00724767464203924   0
0.591783185187117   0.531676869910825   0.0293017676794008   0.017799640291483   0
0.646331738530679   0.57041812703665   0.0545485533435618   0.0387412571258252   0
0.638314246879427   0.574915448048233   -0.0080174916512521   0.00449732101158229   0
0.697151676097935   0.593183821549653   0.058837429218508   0.01826837350142   0
0.727225010899165   0.610733399488885   0.0300733348012296   0.0175495779392325   0
0.858005722927883   0.640771699547507   0.130780712028719   0.0300383000586215   0
0.864175627933865   0.678176906090881   0.00616990500598158   0.0374052065433748   0
0.914360273574924   0.701744816960731   0.0501846456410588   0.0235679108698498   0
0.898869206702449   0.696631598425775   -0.0154910668724748   -0.00511321853495617   0
0.705266080217254   0.674355957269972   -0.193603126485195   -0.0222756411558033   0
0.704058791949088   0.680993158247203   -0.00120728826816541   0.00663720097723131   0
0.760825957470564   0.701549658390623   0.0567671655214752   0.0205565001434201   0
0.785887250273702   0.72105950186167   0.025061292803138   0.0195098434710471   0
0.730896067303733   0.670610450175808   -0.0549911829699691   -0.0504490516858621   0
0.787525235009012   0.668797182619664   0.0566291677052796   -0.0018132675561443   0
0.79629409052428   0.646975642319902   0.00876885551526774   -0.0218215402997616   0
0.753307440904369   0.643324004799487   -0.0429866496199105   -0.00365163752041553   0
0.804520502673174   0.644217134241243   0.0512130617688048   0.000893129441756568   0
0.81680615697254   0.685284514335104   0.012285654299366   0.0410673800938611   0
0.883974142530586   0.712144698878149   0.0671679855580458   0.0268601845430451   0
0.880198354026024   0.721305971561306   -0.00377578850456173   0.0091612726831567   0
0.92458897881781   0.716207126559245   0.0443906247917853   -0.00509884500206148   0
0.93973055482801   0.72761259032125   0.0151415760102005   0.0114054637620057   0
0.889746739315885   0.716195558930834   -0.0499838155121251   -0.0114170313904162   0
0.935851636156299   0.731385796557467   0.0461048968404142   0.0151902376266324   0
0.872453842737947   0.714201493874278   -0.0633977934183524   -0.0171843026831888   0
0.932411891438761   0.730457639556532   0.0599580487008144   0.0162561456822539   0
0.867033199308516   0.711730107303499   -0.0653786921302458   -0.0187275322530327   0
0.884794973225993   0.672821049151073   0.017761773917477   -0.0389090581524264   0
0.859187142722056   0.607767913764786   -0.0256078305039369   -0.0650531353862869   0
0.816629201042364   0.476270512919654   -0.0425579416796916   -0.131497400845132   0
0.483832901670608   0.399618037873433   -0.332796299371756   -0.0766524750462207   1
0.450719201316529   0.427841497100854   -0.0331137003540785   0.028223459227421   1
0.588121151801225   0.453665419782299   0.137401950484696   0.0258239226814455   0
0.683005080384187   0.523034961639516   0.0948839285829618   0.0693695418572166   0
0.739722707502615   0.580878317540559   0.0567176271184283   0.0578433559010425   0
0.776182347955685   0.532791782063594   0.0364596404530695   -0.0480865354769648   0
0.492978016803478   0.92325690166998   -0.283204331152207   0.390465119606386   1
0.501369443992043   0.55390928317934   0.00839142718856484   -0.36934761849064   1
0.586726180107689   0.548614414493914   0.0853567361156461   -0.00529486868542584   0
0.711369904076782   0.54298649393286   0.124643723969093   -0.00562792056105388   0
0.720248749380858   0.539698853553824   0.00887884530407601   -0.00328764037903562   0
0.7635913619177   0.565148303233983   0.0433426125368422   0.0254494496801586   0
0.808145913741828   0.583914047813814   0.0445545518241279   0.0187657445798305   0
0.881945608088163   0.615315582256829   0.073799694346335   0.0314015344430151   0
0.88898236216438   0.63259837201682   0.0070367540762164   0.0172827897599919   0
0.927237430451876   0.631068251392232   0.0382550682874968   -0.00153012062458802   0
0.947895864945306   0.664910657992487   0.0206584344934296   0.0338424066002551   0
0.907449100457783   0.654475710027263   -0.0404467644875229   -0.0104349479652246   0
1.01158196237819   0.651564849349671   0.104132861920405   -0.0029108606775915   0
0.981101572056125   0.672552222002128   -0.0304803903220627   0.0209873726524569   0
1.09922501906951   0.691522004362479   0.118123447013383   0.0189697823603503   0
1.09662617468162   0.690377897711393   -0.00259884438788927   -0.00114410665108555   0
0.982328653031964   0.625033025892594   -0.114297521649655   -0.0653448718187987   0
0.977296009834093   0.661452975160177   -0.00503264319787056   0.036419949267583   0
1.02045155103327   0.672853400962032   0.0431555411991761   0.0114004258018544   0
1.00476737170456   0.607557410113851   -0.015684179328709   -0.0652959908481808   0
0.995341007787   0.625901892939101   -0.00942636391756069   0.0183444828252503   0
1.06503025858087   0.619977154609757   0.0696892507938733   -0.00592473832934459   0
1.01632448270265   0.607921460038013   -0.0487057758782223   -0.0120556945717432   0
1.08104703865373   0.630606647763485   0.0647225559510844   0.0226851877254716   0
1.12916624090912   0.641240627036372   0.0481192022553882   0.0106339792728873   0
1.14720637085522   0.641871077048577   0.0180401299460993   0.000630450012204631   0
1.15110173951537   0.641154477571903   0.00389536866015083   -0.000716599476673907   0
1.09099992911254   0.626892633592468   -0.0601018104028366   -0.0142618439794353   0
0.759851883687374   0.463586665650566   -0.331148045425163   -0.163305967941901   0
1.0715978049203   0.373284576405522   0.311745921232924   -0.0903020892450443   1
0.623727170623503   0.166544390936651   -0.447870634296795   -0.206740185468871   1
0.210483784886271   0.291858509862228   -0.413243385737232   0.125314118925577   1
0.255206381604693   0.222580503933408   0.0447225967184216   -0.0692780059288193   0
0.333103137329401   0.201975483707182   0.0778967557247087   -0.0206050202262267   0
