0.0433935994365529   0.136666239772301   0   0   0
0.0613771830683846   0.131895095827142   0.0179835836318318   -0.00477114394515854   0
0.0342876474639191   0.120820089254395   -0.0270895356044655   -0.0110750065727471   0
0.0729123334849462   0.11942754886855   0.038624686021027   -0.00139254038584465   0
0.0403826639279778   0.11983085605057   -0.0325296695569684   0.000403307182019821   0
0.0359132385852014   0.120368911289679   -0.00446942534277639   0.000538055239108257   0
0.0588506167364455   0.0991819578593935   0.0229373781512441   -0.021186953430285   0
0.057213118256219   0.120433650768265   -0.0016374984802265   0.0212516929088719   0
0.103866810470236   0.0434503969502293   0.0466536922140173   -0.076983253818036   0
0.0694903876611003   0.0515327990653001   -0.034376422809136   0.00808240211507079   0
0.0730878737282732   0.0637232216694393   0.00359748606717286   0.0121904226041392   0
0.0752166183537255   0.0344009588834381   0.00212874462545237   -0.0293222627860012   0
0.0666750381061758   0.0581095868642602   -0.0085415802475497   0.0237086279808221   0
0.0983006423002414   0.0371700930301836   0.0316256041940655   -0.0209394938340766   0
0.0663959374421357   0.061675535285172   -0.0319047048581056   0.0245054422549885   0
0.0574141311607169   0.0585203972459603   -0.00898180628141885   -0.00315513803921172   0
0.0686410035090543   0.0681304645291113   0.0112268723483374   0.00961006728315103   0
0.0918600064808402   0.0237222131569232   0.0232190029717859   -0.0444082513721881   0
0.0738416295423523   0.031354574715223   -0.0180183769384879   0.00763236155829979   0
0.0750244484492888   0.0616683809371748   0.00118281890693653   0.0303138062219518   0
0.0567156385771156   0.0321932036896765   -0.0183088098721733   -0.0294751772474983   0
0.0621548631624268   0.0399142510054366   0.00543922458531124   0.00772104731576015   0
0.0635377170061216   0.0597099220235841   0.00138285384369483   0.0197956710181475   0
0.100560858517019   0.0259567195462948   0.0370231415108978   -0.0337532024772894   0
0.10204337740422   0.0285829728896418   0.00148251888720018   0.00262625334334708   0
0.094732025713008   0.0389038866294311   -0.00731135169121165   0.0103209137397892   0
0.0651531501293683   0.0496249247017991   -0.0295788755836397   0.010721038072368   0
0.0974098297476184   0.0234227889129817   0.0322566796182501   -0.0262021357888173   0
0.128581975787122   0.0318415029127081   0.0311721460395035   0.00841871399972639   0
0.104960037839218   0.0207108291679136   -0.0236219379479043   -0.0111306737447945   0
0.0763980086573597   0.0359337112365951   -0.028562029181858   0.0152228820686815   0
0.0361883219739462   0.066008665530084   -0.0402096866834134   0.0300749542934889   0
0.0826708830339316   0.0315584616155477   0.0464825610599854   -0.0344502039145363   0
0.0859826246495767   0.0362985041014778   0.00331174161564513   0.00474004248593005   0
0.0821737775963841   0.0506980176684947   -0.00380884705319261   0.0143995135670169   0
0.0738599999830084   0.0420787334550308   -0.00831377761337573   -0.00861928421346394   0
0.0798137594479799   0.0323058590853888   0.00595375946497149   -0.00977287436964193   0
0.0934181874296435   0.0310405313149598   0.0136044279816636   -0.00126532777042903   0
0.0861062450023806   0.0472622861090373   -0.00731194242726285   0.0162217547940775   0
0.0628344332452358   0.0435089648491549   -0.0232718117571448   -0.00375332125988236   0
0.0928373358371512   0.0414962054882431   0.0300029025919154   -0.00201275936091182   0
0.0686842954234081   0.0522959243751365   -0.0241530404137431   0.0107997188868934   0
0.0742105212509655   0.0359830101752549   0.00552622582755737   -0.0163129141998816   0
0.0869126303800547   0.0362450525099289   0.0127021091290892   0.000262042334673925   0
0.0708025623133796   0.0270051486763635   -0.0161100680666751   -0.00923990383356531   0
0.0765727795534418   0.0174800898157017   0.00577021724006224   -0.0095250588606618   0
0.097186763439524   0.0487841562816505   0.0206139838860822   0.0313040664659488   0
0.0702827360649826   0.0182856721110409   -0.0269040273745415   -0.0304984841706096   0
0.0786268466295705   0.0149403453956895   0.00834411056458793   -0.00334532671535144   0
0.0943375086513313   0.0363168563203439   0.0157106620217608   0.0213765109246544   0
0.0721845579565325   0.0265021302029195   -0.0221529506947988   -0.00981472611742432   0
0.0652365143054869   0.0261254153328229   -0.00694804365104558   -0.000376714870096599   0
0.0947586471573967   0.0599404313585788   0.0295221328519097   0.0338150160257559   0
0.0874823353429137   0.0237039527383093   -0.00727631181448302   -0.0362364786202695   0
0.0765338575283515   0.0224295988131804   -0.0109484778145622   -0.00127435392512885   0
0.0700846148322505   0.0550004197775117   -0.006449242696101   0.0325708209643313   0
0.0785764683749054   0.0504169990716921   0.0084918535426549   -0.00458342070581962   0
0.0844718787320964   0.0293651417975037   0.00589541035719104   -0.0210518572741884   0
0.0662588733779107   0.041836231400695   -0.0182130053541857   0.0124710896031913   0
0.0806328159343328   0.0432561769956904   0.0143739425564222   0.00141994559499543   0
0.0833908141346515   0.03623581230982   0.00275799820031869   -0.00702036468587049   0
0.0783417318566548   0.0393605473341327   -0.00504908227799675   0.00312473502431274   0
0.0839211864459744   0.0434859298074101   0.00557945458931962   0.00412538247327743   0
0.104731467711667   0.0613670698697192   0.0208102812656928   0.0178811400623091   0
0.103840778231049   0.0333627145094359   -0.000890689480617768   -0.0280043553602833   0
0.117195373934341   0.0330486233000745   0.0133545957032915   -0.000314091209361433   0
0.107023459427408   0.0557839256025649   -0.0101719145069332   0.0227353023024905   0
0.129739741849944   0.0428351919801525   0.0227162824225358   -0.0129487336224124   0
0.0764021540649869   0.0744065660853429   -0.0533375877849566   0.0315713741051904   0
0.0775341434177872   0.0497667419891286   0.00113198935280032   -0.0246398240962143   0
0.152768176867566   0.065132569112887   0.0752340334497789   0.0153658271237583   0
0.127461946276722   0.105099093552525   -0.025306230590844   0.0399665244396385   0
0.126625922936814   0.0882590183060066   -0.000836023339907982   -0.0168400752465189   0
0.184929390549961   0.147950603296472   0.0583034676131468   0.0596915849904654   0
0.109752316232187   0.136021997525042   -0.0751770743177739   -0.01192860577143   0
0.121227857104762   0.111838707404693   0.0114755408725745   -0.024183290120349   0
0.127769339097179   0.141572248385842   0.00654148199241775   0.029733540981149   0
0.0805327320084355   0.127351182094052   -0.0472366070887438   -0.0142210662917894   0
0.0719162944488243   0.0857021652388958   -0.00861643755961122   -0.0416490168551566   0
0.0748104758479051   0.10317484670432   0.00289418139908082   0.0174726814654245   0
0.101504696496517   0.104585038227272   0.0266942206486117   0.00141019152295191   0
0.148323894968444   0.2361838729345   0.0468191984719271   0.131598834707228   0
0.241905583909177   0.200568949821726   0.0935816889407333   -0.035614923112774   0
0.16366787229875   0.156428745036486   -0.0782377116104271   -0.0441402047852398   0
0.12054531346332   0.127189368769573   -0.0431225588354305   -0.0292393762669129   0
0.149413048925889   0.167634572184529   0.0288677354625689   0.0404452034149556   0
0.0822317278269769   0.15541397460087   -0.0671813210989118   -0.0122205975836584   0
0.120582080122297   0.199046831155516   0.0383503522953199   0.0436328565546456   0
0.0857352175800587   0.184983040553046   -0.0348468625422381   -0.0140637906024697   0
0.0883522054359143   0.3273974702084   0.0026169878558556   0.142414429655353   0
0.216209256627833   0.349069920985023   0.127857051191918   0.021672450776623   0
0.0908739541273516   0.36543225793318   -0.125335302500481   0.0163623369481576   0
0.145478224257687   0.337550871816175   0.0546042701303358   -0.027881386117005   0
0.176806511879851   0.326749879840973   0.0313282876221639   -0.0108009919752027   0
0.124274121808364   0.30384071052784   -0.0525323900714877   -0.0229091693131329   0
0.204886083359534   0.38621534015268   0.0806119615511705   0.0823746296248399   0
0.139326078551576   0.395912416826626   -0.0655600048079579   0.00969707667394637   0
0.116672374811392   0.352541198260576   -0.022653703740184   -0.0433712185660503   0
0.129620037657339   0.392994390743049   0.0129476628459468   0.040453192482473   0
0.163605382143895   0.564836567236267   0.0339853444865562   0.171842176493218   0
0.140596359256908   0.549311570719432   -0.023009022886987   -0.0155249965168345   0
0.138716484065305   0.536193812700688   -0.00187987519160329   -0.0131177580187449   0
0.145060849619048   0.567335531244298   0.00634436555374288   0.0311417185436106   0
0.18752854242224   0.561717539355191   0.0424676928031925   -0.00561799188910761   0
0.174091249706124   0.534963211224847   -0.0134372927161164   -0.0267543281303437   0
0.173348395947035   0.55294774217122   -0.000742853759089002   0.0179845309463733   0
0.180916598240294   0.553723420329139   0.00756820229325919   0.000775678157918569   0
0.144709744836137   0.526208440027571   -0.0362068534041567   -0.0275149803015675   0
0.146907851508965   0.500526373134823   0.00219810667282722   -0.0256820668927483   0
0.234822659550755   0.537735186643017   0.0879148080417909   0.0372088135081938   0
0.175215213394528   0.544397616560956   -0.0596074461562275   0.00666242991793964   0
0.11008317930774   0.505017231853033   -0.0651320340867882   -0.0393803847079233   0
0.125982005946643   0.446976771145325   0.0158988266389032   -0.0580404607077084   0
0.122549589906005   0.413028709620167   -0.00343241604063804   -0.0339480615251579   0
0.128562382903398   0.421387126225695   0.0060127929973933   0.0083584166055285   0
0.153745669493518   0.435252940670997   0.0251832865901195   0.0138658144453013   0
0.121198112051508   0.391634152493753   -0.0325475574420093   -0.0436187881772438   0
0.151512645741436   0.417295414487746   0.0303145336899279   0.0256612619939935   0
0.177759004386388   0.46939803447767   0.0262463586449519   0.0521026199899237   0
0.125827213618079   0.420419662371124   -0.0519317907683096   -0.0489783721065459   0
0.14793945767188   0.382383217389963   0.0221122440538014   -0.0380364449811608   0
0.166133535310876   0.428707334806042   0.0181940776389957   0.0463241174160788   0
0.165067602780558   0.438420207006361   -0.00106593253031798   0.00971287220031836   0
0.168035110365929   0.41195212909542   0.00296750758537143   -0.0264680779109401   0
0.172820054583518   0.443470828980047   0.0047849442175884   0.0315186998846265   0
0.151691584732293   0.416484570458799   -0.0211284698512247   -0.0269862585212483   0
0.143978185198661   0.412422416125748   -0.00771339953363165   -0.00406215433305018   0
0.157849811526812   0.436435193103741   0.0138716263281505   0.024012776977993   0
0.138763988383229   0.406995669799139   -0.0190858231435828   -0.0294395233046022   0
0.149045709995961   0.399747534313221   0.0102817216127317   -0.00724813548591796   0
0.160803364286137   0.422196684560052   0.0117576542901761   0.0224491502468305   0
0.146361610039996   0.422796904085756   -0.0144417542461402   0.000600219525704271   0
0.166893263065649   0.414552181121086   0.0205316530256528   -0.00824472296466972   0
0.159055474458253   0.424589049878232   -0.00783778860739615   0.0100368687571458   0
0.13861866315255   0.414046806274967   -0.0204368113057035   -0.0105422436032653   0
0.125266159565303   0.38438401234215   -0.0133525035872464   -0.029662793932817   0
0.184932941469307   0.434881799110402   0.0596667819040035   0.0504977867682521   0
0.160146758657177   0.399560965989547   -0.0247861828121299   -0.035320833120855   0
0.163390187516815   0.410397552346807   0.00324342885963838   0.0108365863572598   0
0.158960764739762   0.434454383338746   -0.00442942277705297   0.0240568309919392   0
0.140600637241266   0.42638828959588   -0.0183601274984964   -0.00806609374286615   0
0.127782215069547   0.437074952433218   -0.0128184221717186   0.0106866628373385   0
0.123093443046533   0.441462908816245   -0.0046887720230144   0.00438795638302636   0
0.151448073243538   0.442688574305629   0.0283546301970051   0.00122566548938385   0
0.164227989643209   0.45381163457623   0.0127799163996713   0.0111230602706017   0
0.176537455958332   0.489771030707207   0.0123094663151229   0.0359593961309769   0
0.169393934333553   0.481079493136269   -0.00714352162477919   -0.00869153757093766   0
0.156819244978542   0.475897264297926   -0.0125746893550107   -0.00518222883834357   0
0.160707822233269   0.476983516599368   0.00388857725472694   0.0010862523014426   0
0.157904719068592   0.456600876060537   -0.00280310316467725   -0.0203826405388314   0
0.154053378843633   0.445073140980221   -0.00385134022495853   -0.0115277350803158   0
0.179019801482294   0.474498323424593   0.0249664226386609   0.0294251824443721   0
0.135712717589952   0.467066062884577   -0.0433070838923424   -0.00743226054001617   0
0.151976643205997   0.441323678520086   0.0162639256160452   -0.0257423843644913   0
0.140315380958646   0.446266542712704   -0.0116612622473508   0.00494286419261852   0
0.125680290732517   0.438699327315703   -0.0146350902261292   -0.00756721539700184   0
0.121781584233208   0.448733453843426   -0.00389870649930874   0.0100341265277233   0
0.110637466013101   0.419634774678231   -0.0111441182201076   -0.0290986791651945   0
0.144854040455142   0.457542858904497   0.0342165744420417   0.0379080842262652   0
0.117504988363601   0.450750866342484   -0.0273490520915413   -0.00679199256201246   0
0.0985924535600956   0.431022195927889   -0.0189125348035054   -0.0197286704145946   0
0.127390029853674   0.435133322498979   0.0287975762935786   0.00411112657108909   0
0.136663572645018   0.443703460729404   0.00927354279134343   0.00857013823042568   0
0.110734118138539   0.409718231620525   -0.0259294545064782   -0.0339852291088794   0
0.144681930163169   0.436459087591552   0.0339478120246292   0.0267408559710271   0
