0.0644050855045594   0.139941905175862   0   0   0
0.161877767286833   0.156060485487198   0.0974726817822735   0.016118580311336   0
0.09188399386188   0.167345748148108   -0.0699937734249528   0.0112852626609098   0
0.110310245132399   0.122526049454034   0.0184262512705192   -0.0448196986940735   0
0.103345936295434   0.123180013785973   -0.00696430883696471   0.000653964331938525   0
0.108111987205536   0.114032088892568   0.0047660509101016   -0.00914792489340516   0
0.11638877621618   0.107665641296051   0.00827678901064381   -0.0063664475965165   0
0.0935932501028787   0.0895884703086284   -0.0227955261133012   -0.0180771709874229   0
0.0865435702582231   0.0961901972159976   -0.00704967984465556   0.00660172690736913   0
0.0954137689626607   0.0879292828061989   0.00887019870443762   -0.00826091440979869   0
0.0817544964087603   0.0763289427692406   -0.0136592725539004   -0.0116003400369583   0
0.093361880036501   0.0729915854760842   0.0116073836277407   -0.0033373572931564   0
0.0822517570082299   0.105880412977141   -0.0111101230282711   0.0328888275010572   0
0.0933699297335604   0.0880333319045264   0.0111181727253304   -0.0178470810726149   0
0.0910856240852529   0.0981815943726853   -0.00228430564830748   0.0101482624681589   0
0.201966513788524   0.0952708105825704   0.110880889703271   -0.00291078379011489   0
0.0683479204296663   0.0663059527025478   -0.133618593358858   -0.0289648578800226   0
0.106026599225006   0.0222519895432077   0.0376786787953395   -0.0440539631593401   0
0.116604565915148   0.0211425190288516   0.0105779666901418   -0.00110947051435615   0
0.0796766042937951   0.0679407334299581   -0.0369279616213525   0.0467982144011065   0
0.0609788376122405   0.0746815543520118   -0.0186977666815545   0.00674082092205376   0
0.0779636383474893   0.0601199878101545   0.0169848007352487   -0.0145615665418574   0
0.128298906772353   0.0290633167948984   0.0503352684248636   -0.0310566710152561   0
0.195439834704622   0.0364003289455017   0.0671409279322692   0.00733701215060322   0
0.0871720549925835   0.0305767091248797   -0.108267779712039   -0.00582361982062198   0
0.163396590017118   0.0675865477332213   0.0762245350245344   0.0370098386083416   0
0.104539720346909   0.0469567101769279   -0.0588568696702086   -0.0206298375562934   0
0.0854833612283116   0.0421809336633567   -0.0190563591185977   -0.00477577651357115   0
0.0885034765501333   0.0416755890546852   0.00302011532182177   -0.000505344608671472   0
0.101758995985859   0.0408990150402488   0.0132555194357253   -0.000776574014436406   0
0.111198844727587   0.0651584927518278   0.00943984874172832   0.024259477711579   0
0.100515361066655   0.0576612482389386   -0.0106834836609321   -0.00749724451288922   0
0.135917821841113   0.0395954676569806   0.035402460774458   -0.018065780581958   0
0.128708451840273   0.0478225521915654   -0.00720937000083938   0.00822708453458479   0
0.115800905056135   0.0431628147414821   -0.0129075467841385   -0.00465973745008338   0
0.115701197484123   0.054279976898139   -9.97075720121504e-05   0.0111171621566569   0
0.103193506699259   0.0676335144596414   -0.0125076907848639   0.0133535375615025   0
0.136266901651772   0.0497637416874977   0.0330733949525127   -0.0178697727721437   0
0.100812053792211   0.0629564284104689   -0.0354548478595608   0.0131926867229712   0
0.116119349642907   0.0502819021391892   0.0153072958506958   -0.0126745262712797   0
0.092401386061241   0.0870186230048488   -0.0237179635816656   0.0367367208656596   0
0.170950716358136   0.0633316926426258   0.0785493302968954   -0.023686930362223   0
0.132439325747349   0.0635568858380821   -0.038511390610787   0.000225193195456275   0
0.134499337233773   0.0612898668550724   0.00206001148642332   -0.0022670189830097   0
0.142735313798282   0.0747547100195272   0.00823597656450958   0.0134648431644548   0
0.131301185005439   0.0793220009443313   -0.0114341287928437   0.00456729092480414   0
0.109812078846876   0.102426260091199   -0.0214891061585626   0.023104259146868   0
0.141712668323895   0.0854213595323353   0.0319005894770195   -0.0170049005588639   0
0.104801666773368   0.0862806205796672   -0.0369110015505273   0.000859261047331916   0
0.144365303074591   0.0872390551685425   0.0395636363012224   0.000958434588875234   0
0.114352215863489   0.0997966217184511   -0.0300130872111015   0.0125575665499086   0
0.137791343107613   0.100772977861354   0.0234391272441242   0.000976356142903159   0
0.124809374667931   0.106437736276062   -0.0129819684396821   0.00566475841470764   0
0.165613650599339   0.0877757011564847   0.0408042759314081   -0.0186620351195772   0
0.0669956821057148   0.126869202994551   -0.0986179684936244   0.039093501838066   0
0.0476172169379354   0.134490909766199   -0.0193784651677795   0.00762170677164878   0
0.115844334834726   0.100295220011469   0.0682271178967901   -0.0341956897547302   0
0.165428023306482   0.0866481347414934   0.0495836884717566   -0.0136470852699758   0
0.164792270736251   0.0919331554630455   -0.000635752570230685   0.00528502072155212   0
0.163983435350099   0.0919321708266073   -0.000808835386152756   -9.84636438272624e-07   0
0.16616313878165   0.101413666433721   0.00217970343155166   0.00948149560711356   0
0.160182665952125   0.111870277399705   -0.00598047282952557   0.010456610965984   0
0.203400074700625   0.0847132606074161   0.0432174087485006   -0.0271570167922887   0
0.170513307403557   0.112349184409545   -0.0328867672970682   0.0276359238021291   0
0.173625910458347   0.0881180970239214   0.00311260305478997   -0.0242310873856238   0
0.213066570303861   0.051908520530882   0.0394406598455135   -0.0362095764930394   0
0.227357275844979   0.0574805315124915   0.0142907055411186   0.00557201098160945   0
0.235413911961931   0.0873269004426042   0.00805663611695215   0.0298463689301127   0
0.251183331892305   0.0963626750035121   0.0157694199303739   0.00903577456090796   0
0.308012303379524   0.0978152155962072   0.0568289714872188   0.00145254059269509   0
0.258757230650276   0.107999218146672   -0.0492550727292483   0.010184002550465   0
0.293563035140666   0.0719865452157207   0.0348058044903903   -0.0360126729309516   0
0.233978788337426   0.1186980015499   -0.0595842468032401   0.046711456334179   0
0.246901255633421   0.117284764177034   0.0129224672959951   -0.00141323737286563   0
0.25389240915888   0.120647268663002   0.00699115352545857   0.00336250448596757   0
0.242254840953179   0.146268555146219   -0.0116375682057008   0.0256212864832173   0
0.3007965320582   0.135839766087696   0.0585416911050215   -0.0104287890585228   0
0.304287262878764   0.132965711703638   0.0034907308205635   -0.00287405438405805   0
0.166251407556568   0.162932111106559   -0.138035855322196   0.0299663994029207   0
0.352862695202766   0.132668203650347   0.186611287646198   -0.0302639074562115   0
0.304687025948037   0.163489723781313   -0.0481756692547284   0.0308215201309658   0
0.301652872172005   0.144408155018242   -0.00303415377603239   -0.0190815687630714   0
0.320911130485716   0.156209044131091   0.0192582583137106   0.0118008891128491   0
0.34307944294459   0.148560599410221   0.0221683124588741   -0.00764844472087009   0
0.321518464952089   0.146218531524094   -0.0215609779925008   -0.00234206788612648   0
0.363688459813313   0.144529252765219   0.0421699948612244   -0.00168927875887531   0
0.355669030709296   0.146507086229822   -0.00801942910401748   0.0019778334646032   0
0.35250096524448   0.145019788186139   -0.00316806546481596   -0.00148729804368339   0
0.385154711579191   0.14492099033802   0.0326537463347114   -9.87978481185314e-05   0
0.416661658746638   0.158482412622821   0.031506947167447   0.0135614222848007   0
0.455399993863516   0.157334860442497   0.0387383351168774   -0.00114755218032375   0
0.437517861648636   0.160157229100976   -0.0178821322148797   0.00282236865847899   0
0.487962066291715   0.161835668428046   0.050444204643079   0.00167843932707021   0
0.482019854323852   0.169650454866094   -0.00594221196786282   0.00781478643804753   0
0.479833772522777   0.160553354531983   -0.00218608180107471   -0.00909710033411107   0
0.536244512170857   0.171245905450541   0.0564107396480793   0.0106925509185584   0
0.546706610619462   0.162467769220737   0.0104620984486052   -0.00877813622980445   0
0.565433777503378   0.16207206416441   0.0187271668839165   -0.000395705056326967   0
0.697846239549723   0.177853247645367   0.132412462046345   0.015781183480957   0
0.565324470388361   0.191308881599601   -0.132521769161363   0.013455633954234   0
0.335069804077389   0.22282255740029   -0.230254666310971   0.0315136758006896   0
0.180817166853869   0.25171335461672   -0.15425263722352   0.0288907972164295   0
0.258175965059279   0.266133612547232   0.0773587982054097   0.0144202579305119   0
0.325879293632934   0.272122867949117   0.0677033285736551   0.00598925540188522   0
0.318919711159627   0.275018566736757   -0.00695958247330686   0.00289569878764001   0
0.358035974969011   0.275117655911266   0.0391162638093835   9.90891745095701e-05   0
0.425565723402919   0.282818591864648   0.0675297484339086   0.00770093595338184   0
0.431274582069104   0.284202807314693   0.00570885866618442   0.00138421545004469   0
0.430835284333781   0.290531939439216   -0.000439297735322586   0.00632913212452346   0
0.4544448452088   0.314655295142494   0.0236095608750188   0.0241233557032776   0
0.505492943848715   0.296825414896518   0.0510480986399151   -0.017829880245976   0
0.689852672888523   0.309388994774378   0.184359729039808   0.0125635798778599   0
0.634741625200116   0.336758324569419   -0.0551110476884075   0.0273693297950416   0
0.66441053943604   0.328311898513521   0.0296689142359244   -0.00844642605589851   0
0.52141885013091   0.344504737859859   -0.142991689305131   0.0161928393463379   0
0.474785150111757   0.331729337111356   -0.0466337000191522   -0.0127754007485023   0
0.467619885641757   0.325636356032139   -0.00716526447000038   -0.00609298107921746   0
0.533552369414297   0.346939181623455   0.0659324837725394   0.0213028255913156   0
0.562718225107238   0.334347185737524   0.0291658556929413   -0.0125919958859305   0
0.649345341711173   0.335454844353156   0.0866271166039352   0.00110765861563161   0
0.602768591055149   0.355693685491889   -0.0465767506560235   0.0202388411387327   0
0.653034424405115   0.3624786630635   0.0502658333499657   0.00678497757161173   0
0.665811199026451   0.370384950269392   0.0127767746213354   0.00790628720589182   0
0.605134772295147   0.376449546808732   -0.0606764267313031   0.00606459653934033   0
0.616412255400272   0.378494587595569   0.0112774831051244   0.00204504078683676   0
0.665437236790398   0.406936145900386   0.0490249813901259   0.0284415583048165   0
0.827294975525423   0.394807717028809   0.161857738735025   -0.0121284288715768   0
0.759230541609503   0.392300614878437   -0.0680644339159192   -0.00250710215037159   0
1.25817995334372   0.475867894262946   0.498949411734214   0.0835672793845084   1
1.07906220411304   0.459601191624326   -0.179117749230679   -0.0162667026386202   0
1.02884260964647   0.486914287006194   -0.0502195944665684   0.0273130953818682   0
1.02288537156286   0.482629313346175   -0.00595723808361082   -0.00428497366001912   0
1.0343070796506   0.488520442923835   0.0114217080877392   0.00589112957766047   0
0.935027408170477   0.502885873804634   -0.0992796714801217   0.0143654308807986   0
0.701001277866282   0.479396883889278   -0.234026130304196   -0.0234889899153556   0
0.518441452670058   0.51497008892192   -0.182559825196224   0.0355732050326418   0
0.513307193619191   0.533283032052165   -0.00513425905086662   0.0183129431302447   0
0.621442138057116   0.566880885302415   0.108134944437925   0.0335978532502508   0
0.468169706019954   0.56846307984556   -0.153272432037162   0.00158219454314512   0
0.543324185822065   0.574215776186313   0.0751544798021113   0.00575269634075259   0
0.547188970695113   0.561824282866983   0.00386478487304831   -0.0123914933193296   0
0.589178630038459   0.574281736247114   0.0419896593433459   0.0124574533801309   0
0.580280507090803   0.581871421759352   -0.0088981229476558   0.00758968551223804   0
0.620996629343509   0.613249848484286   0.0407161222527058   0.0313784267249338   0
0.728289769133825   0.608844540061131   0.107293139790316   -0.00440530842315534   0
0.641208438328785   0.603614579803412   -0.0870813308050394   -0.0052299602577186   0
0.681967171489215   0.613814875051917   0.0407587331604293   0.0102002952485043   0
0.717035644528841   0.636278984149249   0.0350684730396258   0.0224641090973323   0
0.734571069696629   0.62625618853569   0.0175354251677885   -0.0100227956135586   0
0.665749799910267   0.630553582279095   -0.0688212697863624   0.0042973937434051   0
0.745286368542489   0.643221163999017   0.0795365686322218   0.0126675817199212   0
0.727980489237754   0.658279773734162   -0.0173058793047344   0.0150586097351458   0
0.663116836886261   0.651183719466519   -0.0648636523514933   -0.00709605426764348   0
0.738729406436457   0.673705973689561   0.075612569550196   0.0225222542230423   0
0.821496733486506   0.693101979993745   0.0827673270500494   0.0193960063041839   0
0.840257274921253   0.701722865058742   0.0187605414347466   0.00862088506499725   0
0.791157376873432   0.692869567206015   -0.0490998980478209   -0.00885329785272781   0
0.589698725391373   0.716313089435932   -0.201458651482059   0.0234435222299176   0
0.427745728674513   0.771939244556202   -0.16195299671686   0.0556261551202698   0
0.214372288252563   0.815446843292069   -0.21337344042195   0.0435075987358668   0
0.191505033463771   0.818766067577608   -0.0228672547887922   0.00331922428553888   0
0.276569294474567   0.838144296684199   0.0850642610107966   0.0193782291065907   0
0.336061122050736   0.825727396479159   0.059491827576169   -0.0124169002050396   0
0.323297340749967   0.856170100373314   -0.0127637813007698   0.0304427038941548   0
0.220977736159324   0.878667096054729   -0.102319604590642   0.0224969956814152   0
