0.0720827363557322   0.265402678868357   0   0   0
0.0507199544342264   0.237235230043542   -0.0213627819215058   -0.0281674488248141   0
0.151588645711346   0.263646114645129   0.10086869127712   0.0264108846015865   0
0.0602813270385614   0.220240362598435   -0.0913073186727846   -0.0434057520466942   0
0.126456685708981   0.244948416925891   0.0661753586704195   0.024708054327456   0
0.054467796802239   0.233517733600466   -0.071988888906742   -0.0114306833254247   0
0.0422060785332306   0.244423769376405   -0.0122617182690085   0.010906035775939   0
0.0982947035428156   0.204318035080313   0.056088625009585   -0.040105734296092   0
0.0565154586693765   0.189703715964112   -0.0417792448734391   -0.0146143191162009   0
0.060084942021192   0.212029902760112   0.00356948335181548   0.0223261867959998   0
0.17352210444854   0.103659667777263   0.113437162427348   -0.108370234982849   0
0.0493801089259633   0.170308964866711   -0.124141995522577   0.0666492970894483   0
0.109849300060264   0.156561196189741   0.0604691911343011   -0.0137477686769703   0
0.145368583478721   0.0473539889890493   0.0355192834184571   -0.109207207200692   0
0.0785646294999219   0.115267159328145   -0.0668039539787996   0.0679131703390959   0
0.18516871361904   0.0271408112442314   0.106604084119118   -0.0881263480839137   0
0.091876430240024   0.0740209812953226   -0.0932922833790159   0.0468801700510912   0
0.201912650023222   0.0408881231984607   0.110036219783198   -0.0331328580968619   0
0.0974729760050959   0.0414683854231148   -0.104439674018126   0.000580262224654092   0
0.132818542238537   0.0513812192248783   0.035345566233441   0.00991283380176346   0
0.0651881884839577   0.0558337597287474   -0.0676303537545791   0.00445254050386918   0
0.152790760823716   0.0619726546177627   0.0876025723397583   0.00613889488901523   0
0.0659523342651342   0.0643291634012327   -0.0868384265585818   0.00235650878347005   0
0.165870116732159   0.0563174929265544   0.0999177824670246   -0.00801167047467836   0
0.114438742376216   0.0681021788723569   -0.0514313743559425   0.0117846859458026   0
0.109979078174215   0.0605640866369047   -0.00445966420200174   -0.00753809223545225   0
0.168262397116082   0.0986987647398639   0.0582833189418672   0.0381346781029592   0
0.0359717384352108   0.103302746266141   -0.132290658680871   0.00460398152627715   0
0.151416526973148   0.113383228994812   0.115444788537937   0.010080482728671   0
0.0733198546517927   0.149752015084472   -0.0780966723213551   0.0363687860896602   0
0.0991149752732149   0.167585083283902   0.0257951206214222   0.0178330681994301   0
0.106962493906977   0.206371235477143   0.00784751863376169   0.0387861521932409   0
0.0870430004998886   0.190297639713594   -0.019919493407088   -0.0160735957635488   0
0.112650678724127   0.196884921377749   0.0256076782242381   0.00658728166415481   0
0.0798057628121904   0.184797801050398   -0.0328449159119362   -0.0120871203273512   0
0.172569477092329   0.221719296021272   0.092763714280139   0.0369214949708741   0
0.125751667029348   0.238724395366718   -0.0468178100629814   0.0170050993454456   0
0.196239479157686   0.261894311186433   0.0704878121283383   0.023169915819715   0
0.123209519969562   0.233897283364857   -0.0730299591881239   -0.0279970278215762   0
0.165312260838209   0.235734003661505   0.0421027408686464   0.00183672029664855   0
0.144089419246002   0.261561220364894   -0.0212228415922073   0.0258272167033886   0
0.18859456196097   0.266236663265623   0.0445051427149681   0.00467544290072885   0
0.178799827966919   0.301202645273182   -0.00979473399405015   0.0349659820075597   0
0.180523860267445   0.285559824373637   0.00172403230052551   -0.0156428208995451   0
0.246851019428723   0.345253105174492   0.0663271591612785   0.0596932808008545   0
0.219308330559968   0.327496003006907   -0.0275426888687559   -0.0177571021675847   0
0.266019130631615   0.345198828290103   0.046710800071647   0.0177028252831961   0
0.241604957230621   0.368312168001008   -0.0244141734009939   0.0231133397109046   0
0.259001947218568   0.346709241368613   0.0173969899879476   -0.0216029266323949   0
0.324887402102636   0.411373824817513   0.0658854548840679   0.0646645834489005   0
0.299777745516724   0.386330470051965   -0.0251096565859117   -0.0250433547655478   0
0.350188353905438   0.453022801689929   0.0504106083887132   0.0666923316379634   0
0.295436143081783   0.423865998757193   -0.0547522108236542   -0.0291568029327361   0
0.332547777394467   0.454920172232723   0.0371116343126837   0.03105417347553   0
0.319824273841886   0.466566024924096   -0.0127235035525806   0.0116458526913738   0
0.338969841196824   0.505033796999797   0.0191455673549374   0.038467772075701   0
0.313632673894494   0.522517539377732   -0.0253371673023299   0.0174837423779349   0
0.322896838363277   0.507439087710055   0.00926416446878264   -0.0150784516676776   0
0.373874846092914   0.585387798496048   0.0509780077296371   0.0779487107859935   0
0.375156837162126   0.580836153649127   0.00128199106921234   -0.00455164484692094   0
0.45080336279358   0.654759334644028   0.0756465256314538   0.0739231809949006   0
0.398426099777926   0.578312354343762   -0.0523772630156537   -0.0764469803002658   0
0.442436159161974   0.642576423002418   0.0440100593840483   0.0642640686586556   0
0.421752719308364   0.635776744047038   -0.0206834398536101   -0.00679967895537992   0
0.436877851488262   0.639076451354895   0.0151251321798977   0.00329970730785678   0
0.484863676661802   0.730171710395063   0.0479858251735394   0.0910952590401689   0
0.455029617104206   0.67384556302664   -0.0298340595575959   -0.056326147368423   0
0.504104473423912   0.720946420637742   0.0490748563197068   0.0471008576111019   0
0.472705084982169   0.731694332405829   -0.031399388441743   0.0107479117680871   0
0.551187142395394   0.801204956448606   0.0784820574132243   0.0695106240427763   0
0.504528398909318   0.772992917152623   -0.0466587434860757   -0.0282120392959824   0
0.478991070677732   0.79246484458697   -0.025537328231586   0.0194719274343462   0
0.516905123249906   0.815502915325414   0.0379140525721736   0.0230380707384447   0
0.503999945499997   0.777329222690907   -0.0129051777499085   -0.0381736926345071   0
0.554943307808104   0.808183250765568   0.0509433623081069   0.0308540280746603   0
0.307991996862272   0.550641370896024   -0.246951310945832   -0.257541879869544   1
0.452193128430762   0.475650827569332   0.14420113156849   -0.0749905433266922   0
0.393855317386982   0.468710793268197   -0.0583378110437808   -0.0069400343011346   0
0.376078670485312   0.498206209615316   -0.0177766469016694   0.0294954163471191   0
0.366676079116105   0.537034351013043   -0.0094025913692074   0.0388281413977267   0
0.395290487398824   0.586144406826935   0.0286144082827194   0.0491100558138927   0
0.348007156218087   0.575670247744749   -0.0472833311807372   -0.010474159082187   0
0.411210367584525   0.596421958822728   0.0632032113664378   0.0207517110779797   0
0.350138457150882   0.60952341966302   -0.0610719104336429   0.0131014608402923   0
0.424115491276846   0.596504596984678   0.0739770341259636   -0.013018822678343   0
0.399505634099195   0.57127425601948   -0.0246098571776504   -0.0252303409651977   0
0.446470247270745   0.588954132498595   0.0469646131715497   0.0176798764791151   0
0.332961907953447   0.590813823759492   -0.113508339317297   0.00185969126089758   0
0.355239967248901   0.601560385927506   0.0222780592954532   0.0107465621680136   0
0.34259122518325   0.62224630791718   -0.0126487420656511   0.0206859219896743   0
0.316865620553887   0.616360666198461   -0.0257256046293624   -0.00588564171871986   0
0.401142741128392   0.663350198048363   0.0842771205745048   0.0469895318499026   0
0.317566736999469   0.66508767185217   -0.0835760041289227   0.00173747380380695   0
0.398773413691585   0.711739188420871   0.0812066766921158   0.0466515165687008   0
0.328680833881199   0.743918967359355   -0.0700925798103865   0.0321797789384846   0
0.339418777654154   0.705797060897864   0.0107379437729554   -0.0381219064614919   0
0.400164409443281   0.750316579979799   0.0607456317891272   0.0445195190819352   0
0.336534417881839   0.73515288140801   -0.0636299915614424   -0.0151636985717885   0
0.466154364033857   0.791937945375577   0.129619946152018   0.0567850639675664   0
0.340321759386848   0.769332992624197   -0.125832604647009   -0.0226049527513801   0
0.443033937166218   0.833384379664306   0.102712177779369   0.0640513870401092   0
0.325344701847763   0.829123820134586   -0.117689235318454   -0.00426055952971938   0
0.459346098191766   0.89762706487551   0.134001396344003   0.0685032447409233   0
0.376712444809035   0.890207789244262   -0.0826336533827318   -0.00741927563124789   0
0.424167337918657   0.893723386935031   0.0474548931096222   0.00351559769076903   0
0.453690687280442   0.940965212202318   0.0295233493617854   0.0472418252672867   0
0.427657560778481   0.929117422391231   -0.0260331265019614   -0.0118477898110868   0
0.466142866749026   0.973772623389033   0.038485305970545   0.0446552009978025   0
0.396458507743244   0.967643712998002   -0.0696843590057816   -0.00612891039103103   0
0.489857313350531   1.00281129878071   0.0933988056072865   0.0351675857827054   0
0.414114390869238   0.981374473910973   -0.0757429224812928   -0.0214368248697342   0
0.409917789966476   0.957282064982803   -0.0041966009027618   -0.0240924089281701   0
0.437406561847213   0.983626195444672   0.0274887718807372   0.0263441304618685   0
0.401880145318228   0.947873362227757   -0.0355264165289854   -0.0357528332169147   0
0.483996610709207   0.970350837509099   0.0821164653909794   0.0224774752813416   0
0.400194207636742   0.966966003395261   -0.0838024030724651   -0.00338483411383783   0
0.512156768790573   1.00077761689795   0.11196256115383   0.033811613502693   0
0.464665415483012   1.01815513053526   -0.0474913533075608   0.0173775136373064   0
0.415101669336561   1.01478663288595   -0.0495637461464504   -0.00336849764930736   0
0.520496153041499   1.04800454586736   0.105394483704938   0.0332179129814076   0
0.4498443590999   1.03834519157949   -0.0706517939415992   -0.00965935428786957   0
0.503689760826047   1.08282497204877   0.0538454017261463   0.0444797804692803   0
0.532228160544893   1.10606045095702   0.0285383997188461   0.0232354789082505   0
0.473914092941959   1.08438461587896   -0.0583140676029334   -0.0216758350780617   0
0.555203669035067   1.11689757642296   0.0812895760931076   0.0325129605440038   0
0.482845822603862   1.10321863323668   -0.072357846431205   -0.0136789431862829   0
0.592194190354819   1.12906755137243   0.109348367750958   0.0258489181357515   0
0.515778473460264   1.12657552259624   -0.0764157168945556   -0.00249202877618848   0
0.570239410875818   1.14220151228314   0.0544609374155544   0.0156259896868953   0
0.593584274438769   1.19591895603535   0.0233448635629511   0.0537174437522145   0
0.540244423495514   1.21222502162676   -0.0533398509432554   0.0163060655914067   0
0.666676101687319   1.25115138393618   0.126431678191805   0.0389263623094211   0
0.557222956945422   1.23276671666474   -0.109453144741896   -0.0183846672714461   0
0.625895415738125   1.25808396765916   0.0686724587927025   0.0253172509944228   0
0.550910039761484   1.25185077332732   -0.0749853759766407   -0.00623319433183811   0
0.586765504721435   1.25594650300411   0.0358554649599506   0.00409572967678873   0
0.605787455060766   1.30106745838917   0.0190219503393316   0.0451209553850591   0
0.569349317172683   1.25301698107009   -0.0364381378880838   -0.0480504773190791   0
0.643181386807796   1.28229184323012   0.0738320696351137   0.0292748621600314   0
0.51222958156768   1.26800758070141   -0.130951805240117   -0.0142842625287076   0
0.629764180947122   1.28236861495954   0.117534599379443   0.0143610342581277   0
0.5361647483843   1.28798700460884   -0.0935994325628222   0.00561838964929851   0
0.6109319552487   1.2920052539481   0.0747672068644001   0.00401824933926287   0
0.627137261784053   1.30245420769196   0.0162053065353528   0.0104489537438615   0
0.541870830380267   1.28117739856528   -0.0852664314037862   -0.0212768091266828   0
0.711194730290516   1.33339810849695   0.169323899910249   0.0522207099316718   0
0.589153929655909   1.31857235632037   -0.122040800634607   -0.0148257521765833   0
0.641819679531564   1.29472685640225   0.0526657498756552   -0.0238454999181201   0
0.309059748666823   1.08510393632776   -0.332759930864741   -0.209622920074489   0
0.401557387910732   1.14667220234948   0.0924976392439086   0.0615682660217167   0
0.726748438100152   1.16520283955037   0.32519105018942   0.0185306372008951   0
0.595769556774505   1.17523195041851   -0.130978881325647   0.0100291108681401   0
0.430297724430423   1.20472435777577   -0.165471832344082   0.0294924073572616   0
0.40360086947638   1.21871796548894   -0.0266968549540426   0.0139936077131662   0
0.447534755519613   1.28113656373511   0.0439338860432332   0.0624185982461682   0
0.446052317706118   1.29038757148136   -0.00148243781349489   0.00925100774625598   0
0.298492457393818   1.31539117681987   -0.147559860312301   0.0250036053385059   0
0.524026044834606   1.35831989581109   0.225533587440788   0.0429287189912197   0
0.417651760314739   1.3924975759592   -0.106374284519867   0.034177680148112   0
0.65950889946232   1.4234488078913   0.241857139147581   0.0309512319320946   0
0.557638533742065   1.43602440401173   -0.101870365720255   0.0125755961204357   0
0.662244546540022   1.49466245570329   0.104606012797958   0.0586380516915617   0
0.561657046870428   1.47185073865413   -0.100587499669595   -0.0228117170491586   0
0.486904119737028   1.48510128021511   -0.0747529271333999   0.0132505415609765   0
0.5670305880647   1.52393519999824   0.0801264683276726   0.0388339197831336   0
0.380915203597349   1.51070578251525   -0.186115384467351   -0.0132294174829997   0
0.576565644076197   1.54702158814842   0.195650440478848   0.0363158056331714   0
0.474288984006586   1.541799101037   -0.102276660069611   -0.00522248711141682   0
0.558365000352816   1.53714063148732   0.0840760163462293   -0.00465846954967586   0
0.605609715901256   1.57896041053916   0.0472447155484402   0.0418197790518382   0
0.538445552594513   1.58092445537018   -0.0671641633067435   0.00196404483101786   0
0.705906697452999   1.61323745838306   0.167461144858487   0.0323130030128846   0
0.559179117966685   1.61955512782384   -0.146727579486314   0.00631766944077694   0
0.684251216426314   1.66883482834769   0.125072098459629   0.0492797005238443   0
0.649680050267245   1.75921076880835   -0.0345711661590687   0.0903759404606599   0
0.617300463243994   1.84799785825559   -0.0323795870232506   0.0887870894472449   0
0.729847576301463   1.91572091299366   0.112547113057468   0.0677230547380663   0
0.587847602104397   1.88932190223033   -0.141999974197065   -0.0263990107633223   0
0.660680808164911   1.86672433557823   0.0728332060605136   -0.0225975666521001   0
0.638951824532961   1.88274457056109   -0.0217289836319497   0.0160202349828518   0
0.698623417665834   1.85408653505439   0.0596715931328725   -0.028658035506695   0
0.614242953585309   1.8762496770081   -0.0843804640805247   0.0221631419537087   0
0.739778628579418   1.84728235344824   0.125535674994109   -0.0289673235598649   0
0.579005060049619   1.8551661541645   -0.1607735685298   0.00788380071626471   0
0.735277732760893   1.85230436792506   0.156272672711275   -0.00286178623944155   0
0.564408185327782   1.81893374194423   -0.170869547433111   -0.0333706259808251   0
0.767460748830329   1.84406186398538   0.203052563502547   0.0251281220411508   0
0.622952012839673   1.80944479042364   -0.144508735990657   -0.0346170735617439   0
0.701084223497605   1.84234996667334   0.0781322106579322   0.0329051762496979   0
