0.459938557121318   0.815719397450036   0   0   0
0.418855402559165   0.812872074837117   -0.0410831545621533   -0.00284732261291898   0
0.39163036535694   0.805459972888939   -0.0272250372022252   -0.00741210194817854   0
0.414590612196912   0.807461604066255   0.0229602468399721   0.00200163117731655   0
0.413584826164497   0.818729239087319   -0.00100578603241502   0.0112676350210635   0
0.366046603598504   0.840790420119568   -0.047538222565993   0.0220611810322496   0
0.370663101601711   0.871834099731279   0.00461649800320696   0.0310436796117106   0
0.359034453174065   0.9023039609091   -0.0116286484276454   0.0304698611778207   0
0.367262954118653   0.881661726225145   0.0082285009445881   -0.0206422346839547   0
0.313395745998187   0.582616054600929   -0.0538672081204665   -0.299045671624216   1
0.38394618806058   0.442807373638951   0.0705504420623929   -0.139808680961978   1
0.416481164530882   0.331993306050604   0.0325349764703028   -0.110814067588347   1
0.367457289308567   0.254817476571957   -0.0490238752223154   -0.0771758294786467   0
0.252353848991847   0.205334077380162   -0.11510344031672   -0.049483399191795   0
0.235982644135199   0.194334116765199   -0.0163712048566481   -0.0109999606149634   0
0.265492856841686   0.188879340017483   0.029510212706487   -0.00545477674771586   0
0.197576209834788   0.173153764491629   -0.0679166470068985   -0.0157255755258542   0
0.259880382462413   0.139098866595837   0.0623041726276254   -0.0340548978957922   0
0.163032543247476   0.144902060883688   -0.0968478392149373   0.00580319428785114   0
0.222730469007475   0.131282743109405   0.0596979257599999   -0.013619317774283   0
0.136691625926609   0.169822003201507   -0.0860388430808665   0.0385392600921017   1
0.263481539524954   0.11283811234193   0.126789913598345   -0.0569838908595766   1
0.133603395139981   0.136378623361618   -0.129878144384973   0.0235405110196879   0
0.205746535004505   0.103473032210233   0.0721431398645236   -0.0329055911513844   0
0.192218135194627   0.124045554240821   -0.0135283998098777   0.0205725220305877   0
0.204498833667994   0.131477273525541   0.012280698473367   0.00743171928472015   0
0.211571815573649   0.134055050435782   0.00707298190565434   0.00257777691024053   0
0.16665764515092   0.149466271723556   -0.0449141704227285   0.0154112212877746   0
0.207966438917365   0.113804534218336   0.0413087937664447   -0.03566173750522   0
0.164075682760487   0.140276314734678   -0.0438907561568777   0.0264717805163419   0
0.265723385310665   0.140565933701946   0.101647702550178   0.000289618967268174   0
0.226031243108027   0.149626465649939   -0.0396921422026378   0.009060531947993   0
0.253624807145082   0.120246308156342   0.0275935640370549   -0.0293801574935973   0
0.166914144025154   0.11294174966548   -0.0867106631199275   -0.00730455849086192   0
0.157501255402933   0.12036539315394   -0.00941288862222123   0.00742364348845957   0
0.20156664442045   0.126654674342531   0.0440653890175165   0.00628928118859089   0
0.179050113948246   0.127323197981554   -0.0225165304722033   0.000668523639023338   0
0.213688873703078   0.130243095837169   0.0346387597548316   0.002919897855615   0
0.14921725792498   0.154154486367572   -0.064471615778098   0.0239113905304031   0
0.227964543416756   0.102444926974204   0.078747285491776   -0.0517095593933681   0
0.193220140259757   0.128638617359835   -0.0347444031569994   0.0261936903856308   0
0.308756117720767   0.130145095509781   0.11553597746101   0.00150647814994609   0
0.66006306155394   0.0889498086364018   0.351306943833173   -0.0411952868733791   1
0.145832845087381   0.13293171135963   -0.514230216466559   0.0439819027232283   1
0.115308205603461   0.174776572453948   -0.0305246394839199   0.0418448610943175   0
0.160008634324558   0.163092119884745   0.0447004287210968   -0.0116844525692027   0
0.164196764748883   0.174621738106972   0.00418813042432531   0.0115296182222273   0
0.238103714458154   0.157583416472832   0.0739069497092708   -0.0170383216341403   0
0.181203157839095   0.201985824657326   -0.0569005566190587   0.044402408184494   0
0.380493024990945   0.16092690742539   0.19928986715185   -0.041058917231936   0
0.318896325936393   0.194397602208078   -0.0615966990545525   0.0334706947826878   0
0.266271827469599   0.188973055971612   -0.0526244984667935   -0.00542454623646568   0
0.259891618206898   0.217412956791333   -0.00638020926270128   0.0284399008197209   0
0.271476016873112   0.185883124169705   0.0115843986662137   -0.0315298326216279   0
0.263269585139359   0.184071451997587   -0.00820643173375302   -0.00181167217211803   0
0.398501270821197   0.240153466979971   0.135231685681838   0.0560820149823839   0
0.544472998742821   0.207717128711741   0.145971727921624   -0.0324363382682299   0
0.773750664181298   0.184586900945733   0.229277665438477   -0.0231302277660076   0
0.767028277625434   0.192731005234627   -0.00672238655586388   0.00814410428889406   0
0.632993413494872   0.215272804771643   -0.134034864130562   0.0225417995370157   0
0.509687472282727   0.193634827375527   -0.123305941212145   -0.0216379773961166   0
0.478296216147651   0.169156617337307   -0.0313912561350765   -0.0244782100382199   0
0.466417337431029   0.134172130016967   -0.011878878716622   -0.0349844873203393   0
0.384082872759565   0.13937503012197   -0.0823344646714638   0.00520290010500246   0
0.40017252517989   0.138784274734604   0.0160896524203257   -0.000590755387365999   0
0.440431369623918   0.119678122574554   0.0402588444440273   -0.0191061521600497   0
0.437768069479548   0.132547521948734   -0.00266330014437016   0.0128693993741794   0
0.449166811118052   0.130901822349958   0.0113987416385047   -0.00164569959877539   0
0.438691365585465   0.173210195074337   -0.0104754455325874   0.0423083727243792   0
0.455987456813507   0.163152053132806   0.0172960912280423   -0.0100581419415312   0
0.437519651467634   0.187790942480149   -0.018467805345873   0.0246388893473425   0
0.500325030617588   0.201205579784806   0.0628053791499535   0.0134146373046575   0
0.482663487097636   0.226071992684941   -0.0176615435199514   0.0248664129001348   0
0.490151020244344   0.226187778228931   0.00748753314670803   0.000115785543989888   0
0.503285101513049   0.211196180245856   0.0131340812687047   -0.0149915979830751   0
0.483025778290031   0.227490308059364   -0.0202593232230182   0.016294127813508   0
0.482540981424894   0.252692933951981   -0.000484796865136639   0.0252026258926168   0
0.444721859443585   0.262611243344397   -0.0378191219813089   0.00991830939241628   0
0.470549540241036   0.249356495187693   0.0258276807974505   -0.0132547481567037   0
0.497541505655679   0.255370306542891   0.0269919654146433   0.00601381135519768   0
0.493132608819788   0.257034131240464   -0.00440889683589107   0.00166382469757309   0
0.47694264289929   0.296528166163052   -0.0161899659204977   0.0394940349225881   0
0.428693162376611   0.288496826950341   -0.048249480522679   -0.00803133921271093   0
0.433906651465497   0.302291730404708   0.0052134890888853   0.0137949034543667   0
0.445395271377021   0.293883446711979   0.0114886199115242   -0.00840828369272889   0
0.473076551824332   0.303927558966343   0.0276812804473113   0.0100441122543643   0
0.427617560824214   0.302978832475538   -0.0454589910001185   -0.000948726490805352   0
0.457902536077275   0.306566956078521   0.0302849752530613   0.00358812360298344   0
0.443422109619593   0.297032122294833   -0.0144804264576823   -0.00953483378368847   0
0.462057093312515   0.322364293067641   0.0186349836929222   0.0253321707728083   0
0.487730099927885   0.330448044686695   0.0256730066153705   0.00808375161905395   0
0.500244572121477   0.332966959736623   0.0125144721935921   0.00251891504992813   0
0.508406383164895   0.334741479522258   0.00816181104341762   0.00177451978563442   0
0.520174697779506   0.328508375755094   0.0117683146146107   -0.00623310376716363   0
0.481204203217262   0.332074211660963   -0.0389704945622436   0.00356583590586895   0
0.408035534370476   0.346919885873526   -0.0731686688467859   0.0148456742125626   0
0.422364253287089   0.361558136761573   0.0143287189166126   0.0146382508880471   0
0.449008768601461   0.362112886708344   0.0266445153143719   0.00055474994677146   0
0.438238954847695   0.377035058164688   -0.0107698137537657   0.0149221714563443   0
0.498498740634317   0.382295211160498   0.0602597857866221   0.00526015299580995   0
0.528290822328952   0.414962348524237   0.0297920816946347   0.0326671373637382   0
0.568593353594676   0.383254321964541   0.040302531265724   -0.0317080265596956   0
0.590506941287738   0.386891009029998   0.0219135876930624   0.00363668706545706   0
0.716605968793172   0.406923341951835   0.126099027505434   0.020032332921837   0
0.883523357691742   0.435317466463557   0.16691738889857   0.0283941245117218   0
0.839527171837434   0.44260050250621   -0.0439961858543085   0.00728303604265346   0
0.855061159864112   0.471240440759014   0.0155339880266783   0.028639938252804   0
0.833350579866937   0.460217458000291   -0.021710579997175   -0.0110229827587228   0
0.819396282305997   0.44167708566044   -0.0139542975609394   -0.0185403723398511   0
0.802091529089418   0.424068681384572   -0.0173047532165799   -0.017608404275868   0
0.763046626026876   0.436655226134418   -0.0390449030625412   0.012586544749846   0
0.728962720337062   0.421605359421877   -0.0340839056898142   -0.0150498667125413   0
0.703807273589155   0.429574421243281   -0.0251554467479069   0.00796906182140422   0
0.691675278455064   0.424012818268799   -0.0121319951340916   -0.00556160297448188   0
0.356875948802942   0.446996037692729   -0.334799329652122   0.0229832194239302   1
0.24807381594858   0.413832950960892   -0.108802132854362   -0.0331630867318375   0
0.235118973074334   0.426736499777673   -0.0129548428742457   0.0129035488167812   0
0.253904408490065   0.430158746307976   0.018785435415731   0.00342224653030326   0
0.243352988760237   0.433532474379371   -0.0105514197298285   0.00337372807139458   0
0.278696509203111   0.440492946977304   0.0353435204428745   0.00696047259793303   0
0.259704004661605   0.436632672032797   -0.0189925045415067   -0.00386027494450714   0
0.285464695218796   0.439579952309588   0.0257606905571912   0.00294728027679153   0
0.315012666568568   0.451773983700367   0.0295479713497724   0.0121940313907791   0
0.306101943088038   0.474441517690537   -0.0089107234805304   0.0226675339901692   0
0.326248120066997   0.49065970044217   0.0201461769789595   0.0162181827516333   0
0.352417575284151   0.498433370250729   0.0261694552171532   0.00777366980855865   0
0.32268524105233   0.49083090775592   -0.0297323342318211   -0.00760246249480911   0
0.331479942849956   0.515078879622093   0.00879470179762631   0.0242479718661729   0
0.326734694376033   0.490238688341455   -0.00474524847392238   -0.0248401912806378   0
0.334152817641704   0.520861148409535   0.00741812326567071   0.0306224600680806   0
0.358318108363225   0.524025595151849   0.024165290721521   0.00316444674231409   0
0.347273305949363   0.536085442539013   -0.011044802413862   0.012059847387164   0
0.358234226361204   0.542886781038413   0.0109609204118403   0.00680133849939979   0
0.419776563582342   0.537378157984208   0.0615423372211385   -0.00550862305420574   0
0.475435113205788   0.555549122965062   0.0556585496234455   0.0181709649808548   0
0.418030896595467   0.562986054317734   -0.0574042166103206   0.00743693135267121   0
0.47808589069434   0.570305641222757   0.0600549940988726   0.00731958690502343   0
0.423737270475468   0.550404814782038   -0.0543486202188714   -0.0199008264407186   0
0.457194190021046   0.589982888734919   0.0334569195455776   0.0395780739528807   0
0.44988295882596   0.566581818915194   -0.0073112311950862   -0.0234010698197248   0
0.440243267527171   0.561329841452421   -0.00963969129878878   -0.00525197746277339   0
0.433123352823419   0.58040218049319   -0.00711991470375162   0.0190723390407695   0
0.472471959921433   0.595848729765576   0.0393486070980136   0.0154465492723852   0
0.468795370401628   0.580362934789947   -0.00367658951980437   -0.015485794975629   0
0.49158128145913   0.604586700178105   0.0227859110575012   0.0242237653881584   0
0.470249330438109   0.604519341911407   -0.0213319510210204   -6.73582666984585e-05   0
0.482771859972182   0.616183297832918   0.0125225295340727   0.0116639559215109   0
0.482898629383021   0.602483091341575   0.000126769410838834   -0.013700206491343   0
0.501670176710755   0.61328650732753   0.0187715473277341   0.0108034159859549   0
0.474421923975906   0.60859395847827   -0.0272482527348492   -0.00469254884925974   0
0.489376181450426   0.612337924526564   0.0149542574745201   0.0037439660482943   0
0.483900622593111   0.622254913807838   -0.00547555885731521   0.00991698928127394   0
0.504341883513555   0.641457895517118   0.0204412609204442   0.01920298170928   0
0.485891538786178   0.630235168201125   -0.0184503447273766   -0.0112227273159932   0
0.528228612096126   0.641719208304816   0.0423370733099484   0.0114840401036913   0
0.548531918511585   0.677755065977378   0.0203033064154584   0.0360358576725618   0
0.567206171540825   0.702284413671555   0.0186742530292403   0.024529347694177   0
0.61535633176965   0.759950651498668   0.0481501602288251   0.0576662378271129   0
0.627007039469255   0.768292877270283   0.0116507076996047   0.00834222577161492   0
0.639617362554363   0.780563183918029   0.0126103230851083   0.0122703066477458   0
0.640995471378699   0.813896643764582   0.0013781088243352   0.033333459846553   0
0.672060348829627   0.814791135107642   0.0310648774509285   0.000894491343060633   0
0.665286991977147   0.815780633032251   -0.00677335685248037   0.000989497924608562   0
0.657456705871953   0.80317956355739   -0.00783028610519354   -0.0126010694748605   0
0.625368006244075   0.752727611272664   -0.0320886996278777   -0.0504519522847268   0
0.644556508760869   0.779875420214024   0.0191885025167934   0.0271478089413602   0
0.686380155907788   0.827685853868483   0.0418236471469197   0.0478104336544594   0
0.708766587538521   0.84918424743927   0.0223864316307325   0.0214983935707874   0
0.703528313023122   0.87513270443459   -0.00523827451539882   0.0259484569953197   0
0.745881038913043   0.889540592414   0.0423527258899206   0.0144078879794097   0
0.76795256302066   0.930754443418483   0.0220715241076168   0.0412138510044829   0
0.695000256484125   0.859752743787421   -0.0729523065365343   -0.0710016996310614   0
0.72488298428436   0.861320684394175   0.0298827278002349   0.00156794060675369   0
0.745679879837186   0.897689867959559   0.0207968955528257   0.0363691835653835   0
0.79994572566206   0.912458157597651   0.0542658458248741   0.0147682896380925   0
0.829278702269026   0.956825856089811   0.029332976606966   0.0443676984921599   0
0.81341326515923   0.949429401022793   -0.0158654371097959   -0.00739645506701792   0
0.806150060633255   0.964025223617708   -0.0072632045259754   0.0145958225949151   0
0.846927760894287   0.945061682502128   0.040777700261032   -0.0189635411155805   0
0.945532302417532   1.05788127709647   0.0986045415232458   0.112819594594338   0
0.940108315468489   1.0173423492022   -0.00542398694904345   -0.0405389278942667   0
0.815483646799248   0.995577678079923   -0.124624668669241   -0.0217646711222765   0
1.07156287182834   0.996883896659611   0.256079225029093   0.00130621857968827   1
1.18836281056965   0.946777857036814   0.116799938741311   -0.0501060396227969   0
1.21374694396361   0.968839263508618   0.0253841333939582   0.0220614064718043   0
1.18313585827664   0.976448346897941   -0.0306110856869697   0.00760908338932287   0
1.195858281101   1.00526937626098   0.0127224228243614   0.0288210293630388   0
1.20794600471917   1.0172175604314   0.0120877236181671   0.0119481841704157   0
1.24373512142256   0.985136448895036   0.0357891167033961   -0.0320811115363595   0
1.15577085051898   0.957416285049722   -0.0879642709035868   -0.0277201638453143   0
1.16371731367158   0.997116540079444   0.00794646315260339   0.0397002550297215   0
1.15282181723365   0.999120272438959   -0.0108954964379326   0.00200373235951568   0
1.18632775392638   1.003620808646   0.0335059366927282   0.00450053620704161   0
1.19141197720999   1.0099613909597   0.00508422328361613   0.00634058231369838   0
1.18723556790439   1.03593322496853   -0.00417640930560625   0.0259718340088266   0
1.21040895605328   1.0360209374166   0.0231733881488978   8.77124480749281e-05   0
1.20562537545037   1.03253498650315   -0.00478358060291639   -0.00348595091345083   0
1.22921666318392   1.04837048104878   0.0235912877335482   0.0158354945456345   0
1.27709238920082   1.03404797485182   0.0478757260169083   -0.0143225061969692   0
1.29001993510171   1.03810359073529   0.0129275459008822   0.0040556158834737   0
1.28683058118658   1.05831720927404   -0.00318935391512265   0.020213618538756   0
1.31165203880031   1.04857271675601   0.0248214576137229   -0.00974449251803899   0
1.30230303037609   1.04349860734085   -0.0093490084242116   -0.00507410941515962   0
1.34294391969853   1.04025325958011   0.0406408893224346   -0.00324534776073815   0
1.34016702495299   1.07562708732685   -0.00277689474553489   0.035373827746745   0
1.36741081578033   1.067657401722   0.02724379082734   -0.00796968560485656   0
1.33397172310735   1.05512479332005   -0.0334390926729815   -0.0125326084019493   0
1.31969076978094   1.05952911545689   -0.0142809533264165   0.00440432213683906   0
1.33546059448005   1.08719293239488   0.0157698246991105   0.027663816937991   0
1.36848683281366   1.09735630833433   0.0330262383336122   0.0101633759394575   0
1.37446676498633   1.10936458662243   0.00597993217267567   0.0120082782880973   0
1.40408250715086   1.10969614658403   0.0296157421645236   0.000331559961595618   0
1.42333777447563   1.1015648979951   0.0192552673247754   -0.00813124858892555   0
1.40900109539808   1.12925149968526   -0.0143366790775497   0.0276866016901582   0
1.42203269984915   1.13550006491494   0.0130316044510614   0.00624856522968265   0
1.40447190374674   1.13500287618894   -0.0175607961024029   -0.000497188726005682   0
1.44268246729843   1.11490834033341   0.0382105635516887   -0.0200945358555271   0
1.44551429341314   1.1358126547073   0.00283182611470889   0.0209043143738921   0
1.48920459868832   1.13506711732941   0.0436903052751798   -0.000745537377890626   0
1.65097072146964   1.11667836849348   0.161766122781325   -0.0183887488359367   0
1.69406100287003   1.10988736422001   0.0430902814003817   -0.00679100427346113   0
1.69341706228708   1.15834751503424   -0.000643940582947922   0.0484601508142264   0
1.59680235122886   1.1356604304659   -0.0966147110582234   -0.0226870845683376   0
1.47631993538968   1.1415421393628   -0.120482415839171   0.00588170889689787   0
1.4884543402352   1.13557379540048   0.0121344048455148   -0.00596834396232127   0
1.43400514533897   1.14178612798337   -0.0544491948962287   0.00621233258288756   0
1.45215725081067   1.1430067781376   0.0181521054716991   0.00122065015423445   0
1.42852060280907   1.14853928613489   -0.023636648001595   0.00553250799729188   0
1.4097052979176   1.11842800268468   -0.0188153048914703   -0.03011128345021   0
1.40887470393135   1.1309465140263   -0.000830593986256734   0.0125185113416211   0
1.45099430580309   1.1553245861667   0.0421196018717462   0.0243780721403926   0
1.44399586288391   1.1495383411445   -0.00699844291918583   -0.0057862450221966   0
1.45920226987385   1.15895220786504   0.015206406989944   0.00941386672053923   0
1.49590380096248   1.17780558742519   0.0367015310886303   0.0188533795601518   0
1.42194385841073   1.13647337669348   -0.0739599425517496   -0.0413322107317069   0
1.46871824061084   1.14374072393747   0.0467743822001108   0.00726734724398215   0
1.50302667031028   1.04757255127485   0.0343084296994347   -0.0961681726626156   0
1.45600557989751   1.00480224268908   -0.0470210904127655   -0.0427703085857685   0
1.47254109648899   1.14208935223705   0.0165355165914791   0.13728710954797   0
1.51167850738211   1.17510307496087   0.0391374108931175   0.033013722723821   0
1.51630763952867   1.14038380742187   0.00462913214655902   -0.0347192675390036   0
1.47264546535987   1.13721442410227   -0.0436621741687937   -0.00316938331960293   0
1.45577807676398   1.14022211548639   -0.0168673885958912   0.00300769138411949   0
1.43578416340578   1.14628618409737   -0.0199939133582037   0.00606406861097963   0
1.45876236380872   1.15866294042616   0.0229782004029426   0.012376756328796   0
