0.23104253814957   0.0573308514865469   0   0   0
0.216860789326456   0.0822144789301282   -0.014181748823114   0.0248836274435813   0
0.251335217000563   0.0669238859577244   0.0344744276741067   -0.0152905929724039   0
0.194096199255627   0.0679549918296846   -0.057239017744936   0.00103110587196022   0
0.238097370332602   0.0570861164437116   0.0440011710769747   -0.010868875385973   0
0.199175005111585   0.0468678257699245   -0.0389223652210163   -0.0102182906737871   0
0.222870676474589   0.0869230379366857   0.0236956713630037   0.0400552121667612   0
0.190216957622476   0.0452208334511041   -0.0326537188521127   -0.0417022044855815   0
0.183108656057473   0.0736907849585686   -0.00710830156500281   0.0284699515074644   0
0.168624138258533   0.0608380341086333   -0.0144845177989402   -0.0128527508499353   0
0.155660702505634   0.0534247252459243   -0.0129634357528988   -0.00741330886270899   0
0.161663276822111   0.0668795097429699   0.00600257431647663   0.0134547844970456   0
0.107006965886899   0.0483901112614447   -0.0546563109352118   -0.0184893984815251   0
0.107725303689577   0.0657876902848284   0.000718337802677882   0.0173975790233836   0
0.101751715934671   0.0413395917645542   -0.00597358775490593   -0.0244480985202741   0
0.0811018529863529   0.0421584697157048   -0.0206498629483182   0.000818877951150564   0
0.068221356644822   0.0479109280741878   -0.0128804963415309   0.00575245835848304   0
0.0549956850642848   0.0251401682449144   -0.0132256715805372   -0.0227707598292735   0
0.0580314700590119   0.0418558349923879   0.00303578499472713   0.0167156667474735   0
0.0515447314819856   0.0270112319595016   -0.00648673857702632   -0.0148446030328863   0
0.0485191494779123   0.0342877925059711   -0.0030255820040733   0.00727656054646948   0
0.0699632405700308   0.042220252434608   0.0214440910921185   0.00793245992863697   0
0.0642602325496881   0.0121971456961511   -0.00570300802034264   -0.030023106738457   0
0.0622200420997125   0.0226147706285074   -0.00204019044997561   0.0104176249323563   0
0.0517453401165177   0.0482418836997222   -0.0104747019831948   0.0256271130712148   0
0.0685206901969763   0.0329554004078998   0.0167753500804585   -0.0152864832918225   0
0.0754051761022412   0.0331081660619778   0.00688448590526489   0.000152765654078055   0
0.0653144345887645   0.029552902748319   -0.0100907415134766   -0.00355526331365883   0
0.0689180258801716   0.0406165505036768   0.00360359129140704   0.0110636477553578   0
0.0508210729885743   0.0512907959722307   -0.0180969528915972   0.010674245468554   0
0.0909429051684627   0.0517994969411142   0.0401218321798884   0.000508700968883488   0
0.090637247909124   0.0359727100216261   -0.000305657259338718   -0.0158267869194881   0
0.0885115227518993   0.0510123588987267   -0.00212572515722464   0.0150396488771006   0
0.0959215610113805   0.0416474483741201   0.00741003825948118   -0.00936491052460658   0
0.0774447503876796   0.0347263994834981   -0.0184768106237009   -0.00692104889062197   0
0.129456747122929   0.0457210240468758   0.0520119967352494   0.0109946245633777   0
0.12089877146423   0.0239949549173884   -0.00855797565869953   -0.0217260691294875   0
0.132388666701988   0.0487051897106458   0.0114898952377582   0.0247102347932575   0
0.123150813124478   0.0258486258140912   -0.00923785357751016   -0.0228565638965547   0
0.105039142386112   0.0431008542582685   -0.0181116707383651   0.0172522284441773   0
0.124780967007032   0.0368164204779773   0.0197418246209195   -0.0062844337802912   0
0.116311458264008   0.0259857541528527   -0.00846950874302427   -0.0108306663251246   0
0.149685317734105   0.0471521884205813   0.0333738594700974   0.0211664342677286   0
0.226360052173898   0.0493925307589366   0.0766747344397933   0.00224034233835534   0
0.25265169607236   0.0511850873904207   0.0262916438984613   0.00179255663148403   0
0.248986228681608   0.0467184655313881   -0.00366546739075163   -0.00446662185903253   0
0.244773264008245   0.0504524580928918   -0.00421296467336305   0.00373399256150365   0
0.276019027386157   0.0554458342107638   0.0312457633779119   0.00499337611787198   0
0.264456304384392   0.0376531912820481   -0.0115627230017652   -0.0177926429287157   0
0.281136185233723   0.0567098592230002   0.016679880849331   0.0190566679409521   0
0.280345487067172   0.0489671910691485   -0.00079069816655053   -0.00774266815385167   0
0.238977033499205   0.0354855107485436   -0.0413684535679675   -0.013481680320605   0
0.297649724272894   0.0618306426332648   0.0586726907736896   0.0263451318847212   0
0.285424110895173   0.0334693600373162   -0.0122256133777214   -0.0283612825959486   0
0.301897143395175   0.0607664656938449   0.0164730325000022   0.0272971056565287   0
0.290775624161672   0.0525665846040524   -0.011121519233503   -0.00819988108979246   0
0.272639605309647   0.0443197275907129   -0.0181360188520253   -0.00824685701333949   0
0.30669113570643   0.0689678822357915   0.0340515303967834   0.0246481546450786   0
0.304353979590493   0.0357889180620552   -0.00233715611593766   -0.0331789641737363   0
0.319590121644803   0.0533106837520867   0.0152361420543105   0.0175217656900315   0
0.321091476848141   0.0532071730670076   0.00150135520333755   -0.000103510685079085   0
0.297513205603466   0.0490821977007957   -0.023578271244675   -0.00412497536621186   0
0.345389183161329   0.0633453577603955   0.0478759775578633   0.0142631600595998   0
0.310256546493527   0.0402130036442815   -0.035132636667802   -0.023132354116114   0
0.31583376797613   0.0642277537550746   0.00557722148260315   0.0240147501107931   0
0.328644241611199   0.0545945451702137   0.0128104736350688   -0.00963320858486094   0
0.307273477375725   0.0520481522825259   -0.0213707642354741   -0.00254639288768782   0
0.344081395101988   0.077723185563463   0.0368079177262629   0.0256750332809371   0
0.319401369135528   0.0486631816317789   -0.0246800259664592   -0.0290600039316841   0
0.312290112252886   0.0589998186910773   -0.00711125688264258   0.0103366370592985   0
0.353403859505877   0.0728570018473626   0.0411137472529917   0.0138571831562853   0
0.348711201698268   0.0492716517079804   -0.00469265780760969   -0.0235853501393822   0
0.346789945299702   0.0716201909969116   -0.00192125639856622   0.0223485392889312   0
0.353429353659059   0.0682186777809721   0.00663940835935711   -0.0034015132159395   0
0.210513839284024   0.0387402834300744   -0.142915514375034   -0.0294783943508977   0
0.133028853935565   0.0472778771010554   -0.0774849853484588   0.00853759367098098   0
0.10285211897331   0.0770830548269852   -0.030176734962255   0.0298051777259297   0
0.0933681189070445   0.0708383596544522   -0.0094840000662659   -0.00624469517253294   0
0.086874639384127   0.0765105448184628   -0.00649347952291754   0.00567218516401062   0
0.0810469126331682   0.0890448044891447   -0.00582772675095879   0.0125342596706818   0
0.092677833420462   0.088828159923191   0.0116309207872938   -0.000216644565953661   0
0.0823836453370698   0.0972990862262243   -0.0102941880833922   0.00847092630303325   0
0.0953823471654289   0.0833561681511483   0.0129987018283591   -0.013942918075076   0
0.0878890836220381   0.096021274229152   -0.0074932635433908   0.0126651060780037   0
0.129281236597659   0.0816469067369244   0.0413921529756214   -0.0143743674922276   0
0.21321944977335   0.0572351349486843   0.0839382131756903   -0.0244117717882401   0
0.191236316701222   0.074213320602885   -0.0219831330721279   0.0169781856542008   0
0.205300341300471   0.0609361866739717   0.0140640245992495   -0.0132771339289133   0
0.202432925740281   0.0641228932299144   -0.00286741556019054   0.00318670655594269   0
0.206351569439949   0.0614822600017607   0.00391864369966805   -0.00264063322815374   0
0.218997674325391   0.061968195604472   0.0126461048854422   0.000485935602711311   0
0.200017744201651   0.0707218213483116   -0.0189799301237404   0.00875362574383961   0
0.191570434892261   0.0655174204200425   -0.00844730930938953   -0.00520440092826908   0
0.215084346500553   0.0589740053754555   0.0235139116082921   -0.00654341504458703   0
0.194108675990848   0.0691172324035765   -0.0209756705097051   0.010143227028121   0
0.209602199418804   0.049974153262785   0.0154935234279558   -0.0191430791407915   0
0.222705758253575   0.0480918310947826   0.0131035588347717   -0.00188232216800239   0
0.206160486656716   0.0559703557339651   -0.0165452715968592   0.00787852463918249   0
0.233560998368756   0.0560014823665106   0.0274005117120396   3.11266325455153e-05   0
0.190754367000732   0.0732689634504611   -0.0428066313680238   0.0172674810839504   0
0.24559393693927   0.0496208516050118   0.0548395699385377   -0.0236481118454493   0
0.233625208133455   0.056339671049684   -0.0119687288058151   0.00671881944467222   0
0.258065601047137   0.0581009844228273   0.0244403929136822   0.00176131337314336   0
0.261478918891619   0.0490467054534155   0.0034133178444824   -0.00905427896941181   0
0.218903355429363   0.0607707349351849   -0.0425755634622568   0.0117240294817694   0
0.224310063222072   0.0508307985588128   0.00540670779270963   -0.00993993637637212   0
0.224325760713967   0.0503068471904829   1.56974918948949e-05   -0.000523951368329827   0
0.212730569784881   0.0480953462700177   -0.0115951909290863   -0.00221150092046527   0
0.238386234087541   0.0487343176392673   0.0256556643026606   0.000638971369249654   0
0.20498271152993   0.0677856756881319   -0.0334035225576113   0.0190513580488646   0
0.241687876951865   0.051487485867797   0.0367051654219353   -0.0162981898203349   0
0.202061337623752   0.0680541624890976   -0.0396265393281131   0.0165666766213006   0
0.217494774315086   0.0573343589722611   0.0154334366913333   -0.0107198035168365   0
0.226326019952413   0.0703077538733994   0.00883124563732735   0.0129733949011382   0
0.209640242831976   0.0753445117518523   -0.0166857771204366   0.0050367578784529   0
0.242110230284844   0.0506960965849936   0.0324699874528672   -0.0246484151668587   0
0.219433628125158   0.0726587264042833   -0.0226766021596859   0.0219626298192897   0
0.244251679652546   0.0565559138950561   0.0248180515273884   -0.0161028125092272   0
0.224867828614589   0.0563858384182145   -0.0193838510379574   -0.000170075476841551   0
0.214729674562413   0.076159754066042   -0.0101381540521752   0.0197739156478275   0
0.310582132675481   0.05369491670962   0.0958524581130674   -0.0224648373564221   0
0.276300818424557   0.0667748924298834   -0.0342813142509239   0.0130799757202634   0
0.264964814410442   0.0615849422380179   -0.0113360040141149   -0.0051899501918655   0
0.231591543415082   0.078567460867795   -0.0333732709953597   0.0169825186297771   0
0.254861799794987   0.0674005545573811   0.0232702563799046   -0.011166906310414   0
0.231518245908395   0.0863601549452205   -0.0233435538865921   0.0189596003878395   0
0.266090752255579   0.0667966298555736   0.0345725063471843   -0.019563525089647   0
0.251077470778125   0.0691947131143341   -0.0150132814774546   0.00239808325876055   0
0.231795635425109   0.0828648452356758   -0.0192818353530157   0.0136701321213417   0
0.281534832610052   0.0690268926314956   0.0497391971849432   -0.0138379526041802   0
0.216779226007129   0.0947375866053701   -0.0647556066029228   0.0257106939738744   0
0.256847544292718   0.0757607989789904   0.0400683182855893   -0.0189767876263797   0
0.227163326509408   0.0932362121434719   -0.0296842177833103   0.0174754131644815   0
0.232970644474949   0.0972979916607352   0.00580731796554043   0.00406177951726329   0
0.277087685280923   0.0727442920739146   0.0441170408059747   -0.0245536995868206   0
0.241033910036679   0.0959476559908578   -0.036053775244244   0.0232033639169432   0
0.2869694404866   0.0740030613525549   0.0459355304499204   -0.021944594638303   0
0.238142624271397   0.0971396926166642   -0.0488268162152031   0.0231366312641093   0
0.273460725277096   0.0694958297888587   0.0353181010056998   -0.0276438628278054   0
0.259164544354104   0.10092254010423   -0.0142961809229928   0.0314267103153717   0
0.295674411665399   0.0724669010675391   0.0365098673112957   -0.0284556390366913   0
0.302456388662977   0.0653390773490107   0.0067819769975781   -0.00712782371852841   0
0.292152904334306   0.0778429025865878   -0.0103034843286716   0.0125038252375771   0
0.306195764197629   0.0653699808891857   0.0140428598633232   -0.0124729216974021   0
0.288321593702102   0.0811953511968204   -0.0178741704955269   0.0158253703076347   0
0.294895999246395   0.0645150195787896   0.00657440554429328   -0.0166803316180308   0
0.312610622039447   0.0607699639050411   0.0177146227930517   -0.00374505567374845   0
0.230164616480857   0.0657615525559578   -0.08244600555859   0.00499158865091669   0
0.280867319632135   0.0625604489259788   0.0507027031512782   -0.00320110362997902   0
0.209635415273136   0.0962513224611615   -0.0712319043589996   0.0336908735351828   0
0.262715076342965   0.0688910510190728   0.0530796610698296   -0.0273602714420887   0
0.279534627980238   0.0768610175454534   0.0168195516372728   0.00796996652638059   0
0.278779035668215   0.0848365212099424   -0.000755592312022768   0.00797550366448894   0
0.318992787354589   0.0620935921916465   0.0402137516863738   -0.0227429290182959   0
0.296369597216831   0.0829753911145497   -0.0226231901377583   0.0208817989229033   0
0.297880836947647   0.0781013105892756   0.00151123973081685   -0.0048740805252741   0
0.316613281373634   0.0566104566374625   0.0187324444259867   -0.0214908539518131   0
0.293082697296173   0.0844677430224846   -0.0235305840774614   0.0278572863850221   0
0.332410709734252   0.0588308087585612   0.0393280124380789   -0.0256369342639234   0
0.281429400558771   0.0737598439742113   -0.0509813091754802   0.0149290352156502   0
0.320143146871974   0.0618754951634985   0.0387137463132021   -0.0118843488107129   0
0.296753096064388   0.0685786507950907   -0.0233900508075853   0.00670315563159225   0
0.297044317810491   0.07014295772558   0.000291221746102799   0.00156430693048924   0
0.301142743580598   0.0529096606685868   0.00409842577010733   -0.0172332970569932   0
0.275814543407497   0.0819186381064316   -0.0253282001731012   0.0290089774378448   0
0.329506095358675   0.072718670645062   0.0536915519511776   -0.00919996746136957   0
0.307202607565626   0.0836602885469115   -0.0223034877930487   0.0109416179018496   0
0.300600458807651   0.0694487873850221   -0.00660214875797477   -0.0142115011618895   0
0.297075453915819   0.0730870318243428   -0.00352500489183205   0.00363824443932077   0
0.257533679184937   0.086065055241907   -0.0395417747308823   0.0129780234175642   0
0.322173998009616   0.0611352288051611   0.064640318824679   -0.0249298264367459   0
0.290188094171573   0.0718812650057892   -0.0319859038380425   0.0107460362006281   0
0.307907901302402   0.0654010346984742   0.017719807130829   -0.00648023030731505   0
0.307756589603895   0.0685131052550715   -0.000151311698507794   0.00311207055659728   0
0.289009013312699   0.0697796273097851   -0.0187475762911953   0.0012665220547136   0
0.318099232568911   0.0654784445273595   0.0290902192562115   -0.00430118278242551   0
0.301466595716673   0.0804729535628276   -0.0166326368522378   0.014994509035468   0
0.315711366626861   0.0691632045200517   0.0142447709101876   -0.0113097490427759   0
0.303617566092609   0.0674890730303803   -0.0120938005342514   -0.00167413148967142   0
0.324444048574743   0.0721786570320652   0.0208264824821334   0.00468958400168497   0
0.339591722351532   0.0744387987642197   0.0151476737767893   0.0022601417321545   0
0.324116991269912   0.0707642321294098   -0.0154747310816203   -0.00367456663480989   0
0.350469800920593   0.0667906560033799   0.0263528096506813   -0.00397357612602992   0
0.258140199949175   0.0662618423006409   -0.092329600971418   -0.000528813702739064   0
0.284678200505588   0.0620629970995802   0.0265380005564135   -0.00419884520106067   0
0.272408270100322   0.0671543634102431   -0.0122699304052664   0.00509136631066293   0
0.290013655493754   0.0546764686245829   0.0176053853934323   -0.0124778947856602   0
0.285246731319695   0.0614781504865956   -0.00476692417405977   0.00680168186201272   0
0.251395171257485   0.0569437817764591   -0.03385156006221   -0.0045343687101365   0
