0.102375383230971   0.252969055867511   0   0   0
0.11241822781004   0.19675219725012   0.0100428445790691   -0.0562168586173915   0
0.100195484586931   0.162263620166382   -0.0122227432231084   -0.0344885770837374   0
0.0857518588777089   0.132771558718349   -0.0144436257092225   -0.0294920614480333   0
0.0870216405272849   0.122561588800284   0.00126978164957607   -0.0102099699180646   0
0.0782941958382612   0.103839372566106   -0.00872744468902374   -0.0187222162341788   0
0.0704033112880467   0.0821077600078093   -0.00789088455021454   -0.0217316125582964   0
0.0776533181885359   0.10497597307308   0.00725000690048923   0.0228682130652706   0
0.114431166190204   0.0731259115012593   0.0367778480016677   -0.0318500615718207   0
0.104769836813178   0.0581572530449556   -0.00966132937702537   -0.0149686584563036   0
0.078252539188811   0.0781875668538803   -0.0265172976243673   0.0200303138089247   0
0.11560751611487   0.0471474279282815   0.0373549769260593   -0.0310401389255988   0
0.137833130112103   0.0527104538412685   0.022225613997233   0.005563025912987   0
0.0927076847190674   0.0501012576879563   -0.0451254453930359   -0.00260919615331223   0
0.106208834077444   0.0224564554110416   0.0135011493583765   -0.0276448022769147   0
0.079531221370541   0.00918744474909781   -0.0266776127069029   -0.0132690106619438   0
0.081298059754277   0.0215017889508693   0.00176683838373604   0.0123143442017715   0
0.0798029311861413   0.0128565496679708   -0.00149512856813577   -0.0086452392828985   0
0.0616759262981919   0.0228458026857413   -0.0181270048879494   0.00998925301777051   0
0.0707477467353555   0.031949579893756   0.00907182043716355   0.00910377720801472   0
0.0386347150255583   0.0360445244238983   -0.0321130317097972   0.00409494453014225   0
0.0531343384345754   0.0388777378542094   0.0144996234090171   0.0028332134303111   0
0.0623826630451923   0.0289604516397794   0.00924832461061686   -0.00991728621443001   0
0.0318531412639083   0.058458452591349   -0.0305295217812839   0.0294980009515696   0
0.0647269216652546   0.0296945368708623   0.0328737804013462   -0.0287639157204867   0
0.057537474446554   0.0346557309276186   -0.0071894472187006   0.00496119405675631   0
0.0236745018562165   0.0521296821918665   -0.0338629725903374   0.0174739512642479   0
0.0788933110738167   0.0183395608514653   0.0552188092176001   -0.0337901213404011   0
0.0755312961001597   0.0569020099552511   -0.00336201497365693   0.0385624491037858   0
0.0905451389095345   0.0422192728965694   0.0150138428093748   -0.0146827370586817   0
0.0821637635117209   0.00723372098058288   -0.0083813753978136   -0.0349855519159865   0
0.0843291449746148   0.0716081650241263   0.00216538146289387   0.0643744440435434   0
0.0984203330988064   0.0300555336556968   0.0140911881241916   -0.0415526313684295   0
0.069382225135621   0.085385552479649   -0.0290381079631854   0.0553300188239522   0
0.0897750502973404   0.0660699547770863   0.0203928251617194   -0.0193155977025628   0
0.0963029313775027   0.0569989924925432   0.00652788108016231   -0.00907096228454302   0
0.0749129493457199   0.107343139716343   -0.0213899820317828   0.0503441472238001   0
0.0676963386431645   0.0926625247277582   -0.00721661070255547   -0.0146806149885851   0
0.0965750601856276   0.111272570313651   0.0288787215424632   0.0186100455858928   0
0.0823477396837339   0.0936908614743983   -0.0142273205018938   -0.0175817088392527   0
0.080924598187046   0.129253018866911   -0.00142314149668787   0.0355621573925125   0
0.0830113051618296   0.165203803143186   0.00208670697478362   0.035950784276275   0
0.0422643015201293   0.202427491724667   -0.0407470036417004   0.0372236885814808   0
0.073886727569571   0.188079115783598   0.0316224260494417   -0.0143483759410688   0
0.0851848032279819   0.197004183786316   0.0112980756584109   0.00892506800271797   0
0.102489809020263   0.161274710854027   0.0173050057922812   -0.0357294729322889   0
0.0972827736069444   0.196479821698158   -0.00520703541331868   0.0352051108441312   0
0.125049604793658   0.193432200274898   0.0277668311867134   -0.00304762142325973   0
0.13141902887242   0.203205829899913   0.0063694240787624   0.00977362962501491   0
0.143931863806212   0.168937543155459   0.012512834933792   -0.0342682867444545   0
0.139981605457746   0.185909473953804   -0.00395025834846602   0.0169719307983449   0
0.147777932351552   0.176892899042931   0.0077963268938063   -0.00901657491087285   0
0.122022631691397   0.212545580720207   -0.0257553006601551   0.0356526816772761   0
0.329371430843493   0.115262995467735   0.207348799152096   -0.0972825852524724   0
0.421409577405794   0.198881842656696   0.092038146562301   0.0836188471889617   0
0.341584601603862   0.261260469666758   -0.0798249758019325   0.0623786270100617   0
0.310369604366914   0.263247638234064   -0.0312149972369474   0.00198716856730574   0
0.278188835323391   0.235884327961085   -0.032180769043523   -0.0273633102729792   0
0.268694290089313   0.215111255569508   -0.00949454523407806   -0.020773072391577   0
0.275896524223743   0.215971855776303   0.00720223413442994   0.000860600206794959   0
0.277036024576245   0.204925574176114   0.00113950035250215   -0.0110462816001885   0
0.266661053455224   0.181138476242363   -0.010374971121021   -0.0237870979337513   0
0.263826206558048   0.182982076711382   -0.00283484689717595   0.00184360046901905   0
0.273940744588095   0.1664005554736   0.0101145380300468   -0.0165815212377821   0
0.281328289464835   0.179326632523895   0.00738754487673987   0.0129260770502952   0
0.285389993509338   0.181055085473703   0.00406170404450301   0.00172845294980847   0
0.29622180875447   0.193844035915636   0.0108318152451323   0.012788950441933   0
0.325692071322361   0.198479446740721   0.0294702625678909   0.0046354108250842   0
0.314944687742292   0.202086734003008   -0.0107473835800689   0.00360728726228746   0
0.314427368875326   0.220260437174274   -0.000517318866966709   0.0181737031712665   0
0.300789650685857   0.235682086441673   -0.0136377181894683   0.0154216492673981   0
0.321831116481005   0.233937397922762   0.0210414657951475   -0.00174468851891099   0
0.321340960521204   0.237551209828449   -0.000490155959800731   0.00361381190568782   0
0.291022900386963   0.246641313381903   -0.0303180601342413   0.00909010355345344   0
0.317394187852235   0.271518322827853   0.0263712874652726   0.0248770094459498   0
0.326009294432475   0.301854993814083   0.00861510658023945   0.0303366709862302   0
0.316147427450106   0.281873428310031   -0.00986186698236874   -0.0199815655040522   0
0.318810890998551   0.330405121450546   0.0026634635484451   0.0485316931405153   0
0.341516355395594   0.33443247356006   0.0227054643970434   0.00402735210951377   0
0.346784629350971   0.374466471244756   0.0052682739553761   0.0400339976846968   0
0.334375588648813   0.370181168509083   -0.0124090407021578   -0.00428530273567362   0
0.370667112375592   0.398630665221894   0.0362915237267796   0.0284494967128115   0
0.315149442170742   0.413446650308719   -0.0555176702048501   0.0148159850868244   0
0.293939051287814   0.503358616029864   -0.0212103908829285   0.0899119657211451   0
0.358252738421034   0.515276421362845   0.0643136871332205   0.0119178053329809   0
0.324697260120932   0.527386122420281   -0.0335554783001025   0.0121097010574366   0
0.324219049914252   0.513332099919   -0.000478210206680152   -0.0140540225012816   0
0.394228207436099   0.563323656365948   0.0700091575218475   0.0499915564469477   0
0.378551528414112   0.585066545981951   -0.0156766790219874   0.0217428896160031   0
0.393390117661387   0.594032932723431   0.0148385892472754   0.0089663867414802   0
0.394785215835142   0.57813008209096   0.00139509817375533   -0.015902850632471   0
0.416339235160812   0.565278517309167   0.0215540193256697   -0.0128515647817929   0
0.385428715357496   0.612241479860684   -0.0309105198033157   0.0469629625515169   0
0.386515864617444   0.615748497200765   0.00108714925994718   0.00350701734008085   0
0.391471483060159   0.56560794918499   0.00495561844271492   -0.0501405480157747   0
0.377198995066212   0.572370640889712   -0.0142724879939468   0.00676269170472243   0
0.378228433398244   0.56616372299561   0.0010294383320324   -0.0062069178941021   0
0.402901308696857   0.570542252855562   0.0246728752986128   0.0043785298599518   0
0.412249653924961   0.57298420508357   0.00934834522810396   0.00244195222800747   0
0.377558814295217   0.586495248840517   -0.0346908396297441   0.0135110437569476   0
0.426217956714179   0.592823069084065   0.0486591424189624   0.00632782024354783   0
0.405266012330481   0.575020099755   -0.0209519443836977   -0.017802969329065   0
0.415545740472995   0.578566042019621   0.0102797281425139   0.00354594226462113   0
0.409040767002862   0.550300188603457   -0.0065049734701329   -0.0282658534161645   0
0.431918961031395   0.544849694935447   0.0228781940285329   -0.00545049366800909   0
0.43211110126383   0.567855713480986   0.00019214023243469   0.0230060185455387   0
0.431013317626277   0.534839245802652   -0.00109778363755297   -0.0330164676783339   0
0.397096469131381   0.365063623455556   -0.0339168484948958   -0.169775622347096   0
0.303169074955181   0.166670288905589   -0.0939273941762004   -0.198393334549967   0
0.35476091044612   0.23162797422697   0.0515918354909394   0.0649576853213812   0
0.339935454219489   0.275118897647744   -0.0148254562266316   0.043490923420774   0
0.391058388958094   0.319976485305499   0.0511229347386055   0.0448575876577544   0
0.413757615725222   0.340080594496808   0.0226992267671274   0.0201041091913094   0
0.411054324652983   0.36169903470496   -0.00270329107223855   0.0216184402081521   0
0.423987088601646   0.344701374561736   0.0129327639486631   -0.0169976601432246   0
0.413045122490425   0.32919125853142   -0.0109419661112213   -0.0155101160303159   0
0.433339272746378   0.338574874051885   0.0202941502559535   0.00938361552046557   0
0.424217044908712   0.334717685600119   -0.00912222783766642   -0.00385718845176641   0
0.433254221447685   0.363358274398011   0.00903717653897351   0.0286405887978918   0
0.424248618022322   0.38054592358676   -0.00900560342536338   0.0171876491887491   0
0.41254136161825   0.41751956779593   -0.0117072564040716   0.03697364420917   0
0.416606588001462   0.388296689713871   0.00406522638321177   -0.029222878082059   0
0.420341919804307   0.430254083722049   0.00373533180284435   0.0419573940081783   0
0.390291849683926   0.412321389242057   -0.0300500701203809   -0.0179326944799919   0
0.432108313737389   0.420203996324107   0.0418164640534636   0.00788260708204969   0
0.437117317705728   0.441582632616762   0.00500900396833831   0.0213786362926549   0
0.424612911268817   0.426319832710724   -0.0125044064369109   -0.0152627999060374   0
0.436237984520938   0.442891943513596   0.0116250732521211   0.0165721108028713   0
0.412225521827798   0.456443758078966   -0.0240124626931403   0.0135518145653709   0
0.432469201993032   0.462047097810656   0.0202436801652345   0.00560333973168958   0
0.450873315598883   0.484481969259435   0.018404113605851   0.0224348714487787   0
0.423722750867734   0.479680556973597   -0.0271505647311487   -0.00480141228583797   0
0.451950457843268   0.498733538120558   0.0282277069755341   0.0190529811469612   0
0.457919410971112   0.532191125648718   0.0059689531278434   0.0334575875281604   0
0.470967934564393   0.509249837611658   0.0130485235932808   -0.0229412880370605   0
0.458961173699301   0.536640412900016   -0.0120067608650916   0.0273905752883584   0
0.462030004839253   0.563108480230497   0.00306883113995182   0.0264680673304807   0
0.488316531185306   0.578651038793676   0.0262865263460532   0.0155425585631788   0
0.459867651481478   0.602110576648924   -0.0284488797038283   0.0234595378552485   0
0.470377711288003   0.612295711127393   0.0105100598065252   0.010185134478469   0
0.469122797057167   0.631497775871776   -0.0012549142308359   0.0192020647443829   0
0.453466487049749   0.695019019423569   -0.0156563100074184   0.0635212435517933   0
0.429166266891563   0.7331989872076   -0.0243002201581861   0.0381799677840304   0
0.340578917837085   0.706131504041032   -0.0885873490544775   -0.0270674831665678   0
0.347604010194733   0.671813992653473   0.00702509235764781   -0.0343175113875596   0
0.376093394211225   0.763193112658913   0.0284893840164921   0.0913791200054402   0
0.372003385603586   0.699135470269532   -0.00409000860763953   -0.0640576423893806   0
0.334896850089651   0.70666420941699   -0.0371065355139348   0.00752873914745833   0
0.338133638833672   0.72963461408725   0.00323678874402095   0.0229704046702593   0
0.379048033286013   0.752964929613093   0.0409143944523408   0.023330315525843   0
0.383071629423092   0.81443343385755   0.0040235961370792   0.0614685042444569   0
0.38320792210017   0.804640935120908   0.00013629267707832   -0.00979249873664134   0
0.394607162961411   0.811061204571517   0.0113992408612409   0.00642026945060847   0
0.394849351911821   0.849844787241912   0.000242188950409838   0.0387835826703947   0
0.4103922499917   0.845786378464001   0.0155428980798791   -0.00405840877791086   0
0.425720488656962   0.878924247276749   0.015328238665262   0.0331378688127483   0
0.383553554762161   0.885480739992266   -0.042166933894801   0.0065564927155165   0
0.401960574573453   0.875397023769215   0.0184070198112916   -0.0100837162230502   0
0.396146127731095   0.875781636099433   -0.00581444684235766   0.000384612330217693   0
0.40645338869943   0.933485430689869   0.0103072609683352   0.0577037945904358   0
0.42188699697816   0.909551902142478   0.01543360827873   -0.0239335285473908   0
0.432738951497733   0.964062951917042   0.0108519545195734   0.0545110497745636   0
0.425908346600533   0.964308174215588   -0.00683060489720017   0.000245222298546066   0
0.425369441837046   0.907730268089591   -0.00053890476348728   -0.056577906125997   0
0.44646019638512   0.966564581834033   0.0210907545480742   0.0588343137444428   0
