0.444353133921479   1.17663480734519   0   0   0
0.498818336102433   1.15057697305797   0.054465202180954   -0.0260578342872146   0
0.461100845362487   1.08914620978831   -0.0377174907399463   -0.0614307632696602   0
0.416005138507928   1.10708837080357   -0.0450957068545593   0.0179421610152548   0
0.440658283170996   1.04692229883   0.0246531446630688   -0.060166071973565   0
0.389956045551495   1.01516878642642   -0.0507022376195008   -0.031753512403579   0
0.400028631326759   0.990482030438463   0.0100725857752634   -0.0246867559879619   0
0.464116480571085   0.846307140569102   0.0640878492443257   -0.144174889869361   0
0.315638078869217   0.773845012867079   -0.148478401701868   -0.072462127702023   0
0.453708011225458   0.745576691561639   0.138069932356241   -0.0282683213054398   0
0.442217144591885   0.72657265811772   -0.0114908666335728   -0.019004033443919   0
0.278502051657452   0.546387406570649   -0.163715092934433   -0.180185251547071   0
0.126069221912289   0.468806490557405   -0.152432829745163   -0.0775809160132445   0
0.180025770231736   0.373155774195241   0.0539565483194474   -0.0956507163621633   0
0.0570566866588834   0.317593977462971   -0.122969083572853   -0.0555617967322706   0
0.081630649127702   0.275847752608663   0.0245739624688186   -0.041746224854308   0
0.0902178272538748   0.250144412498561   0.00858717812617282   -0.0257033401101023   0
0.0943545399107028   0.153390385221695   0.00413671265682793   -0.0967540272768655   0
0.132995353628087   0.117665998350862   0.0386408137173846   -0.0357243868708333   0
0.125273103143408   0.105065268105854   -0.0077222504846795   -0.0126007302450077   0
0.0778257347363968   0.0854997931708609   -0.047447368407011   -0.0195654749349932   0
0.0967608384676879   0.0973346255836021   0.0189351037312911   0.0118348324127411   0
0.110231280359297   0.100939467329942   0.0134704418916093   0.00360484174634029   0
0.152462406583131   0.115707244514432   0.0422311262238339   0.0147677771844894   0
0.170258117508124   0.146703812180393   0.0177957109249924   0.0309965676659612   0
0.281265147852076   0.198636913530271   0.111007030343952   0.0519331013498784   0
0.253455154529435   0.179759213842302   -0.0278099933226403   -0.0188776996879693   0
0.268619460707317   0.195098605196552   0.0151643061778818   0.0153393913542497   0
0.259346490202779   0.205071033731144   -0.00927297050453857   0.00997242853459224   0
0.242719070482338   0.208248878002314   -0.0166274197204411   0.0031778442711696   0
0.266490677629519   0.232672588493467   0.0237716071471809   0.0244237104911529   0
0.253099900020663   0.232759834246053   -0.0133907776088556   8.72457525863402e-05   0
0.311229277565013   0.254835268339176   0.0581293775443502   0.0220754340931235   0
0.261791453030752   0.257201005756684   -0.049437824534261   0.00236573741750801   0
0.309406694345808   0.264175413388055   0.0476152413150554   0.00697440763137108   0
0.265664678549878   0.253760100124606   -0.0437420157959296   -0.0104153132634496   0
0.24253932832281   0.242932631725855   -0.0231253502270676   -0.0108274683987506   0
0.28255105618939   0.257529267597394   0.0400117278665799   0.0145966358715384   0
0.254187606888711   0.24805940014944   -0.0283634493006791   -0.00946986744795364   0
0.277125684809881   0.191876833746684   0.0229380779211699   -0.0561825664027563   0
0.0624935928692694   0.267648514158495   -0.214632091940612   0.0757716804118111   0
0.256450324743409   0.238980716513383   0.19395673187414   -0.0286677976451116   0
0.13679877284318   0.264716042192384   -0.119651551900229   0.0257353256790008   0
0.224717337015994   0.274365450268889   0.0879185641728142   0.00964940807650477   0
0.201909189030638   0.284499423692738   -0.0228081479853562   0.0101339734238492   0
0.212443898205056   0.285954546404232   0.0105347091744173   0.00145512271149395   0
0.271592408667842   0.288600327156346   0.0591485104627863   0.00264578075211425   0
0.229202128176071   0.327343700841715   -0.042390280491771   0.0387433736853686   0
0.334167906147493   0.318938884047555   0.104965777971423   -0.00840481679415922   0
0.318364839523777   0.3438212679351   -0.0158030666237169   0.0248823838875448   0
0.321732462450419   0.329963342308657   0.00336762292664206   -0.0138579256264432   0
0.387459211727389   0.34565466160823   0.0657267492769709   0.015691319299573   0
0.313071773694532   0.332559833022946   -0.0743874380328579   -0.0130948285852835   0
0.294830471789959   0.300462396746248   -0.0182413019045722   -0.032097436276698   0
0.341309804785363   0.265256952099752   0.0464793329954035   -0.0352054446464967   0
0.266333166644412   0.278025225071845   -0.0749766381409511   0.0127682729720932   0
0.330074210901124   0.291368363163796   0.0637410442567128   0.0133431380919516   0
0.325985673768035   0.318080166446291   -0.0040885371330891   0.0267118032824942   0
0.295955273545244   0.308345209426869   -0.0300304002227917   -0.00973495701942118   0
0.347548471725985   0.30407681198342   0.0515931981807418   -0.00426839744344976   0
0.39753110241256   0.316727131078157   0.0499826306865749   0.0126503190947372   0
0.382116652350941   0.318799676446276   -0.0154144500616192   0.00207254536811863   0
0.388717978783706   0.313122948233597   0.00660132643276523   -0.00567672821267834   0
0.401663225205408   0.309878339877927   0.0129452464217012   -0.00324460835567031   0
0.382799098971197   0.300855861454036   -0.018864126234211   -0.00902247842389114   0
0.337222844654925   0.301703668288935   -0.0455762543162712   0.000847806834899711   0
0.408131786623892   0.312462317449641   0.0709089419689665   0.0107586491607051   0
0.360442817598243   0.320880227760297   -0.0476889690256493   0.00841791031065631   0
0.367941982652102   0.310953300274334   0.00749916505385972   -0.00992692748596313   0
0.439447847591509   0.326276842190033   0.0715058649394065   0.0153235419156996   0
0.381823228498477   0.309938273578385   -0.057624619093032   -0.0163385686116481   0
0.376099344911208   0.298982291449678   -0.00572388358726855   -0.0109559821287076   0
0.390373111653569   0.30984342236846   0.0142737667423609   0.0108611309187824   0
0.386410964832987   0.30763950562184   -0.00396214682058205   -0.00220391674662029   0
0.364020166284905   0.304035393982757   -0.022390798548082   -0.00360411163908325   0
0.53911144927742   0.294786734659567   0.175091282992515   -0.00924865932318947   0
0.164992778004281   0.307294039052582   -0.374118671273139   0.0125073043930152   0
0.243847925388366   0.30819156866712   0.0788551473840846   0.000897529614537373   0
0.24936604202024   0.307757134556211   0.0055181166318741   -0.000434434110908322   0
0.314040704108385   0.338361425159547   0.0646746620881448   0.030604290603336   0
0.363710010342044   0.339975533980756   0.0496693062336597   0.00161410882120833   0
0.390149763433339   0.343523815694414   0.0264397530912942   0.00354828171365862   0
0.348239198850675   0.347524813270218   -0.0419105645826636   0.0040009975758038   0
0.362639629349152   0.340877912961884   0.0144004304984765   -0.00664690030833381   0
0.369484148315039   0.37408928830862   0.00684451896588784   0.0332113753467358   0
0.305298431529938   0.374954451671466   -0.0641857167851017   0.000865163362846144   0
0.275972131792125   0.386630043801888   -0.0293262997378126   0.0116755921304219   0
0.306891719164415   0.39283359064399   0.0309195873722898   0.00620354684210195   0
0.316606126686471   0.398237299152465   0.00971440752205666   0.00540370850847494   0
0.2955453318025   0.372927687780419   -0.0210607948839712   -0.0253096113720457   0
0.380560650801472   0.397896481563673   0.0850153189989719   0.0249687937832531   0
0.349727058915034   0.410014127990122   -0.0308335918864376   0.0121176464264493   0
0.312419233220108   0.412801432121123   -0.0373078256949268   0.00278730413100103   0
0.362026188030977   0.40006209298089   0.0496069548108689   -0.0127393391402332   0
0.367406357482842   0.370439003835314   0.00538016945186559   -0.0296230891455754   0
0.288035401689949   0.343969955550263   -0.0793709557928937   -0.0264690482850511   0
0.270277221745563   0.372508963959929   -0.0177581799443858   0.0285390084096663   0
0.329833170635111   0.373737772115691   0.0595559488895478   0.00122880815576132   0
0.28815583513455   0.406475064621743   -0.0416773355005605   0.0327372925060521   0
0.268422943180888   0.410905476005735   -0.0197328919536626   0.00443041138399258   0
0.337649947682507   0.412528396928927   0.0692270045016199   0.00162292092319111   0
0.309064697893192   0.432572988107787   -0.0285852497893155   0.020044591178861   0
0.280593876622085   0.422920157509961   -0.0284708212711067   -0.00965283059782679   0
0.36561860798336   0.42800164219574   0.0850247313612749   0.00508148468577901   0
0.358605882899096   0.422936603822902   -0.00701272508426443   -0.00506503837283817   0
0.287198523859803   0.416897757539244   -0.0714073590392924   -0.00603884628365792   0
0.337871617457415   0.417475522095009   0.050673093597612   0.000577764555765026   0
0.393234985651531   0.414277916014419   0.055363368194116   -0.00319760608058967   0
0.323379410416681   0.443764725009492   -0.0698555752348506   0.0294868089950729   0
0.42016107940403   0.483438503067867   0.0967816689873498   0.039673778058375   0
0.389230662271987   0.473585045327922   -0.030930417132043   -0.00985345773994484   0
0.317437568615452   0.458416830601801   -0.0717930936565352   -0.0151682147261215   0
0.409981564023421   0.475441717987862   0.0925439954079682   0.0170248873860617   0
0.357452834300191   0.495860019747005   -0.0525287297232293   0.0204183017591424   0
0.317828443250443   0.494872493615527   -0.0396243910497484   -0.000987526131477567   0
0.391056990521637   0.501331168682688   0.0732285472711945   0.00645867506716113   0
0.335984279532376   0.510431223495144   -0.055072710989261   0.0091000548124559   0
0.337794559279512   0.474179962563266   0.0018102797471361   -0.0362512609318786   0
0.389158168333905   0.485837495732369   0.0513636090543927   0.0116575331691038   0
0.382532961236558   0.535163492634961   -0.00662520709734715   0.0493259969025916   0
0.358867035626303   0.524106784314036   -0.0236659256102552   -0.0110567083209245   0
0.400469281083593   0.539782799516157   0.0416022454572905   0.0156760152021208   0
0.383115331848635   0.534840972001491   -0.0173539492349579   -0.0049418275146661   0
0.350244746712981   0.536489943692796   -0.0328705851356547   0.00164897169130518   0
0.412698775503393   0.545285964025758   0.0624540287904123   0.00879602033296134   0
0.416066688445494   0.549191587976591   0.00336791294210126   0.0039056239508336   0
0.364414639786878   0.536853231252733   -0.0516520486586163   -0.0123383567238586   0
0.393178503981538   0.52695579914254   0.0287638641946597   -0.00989743211019301   0
0.423235750017659   0.532825079848502   0.030057246036121   0.00586928070596227   0
0.382355358288543   0.525991752051769   -0.0408803917291157   -0.00683332779673262   0
0.401666445373783   0.530550947398551   0.0193110870852398   0.00455919534678162   0
0.422517595403896   0.536783297138147   0.0208511500301128   0.00623234973959597   0
0.39070033430449   0.525270813967662   -0.0318172610994059   -0.0115124831704851   0
0.416635988039788   0.518103208381544   0.0259356537352979   -0.00716760558611751   0
0.488764111845387   0.553342527931163   0.0721281238055995   0.0352393195496188   0
0.445146077128351   0.548271641354903   -0.0436180347170358   -0.00507088657625954   0
0.415076341366935   0.516992314906856   -0.0300697357614166   -0.0312793264480473   0
0.428424656010832   0.495098415296393   0.0133483146438977   -0.0218938996104628   0
0.487525430993748   0.511759083167314   0.0591007749829159   0.0166606678709209   0
0.452381415172651   0.539158413584078   -0.0351440158210978   0.027399330416764   0
0.500333506250421   0.543046440043115   0.0479520910777704   0.0038880264590363   0
0.521017367675551   0.542743674856281   0.0206838614251298   -0.00030276518683392   0
0.478542437089638   0.547853748864832   -0.0424749305859129   0.00511007400855101   0
0.517349125045061   0.549647878232965   0.038806687955423   0.00179412936813306   0
0.574078427651972   0.555472811574518   0.0567293026069109   0.00582493334155332   0
0.521742476366694   0.521194010737364   -0.0523359512852779   -0.0342788008371536   0
0.497591352141454   0.549137051578656   -0.0241511242252402   0.0279430408412921   0
0.590724651951829   0.570578171565694   0.0931332998103758   0.0214411199870371   0
0.584033510606412   0.578536104573647   -0.00669114134541737   0.00795793300795344   0
0.57077390734536   0.610298356436833   -0.0132596032610516   0.0317622518631864   0
0.546395377340887   0.592893799821267   -0.0243785300044735   -0.0174045566155668   0
0.59422386376046   0.610981463847104   0.0478284864195734   0.0180876640258373   0
0.596487558793719   0.614967645195054   0.00226369503325841   0.00398618134795037   0
0.584588616096833   0.600177255327541   -0.011898942696886   -0.0147903898675136   0
0.525329351902452   0.585248366986402   -0.059259264194381   -0.014928888341139   0
0.544685334017734   0.58946703986631   0.0193559821152819   0.00421867287990851   0
0.542533659326544   0.589945359642315   -0.00215167469119004   0.000478319776004543   0
0.542833419853872   0.595171841724094   0.000299760527328385   0.00522648208177934   0
0.505643661161257   0.569930644429873   -0.037189758692615   -0.0252411972942213   0
0.46247854745815   0.547436453111455   -0.0431651137031073   -0.022494191318418   0
0.545135125984375   0.569771422399588   0.082656578526225   0.0223349692881336   0
0.527804221508279   0.571451237491223   -0.0173309044760961   0.0016798150916344   0
0.510780109995377   0.574164282299718   -0.0170241115129011   0.00271304480849488   0
0.566258298992792   0.561619443496662   0.0554781889974143   -0.0125448388030559   0
0.591286063042932   0.571099495940506   0.0250277640501401   0.0094800524438442   0
0.556607015761794   0.552061538670056   -0.0346790472811378   -0.0190379572704497   0
0.542258738502166   0.558974817002743   -0.0143482772596285   0.00691327833268673   0
0.589521700186897   0.572271938591698   0.0472629616847318   0.0132971215889548   0
0.621213279417271   0.601585529588478   0.0316915792303734   0.0293135909967805   0
0.574910377024637   0.586388700021794   -0.0463029023926339   -0.015196829566684   0
0.587795689516349   0.55627808464944   0.0128853124917121   -0.030110615372354   0
0.604810173735603   0.573881867530897   0.017014484219254   0.0176037828814567   0
0.627937631713405   0.565961592422578   0.0231274579778022   -0.00792027510831927   0
0.620166694522529   0.550316762221725   -0.00777093719087596   -0.0156448302008527   0
0.579899974887911   0.553319517697921   -0.0402667196346179   0.00300275547619611   0
0.526314099136628   0.532314727699791   -0.0535858757512836   -0.0210047899981303   0
0.655991766616777   0.587267714818966   0.129677667480149   0.054952987119175   0
0.608866894893293   0.606473043740249   -0.0471248717234842   0.0192053289212837   0
0.556071655830433   0.608916312569554   -0.0527952390628592   0.00244326882930435   0
0.596364347394451   0.616846473599001   0.0402926915640179   0.00793016102944677   0
0.655251891410784   0.634070526514551   0.0588875440163326   0.0172240529155506   0
0.659162527912692   0.639629226991771   0.00391063650190759   0.0055587004772194   0
0.617717125546354   0.621036701258245   -0.0414454023663378   -0.0185925257335258   0
