0.149494346945055   0.184887271243595   0   0   0
0.219161388225048   0.171450318878327   0.0696670412799928   -0.0134369523652673   0
0.297949998834838   0.121456808859861   0.0787886106097906   -0.0499935100184658   0
0.241703732018068   0.0621653690390405   -0.05624626681677   -0.0592914398208208   0
0.203914539575578   0.114343710034932   -0.03778919244249   0.052178340995891   0
0.36259116203064   0.105461044120614   0.158676622455062   -0.00888266591431794   0
0.300381124479485   0.0799491855865874   -0.062210037551155   -0.0255118585340261   0
0.183304578218167   0.0929701601716647   -0.117076546261318   0.0130209745850773   0
0.324701681121179   0.043333155428638   0.141397102903013   -0.0496370047430267   0
0.172934203790724   0.104337873579648   -0.151767477330455   0.0610047181510095   0
0.366469351268616   0.0308701755532184   0.193535147477892   -0.0734676980264291   1
0.211913285588634   0.0577765649394718   -0.154556065679982   0.0269063893862533   0
0.265866533981037   0.0290547841369111   0.053953248392403   -0.0287217808025607   1
0.385471351012874   0.022440982751001   0.119604817031836   -0.00661380138591007   0
0.142582877863438   0.0646394645136004   -0.242888473149436   0.0421984817625993   1
0.380372532580154   0.0362234573670502   0.237789654716716   -0.0284160071465502   0
0.136358519495336   0.0424953748851272   -0.244014013084817   0.00627191751807706   0
0.249242322534161   0.040255502728478   0.112883803038824   -0.00223987215664921   0
0.161178394740145   0.0536635139918641   -0.0880639277940155   0.0134080112633862   0
0.423570727664836   0.100843159705935   0.262392332924691   0.0471796457140709   0
0.111761113427614   0.0648846769449384   -0.311809614237222   -0.0359584827609966   1
0.306000544239532   0.0896353083957289   0.194239430811918   0.0247506314507904   1
0.111984620124283   0.0851286861167152   -0.194015924115249   -0.00450662227901366   0
0.266077603596204   0.105466319638774   0.154092983471921   0.0203376335220586   0
0.240539674372878   0.109512938328063   -0.0255379292233266   0.00404661868928906   0
0.204691703749053   0.0356640578085977   -0.0358479706238248   -0.0738488805194651   1
0.282800957637621   0.13009730186937   0.0781092538885683   0.0944332440607723   0
0.20138900139218   0.155770143590847   -0.0814119562454408   0.0256728417214774   0
0.191508029041839   0.1405293413228   -0.00988097235034091   -0.0152408022680475   0
0.271229800415607   0.162125515802325   0.0797217713737676   0.0215961744795253   0
0.106498492743372   0.165545519049846   -0.164731307672235   0.00342000324752106   0
0.231241100042704   0.161188127704648   0.124742607299333   -0.004357391345198   0
0.311038105686827   0.199904019276158   0.079797005644123   0.0387158915715096   0
0.0895965428389399   0.165044965887103   -0.221441562847887   -0.0348590533890548   1
0.310086709655364   0.190019101803904   0.220490166816424   0.0249741359168011   0
0.122799157289983   0.116911376556497   -0.187287552365381   -0.0731077252474073   0
0.217420757945349   0.123517786468184   0.0946216006553658   0.00660640991168755   0
0.265039473458276   0.162809722349604   0.0476187155129268   0.0392919358814191   0
0.200783941379384   0.165756996627933   -0.0642555320788914   0.00294727427832916   1
0.399070751907929   0.243133742228871   0.198286810528545   0.0773767456009381   0
0.0773655494839165   0.223401165594212   -0.321705202424013   -0.0197325766346589   0
0.234296815552495   0.208005870270006   0.156931266068579   -0.0153952953242061   0
0.19339059826323   0.242176447668312   -0.0409062172892654   0.0341705773983059   0
0.16686745362128   0.212474796280506   -0.02652314464195   -0.0297016513878058   1
0.268923102731424   0.241827649379108   0.102055649110144   0.0293528530986025   0
0.0934305167697364   0.223419037523081   -0.175492585961688   -0.0184086118560271   0
0.275218310789471   0.202197114359114   0.181787794019735   -0.0212219231639675   0
0.265914476292962   0.245501832607014   -0.00930383449650973   0.0433047182479007   0
0.140960906568488   0.226856964675123   -0.124953569724474   -0.0186448679318914   0
0.333716631834016   0.247936631152261   0.192755725265528   0.0210796664771384   0
0.218195816649266   0.251411944129968   -0.11552081518475   0.00347531297770637   0
0.156342964094391   0.232502010029489   -0.0618528525548749   -0.0189099341004789   1
0.310561932365334   0.268604063146507   0.154218968270943   0.0361020531170178   0
0.101497788732711   0.242335213617424   -0.209064143632623   -0.0262688495290826   1
0.34821002435658   0.326321538968427   0.246712235623869   0.0839863253510029   1
0.064811302224072   0.259375442927448   -0.283398722132508   -0.0669460960409785   0
0.245366383406203   0.254779841715176   0.180555081182131   -0.00459560121227259   0
0.215614672881601   0.260342234744523   -0.029751710524602   0.00556239302934758   0
0.16631264013108   0.227449859307084   -0.0493020327505218   -0.0328923754374389   0
0.232835411367343   0.259414900617929   0.0665227712362637   0.0319650413108446   0
0.274383250583923   0.300342071972759   0.0415478392165799   0.04092717135483   0
0.168935480215756   0.246339438968367   -0.105447770368167   -0.0540026330043917   0
0.290857303458259   0.27840920556395   0.121921823242503   0.0320697665955831   0
0.215866873344939   0.228400489181969   -0.0749904301133202   -0.0500087163819819   1
0.221890926251278   0.248521638649434   0.00602405290633864   0.0201211494674658   1
0.1847989820183   0.295155099766585   -0.0370919442329777   0.0466334611171504   0
0.200469809040772   0.273923555753193   0.0156708270224719   -0.0212315440133919   0
0.232545590100866   0.331919209596963   0.032075781060094   0.0579956538437701   0
0.229203345421069   0.284946803609415   -0.00334224467979674   -0.0469724059875478   1
0.256979300405013   0.307761230045079   0.0277759549839439   0.0228144264356639   0
0.193943978791918   0.267534433220702   -0.063035321613095   -0.0402267968243765   0
0.238418915285344   0.262375095061865   0.0444749364934257   -0.00515933815883779   0
0.213860824892101   0.270435296138416   -0.0245580903932426   0.00806020107655092   0
0.205972687468557   0.335740957024162   -0.00788813742354397   0.0653056608857462   0
0.312831451410644   0.320556787517005   0.106858763942086   -0.0151841695071565   0
0.2647265037076   0.364708729600379   -0.0481049477030437   0.0441519420833739   0
0.145929213554415   0.334320762458002   -0.118797290153185   -0.0303879671423769   1
0.238407330975035   0.333892826556999   0.0924781174206205   -0.000427935901002874   0
0.163245652897129   0.37896525567425   -0.075161678077906   0.0450724291172511   0
0.121376866877589   0.330082925778845   -0.0418687860195401   -0.0488823298954055   1
0.311464758059094   0.36662772270153   0.190087891181505   0.0365447969226851   0
0.181386241935049   0.381118553958279   -0.130078516124045   0.0144908312567494   0
0.275826449546177   0.345802053152884   0.0944402076111288   -0.0353165008053955   0
0.216399653980084   0.323097026656467   -0.0594267955660937   -0.0227050264964165   0
0.247470210126896   0.355902212997124   0.0310705561468121   0.0328051863406563   0
0.158765224330411   0.341875444995323   -0.0887049857964852   -0.0140267680018009   0
0.311496993850486   0.340274165571675   0.152731769520076   -0.00160127942364741   0
0.198228073465491   0.377956986258026   -0.113268920384996   0.037682820686351   0
0.198654688861074   0.369536644078094   0.000426615395582919   -0.00842034217993243   0
0.155678077931352   0.34007692132966   -0.042976610929722   -0.0294597227484337   0
0.205613322316332   0.348200686961916   0.0499352443849808   0.00812376563225536   0
0.148950257187358   0.358988469224988   -0.0566630651289747   0.0107877822630721   0
0.331380025219747   0.382302451966045   0.182429768032389   0.023313982741057   0
0.134792509403566   0.374367717394275   -0.196587515816181   -0.00793473457176952   0
0.24702067685034   0.365174658269505   0.112228167446774   -0.00919305912476998   0
0.238174451361203   0.380175147886142   -0.00884622548913691   0.0150004896166367   0
0.193307267211686   0.405457775013009   -0.0448671841495173   0.0252826271268672   0
0.171044230265566   0.362824027261839   -0.0222630369461194   -0.0426337477511698   0
0.303983958893821   0.391151643005945   0.132939728628255   0.0283276157441054   0
0.121896575088182   0.389808423467862   -0.182087383805638   -0.00134321953808281   0
0.288072306352502   0.380327874683476   0.16617573126432   -0.00948054878438576   0
0.176854814921732   0.407941154244396   -0.111217491430771   0.0276132795609196   0
0.194104429258814   0.389447349354505   0.0172496143370824   -0.0184938048898907   0
0.297624130917572   0.402242641744383   0.103519701658758   0.0127952923898778   0
0.167812609626601   0.40214978843896   -0.129811521290971   -9.28533054234126e-05   1
0.224490171642502   0.428170787248208   0.0566775620159009   0.0260209988092482   1
0.300499697909732   0.452903736588141   0.0760095262672297   0.0247329493399329   0
0.13202347515461   0.494340787833909   -0.168476222755121   0.0414370512457686   0
0.114223957619625   0.519946722359368   -0.0177995175349848   0.0256059345254591   0
0.121807749492387   0.550394093148945   0.00758379187276105   0.0304473707895769   0
0.19573225352159   0.503039649500166   0.0739245040292035   -0.0473544436487789   0
0.250787126607368   0.531995541683622   0.0550548730857779   0.0289558921834554   0
0.192841639278995   0.571634096825933   -0.057945487328373   0.0396385551423112   0
0.141602393520237   0.548076399175334   -0.0512392457587581   -0.023557697650599   0
0.146907483728808   0.517678186625146   0.00530509020857123   -0.0303982125501875   0
0.168062020981095   0.533797677906386   0.0211545372522869   0.0161194912812397   0
0.29249723278638   0.49290385119235   0.124435211805285   -0.0408938267140364   0
0.233420964881992   0.547125182071023   -0.0590762679043887   0.0542213308786733   0
0.265827018173285   0.55600640136895   0.0324060532912933   0.00888121929792707   0
0.166099912757352   0.526326866769121   -0.0997271054159328   -0.0296795345998292   0
0.280616994334235   0.576928421168736   0.114517081576883   0.0506015543996148   0
0.145333176651307   0.576089839885456   -0.135283817682928   -0.00083858128327996   0
0.284933749463345   0.594681755532318   0.139600572812038   0.0185919156468626   0
0.170485395907703   0.593636734059012   -0.114448353555642   -0.00104502147330643   0
0.209693779778133   0.555176156820743   0.03920838387043   -0.038460577238269   1
0.323150649317002   0.628316488367924   0.113456869538869   0.0731403315471815   1
0.178878250335025   0.573430697424065   -0.144272398981977   -0.054885790943859   0
0.269315442934953   0.59086780898184   0.0904371925999278   0.0174371115577746   0
0.240063463519149   0.596150937471795   -0.0292519794158037   0.00528312848995516   0
0.262765416936267   0.613627278502186   0.0227019534171171   0.0174763410303914   0
0.332760511548185   0.610172629477921   0.0699950946119188   -0.00345464902426573   0
0.257603111993198   0.643630498912225   -0.0751573995549875   0.0334578694343045   0
0.23544649064968   0.65711198563563   -0.0221566213435175   0.0134814867234044   0
0.311554049588334   0.612846723956325   0.0761075589386536   -0.0442652616793047   0
0.241530426044526   0.656035573144094   -0.0700236235438084   0.043188849187769   0
0.249168777627776   0.666766269646456   0.00763835158325032   0.0107306965023617   0
0.162015575361013   0.639244545213332   -0.0871532022667631   -0.0275217244331234   0
0.303122428727882   0.672204786978641   0.141106853366869   0.0329602417653088   0
0.21401841972085   0.638928901277169   -0.089104009007032   -0.0332758857014723   0
0.23726045631803   0.660556018233314   0.0232420365971802   0.0216271169561451   0
0.32309544739982   0.654397295463925   0.0858349910817899   -0.00615872276938834   0
0.316274712275658   0.708014053653245   -0.00682073512416259   0.0536167581893195   0
0.307587909172386   0.663213427907073   -0.00868680310327158   -0.0448006257461721   0
0.315798074794892   0.710517266071346   0.00821016562250571   0.0473038381642732   0
0.240570442622447   0.691577335709102   -0.0752276321724449   -0.0189399303622442   0
0.273388551762066   0.678068432488565   0.0328181091396194   -0.0135089032205368   0
0.285569632198559   0.72048603486414   0.0121810804364922   0.0424176023755743   0
0.188426833909743   0.728327102895052   -0.0971427982888152   0.00784106803091267   0
0.205033454719102   0.708482503708102   0.0166066208093586   -0.0198445991869506   0
0.248161009306136   0.714295052323793   0.0431275545870339   0.00581254861569158   0
0.197073373734861   0.676778803190156   -0.0510876355712752   -0.0375162491336372   0
0.244879076707607   0.640446056062687   0.0478057029727463   -0.0363327471274694   0
0.307483322109428   0.717764909886413   0.0626042454018207   0.0773188538237258   0
0.250907816431533   0.696369931255112   -0.0565755056778943   -0.0213949786313001   0
0.400801365984461   0.782269845933614   0.149893549552928   0.0858999146785016   0
0.134982235252977   0.687408801562069   -0.265819130731484   -0.0948610443715446   0
0.29236993232205   0.735323077735223   0.157387697069073   0.0479142761731532   0
0.221285021431546   0.735424030865527   -0.0710849108905034   0.000100953130304782   0
0.21910741926829   0.695118493267155   -0.00217760216325691   -0.0403055375983723   1
0.288402535811598   0.736515852848566   0.0692951165433083   0.0413973595814106   1
0.148526756225153   0.674821522377213   -0.139875779586445   -0.0616943304713521   0
0.271565971783911   0.712524072319666   0.123039215558758   0.037702549942452   0
0.308601642894347   0.734586860619798   0.0370356711104358   0.0220627883001321   0
0.303512593535771   0.748398799302384   -0.00508904935857607   0.0138119386825863   0
0.203230703738092   0.73701632604848   -0.100281889797679   -0.0113824732539035   0
