0.146015049807374   0.149197472721558   0   0   0
0.132326716169676   0.120729555638398   -0.0136883336376983   -0.02846791708316   0
0.168541709124181   0.0814201801508846   0.0362149929545049   -0.0393093754875133   0
0.144927142846604   0.0595583629745857   -0.0236145662775768   -0.0218618171762989   0
0.146208515889089   0.0788578916815717   0.00128137304248488   0.019299528706986   0
0.0731479277645649   0.0835357039104538   -0.0730605881245241   0.00467781222888203   0
0.157090942771059   0.0755632842221174   0.0839430150064937   -0.00797241968833634   0
0.156218249555742   0.086274129169772   -0.000872693215316855   0.0107108449476546   0
0.152894397048584   0.0479529323713722   -0.00332385250715786   -0.0383211967983998   0
0.185426765589572   0.0568582121485103   0.0325323685409879   0.00890527977713802   0
0.144523939178048   0.0343347961810959   -0.0409028264115241   -0.0225234159674143   0
0.166427482239983   0.0412098862519663   0.0219035430619358   0.00687509007087034   0
0.141034710105172   0.0548139832863157   -0.0253927721348111   0.0136040970343494   0
0.152323017109989   0.0354024701922761   0.0112883070048167   -0.0194115130940396   0
0.105859376891516   0.0345740916424785   -0.0464636402184732   -0.000828378549797643   0
0.147424438535   0.0260315424288497   0.0415650616434842   -0.00854254921362882   0
0.167108084896842   0.0424526323298685   0.0196836463618415   0.0164210899010189   0
0.155804301123236   0.0223311141658477   -0.0113037837736056   -0.0201215181640208   0
0.122262952594725   0.0330073333694575   -0.0335413485285108   0.0106762192036097   0
0.113563904645226   0.0336841007836412   -0.00869904794949905   0.000676767414183772   0
0.083561296783858   0.0568493874131463   -0.0300026078613681   0.0231652866295051   0
0.109743664651769   0.034742135196257   0.0261823678679113   -0.0221072522168893   0
0.115430256024103   0.0377278682243643   0.00568659137233384   0.00298573302810733   0
0.122512334848945   0.0661651606801117   0.00708207882484176   0.0284372924557474   0
0.107446193352627   0.0625231736570729   -0.0150661414963184   -0.00364198702303876   0
0.123301923608231   0.0305065333004051   0.0158557302556044   -0.0320166403566678   0
0.111396087317464   0.0397306834104952   -0.0119058362907672   0.00922415011009012   0
0.203525111894159   0.0440901255500027   0.0921290245766954   0.00435944213950747   0
0.163361938487182   0.0297288445519667   -0.0401631734069766   -0.014361280998036   0
0.172774065249157   0.0397584906582858   0.00941212676197462   0.0100296461063191   0
0.522603363681291   0.0923833134742011   0.349829298432134   0.0526248228159153   1
1.02783757995026   0.19015907808086   0.505234216268965   0.0977757646066587   1
0.573403564782257   0.177635190979305   -0.454434015168   -0.0125238871015546   1
0.539965749486264   0.133135012520051   -0.0334378152959933   -0.0445001784592543   0
0.420769001310196   0.134675897893248   -0.119196748176067   0.00154088537319691   0
0.338139534069875   0.123473438706114   -0.0826294672403215   -0.0112024591871338   0
0.314639039948627   0.0713012122517037   -0.0235004941212481   -0.0521722264544103   0
0.255844100853415   0.0848401944889478   -0.0587949390952116   0.0135389822372442   0
0.243855157212979   0.0940587996405573   -0.0119889436404358   0.00921860515160945   0
0.221110823985394   0.106201111719998   -0.0227443332275852   0.0121423120794412   0
0.246170038353005   0.0891904915192757   0.0250592143676109   -0.0170106202007227   0
0.182677748505285   0.0811333219178933   -0.0634922898477205   -0.00805716960138247   0
0.156803851632701   0.0807197559539974   -0.0258738968725839   -0.000413565963895857   0
0.191643087891972   0.0695110631230742   0.0348392362592711   -0.0112086928309233   0
0.241327085604397   0.0678199927733334   0.0496839977124255   -0.00169107034974071   0
0.207790157692346   0.0588815607188914   -0.0335369279120513   -0.00893843205444201   0
0.155704164909517   0.0617140542947877   -0.0520859927828292   0.00283249357589625   0
0.169281020060963   0.0467269879278828   0.0135768551514457   -0.0149870663669049   0
0.166664794950973   0.0796087310317782   -0.00261622510998916   0.0328817431038954   0
0.141996500798717   0.0596920947071511   -0.0246682941522565   -0.019916636324627   0
0.162334012906661   0.0499014870560237   0.0203375121079442   -0.00979060765112743   0
0.101032703494413   0.0798683781582079   -0.0613013094122479   0.0299668911021842   0
0.104297715831987   0.111758619769584   0.00326501233757429   0.0318902416113763   0
0.140755076514206   0.108022986152312   0.0364573606822187   -0.00373563361727261   0
0.105751982430118   0.13592180266131   -0.035003094084088   0.027898816508998   0
0.103900086954968   0.10976621546143   -0.00185189547514963   -0.02615558719988   0
0.167270407512058   0.091815950514739   0.0633703205570897   -0.0179502649466907   0
0.142802940429285   0.0903615715172108   -0.0244674670827729   -0.00145437899752821   0
0.131711337345196   0.0783103067978283   -0.0110916030840894   -0.0120512647193824   0
0.133615197383106   0.101586204133485   0.00190386003791052   0.0232758973356562   0
0.147678703561245   0.0860774412206241   0.0140635061781383   -0.0155087629128605   0
0.172353451938538   0.0880311223887467   0.0246747483772935   0.00195368116812257   0
0.170182661039073   0.111271913504768   -0.00217079089946529   0.023240791116021   0
0.143106417175541   0.105974135469982   -0.0270762438635318   -0.00529777803478615   0
0.125451739143704   0.0937618521834706   -0.0176546780318369   -0.0122122832865109   0
0.142336202650064   0.10103795999847   0.0168844635063595   0.00727610781499975   0
0.138314395249374   0.105260778552994   -0.00402180740068989   0.00422281855452389   0
0.166005454084406   0.103563912250612   0.0276910588350327   -0.0016968663023821   0
0.155729883133745   0.110383529725329   -0.0102755709506611   0.00681961747471641   0
0.142888173439687   0.0872275347261546   -0.0128417096940587   -0.023155994999174   0
0.169433269230987   0.102012281233205   0.0265450957912999   0.0147847465070504   0
0.171708516190957   0.0953316983164703   0.00227524695996995   -0.00668058291673471   0
0.171429502948588   0.0898429736171394   -0.000279013242368398   -0.00548872469933089   0
0.172630625900558   0.0942831731484733   0.00120112295196978   0.00444019953133394   0
0.228153796473015   0.112214480058279   0.0555231705724571   0.0179313069098061   0
0.158218301253679   0.10114446055347   -0.0699354952193358   -0.0110700195048092   0
0.181653149471135   0.102793200259258   0.0234348482174557   0.00164873970578813   0
0.225331357813687   0.090976046549023   0.0436782083425524   -0.0118171537102354   0
0.206268839732835   0.100817830624114   -0.0190625180808523   0.0098417840750908   0
0.241039072519395   0.10476293831432   0.0347702327865596   0.00394510769020612   0
0.236880924141413   0.0903288131139505   -0.00415814837798134   -0.0144341252003694   0
0.249858009825681   0.0824443483551177   0.0129770856842675   -0.00788446475883284   0
0.254267172643069   0.108439262419395   0.00440916281738771   0.0259949140642777   0
0.223847654055096   0.103677666222046   -0.0304195185879724   -0.00476159619734931   0
0.262033716100906   0.106209687672547   0.0381860620458095   0.00253202145050099   0
0.234470642867502   0.104775066255813   -0.0275630732334037   -0.0014346214167341   0
0.257416533451544   0.106064555366543   0.0229458905840423   0.00128948911073019   0
0.262723932903285   0.0961141553718286   0.00530739945174119   -0.0099503999947146   0
0.266849047403677   0.0958809638169903   0.00412511450039182   -0.00023319155483828   0
0.246586953730738   0.120414966802823   -0.0202620936729397   0.0245340029858328   0
0.133503224142638   0.12551382779953   -0.1130837295881   0.00509886099670658   0
0.0671267802694275   0.145259125456165   -0.0663764438732102   0.0197452976566357   0
0.117247152185032   0.13322640985758   0.0501203719156043   -0.012032715598585   0
0.0951973438837975   0.135638213586004   -0.0220498083012342   0.00241180372842376   0
0.186637909738215   0.120591783706205   0.0914405658544172   -0.0150464298797996   0
0.136559205308979   0.129422084625654   -0.0500787044292353   0.00883030091944965   0
0.397908687366074   0.121035551803478   0.261349482057095   -0.00838653282217584   0
0.177203152537561   0.112743611226489   -0.220705534828513   -0.0082919405769898   0
0.241345589499063   0.113201190153914   0.0641424369615018   0.000457578927425012   0
0.275184756757921   0.12925971759773   0.0338391672588584   0.0160585274438168   0
0.248630257542179   0.145644855905521   -0.0265544992157424   0.0163851383077907   0
0.293030833006264   0.136447727841251   0.0444005754640853   -0.00919712806427045   0
0.326200712644838   0.1338663315582   0.0331698796385739   -0.00258139628305037   0
0.343620051769756   0.140678167845307   0.0174193391249186   0.00681183628710724   0
0.326279600295513   0.129910390955651   -0.0173404514742429   -0.0107677768896568   0
0.364930100104787   0.139121694464559   0.0386504998092737   0.00921130350890798   0
0.473819340898459   0.235733536883278   0.108889240793672   0.0966118424187198   1
0.603251217960022   0.237723030238427   0.129431877061563   0.00198949335514842   1
0.409863648674934   0.231199716700194   -0.193387569285088   -0.00652331353823277   0
0.519934908475205   0.217892206472604   0.110071259800271   -0.0133075102275899   0
0.502452772506322   0.213393803193767   -0.0174821359688829   -0.00449840327883758   0
0.34078189973662   0.194445180631329   -0.161670872769702   -0.018948622562438   0
0.292033303622121   0.176569451036979   -0.0487485961144992   -0.01787572959435   0
0.211753717010328   0.189985666133797   -0.0802795866117934   0.0134162150968181   0
0.150778007686466   0.211737662965809   -0.0609757093238618   0.0217519968320122   0
0.165043677126996   0.154947495293503   0.0142656694405296   -0.0567901676723064   0
0.103825150009475   0.218504887451723   -0.0612185271175206   0.0635573921582201   0
0.115648007596586   0.198023684782332   0.0118228575871109   -0.0204812026693904   0
0.0927283592813633   0.194060421122289   -0.0229196483152226   -0.00396326366004365   0
0.0820685923440874   0.218605523246789   -0.0106597669372759   0.0245451021245006   0
0.175568444108416   0.203872795453814   0.0934998517643286   -0.0147327277929757   0
0.140167568242372   0.201783730040909   -0.035400875866044   -0.00208906541290438   0
0.197618125622753   0.206429079755397   0.0574505573803806   0.00464534971448771   0
0.13506291400651   0.201992082620829   -0.0625552116162423   -0.00443699713456738   0
0.203117282676315   0.204874658403108   0.0680543686698045   0.00288257578227805   0
0.16674854849923   0.215973242619595   -0.036368734177085   0.0110985842164876   0
0.174435062490458   0.209446979877343   0.00768651399122819   -0.0065262627422524   0
0.185446248296184   0.196949430322456   0.0110111858057262   -0.0124975495548866   0
0.226234756989283   0.182201346472549   0.0407885086930989   -0.0147480838499068   0
0.246620676159259   0.184618254015387   0.0203859191699757   0.00241690754283772   0
0.269582227907498   0.181432064843435   0.0229615517482388   -0.00318618917195185   0
0.273210284199735   0.169365390668046   0.0036280562922375   -0.0120666741753888   0
0.309159173135474   0.175481541326723   0.035948888935739   0.00611615065867685   0
0.306092009322785   0.16889586821083   -0.0030671638126889   -0.00658567311589345   0
0.355359444073532   0.159400866808504   0.0492674347507472   -0.00949500140232568   0
0.325864998068172   0.170973126231062   -0.02949444600536   0.0115722594225574   0
0.324422481920366   0.175443302334401   -0.00144251614780672   0.00447017610333936   0
0.351798850147723   0.152260857559001   0.0273763682273572   -0.0231824447753995   0
0.373966999923335   0.153399595997675   0.0221681497756125   0.00113873843867393   0
0.349311855505879   0.174216133233557   -0.0246551444174566   0.0208165372358818   0
0.349766697651763   0.168919092439761   0.000454842145884427   -0.00529704079379614   0
0.349811177665623   0.176542963041578   4.44800138596491e-05   0.00762387060181716   0
0.314582888963545   0.168370489007872   -0.035228288702078   -0.00817247403370588   0
0.289211969078762   0.179700319758821   -0.0253709198847827   0.0113298307509488   0
0.309382533400481   0.190022890100963   0.0201705643217192   0.0103225703421416   0
0.345602273759664   0.189238702817506   0.036219740359183   -0.000784187283456167   0
0.374125105810944   0.185841839221554   0.0285228320512796   -0.00339686359595218   0
0.333369648872704   0.181106861044253   -0.0407554569382397   -0.00473497817730081   0
0.334719432073804   0.17028533632847   0.00134978320109985   -0.0108215247157838   0
0.34891685860718   0.182114429915644   0.0141974265333754   0.0118290935871744   0
0.354636000411704   0.184818070356364   0.00571914180452432   0.00270364044072027   0
0.358189713812496   0.19709841185243   0.00355371340079252   0.0122803414960655   0
0.273661642199245   0.18090734081706   -0.0845280716132514   -0.0161910710353695   0
0.198493050336706   0.137732196451338   -0.0751685918625393   -0.0431751443657221   0
0.199247608159421   0.161099345201959   0.000754557822714857   0.0233671487506211   0
0.216476628385607   0.163093755429783   0.017229020226186   0.00199441022782423   0
0.269732054799536   0.152839236708257   0.0532554264139296   -0.0102545187215268   0
0.303496144516817   0.149253408600315   0.0337640897172806   -0.00358582810794192   0
0.340526388729204   0.141308648817128   0.0370302442123872   -0.0079447597831864   0
0.394994575576024   0.143617707123539   0.0544681868468196   0.00230905830641023   0
0.341805855621462   0.136613966484031   -0.0531887199545612   -0.00700374063950734   0
0.207377630501098   0.166320836563703   -0.134428225120364   0.0297068700796718   0
0.130320183958779   0.217445629813524   -0.0770574465423192   0.0511247932498207   0
0.16158069321008   0.17108003277926   0.0312605092513011   -0.0463655970342642   0
0.463650428017704   0.134527512258357   0.302069734807624   -0.0365525205209021   1
