0.809185725309592   0.18815076845429   0   0   0
0.639118828047304   0.112337856932392   -0.170066897262287   -0.0758129115218987   0
0.398115592602743   0.116953092777243   -0.241003235444562   0.00461523584485173   0
0.370540497328915   0.108792031476046   -0.0275750952738271   -0.00816106130119734   0
0.335286720609525   0.0502200199908363   -0.03525377671939   -0.0585720114852097   0
0.306771655695829   0.0679874602988117   -0.0285150649136969   0.0177674403079754   0
0.232161724106731   0.0445873613378556   -0.0746099315890973   -0.0234000989609561   0
0.230891477533169   0.0418133402796347   -0.00127024657356201   -0.00277402105822087   0
0.218781403318015   0.0590853991541904   -0.0121100742151541   0.0172720588745556   0
0.210834175619229   0.0560571313790672   -0.00794722769878589   -0.00302826777512317   0
0.186769450131037   0.0387842029661884   -0.024064725488192   -0.0172729284128788   0
0.176013882425393   0.0351078578479363   -0.0107555677056445   -0.00367634511825217   0
0.15174126145772   0.036964504703499   -0.0242726209676733   0.00185664685556274   0
0.142246246075599   0.0315342514058127   -0.00949501538212003   -0.0054302532976863   0
0.132240464518694   0.026970389030611   -0.0100057815569053   -0.00456386237520174   0
0.127340471861777   0.0299412093920469   -0.00489999265691721   0.00297082036143598   0
0.121204206170289   0.0473818306240282   -0.00613626569148762   0.0174406212319813   0
0.0849671169084252   0.0325951191554042   -0.0362370892618641   -0.014786711468624   0
0.0803848182305347   0.032373989748369   -0.00458229867789053   -0.000221129407035253   0
0.0802982089930404   0.0196722996366719   -8.66092374942479e-05   -0.0127016901116971   0
0.0413741919036493   0.0271334701839813   -0.0389240170893911   0.0074611705473094   0
0.045451545361037   0.0519684224900805   0.00407735345738765   0.0248349523060992   0
0.0862956910512338   0.0296205625268579   0.0408441456901969   -0.0223478599632225   0
0.0673601066252125   0.0350465844667494   -0.0189355844260213   0.00542602193989147   0
0.0604708961287163   0.0185052704893768   -0.0068892104964962   -0.0165413139773726   0
0.0535472950387786   0.042272365869265   -0.00692360108993776   0.0237670953798882   0
0.0836071100161942   0.0244110836511307   0.0300598149774156   -0.0178612822181343   0
0.0759078049295328   0.0234388991736493   -0.00769930508666143   -0.00097218447748134   0
0.0782990918483095   0.0417793356189696   0.00239128691877669   0.0183404364453202   0
0.076232446870214   0.0465310967418833   -0.00206664497809546   0.00475176112291369   0
0.0740243428835407   0.0534261320595783   -0.00220810398667332   0.00689503531769503   0
0.0579704055208345   0.0426356917638262   -0.0160539373627062   -0.0107904402957521   0
0.0653714131712785   0.0524491310854861   0.00740100765044396   0.00981343932165984   0
0.0660243240203942   0.0279236847269016   0.000652910849115701   -0.0245254463585844   0
0.0725448134926329   0.0352056280193792   0.00652048947223877   0.0072819432924776   0
0.0565197459744822   0.0516746340367544   -0.0160250675181507   0.0164690060173752   0
0.0888314681363536   0.023394553234354   0.0323117221618713   -0.0282800808024004   0
0.0623751655949994   0.0465034504488914   -0.0264563025413541   0.0231088972145374   0
0.0754314547635136   0.076525369455593   0.0130562891685142   0.0300219190067015   0
0.0695882368736268   0.0537158206448063   -0.00584321788988676   -0.0228095488107866   0
0.0938669097478446   0.0398058368412297   0.0242786728742177   -0.0139099838035766   0
0.0975001958427777   0.0540398631241096   0.00363328609493312   0.0142340262828799   0
0.0812080701593752   0.0481648259751346   -0.0162921256834025   -0.00587503714897501   0
0.0877115588730471   0.0460617134345054   0.00650348871367187   -0.00210311254062914   0
0.0974222369339772   0.0416303527796126   0.00971067806093018   -0.00443136065489283   0
0.102998662418936   0.0802361732005116   0.00557642548495905   0.038605820420899   0
0.117180911891784   0.0694346430123501   0.0141822494728475   -0.0108015301881615   0
0.0937642292716983   0.0912489326450041   -0.0234166826200855   0.021814289632654   0
0.0933840970775758   0.0837105860830785   -0.000380132194122473   -0.0075383465619256   0
0.101918614745977   0.087062069120269   0.00853451766840127   0.0033514830371905   0
0.10505888797579   0.0765800022635153   0.00314027322981295   -0.0104820668567538   0
0.11164598651098   0.0934905419700838   0.00658709853519031   0.0169105397065685   0
0.123477624733562   0.0849940620362535   0.0118316382225818   -0.00849647993383035   0
0.130829782710776   0.0993034255701308   0.00735215797721399   0.0143093635338773   0
0.146454595495532   0.142848604206175   0.0156248127847562   0.0435451786360444   0
0.126915400046173   0.0981040245635341   -0.0195391954493598   -0.0447445796426411   0
0.129392517043181   0.0762011052182972   0.00247711699700895   -0.0219029193452369   0
0.143787133696378   0.0937744510425414   0.0143946166531962   0.0175733458242442   0
0.128722725604495   0.0857386708900948   -0.0150644080918831   -0.00803578015244658   0
0.117224204481199   0.0931152210788601   -0.0114985211232954   0.00737655018876529   0
0.126302156744358   0.121917112516722   0.00907795226315891   0.0288018914378616   0
0.10724913537121   0.0965643423674728   -0.0190530213731482   -0.025352770149249   0
0.133283080875293   0.108676087855425   0.0260339455040835   0.012111745487952   0
0.125067170456334   0.0933221584442034   -0.0082159104189598   -0.0153539294112214   0
0.123997118305427   0.0842694264434913   -0.00107005215090683   -0.00905273200071202   0
0.122854321105708   0.0845361193982933   -0.00114279719971878   0.000266692954801959   0
0.121593695021206   0.108090711595053   -0.00126062608450221   0.02355459219676   0
0.131497210125225   0.106285341202868   0.00990351510401935   -0.00180537039218567   0
0.147766550116662   0.0960404755041462   0.016269339991437   -0.0102448656987215   0
0.15948986571654   0.0906741216275763   0.0117233155998781   -0.00536635387656989   0
0.144926713183767   0.0960669187600107   -0.0145631525327727   0.00539279713243443   0
0.147752665387329   0.0939648460070706   0.00282595220356149   -0.00210207275294008   0
0.154812445813471   0.0903922841173128   0.00705978042614203   -0.00357256188975784   0
0.169702757482775   0.106297666147581   0.0148903116693042   0.0159053820302678   0
0.173212418193511   0.107425174322595   0.00350966071073541   0.00112750817501475   0
0.181835190846024   0.102580504785266   0.00862277265251349   -0.00484466953732923   0
0.184270638225437   0.115233453536994   0.00243544737941323   0.0126529487517277   0
0.174572239715397   0.118655916837657   -0.00969839851004042   0.00342246330066336   0
0.169411321633806   0.10369002790675   -0.0051609180815908   -0.0149658889309076   0
0.178339326024844   0.111200397101314   0.00892800439103791   0.00751036919456481   0
0.177891944424839   0.125135802572895   -0.000447381600005015   0.0139354054715804   0
0.199828248115662   0.131134274121985   0.0219363036908226   0.00599847154909058   0
0.183541294678473   0.128157243318091   -0.0162869534371888   -0.00297703080389389   0
0.17701832254657   0.123019983183272   -0.0065229721319025   -0.00513726013481958   0
0.195428486720232   0.143619300734616   0.018410164173662   0.0205993175513439   0
0.196479590140656   0.142667555626709   0.0010511034204233   -0.000951745107907132   0
0.202381308021171   0.142721101000343   0.00590171788051519   5.35453736340008e-05   0
0.196385019533085   0.143234709018101   -0.00599628848808623   0.000513608017758127   0
0.193973606921148   0.151324164103094   -0.00241141261193664   0.00808945508499284   0
0.177004769751444   0.159042400947075   -0.0169688371697042   0.0077182368439809   0
0.19883122536302   0.161146617534344   0.0218264556115762   0.00210421658726903   0
0.204611693469875   0.171441747697286   0.0057804681068549   0.0102951301629428   0
0.221017366302564   0.176475369971003   0.0164056728326889   0.00503362227371693   0
0.202580839084778   0.148935640419243   -0.0184365272177852   -0.0275397295517605   0
0.236627020220084   0.154595834392457   0.0340461811353056   0.00566019397321421   0
0.245719805796541   0.184426041135058   0.00909278557645726   0.0298302067426007   0
0.218225740412102   0.164953732280449   -0.0274940653844396   -0.0194723088546089   0
0.203595172586901   0.155290084385643   -0.0146305678252008   -0.00966364789480628   0
0.220146760820617   0.168791370092083   0.0165515882337162   0.0135012857064403   0
0.191604217655666   0.153224780276201   -0.0285425431649507   -0.0155665898158822   0
0.210186699043398   0.171186727955002   0.0185824813877316   0.0179619476788017   0
0.184705151531   0.170144788361824   -0.0254815475123983   -0.00104193959317805   0
0.195984932556051   0.167298054913798   0.0112797810250516   -0.00284673344802686   0
0.211039445498916   0.167298054913798   0.0150545129428648   0   0
0.197448182741093   0.177548405342149   -0.0135912627578234   0.0102503504283513   0
0.197661782770696   0.167298054913798   0.000213600029603633   -0.0102503504283513   0
0.214655581750487   0.178642307239047   0.0169937989797905   0.0113442523252493   0
0.199390000341642   0.177946659723328   -0.015265581408845   -0.000695647515718462   0
0.19599676121773   0.165571006272052   -0.00339323912391165   -0.012375653451276   0
0.209789450216759   0.17909483445284   0.0137926889990286   0.0135238281807872   0
0.225618512412014   0.185393678624198   0.0158290621952548   0.00629884417135868   0
0.240068548069109   0.187089236949243   0.0144500356570951   0.00169555832504481   0
0.235013533779844   0.189107987664958   -0.00505501428926453   0.00201875071571522   0
0.230021853759616   0.191308693507314   -0.00499168002022868   0.00220070584235624   0
0.255615953532658   0.178788299442497   0.0255940997730424   -0.0125203940648174   0
0.260732296178743   0.18899948020738   0.0051163426460854   0.0102111807648834   0
0.254033759991167   0.165647165205966   -0.0066985361875761   -0.0233523150014147   0
0.24267817986257   0.184995967308454   -0.0113555801285971   0.0193488021024884   0
0.225784824999578   0.18703866106153   -0.0168933548629924   0.00204269375307617   0
0.239423837768707   0.196460201511279   0.013639012769129   0.00942154044974911   0
0.267422846494629   0.204744342582866   0.0279990087259223   0.00828414107158665   0
0.262161876414859   0.196654684047952   -0.00526097007976983   -0.00808965853491359   0
0.249658670701263   0.159889060102192   -0.0125032057135966   -0.0367656239457604   0
0.249320386930652   0.177494836023691   -0.000338283770610875   0.0176057759214991   0
0.243620948002096   0.179624653048073   -0.0056994389285559   0.00212981702438189   0
0.230190153962436   0.171171558850507   -0.01343079403966   -0.00845309419756632   0
0.233861173676521   0.140344825573915   0.00367101971408518   -0.0308267332765922   0
0.269915125550607   0.181476384981139   0.0360539518740859   0.0411315594072243   0
0.248154327687349   0.184307896508126   -0.0217607978632584   0.00283151152698694   0
0.251062398492885   0.178245527215992   0.00290807080553598   -0.00606236929213352   0
0.236611654339003   0.161230095758095   -0.0144507441538813   -0.0170154314578975   0
0.227518730464637   0.16526473175016   -0.00909292387436664   0.00403463599206574   0
0.203375937164872   0.13316348031326   -0.0241427932997646   -0.0321012514369004   0
0.209382405741266   0.154919589716536   0.00600646857639356   0.0217561094032764   0
0.215696528820378   0.163576407692063   0.00631412307911197   0.00865681797552648   0
0.21247499749467   0.148843632687764   -0.00322153132570768   -0.014732775004299   0
0.226767965294836   0.177526895624473   0.0142929678001662   0.0286832629367089   0
0.237451733428943   0.164412104729062   0.0106837681341073   -0.0131147908954111   0
0.217399962724675   0.136746235111601   -0.0200517707042686   -0.0276658696174609   0
0.172906260773316   0.108047187623059   -0.0444937019513587   -0.028699047488542   0
0.181462871835976   0.133411122200737   0.00855661106266026   0.0253639345776781   0
0.155764539865433   0.122955628776133   -0.0256983319705436   -0.010455493424604   0
0.1684989215064   0.145926665326809   0.0127343816409674   0.0229710365506759   0
0.195257413110591   0.138293179232889   0.0267584916041908   -0.00763348609391981   0
0.178771802928538   0.138506829191966   -0.0164856101820531   0.000213649959077078   0
0.196063145305817   0.147125505586863   0.0172913423772793   0.00861867639489658   0
0.205672719944309   0.149219087932945   0.00960957463849138   0.00209358234608228   0
0.177085207871691   0.142218026745109   -0.0285875120726177   -0.00700106118783622   0
0.188369568706413   0.126449793076375   0.011284360834722   -0.0157682336687337   0
0.213759206260222   0.12767470794746   0.0253896375538088   0.00122491487108489   0
0.207919791005955   0.11762223099067   -0.00583941525426676   -0.0100524769567902   0
0.209375019840596   0.132265470848602   0.00145522883464111   0.0146432398579326   0
0.207651204423403   0.132724797820528   -0.00172381541719285   0.000459326971925411   0
0.229007288117125   0.14704736483018   0.021356083693722   0.014322567009652   0
0.205699386622834   0.168101524360924   -0.0233079014942916   0.0210541595307444   0
0.192089099481881   0.13946878288428   -0.0136102871409526   -0.028632741476644   0
0.203286281061955   0.127216697037024   0.0111971815800735   -0.012252085847256   0
0.214470521898518   0.134532297382522   0.0111842408365629   0.00731560034549736   0
0.192848213119956   0.118552981930116   -0.0216223087785615   -0.0159793154524052   0
0.213596910460826   0.163519172882516   0.0207486973408696   0.0449661909523992   0
0.220778849734299   0.119925683202651   0.00718193927347288   -0.0435934896798651   0
0.229097731066482   0.164990696499598   0.00831888133218317   0.0450650132969476   0
0.219091293734484   0.160946419697614   -0.0100064373319976   -0.00404427680198446   0
0.212861859124644   0.153866055287144   -0.00622943460983966   -0.00708036441046983   0
0.226521690951419   0.128257623335311   0.0136598318267741   -0.0256084319518329   0
