0.175980977667048   0.0288650606781109   0   0   0
0.150404716859346   0.0290820877076101   -0.025576260807702   0.000217027029499162   0
0.156272262054211   0.023772749744245   0.00586754519486518   -0.00530933796336508   0
0.167050122540572   0.0351187025583908   0.0107778604863606   0.0113459528141458   0
0.142287590049624   0.0261287064422624   -0.0247625324909471   -0.0089899961161284   0
0.129216247828398   0.0384809116825797   -0.0130713422212264   0.0123522052403173   0
0.132022691384057   0.0430515284105938   0.00280644355565904   0.00457061672801403   0
0.119109520112038   0.0770299825439582   -0.0129131712720191   0.0339784541333644   0
0.107657977483696   0.0765942881019531   -0.0114515426283421   -0.00043569444200503   0
0.0871222846096221   0.0973872026620028   -0.0205356928740739   0.0207929145600496   0
0.123178873725895   0.0515335854044234   0.0360565891162729   -0.0458536172575794   0
0.0856447258195156   0.0693263859059089   -0.0375341479063795   0.0177928005014855   0
0.0814945604830777   0.0841133812461638   -0.00415016533643793   0.0147869953402549   0
0.0632053688293961   0.0944472788186881   -0.0182891916536815   0.0103338975725243   0
0.0721269686008639   0.055842859728729   0.00892159977146773   -0.0386044190899591   0
0.0821042560667229   0.030339592813352   0.00997728746585902   -0.025503266915377   0
0.0699855993511522   0.0277150410706443   -0.0121186567155706   -0.0026245517427077   0
0.0656615800917096   0.0419665305771456   -0.0043240192594426   0.0142514895065013   0
0.0777795279415477   0.0243180679798478   0.0121179478498381   -0.0176484625972978   0
0.0711441349120221   0.0359128987640235   -0.00663539302952562   0.0115948307841757   0
0.0526104259664375   0.0343376986513162   -0.0185337089455846   -0.00157520011270733   0
0.0623394551652483   0.0204557895199452   0.00972902919881079   -0.013881909131371   0
0.0672700505444288   0.0263105027328651   0.00493059537918048   0.00585471321291986   0
0.0585156617799884   0.0419688654951799   -0.00875438876444032   0.0156583627623148   0
0.0593705794033543   0.0330717013377752   0.000854917623365876   -0.00889716415740471   0
0.0569352208642418   0.0510794052924953   -0.00243535853911248   0.0180077039547202   0
0.0521191383641364   0.0601719054888702   -0.0048160825001054   0.00909250019637485   0
0.0770587105537719   0.0478523527574322   0.0249395721896355   -0.012319552731438   0
0.0664166594728311   0.0501914926485306   -0.0106420510809409   0.00233913989109845   0
0.0683697856232561   0.0454929152481197   0.00195312615042506   -0.00469857740041093   0
0.0815651742990843   0.0474147089775156   0.0131953886758282   0.00192179372939594   0
0.0849355553804765   0.0426554926452913   0.00337038108139226   -0.00475921633222432   0
0.0882206138745928   0.0532314867060136   0.00328505849411626   0.0105759940607223   0
0.0880195850712215   0.0560366321947304   -0.000201028803371306   0.00280514548871687   0
0.0819678442299076   0.0570341893694968   -0.00605174084131388   0.000997557174766399   0
0.106223385164144   0.0576017862533359   0.024255540934236   0.000567596883839103   0
0.108059652658613   0.0570234484890391   0.001836267494469   -0.000578337764296798   0
0.0954685680163372   0.0518608737586198   -0.0125910846422754   -0.00516257473041934   0
0.104101343377211   0.0541789329016593   0.00863277536087385   0.00231805914303949   0
0.113354329196849   0.0937082056535739   0.00925298581963789   0.0395292727519146   0
0.219020487677409   0.156326699803496   0.10566615848056   0.0626184941499226   0
0.14490845770679   0.0417043472130391   -0.0741120299706194   -0.114622352590457   0
0.157694126174289   0.0441568333576469   0.0127856684674992   0.00245248614460779   0
0.120556868135042   0.0505067336113958   -0.0371372580392463   0.0063499002537489   0
0.0920355762937354   0.0554368530255572   -0.0285212918413069   0.00493011941416133   0
0.0768871528798537   0.0580177249147597   -0.0151484234138817   0.00258087188920252   0
0.0912304011736855   0.0614245694432456   0.0143432482938318   0.00340684452848592   0
0.101590639158783   0.0602398679619629   0.0103602379850972   -0.00118470148128269   0
0.0958238111395075   0.0614737863602025   -0.00576682801927526   0.00123391839823964   0
0.106611909605916   0.0572378319462539   0.0107880984664085   -0.00423595441394867   0
0.0953067932727778   0.0613143412094601   -0.0113051163331382   0.00407650926320624   0
0.102216413070162   0.0640579123782543   0.0069096197973843   0.00274357116879414   0
0.108778339511067   0.0690044933385682   0.00656192644090466   0.00494658096031393   0
0.113882885545195   0.0769643881224401   0.00510454603412835   0.00795989478387192   0
0.120248964822499   0.0720785757136266   0.0063660792773035   -0.00488581240881353   0
0.128263959903911   0.0709052451744756   0.00801499508141247   -0.00117333053915096   0
0.122768383783855   0.0757789892960186   -0.00549557612005568   0.00487374412154297   0
0.135135450606671   0.0792287842670831   0.012367066822816   0.00344979497106455   0
0.132068255663502   0.0804888971601674   -0.00306719494316979   0.00126011289308424   0
0.119871957187234   0.0670623223038458   -0.0121962984762674   -0.0134265748563215   0
0.155259824853321   0.0702950326593921   0.0353878676660864   0.00323271035554623   0
0.150274178373577   0.0785768848434608   -0.00498564647974364   0.00828185218406874   0
0.136432855094962   0.0838914056201975   -0.0138413232786149   0.00531452077673666   0
0.158307847459801   0.0735836869957601   0.0218749923648389   -0.0103077186244373   0
0.17226580305567   0.0784916852506207   0.0139579555958691   0.00490799825486052   0
0.162605518608473   0.079597776677634   -0.00966028444719724   0.00110609142701337   0
0.183906669914171   0.0833186793217877   0.0213011513056986   0.0037209026441537   0
0.18832995229906   0.08389566468163   0.00442328238488829   0.000576985359842283   0
0.168343704047734   0.0906428418119584   -0.0199862482513261   0.00674717713032844   0
0.193205371243582   0.0902866596144192   0.0248616671958486   -0.000356182197539218   0
0.197616041384508   0.0905254767156567   0.00441067014092592   0.000238817101237437   0
0.180928376838488   0.0969305505204629   -0.0166876645460198   0.00640507380480619   0
0.198573293386044   0.0898505162857732   0.017644916547556   -0.00708003423468963   0
0.203525214235337   0.0903918428395643   0.00495192084929319   0.000541326553791119   0
0.178342494254398   0.104322554232498   -0.0251827199809394   0.0139307113929337   0
0.197309385940685   0.113314295451236   0.0189668916862865   0.00899174121873794   0
0.180928384138393   0.0919671631559602   -0.0163810018022912   -0.0213471322952758   0
0.12725674440288   0.11946677835412   -0.053671639735513   0.0274996151981601   0
0.147470073677001   0.127082789619602   0.0202133292741204   0.00761601126548164   0
0.119145959834566   0.124869383994837   -0.0283241138424347   -0.00221340562476513   0
0.12246915419031   0.125663021754612   0.00332319435574438   0.000793637759774868   0
0.132426257543057   0.152124705703774   0.00995710335274647   0.0264616839491628   0
0.153471872482647   0.165848881716157   0.0210456149395907   0.013724176012383   0
0.161758670216777   0.161069153044306   0.00828679773412946   -0.00477972867185172   0
0.140393874820129   0.156609489018394   -0.0213647953966481   -0.00445966402591169   0
0.146684371425214   0.149987450684416   0.00629049660508471   -0.00662203833397848   0
0.130431606194588   0.158696541942476   -0.0162527652306259   0.00870909125806027   0
0.136182870885071   0.157519752947599   0.00575126469048362   -0.00117678899487728   0
0.15382499687437   0.149765769248183   0.0176421259892989   -0.0077539836994156   0
0.133684104984175   0.15707125689461   -0.0201408918901949   0.00730548764642677   0
0.142482762484625   0.165513335992904   0.0087986575004495   0.00844207909829445   0
0.13388289061553   0.160107909341552   -0.00859987186909467   -0.00540542665135266   0
0.149893511136882   0.156329241728123   0.0160106205213516   -0.00377866761342827   0
0.148269050284262   0.162528856121767   -0.00162446085262014   0.00619961439364358   0
0.165041097618804   0.159824359630416   0.0167720473345424   -0.00270449649135102   0
0.171712065319891   0.15909503847072   0.00667096770108694   -0.000729321159695456   0
0.153467984678955   0.154419675205339   -0.0182440806409359   -0.00467536326538104   0
0.166129227712645   0.15363701211684   0.0126612430336903   -0.000782663088499502   0
0.160557573871542   0.155805740770206   -0.00557165384110359   0.0021687286533657   0
0.161882448159688   0.150429679833004   0.00132487428814626   -0.00537606093720186   0
0.181405283276354   0.147396195024236   0.0195228351166655   -0.00303348480876808   0
0.178721509651588   0.152724221767243   -0.00268377362476607   0.00532802674300734   0
0.175085195432354   0.158143981808509   -0.00363631421923349   0.00541976004126596   0
0.202595798294064   0.134689046624661   0.0275106028617095   -0.0234549351838483   0
0.196883130980316   0.156009330121703   -0.005712667313748   0.0213202834970424   0
0.185474233144445   0.145007593422284   -0.0114088978358704   -0.0110017366994188   0
0.20342646662522   0.152801402825694   0.0179522334807745   0.00779380940340973   0
0.188730165452929   0.158593395890844   -0.0146963011722905   0.00579199306515008   0
0.189411873888624   0.159776876133282   0.000681708435694844   0.0011834802424375   0
0.203074624541349   0.159984065794292   0.0136627506527253   0.000207189661010909   0
0.200013759405322   0.146535065428907   -0.00306086513602741   -0.0134490003653853   0
0.163475949554667   0.0966137462434047   -0.036537809850655   -0.0499213191855025   0
0.228972516047844   0.109498788977322   0.0654965664931767   0.0128850427339169   0
0.187705669018413   0.144417496800942   -0.0412668470294306   0.0349187078236201   0
0.13857499940097   0.138374119339031   -0.0491306696174428   -0.00604337746191028   0
0.123746218046139   0.146002345670849   -0.0148287813548316   0.00762822633181731   0
0.12071175741125   0.147639566217867   -0.00303446063488853   0.00163722054701851   0
0.115726787517869   0.149749044792079   -0.00498496989338072   0.00210947857421148   0
0.129370158214159   0.136660173645991   0.0136433706962891   -0.0130888711460874   0
0.124563735223579   0.138681877260513   -0.0048064229905791   0.00202170361452172   0
0.124920786867936   0.134439134548352   0.000357051644357009   -0.0042427427121606   0
0.148072136472498   0.133117714607824   0.0231513496045613   -0.00132141994052873   0
0.1577069151429   0.137899552690536   0.00963477867040266   0.0047818380827126   0
0.148499479876441   0.123098394454396   -0.00920743526645912   -0.0148011582361406   0
0.154354316026344   0.12616195143727   0.00585483614990243   0.00306355698287399   0
0.142192123024062   0.134486176989022   -0.0121621930022817   0.00832422555175211   0
0.141800119382178   0.134413566365676   -0.00039200364188377   -7.26106233457646e-05   0
0.151597457582969   0.14421469125838   0.00979733820079046   0.0098011248927044   0
0.151789651045814   0.141233980443137   0.000192193462845325   -0.00298071081524312   0
0.161092641091516   0.153011980747064   0.00930299004570198   0.011778000303927   0
0.147263654973826   0.153551382822079   -0.0138289861176903   0.000539402075014128   0
0.175743028401954   0.16070893385562   0.0284793734281282   0.00715755103354135   0
0.157023379292034   0.162018032927858   -0.0187196491099199   0.0013090990722382   0
0.172144585885848   0.162167806587721   0.0151212065938136   0.000149773659862962   0
0.180453362187381   0.156598210534548   0.00830877630153296   -0.00556959605317336   0
0.186373864415722   0.155752708042557   0.00592050222834153   -0.000845502491990641   0
0.194614515051062   0.158900105552703   0.00824065063533969   0.00314739751014551   0
0.190158279303637   0.159546498482699   -0.00445623574742496   0.000646392929996881   0
0.204493093116247   0.157552480348018   0.0143348138126099   -0.0019940181346817   0
0.192816635906864   0.171001008443488   -0.0116764572093833   0.0134485280954707   0
0.199529462792742   0.167578448432637   0.00671282688587793   -0.00342256001085137   0
0.203843304797312   0.163908698579697   0.00431384200457088   -0.00366974985293997   0
0.187303136248409   0.166534350262821   -0.0165401685489036   0.00262565168312406   0
0.197093980504124   0.166754386601402   0.00979084425571514   0.000220036338581336   0
0.197225948278238   0.162613678318623   0.000131967774113534   -0.00414070828277979   0
0.19429106250376   0.166803651477126   -0.00293488577447742   0.00418997315850328   0
0.206162533434788   0.170914334661316   0.0118714709310277   0.00411068318418975   0
0.275171042840358   0.167930009514708   0.06900850940557   -0.00298432514660749   0
0.223045730037542   0.139410077087311   -0.052125312802816   -0.0285199324273972   0
0.319241322066693   0.205253653499152   0.0961955920291512   0.0658435764118411   0
0.257235047266736   0.216512617789934   -0.0620062747999567   0.0112589642907818   0
0.206560745922404   0.221913330125186   -0.0506743013443321   0.00540071233525258   0
0.165404399508629   0.223754231572277   -0.0411563464137756   0.00184090144709018   0
0.171674708420897   0.241244153877871   0.00627030891226846   0.0174899223055945   0
0.150369665750543   0.239166227190421   -0.0213050426703541   -0.00207792668745035   0
0.145584851718646   0.240877131264572   -0.0047848140318974   0.0017109040741515   0
0.160360135016967   0.230280199773016   0.0147752832983218   -0.0105969314915567   0
0.194383014267502   0.243548915369172   0.034022879250535   0.0132687155961561   0
0.204609393901551   0.237706940322532   0.0102263796340485   -0.00584197504663936   0
0.232638840415546   0.236877280499313   0.0280294465139954   -0.000829659823219892   0
0.230705176509263   0.232600714909155   -0.00193366390628369   -0.00427656559015752   0
0.214405564100375   0.229879754347246   -0.0162996124088876   -0.0027209605619094   0
0.207461648440862   0.224667767639797   -0.0069439156595125   -0.00521198670744821   0
0.201343320951056   0.236758378078792   -0.00611832748980629   0.0120906104389941   0
0.182826893797083   0.235535505533136   -0.0185164271539728   -0.00122287254565542   0
0.19809014416462   0.234730609480315   0.0152632503675368   -0.000804896052821469   0
0.199012298562199   0.234083289293042   0.000922154397579283   -0.000647320187272621   0
0.198031304346156   0.227522886992716   -0.000980994216043085   -0.00656040230032653   0
0.216538016366018   0.22877043704607   0.0185067120198619   0.00124755005335475   0
0.184475761118934   0.226717049651653   -0.0320622552470843   -0.00205338739441746   0
0.20135162420661   0.219319516692542   0.0168758630876763   -0.00739753295911127   0
0.2266398705376   0.235421552049722   0.0252882463309895   0.0161020353571805   0
0.204578502361538   0.237064433712651   -0.0220613681760614   0.00164288166292914   0
0.222050475449637   0.234899864251238   0.0174719730880989   -0.0021645694614133   0
0.243000559484397   0.254228204887853   0.0209500840347597   0.0193283406366148   0
0.206201701783375   0.254041802975416   -0.0367988577010219   -0.000186401912436851   0
0.241116750185901   0.244935358444325   0.0349150484025254   -0.0091064445310908   0
0.208035572842651   0.24649803695263   -0.0330811773432494   0.00156267850830466   0
0.207780373170061   0.235856730245821   -0.000255199672589662   -0.0106413067068087   0
0.249192921333512   0.248414448838026   0.0414125481634507   0.0125577185922045   0
0.212327107454536   0.251528427469441   -0.0368658138789764   0.0031139786314158   0
0.244684648041944   0.248533803708872   0.0323575405874082   -0.00299462376056958   0
0.231978479017537   0.247039692547574   -0.0127061690244067   -0.00149411116129752   0
0.201143539097357   0.225414017166746   -0.0308349399201803   -0.0216256753808283   0
0.164854747993559   0.229092241765735   -0.0362887911037976   0.00367822459898917   0
0.255370748361989   0.281449673698514   0.0905160003684298   0.0523574319327789   0
0.207794727353824   0.273327236103997   -0.0475760210081654   -0.0081224375945172   0
0.218261865674927   0.252314188122666   0.0104671383211034   -0.021013047981331   0
0.22690654353967   0.274042141738274   0.00864467786474238   0.0217279536156078   0
