1.17196648230911e-09   0.00437593   0   0   0
0.0881462996408244   0.0623078629450297   0.0881462984688579   0.0579319329450297   0
0.060000873244312   0.0795058010259157   -0.0281454263965124   0.0171979380808861   0
0.0759245948513392   0.0726116393213024   0.0159237216070272   -0.00689416170461336   0
0.0773247019518342   0.083026047484946   0.00140010710049505   0.0104144081636436   0
0.117924981782657   0.114857480209704   0.0406002798308228   0.0318314327247579   0
0.0647942757674596   0.147803786299134   -0.0531307060151975   0.03294630608943   0
0.0608329413494038   0.18175893795148   -0.0039613344180558   0.0339551516523463   0
0.112513742244914   0.227698690854273   0.05168080089551   0.0459397529027934   0
0.0873748128550213   0.243934235876701   -0.0251389293898925   0.0162355450224275   0
0.0704264075189839   0.251578832429817   -0.0169484053360374   0.00764459655311611   0
0.0854685487543823   0.272976067712904   0.0150421412353983   0.021397235283087   0
0.104931870950346   0.28109131372474   0.0194633221959634   0.00811524601183555   0
0.088009510167595   0.291548327631973   -0.0169223607827507   0.0104570139072329   0
0.0909025849802942   0.274165300004395   0.0028930748126992   -0.0173830276275774   0
0.116234242687557   0.243907379971374   0.0253316577072633   -0.0302579200330216   0
0.0907624373489937   0.258990528255378   -0.0254718053385638   0.0150831482840049   0
0.0844975013058966   0.271991444759298   -0.00626493604309705   0.013000916503919   0
0.038438795763073   0.254734228131989   -0.0460587055428237   -0.017257216627309   0
0.0576636994917947   0.248732519794859   0.0192249037287217   -0.00600170833712937   0
0.100352011201022   0.258955374497711   0.0426883117092271   0.0102228547028523   0
0.121184628864431   0.266474822216378   0.0208326176634097   0.00751944771866603   0
0.0669417292104857   0.266126517781957   -0.0542428996539458   -0.000348304434421021   0
0.0703000290549773   0.270422607987017   0.00335829984449153   0.00429609020506072   0
0.102695292239128   0.27365683436377   0.0323952631841512   0.00323422637675308   0
0.0624197838269246   0.282208276406363   -0.0402755084122039   0.00855144204259239   0
0.118665349730408   0.257012094990683   0.0562455659034832   -0.0251961814156794   0
0.0939957120876266   0.265092432746108   -0.0246696376427812   0.0080803377554251   0
0.124455247757296   0.290802700481787   0.0304595356696696   0.0257102677356787   0
0.0418153942845646   0.280603180714777   -0.0826398534727316   -0.0101995197670098   0
0.110183704095524   0.272521193196511   0.0683683098109594   -0.0080819875182665   0
0.128969404698091   0.291451226584312   0.018785700602567   0.0189300333878012   0
0.15648421233853   0.296594812640916   0.0275148076404385   0.00514358605660381   0
0.0904416299528044   0.282357495077163   -0.0660425823857252   -0.0142373175637531   0
0.0758365094798673   0.246239372552908   -0.0146051204729371   -0.0361181225242544   0
0.121060968319944   0.250505695299528   0.0452244588400764   0.00426632274661976   0
0.0696098219847602   0.235679399263597   -0.0514511463351835   -0.014826296035931   0
0.130536976542031   0.237006221076051   0.060927154557271   0.001326821812454   0
0.129646601272266   0.25852257263535   -0.000890375269764931   0.0215163515592993   0
0.0460787573713745   0.245344946472309   -0.0835678439008918   -0.0131776261630417   0
0.155875371374571   0.25117902098155   0.109796614003196   0.0058340745092415   0
0.186446114680891   0.264170878945333   0.0305707433063202   0.0129918579637833   0
0.196755401441536   0.259466373255283   0.0103092867606449   -0.0047045056900501   0
0.237304598099257   0.272913757545772   0.0405491966577212   0.0134473842904888   0
0.197062687141427   0.279654322415192   -0.0402419109578301   0.0067405648694196   0
0.222359254927341   0.290473628719545   0.0252965677859138   0.0108193063043531   0
0.202854461029577   0.317621381577579   -0.0195047938977644   0.0271477528580341   0
0.15161879847077   0.314242266062747   -0.0512356625588064   -0.00337911551483239   0
0.211912588890199   0.320355481587642   0.0602937904194286   0.00611321552489535   0
0.202552225153416   0.321150370959228   -0.00936036373678309   0.000794889371586449   0
0.201063958567367   0.346839359341612   -0.00148826658604836   0.0256889883823838   0
0.174858219607315   0.381898205069754   -0.0262057389600523   0.0350588457281419   0
0.186848973053747   0.37402191934364   0.0119907534464323   -0.0078762857261146   0
0.303765966516761   0.395080181662849   0.116916993463013   0.0210582623192098   0
0.233728745971757   0.37032693342336   -0.0700372205450039   -0.0247532482394889   0
0.210550651004859   0.392545312396544   -0.0231780949668976   0.0222183789731831   0
0.258069612964143   0.393750986115908   0.0475189619592837   0.00120567371936442   0
0.188779230575575   0.393695301592805   -0.0692903823885679   -5.56845231025616e-05   0
0.275155069281231   0.417888703094496   0.0863758387056558   0.0241934015016909   0
0.221907570593254   0.399506867981328   -0.0532474986879767   -0.0183818351131685   0
0.188986424876994   0.39302599701133   -0.0329211457162602   -0.00648087096999767   0
0.214757518450318   0.404986701974892   0.0257710935733238   0.011960704963562   0
0.246278562249226   0.420368294814499   0.0315210437989088   0.0153815928396074   0
0.198572487603948   0.389956748682466   -0.0477060746452785   -0.0304115461320335   0
0.222033151006685   0.411234169177976   0.0234606634027376   0.0212774204955098   0
0.292024336154223   0.40722247436782   0.069991185147538   -0.00401169481015562   0
0.240331502388911   0.39717131788499   -0.0516928337653129   -0.0100511564828299   0
0.287062579031746   0.447553243428645   0.0467310766428358   0.0503819255436547   0
0.293152707641274   0.432133234689835   0.0060901286095279   -0.0154200087388099   0
0.24689362176861   0.436478470922393   -0.0462590858726639   0.00434523623255761   0
0.265640016170069   0.455378037961044   0.0187463944014584   0.0188995670386514   0
0.283336875017092   0.458718717628243   0.0176968588470233   0.0033406796671992   0
0.282529813733193   0.464500459454563   -0.000807061283899457   0.00578174182631958   0
0.298481305248569   0.469285138363128   0.0159514915153768   0.00478467890856504   0
0.27143478914496   0.457875494031674   -0.0270465161036094   -0.0114096443314534   0
0.256675981846484   0.480978397969181   -0.0147588072984761   0.0231029039375067   0
0.265192842494303   0.46438257128525   0.00851686064781898   -0.0165958266839316   0
0.28553188727589   0.473329330781698   0.0203390447815872   0.00894675949644835   0
0.25730710832443   0.4745542663242   -0.02822477895146   0.00122493554250241   0
0.238116474725459   0.473552852280239   -0.0191906335989714   -0.00100141404396115   0
0.274294834404518   0.473010970998824   0.0361783596790589   -0.000541881281415579   0
0.248506576079254   0.471236061213751   -0.0257882583252635   -0.00177490978507278   0
0.242069150334037   0.474880309875025   -0.00643742574521725   0.00364424866127433   0
0.32443456403711   0.493846209496945   0.0823654137030732   0.0189658996219194   0
0.212389027236107   0.495177777920466   -0.112045536801002   0.00133156842352111   0
0.215105370760975   0.485317095164594   0.00271634352486727   -0.00986068275587132   0
0.25281283134479   0.489592023459329   0.0377074605838148   0.00427492829473458   0
0.212797571538863   0.47219055514829   -0.0400152598059264   -0.0174014683110392   0
0.254702290331266   0.485921929990302   0.0419047187924025   0.0137313748420124   0
0.296781689730221   0.501440334566835   0.0420793993989551   0.0155184045765334   0
0.279972260375402   0.480946380185463   -0.0168094293548191   -0.0204939543813725   0
0.246065295811222   0.49853124324008   -0.0339069645641798   0.0175848630546172   0
0.316897975671291   0.495303305905583   0.0708326798600696   -0.00322793733449678   0
0.274368857591835   0.480624252875622   -0.0425291180794568   -0.0146790530299613   0
0.206182428515185   0.410712626894402   -0.0681864290766496   -0.0699116259812206   0
0.142126324446564   0.40303618886305   -0.0640561040686209   -0.00767643803135104   0
0.124964089121875   0.425632987108615   -0.0171622353246888   0.0225967982455646   0
0.148434387993517   0.440129202544744   0.0234702988716419   0.0144962154361292   0
0.140527865987853   0.436379256146844   -0.00790652200566411   -0.00374994639790066   0
0.118338371151681   0.434416202377973   -0.0221894948361726   -0.00196305376887063   0
0.191878407143925   0.432429011768027   0.0735400359922449   -0.0019871906099459   0
0.157787961356245   0.425777231463227   -0.03409044578768   -0.00665178030480046   0
0.119044529932885   0.420297505803627   -0.0387434314233602   -0.00547972565959953   0
0.177404012043133   0.412388073831252   0.0583594821102476   -0.00790943197237526   0
0.149291465217307   0.416582739403291   -0.0281125468258258   0.00419466557203879   0
0.137729693702836   0.413884794135095   -0.0115617715144715   -0.00269794526819561   0
0.215473687236864   0.422529731544897   0.0777439935340287   0.00864493740980177   0
0.0857750047749343   0.421686263417781   -0.12969868246193   -0.000843468127115998   0
0.180630832819095   0.415117684045817   0.0948558280441611   -0.00656857937196409   0
0.0991339664679064   0.383585657211007   -0.081496866351189   -0.0315320268348099   0
0.128380698816761   0.398136436983605   0.029246732348855   0.0145507797725982   0
0.150776134466168   0.389180575178477   0.0223954356494067   -0.00895586180512814   0
0.128611675311536   0.406053080465473   -0.0221644591546319   0.0168725052869964   0
0.128129364031279   0.416786488839909   -0.000482311280257219   0.0107334083744363   0
0.171954363271538   0.403259394629871   0.0438249992402589   -0.0135270942100385   0
0.119560498099401   0.398316296572837   -0.0523938651721367   -0.0049430980570343   0
0.149109036793482   0.412706869217124   0.029548538694081   0.014390572644287   0
0.142497185693747   0.404402839447252   -0.0066118510997355   -0.00830402976987155   0
0.1423132596357   0.427615155490308   -0.000183926058046846   0.0232123160430555   0
0.125449721574422   0.434308253809722   -0.0168635380612778   0.0066930983194145   0
0.143430812495677   0.421798161049808   0.0179810909212548   -0.0125100927599139   0
0.123388815123292   0.433407875654389   -0.0200419973723845   0.0116097146045804   0
0.19706833128032   0.436123008328212   0.0736795161570278   0.00271513267382373   0
0.155988276720151   0.430687482454796   -0.0410800545601688   -0.0054355258734165   0
0.128392188162725   0.436575719965621   -0.0275960885574266   0.00588823751082485   0
0.1435623687392   0.411198140900467   0.0151701805764752   -0.025377579065154   0
0.136235782107822   0.410294494811044   -0.0073265866313777   -0.000903646089422394   0
0.0974929652012903   0.425768378516418   -0.0387428169065319   0.0154738837053739   0
0.117636405367514   0.415188572206955   0.0201434401662234   -0.010579806309463   0
0.142794538855448   0.424383729689593   0.0251581334879342   0.00919515748263833   0
0.149085183572949   0.403215810384774   0.00629064471750151   -0.0211679193048195   0
0.175955708102409   0.393495225491682   0.0268705245294592   -0.00972058489309158   0
0.159501718835966   0.378320097600233   -0.0164539892664424   -0.0151751278914491   0
0.119522642238866   0.389940455497054   -0.0399790765971   0.0116203578968208   0
0.138572573957002   0.419697863424393   0.0190499317181362   0.0297574079273385   0
0.153031973310188   0.41846989899215   0.0144593993531853   -0.00122796443224288   0
0.159903349668935   0.432846520026152   0.00687137635874699   0.0143766210340024   0
0.118759532601177   0.43970037939829   -0.0411438170677578   0.00685385937213778   0
0.149311505057213   0.40045061112327   0.0305519724560357   -0.0392497682750203   0
0.156742238782308   0.434953090153409   0.00743073372509526   0.03450247903014   0
0.149395277358456   0.428430289907822   -0.0073469614238518   -0.00652280024558799   0
0.129192259008193   0.391017576714909   -0.0202030183502631   -0.0374127131929122   0
0.160876585717629   0.421197071054928   0.031684326709436   0.0301794943400186   0
0.133316691351121   0.427185800383744   -0.0275598943665081   0.00598872932881611   0
0.145162324143043   0.426635542578499   0.0118456327919226   -0.000550257805245313   0
0.184629317135308   0.434106183958775   0.0394669929922642   0.00747064138027653   0
0.136056005198043   0.447015153946989   -0.0485733119372643   0.0129089699882134   0
0.134664374775254   0.447058293602188   -0.00139163042278959   4.31396551991425e-05   0
0.191233831834119   0.462045665977401   0.056569457058865   0.0149873723752131   0
0.121966054082314   0.465420888671211   -0.0692677777518045   0.00337522269381024   0
0.152195635542745   0.455128150534001   0.0302295814604306   -0.0102927381372105   0
0.150656915280116   0.425531338157368   -0.00153872026262897   -0.029596812376633   0
0.12147365013257   0.45476390389987   -0.0291832651475459   0.0292325657425021   0
0.16602655963309   0.466093431423894   0.0445529095005201   0.0113295275240241   0
0.105473094268901   0.487580316767146   -0.0605534653641894   0.0214868853432517   0
0.111421969597293   0.503189899979372   0.00594887532839196   0.015609583212226   0
0.11432220054274   0.491422605796172   0.00290023094544713   -0.0117672941831994   0
0.142758096468433   0.454452620096694   0.0284358959256932   -0.0369699856994783   0
0.282944170918876   0.453214394463592   0.140186074450443   -0.00123822563310227   0
0.235339983303666   0.463713002236567   -0.0476041876152094   0.010498607772975   0
0.179061829723953   0.470333093671124   -0.0562781535797132   0.00662009143455705   0
0.162388259861261   0.407545561183655   -0.0166735698626923   -0.062787532487469   0
0.186291669735631   0.350341988088214   0.0239034098743698   -0.0572035730954403   0
0.172415896246286   0.380806577886333   -0.0138757734893449   0.030464589798119   0
0.202037634614981   0.380590982017112   0.0296217383686948   -0.000215595869220875   0
