0.320774485307825   0.0352200093962935   0   0   0
0.184775971981803   0.0382234926531119   -0.135998513326022   0.00300348325681844   0
0.179575656444296   0.0450034218394557   -0.00520031553750641   0.00677992918634381   0
0.061159595064997   0.0692754198621344   -0.118416061379299   0.0242719980226786   0
0.127116708329826   0.065756459508173   0.0659571132648288   -0.00351896035396131   0
0.200727857085408   0.0730363209218708   0.0736111487555823   0.00727986141369773   0
0.115182588137791   0.0609858642085607   -0.085545268947617   -0.0120504567133101   0
0.0784274306489764   0.0637524267182535   -0.0367551574888147   0.00276656250969282   0
0.133039820012694   0.0516052867409435   0.0546123893637176   -0.01214713997731   0
0.162934328759718   0.0372409497409773   0.0298945087470245   -0.0143643369999662   0
0.0826317918859927   0.0523680651539896   -0.0803025368737258   0.0151271154130123   0
0.112453449900348   0.0715152774333044   0.029821658014355   0.0191472122793148   0
0.12046688921351   0.0655905918609521   0.00801343931316195   -0.0059246855723523   0
0.106710854566815   0.0221172786954001   -0.0137560346466943   -0.043473313165552   0
0.105995455896468   0.0314834016537683   -0.000715398670347756   0.00936612295836817   0
0.0791954161089517   0.027577202190351   -0.0268000397875159   -0.00390619946341729   0
0.0781496180087273   0.0399451635406356   -0.00104579810022432   0.0123679613502846   0
0.0962742224887327   0.0323000221613701   0.0181246044800053   -0.00764514137926551   0
0.0712519739196747   0.0306871884408771   -0.025022248569058   -0.00161283372049302   0
0.100680464390318   0.0265803549779367   0.0294284904706429   -0.00410683346294037   0
0.0437300293164777   0.0394296953780079   -0.0569504350738398   0.0128493404000712   0
0.0797631927193239   0.0338927667589266   0.0360331634028462   -0.00553692861908133   0
0.0819717278215483   0.0358844234700099   0.00220853510222446   0.00199165671108334   0
0.0694218302430151   0.0443302167104448   -0.0125498975785333   0.00844579324043487   0
0.0641193973659298   0.0478360769131677   -0.0053024328770853   0.00350586020272294   0
0.086404817752137   0.0497641732315026   0.0222854203862072   0.00192809631833486   0
0.0935585998857935   0.0576836991519485   0.00715378213365656   0.00791952592044587   0
0.0478988707329306   0.0510411072860271   -0.0456597291528629   -0.00664259186592141   0
0.12197530613407   0.0598809863877091   0.074076435401139   0.00883987910168203   0
0.0766465146497217   0.0447815004037281   -0.0453287914843479   -0.015099485983981   0
0.116341226515668   0.066877262009221   0.0396947118659465   0.0220957616054929   0
0.0475862894155449   0.0614881993624419   -0.0687549371001232   -0.00538906264677916   0
0.100428523695412   0.074403647084098   0.0528422342798675   0.0129154477216561   0
0.0455862388382722   0.0757980041281596   -0.0548422848571401   0.00139435704406164   0
0.116002080507118   0.0774000275659673   0.0704158416688462   0.0016020234378077   0
0.0595027775867648   0.0741679912615188   -0.0564993029203537   -0.00323203630444853   0
0.0825318845083523   0.0770565692486533   0.0230291069215875   0.00288857798713453   0
0.068479277423977   0.0750586877087929   -0.0140526070843753   -0.00199788153986041   0
0.0986450477951124   0.0873990318944809   0.0301657703711354   0.0123403441856881   0
0.0399329083215836   0.0876288758102174   -0.0587121394735288   0.000229843915736425   0
0.119763436147432   0.0958587358821433   0.0798305278258483   0.0082298600719259   0
0.0825607988099074   0.107248175054893   -0.0372026373375246   0.0113894391727499   0
0.0359328535892169   0.109760462842982   -0.0466279452206904   0.00251228778808836   0
0.108539008346078   0.0984002310441901   0.0726061547568611   -0.0113602317987914   0
0.0731789374597637   0.106638890767452   -0.0353600708863144   0.0082386597232616   0
0.119467655676714   0.0775014333953411   0.0462887182169508   -0.0291374573721106   0
0.148766667412092   0.102546479239867   0.0292990117353776   0.025045045844526   0
0.0972975007188263   0.112990462486862   -0.0514691666932657   0.010443983246995   0
0.0683943273186454   0.120838768033039   -0.0289031734001809   0.00784830554617652   0
0.144837757745175   0.112770800943207   0.0764434304265297   -0.00806796708983128   0
0.0974914820410629   0.117436932963708   -0.0473462757041121   0.00466613202050085   0
0.117960198072316   0.12986122329048   0.020468716031253   0.0124242903267721   0
0.148961024618858   0.138809529370294   0.031000826546542   0.00894830607981359   0
0.130768797196961   0.137213660029359   -0.0181922274218966   -0.001595869340935   0
0.141145048066059   0.141543608477423   0.0103762508690973   0.00432994844806403   0
0.190276263239874   0.126644568769657   0.0491312151738158   -0.0148990397077655   0
0.174768607034358   0.126933046520164   -0.015507656205516   0.000288477750506083   0
0.183182574354795   0.137581373364602   0.00841396732043656   0.0106483268444384   0
0.138049449719946   0.139072526817314   -0.0451331246348486   0.00149115345271197   0
0.12775507830877   0.139017964714673   -0.0102943714111762   -5.45621026411536e-05   0
0.174822149828819   0.15836763220353   0.0470670715200487   0.0193496674888571   0
0.0872117226114127   0.144560699280346   -0.0876104272174062   -0.0138069329231843   0
0.139222002061456   0.139227100352958   0.052010279450043   -0.00533359892738802   0
0.144069179265553   0.137210039139525   0.00484717720409708   -0.00201706121343245   0
0.112807701592843   0.133741678895081   -0.0312614776727095   -0.00346836024444389   0
0.121184563155131   0.134707778550201   0.00837686156228787   0.000966099655119845   0
0.101132719728582   0.141138513217513   -0.0200518434265489   0.00643073466731164   0
0.197238776005658   0.144363036769285   0.0961060562770753   0.00322452355177258   0
0.12206641774661   0.116057274413326   -0.0751723582590473   -0.0283057623559595   0
0.2033020814345   0.146630498494515   0.0812356636878894   0.0305732240811894   0
0.212419939004628   0.142286460341453   0.00911785757012848   -0.0043440381530617   0
0.15894429118147   0.151383056114282   -0.053475647823158   0.00909659577282906   0
0.178282660939195   0.180876654830025   0.0193383697577248   0.0294935987157425   0
0.152465996071255   0.161290682054916   -0.0258166648679399   -0.019585972775109   0
0.230080522906742   0.19262664280221   0.0776145268354872   0.0313359607472935   0
0.155221297993091   0.160609146137144   -0.0748592249136512   -0.0320174966650655   0
0.228526405352226   0.182242417404676   0.073305107359135   0.0216332712675315   0
0.219050625313739   0.181802655114   -0.00947578003848737   -0.00043976229067566   0
0.166326915660845   0.170818059188717   -0.0527237096528934   -0.010984595925283   0
0.21799943571599   0.195951147566811   0.0516725200551444   0.0251330883780937   0
0.175776350042575   0.162141497462093   -0.0422230856734145   -0.0338096501047174   0
0.203890097547306   0.181919840350771   0.0281137475047307   0.0197783428886777   0
0.183688071997068   0.178751567374247   -0.0202020255502381   -0.00316827297652389   0
0.147892075381611   0.150770071628125   -0.0357959966154573   -0.0279814957461219   0
0.230698582585611   0.17824576968192   0.0828065072040004   0.0274756980537946   0
0.0870568638540351   0.161599980100556   -0.143641718731576   -0.0166457895813641   0
0.167499880964883   0.168963074859598   0.080443017110848   0.00736309475904195   0
0.24526739687011   0.176495771038572   0.0777675159052268   0.00753269617897426   0
0.162037700153544   0.147435987064972   -0.0832296967165654   -0.0290597839736002   0
0.288015417841146   0.194084446265666   0.125977717687602   0.0466484592006938   0
0.197088175055492   0.171779942770722   -0.0909272427856546   -0.0223045034949436   0
0.223208042236171   0.190458727405894   0.026119867180679   0.0186787846351717   0
0.221979909801518   0.202364758081169   -0.0012281324346527   0.0119060306752752   0
0.124999424325394   0.151169437518766   -0.0969804854761235   -0.0511953205624032   0
0.271064538367249   0.190747882520357   0.146065114041855   0.0395784450015916   0
0.260590280957982   0.206443210966721   -0.0104742574092673   0.0156953284463636   0
0.189732121010956   0.164938040508315   -0.0708581599470259   -0.041505170458406   0
0.280001224075287   0.202270008378652   0.0902691030643308   0.0373319678703373   0
0.272746091826461   0.201412550897257   -0.00725513224882629   -0.000857457481395485   0
0.175067893197953   0.156252488940977   -0.0976781986285073   -0.0451600619562801   0
0.3023126210302   0.206761579861588   0.127244727832247   0.0505090909206118   0
0.302881429990182   0.200034403342675   0.000568808959982015   -0.00672717651891339   0
0.213486410907322   0.177420500619122   -0.08939501908286   -0.0226139027235526   0
0.300189073007813   0.206795255591908   0.0867026621004907   0.0293747549727855   0
0.229781140919637   0.180764760160519   -0.070407932088176   -0.0260304954313887   0
0.321709212451633   0.223709094437866   0.0919280715319963   0.0429443342773468   0
0.254911958188411   0.186275001337646   -0.0667972542632225   -0.0374340931002199   0
0.342155965681717   0.224100094025577   0.0872440074933061   0.0378250926879311   0
0.231760047392217   0.202096353462433   -0.1103959182895   -0.0220037405631445   0
0.329515334684051   0.223740175697728   0.0977552872918347   0.021643822235295   0
0.253559078144128   0.193835493801729   -0.0759562565399234   -0.0299046818959989   0
0.323565559855328   0.22319076961008   0.0700064817112004   0.0293552758083517   0
0.188103277242716   0.190566098647038   -0.135462282612613   -0.0326246709630427   0
0.345159881470839   0.249691570576401   0.157056604228123   0.0591254719293636   0
0.248091909698812   0.211423866699718   -0.0970679717720267   -0.0382677038766836   0
0.348162915359651   0.272339470879861   0.100071005660839   0.060915604180143   0
0.24453890937511   0.234864881170536   -0.103624005984541   -0.0374745897093247   0
0.360903501933775   0.28501697769765   0.116364592558665   0.0501520965271136   0
0.362544916396313   0.278874083039842   0.00164141446253779   -0.00614289465780793   0
0.29354959948643   0.248458379042628   -0.0689953169098828   -0.0304157039972141   0
0.293278749905124   0.251948042556442   -0.00027084958130652   0.00348966351381405   0
0.330504628433588   0.287059102785106   0.0372258785284643   0.0351110602286643   0
0.361934532864586   0.301916212281326   0.0314299044309981   0.0148571094962198   0
0.25581278001691   0.254568597729453   -0.106121752847676   -0.0473476145518728   0
0.3768771038826   0.304091493042887   0.12106432386569   0.0495228953134346   0
0.383558102591286   0.28603506793528   0.00668099870868616   -0.0180564251076079   0
0.348024030367409   0.289063941122133   -0.0355340722238776   0.00302887318685341   0
0.401939418046811   0.31726580878106   0.0539153876794021   0.0282018676589268   0
0.299832147851815   0.280281526272675   -0.102107270194995   -0.0369842825083851   0
0.398947565765879   0.314464786577925   0.0991154179140633   0.0341832603052505   0
0.298367695009274   0.265905235430693   -0.100579870756605   -0.0485595511472318   0
0.401790431691406   0.299622819652163   0.103422736682132   0.0337175842214695   0
0.380014229824346   0.28939946917453   -0.02177620186706   -0.0102233504776325   0
0.41096223143963   0.317638103900099   0.030948001615284   0.0282386347255684   0
0.345801692786132   0.283545193150051   -0.0651605386534985   -0.0340929107500473   0
0.461188140967324   0.313130068879531   0.115386448181192   0.0295848757294798   0
0.382159829266095   0.293258767679672   -0.0790283117012287   -0.019871301199859   0
0.466264204857737   0.31517180848983   0.0841043755916421   0.0219130408101576   0
0.332782117191915   0.257031966071829   -0.133482087665822   -0.0581398424180006   0
0.470776439979942   0.313927195521545   0.137994322788026   0.056895229449716   0
0.41318768791788   0.287905082359621   -0.0575887520620615   -0.0260221131619245   0
0.492364038439702   0.338735297757334   0.0791763505218213   0.0508302153977137   0
0.430198294469373   0.302445806258741   -0.0621657439703283   -0.0362894914985932   0
0.509635248807963   0.339220406541602   0.0794369543385897   0.0367746002828612   0
0.346756942323655   0.297340379419765   -0.162878306484308   -0.0418800271218371   0
0.483984366092998   0.359854784646769   0.137227423769343   0.0625144052270037   0
0.362022055206544   0.288965589932006   -0.121962310886454   -0.0708891947147626   0
0.448592066208087   0.344632387452558   0.0865700110015427   0.0556667975205515   0
0.465529593760943   0.348515273925692   0.0169375275528565   0.00388288647313395   0
0.322195434157671   0.288890194167823   -0.143334159603272   -0.0596250797578688   0
0.470003412297266   0.352317080452002   0.147807978139595   0.063426886284179   0
0.409809612442705   0.317771971829742   -0.0601937998545607   -0.0345451086222597   0
0.479707888678083   0.372448706016094   0.069898276235378   0.0546767341863513   0
0.449907249375427   0.358849618574912   -0.0298006393026562   -0.0135990874411814   0
0.428166620417109   0.337998962946963   -0.0217406289583175   -0.0208506556279491   0
0.48144799856963   0.371177993542855   0.0532813781525208   0.0331790305958924   0
0.413689834576497   0.339318468433229   -0.0677581639931328   -0.0318595251096261   0
0.428465941838102   0.364697461083156   0.0147761072616051   0.0253789926499265   0
0.449671877952451   0.368305544111801   0.0212059361143487   0.00360808302864551   0
0.409188767489102   0.356368905858904   -0.0404831104633495   -0.0119366382528972   0
0.503680527034995   0.38324891402291   0.0944917595458931   0.0268800081640061   0
0.416509534044012   0.338066438175801   -0.0871709929909827   -0.0451824758471095   0
0.53346830510782   0.38605564694839   0.116958771063808   0.0479892087725893   0
0.521487094331097   0.438225869413228   -0.0119812107767233   0.0521702224648385   0
0.827356464274233   0.53234799396025   0.305869369943136   0.0941221245470218   0
0.685764606249871   0.478328601201193   -0.141591858024362   -0.0540193927590572   0
0.486147901389073   0.425746861123708   -0.199616704860797   -0.052581740077485   0
0.704573266686184   0.497720599352428   0.21842536529711   0.0719737382287198   0
0.562109035419286   0.42636894182819   -0.142464231266898   -0.0713516575242383   0
0.544337174075971   0.458103731596611   -0.0177718613433143   0.0317347897684217   0
0.584606661536704   0.466821018668119   0.0402694874607322   0.00871728707150743   0
0.50019278814782   0.424996741959559   -0.0844138733888837   -0.0418242767085596   0
0.602732980625053   0.464374430372614   0.102540192477233   0.0393776884130552   0
0.54472120479518   0.434128851797413   -0.0580117758298726   -0.0302455785752014   0
0.613188538349032   0.460281443674544   0.0684673335538523   0.0261525918771312   0
0.554660763974299   0.415050820216633   -0.0585277743747333   -0.0452306234579108   0
0.621535549383575   0.45978231511832   0.0668747854092762   0.0447314949016873   0
0.538434032778561   0.41453247696117   -0.0831015166050144   -0.0452498381571509   0
0.593541030696232   0.446048181388793   0.0551069979176709   0.031515704427624   0
0.632032510513985   0.441441419824819   0.038491479817753   -0.00460676156397416   0
0.597896841230224   0.428760259597237   -0.0341356692837602   -0.0126811602275824   0
0.604896846839513   0.436894671873267   0.00700000560928837   0.00813441227603051   0
0.658509865033842   0.455361926453288   0.0536130181943297   0.018467254580021   0
0.61510884139758   0.440230904805276   -0.0434010236362621   -0.0151310216480119   0
0.628124006945205   0.447330150590702   0.0130151655476248   0.00709924578542542   0
0.665570733739923   0.468260154678198   0.0374467267947178   0.0209300040874961   0
0.623077575321978   0.430820672143875   -0.0424931584179448   -0.0374394825343233   0
0.630609772233509   0.446719212903363   0.00753219691153084   0.0158985407594881   0
0.657638011263263   0.462474316924465   0.0270282390297543   0.0157551040211016   0
0.603819956039811   0.431972795308339   -0.0538180552234526   -0.0305015216161257   0
0.659465420740151   0.447183952832892   0.0556454647003399   0.0152111575245529   0
0.65287397344411   0.458397892439352   -0.00659144729604022   0.0112139396064605   0
0.673060182456429   0.465456664359113   0.0201862090123182   0.00705877191976123   0
0.638300551358065   0.456423812930307   -0.0347596310983636   -0.00903285142880628   0
0.694023644929629   0.476898590739258   0.0557230935715642   0.0204747778089505   0
0.558500820018422   0.422655005895872   -0.135522824911207   -0.0542435848433852   0
0.652966214832866   0.481616149294487   0.0944653948144434   0.058961143398615   0
0.629975097449524   0.451345189508086   -0.0229911173833413   -0.0302709597864016   0
0.680702699677633   0.471097470352073   0.0507276022281085   0.0197522808439873   0
0.607737757870251   0.446670791328849   -0.0729649418073817   -0.0244266790232244   0
0.731004805875251   0.47365719364457   0.123267048005   0.0269864023157214   0
0.613157591893641   0.401059190247677   -0.11784721398161   -0.0725980033968931   0
0.693720693973417   0.446685198731022   0.0805631020797762   0.0456260084833447   0
0.701494758394008   0.4406925136389   0.00777406442059059   -0.00599268509212142   0
0.647969303493491   0.399105680895577   -0.0535254549005169   -0.041586832743323   0
0.638084798211053   0.412989877073107   -0.00988450528243845   0.0138841961775294   0
0.679924094017972   0.438476943668809   0.0418392958069193   0.0254870665957023   0
0.671742032815991   0.417619089926861   -0.00818206120198084   -0.0208578537419477   0
0.736093761735345   0.443398209196384   0.0643517289193535   0.0257791192695222   0
0.703454390269255   0.420919044275096   -0.0326393714660891   -0.0224791649212881   0
0.750461476770793   0.435943350462388   0.0470070865015377   0.0150243061872924   0
0.684247375186781   0.409811584318196   -0.0662141015840118   -0.0261317661441919   0
0.770772076332485   0.448582412021191   0.0865247011457035   0.0387708277029954   0
0.716129646923579   0.420635979503564   -0.054642429408906   -0.0279464325176278   0
0.800199399742314   0.461347291524912   0.084069752818735   0.0407113120213486   0
0.759390307292956   0.437166331558241   -0.040809092449358   -0.0241809599666712   0
0.799997358569545   0.466422369215393   0.0406070512765894   0.0292560376571515   0
0.745095348161052   0.438553486857718   -0.0549020104084931   -0.0278688823576749   0
0.804857422162217   0.449646560167717   0.059762074001165   0.011093073309999   0
0.791359901527642   0.450573435472701   -0.0134975206345749   0.000926875304984642   0
0.793061465391611   0.435729831726105   0.00170156386396902   -0.014843603746596   0
0.802990501651178   0.451471002417999   0.00992903625956643   0.0157411706918933   0
0.816303351724964   0.426690901331292   0.0133128500737861   -0.0247801010867071   0
0.794544863608066   0.453728984660348   -0.0217584881168981   0.0270380833290562   0
0.796374371713932   0.444168844918022   0.00182950810586624   -0.00956013974232556   0
0.810962429563842   0.456016987643226   0.0145880578499104   0.0118481427252042   0
0.737489327795467   0.43009099719035   -0.0734731017683753   -0.025925990452876   0
0.811855715676154   0.470487180018832   0.0743663878806865   0.0403961828284813   0
0.75338388573609   0.425866818159859   -0.0584718299400636   -0.0446203618589724   0
0.785891198945509   0.468510777567499   0.0325073132094191   0.0426439594076398   0
0.792714888677512   0.469056792882485   0.00682368973200265   0.000546015314986159   0
0.78339640278534   0.466319472692705   -0.00931848589217232   -0.00273732018978007   0
0.802160797889977   0.464079869842415   0.0187643951046378   -0.0022396028502904   0
0.772446784848645   0.468048562221061   -0.0297140130413318   0.00396869237864644   0
0.796695784233135   0.457936358897121   0.0242489993844899   -0.0101122033239404   0
0.78048799895604   0.466742569347336   -0.016207785277095   0.00880621045021501   0
0.823261182586037   0.472074632994829   0.0427731836299964   0.00533206364749311   0
0.810514392177895   0.481298447641328   -0.0127467904081418   0.00922381464649957   0
0.748693248823409   0.45089754832944   -0.0618211433544864   -0.030400899311888   0
0.852471836149465   0.495727302643802   0.103778587326056   0.0448297543143619   0
0.74086776453438   0.439014283396623   -0.111604071615084   -0.0567130192471798   0
0.764647925460847   0.476648557313457   0.0237801609264664   0.0376342739168346   0
0.748259324666902   0.477840967205094   -0.0163886007939452   0.00119240989163716   0
0.708475623604122   0.462117972945492   -0.0397837010627793   -0.0157229942596027   0
0.755038891350637   0.480979936317122   0.0465632677465143   0.0188619633716302   0
