0   0   0   0   0
0.0605550983941897   0.044077225882705   0.0605550983941897   0.044077225882705   0
0.10433033604053   0.0211762658462658   0.0437752376463407   -0.0229009600364392   0
0.0685432824510907   0.0476499973522822   -0.0357870535894397   0.0264737315060164   0
0.108091077750751   0.0484400088742583   0.0395477952996603   0.000790011521976129   0
0.0911224261980002   0.0550912573625571   -0.0169686515527508   0.00665124848829876   0
0.0716462899835016   0.0720630518462998   -0.0194761362144986   0.0169717944837428   0
0.0619035873821542   0.0733799658249675   -0.00974270260134739   0.00131691397866768   0
0.090343252651374   0.0699731912477379   0.0284396652692198   -0.00340677457722965   0
0.136212513482609   0.0597398655851769   0.0458692608312352   -0.010233325662561   0
0.0614729556214917   0.0663027462275131   -0.0747395578611175   0.00656288064233621   0
0.113335317605502   0.0503134417911854   0.0518623619840102   -0.0159893044363277   0
0.119473006369514   0.0592404838761045   0.00613768876401233   0.00892704208491914   0
0.0828965755433239   0.0734679469538705   -0.0365764308261904   0.0142274630777659   0
0.0933581779737608   0.0741369054323344   0.010461602430437   0.000668958478463974   0
0.087773479764745   0.064902263134212   -0.00558469820901582   -0.00923464229812239   0
0.07706568877375   0.0873310131330789   -0.010707790990995   0.0224287499988668   0
0.127099827307278   0.0679816756905124   0.0500341385335284   -0.0193493374425665   0
0.080476666855058   0.0785243554645945   -0.0466231604522204   0.0105426797740822   0
0.0878670875289633   0.0871791016046994   0.00739042067390527   0.00865474614010485   0
0.125847755699099   0.0555736403307584   0.0379806681701352   -0.0316054612739409   0
0.0748125830772471   0.0829014325632706   -0.0510351726218514   0.0273277922325121   0
0.114789153528763   0.0650443522172563   0.0399765704515162   -0.0178570803460143   0
0.132112875425109   0.0765881323172526   0.0173237218963458   0.0115437800999963   0
0.109496782621683   0.0825308794824095   -0.0226160928034266   0.00594274716515686   0
0.143291853152648   0.0788720868739062   0.0337950705309653   -0.00365879260850334   0
0.0979692173312107   0.0852270841544666   -0.0453226358214371   0.0063549972805604   0
0.0887163595224691   0.0861446449531397   -0.0092528578087416   0.000917560798673153   0
0.0893771042825846   0.0928336318238203   0.000660744760115461   0.00668898687068062   0
0.114630279216139   0.0755946471940408   0.0252531749335544   -0.0172389846297796   0
0.063047956438798   0.0789256122061939   -0.0515823227773411   0.00333096501215312   0
0.0741812638913789   0.0973415340993248   0.0111333074525809   0.0184159218931309   0
0.112305508527897   0.0878469740375507   0.0381242446365183   -0.0094945600617741   0
0.0737873546791047   0.095132687828698   -0.0385181538487925   0.00728571379114734   0
0.0700156531539912   0.0981029736632127   -0.00377170152511352   0.00297028583451467   0
0.0755638788185129   0.101476526786358   0.00554822566452168   0.00337355312314566   0
0.118586556758724   0.071713255377946   0.0430226779402108   -0.0297632714084123   0
0.0917758409284818   0.0877342780488048   -0.0268107158302419   0.0160210226708589   0
0.0674486960719034   0.0901937798121911   -0.0243271448565784   0.0024595017633862   0
0.112504027454532   0.0766443572976126   0.0450553313826282   -0.0135494225145785   0
0.101516711302179   0.0758349245694225   -0.0109873161523524   -0.00080943272819009   0
0.0780316392716442   0.0893181192650741   -0.023485072030535   0.0134831946956516   0
0.127241553934004   0.0729296934599516   0.0492099146623596   -0.0163884258051225   0
0.10549627730342   0.0698229795455085   -0.0217452766305842   -0.00310671391444305   0
0.0666459055465525   0.0831501995425297   -0.038850371756867   0.0133272199970211   0
0.0398335936285392   0.223680574336312   -0.0268123119180133   0.140530374793783   0
0.21584337919707   0.0828158153558698   0.17600978556853   -0.140864758980442   0
0.214585882685628   0.0909034462224343   -0.00125749651144186   0.00808763086656444   0
0.207287560403947   0.0878703729003156   -0.00729832228168073   -0.00303307332211865   0
0.289906265351699   0.0985413630806881   0.0826187049477524   0.0106709901803725   0
0.284538737629905   0.109491390158108   -0.00536752772179433   0.0109500270774198   0
0.253414228360367   0.115096164945025   -0.0311245092695386   0.00560477478691755   0
0.26775671266353   0.11888062406491   0.0143424843031631   0.00378445911988476   0
0.256035674236228   0.112456632881925   -0.0117210384273014   -0.00642399118298544   0
0.268539078812917   0.111085994021704   0.0125034045766886   -0.00137063886022099   0
0.28755589688944   0.12025026995109   0.0190168180765227   0.00916427592938615   0
0.258045063277615   0.111686105166265   -0.029510833611825   -0.00856416478482493   0
0.25762096761244   0.115170961598063   -0.000424095665174262   0.00348485643179799   0
0.25742801631223   0.133894021026529   -0.000192951300209854   0.0187230594284657   0
0.277642932488187   0.100126670536588   0.0202149161759566   -0.0337673504899404   0
0.266217808548508   0.117438910709994   -0.0114251239396791   0.0173122401734059   0
0.296032480554634   0.108910206411991   0.0298146720061265   -0.00852870429800318   0
0.309559692231563   0.128509386197556   0.0135272116769286   0.0195991797855646   0
0.29283202913872   0.102332373004697   -0.0167276630928432   -0.0261770131928588   0
0.289893232212551   0.116281424367179   -0.00293879692616872   0.0139490513624824   0
0.317538384703769   0.126577278786765   0.0276451524912181   0.0102958544195861   0
0.289827569175484   0.11877727490203   -0.027710815528285   -0.0078000038847349   0
0.29183221321631   0.112249313950197   0.00200464404082623   -0.00652796095183289   0
0.206217394504562   0.114403431039196   -0.0856148187117487   0.00215411708899818   0
0.204483440758317   0.117032132400422   -0.00173395374624494   0.00262870136122673   0
0.239568052999665   0.121626522456134   0.0350846122413479   0.00459439005571173   0
0.276416095141817   0.153074972648405   0.0368480421421524   0.0314484501922711   0
0.249461051480607   0.116151425688581   -0.0269550436612101   -0.036923546959824   0
0.26308290040854   0.126483041508941   0.0136218489279335   0.0103316158203598   0
0.258294810792106   0.116141539841576   -0.00478808961643407   -0.0103415016673645   0
0.258116194153065   0.114736983915649   -0.000178616639041784   -0.00140455592592703   0
0.27622240825773   0.115692055599391   0.0181062141046653   0.000955071683741218   0
0.281413501799416   0.133385753648956   0.00519109354168623   0.0176936980495654   0
0.262828291705125   0.1265667829867   -0.0185852100942914   -0.00681897066225573   0
0.260970977221932   0.123759803210948   -0.00185731448319298   -0.00280697977575266   0
0.266766137962992   0.122030218726715   0.00579516074106018   -0.00172958448423231   0
0.290419623675472   0.133537083847905   0.0236534857124797   0.01150686512119   0
0.278643286474176   0.131374957446435   -0.0117763372012951   -0.00216212640147073   0
0.270508773290868   0.122643282018717   -0.00813451318330888   -0.00873167542771781   0
0.290119289083525   0.140126400053273   0.0196105157926575   0.0174831180345565   0
0.286243842455694   0.134073564548124   -0.00387544662783135   -0.00605283550514921   0
0.275157800603944   0.116141493738683   -0.0110860418517494   -0.0179320708094413   0
0.279264263224186   0.134195696274406   0.00410646262024195   0.0180542025357227   0
0.297578254771033   0.135895704284057   0.0183139915468472   0.00170000800965195   0
0.276576213954809   0.135928933906922   -0.0210020408162248   3.32296228650053e-05   0
0.269920392152723   0.127254626749295   -0.00665582180208529   -0.00867430715762704   0
0.288517002007113   0.127956786467971   0.0185966098543897   0.000702159718675849   0
0.273259342679886   0.125571750268522   -0.0152576593272267   -0.00238503619944949   0
0.279217369026976   0.125146447426445   0.00595802634708936   -0.000425302842076647   0
0.285604863142997   0.12198573744217   0.00638749411602113   -0.00316070998427528   0
0.282377655727163   0.129909989985576   -0.0032272074158341   0.00792425254340628   0
0.273976132799939   0.117192033579335   -0.00840152292722346   -0.0127179564062411   0
0.271676712294687   0.135639471717159   -0.00229942050525261   0.018447438137824   0
0.275685874352516   0.152053655384571   0.00400916205782875   0.0164141836674123   0
0.252263686544655   0.113178359155682   -0.0234221878078604   -0.0388752962288896   0
0.242131737397119   0.110567815890294   -0.0101319491475357   -0.00261054326538758   0
0.256419854576532   0.116584914414387   0.0142881171794129   0.00601709852409303   0
0.282021377549114   0.137547228461981   0.0256015229725817   0.0209623140475941   0
0.235120205714838   0.119475668452043   -0.0469011718342764   -0.0180715600099384   0
0.238415681463615   0.128297550840458   0.0032954757487775   0.00882188238841537   0
0.209097264190649   0.130993106852994   -0.0293184172729661   0.00269555601253602   0
0.242029240162299   0.1291411213575   0.0329319759716503   -0.00185198549549453   0
0.253568595624143   0.123422810220204   0.0115393554618433   -0.00571831113729583   0
0.244682555338586   0.116907340716526   -0.00888604028555709   -0.00651546950367758   0
0.24330214734201   0.122372639399255   -0.0013804079965761   0.00546529868272819   0
0.245561186173813   0.110102558796617   0.00225903883180342   -0.0122700806026376   0
0.248094842314991   0.126197094792471   0.00253365614117759   0.0160945359958544   0
0.220681105062603   0.12242385559506   -0.0274137372523876   -0.00377323919741177   0
0.19557350061335   0.128968004351089   -0.0251076044492529   0.00654414875602938   0
0.222343776207588   0.134802322871316   0.0267702755942381   0.00583431852022695   0
0.219705845180778   0.132843948178342   -0.00263793102681004   -0.00195837469297397   0
0.154291403277759   0.124690385886212   -0.0654144419030193   -0.00815356229212978   0
0.420697945707713   0.191621591475648   0.266406542429954   0.0669312055894355   0
0.26934342370678   0.099912441071883   -0.151354522000933   -0.0917091504037646   0
0.306702740752606   0.139762566544381   0.0373593170458256   0.0398501254724978   0
0.268198521988545   0.0912280049285991   -0.0385042187640607   -0.0485345616157818   0
0.210991245107019   0.144079504569786   -0.0572072768815263   0.0528514996411869   0
0.208461766489685   0.126342562294502   -0.00252947861733349   -0.0177369422752845   0
0.225666505477995   0.122994828938682   0.01720473898831   -0.00334773335581974   0
0.26385735278093   0.111279951913878   0.0381908473029346   -0.0117148770248038   0
0.228969170437529   0.140628231756545   -0.0348881823434012   0.0293482798426669   0
0.241294669581116   0.129129495781686   0.0123254991435876   -0.0114987359748588   0
0.246400451453827   0.0967387669163712   0.00510578187271135   -0.0323907288653149   0
0.255503219169153   0.102590630962944   0.00910276771532509   0.00585186404657294   0
0.296161789044637   0.11029047822582   0.0406585698754843   0.00769984726287549   0
0.282564357784647   0.0951874594715398   -0.0135974312599899   -0.0151030187542799   0
0.262069910316885   0.0990649493972217   -0.0204944474677622   0.00387748992568195   0
0.247707636830599   0.125871801943177   -0.0143622734862856   0.0268068525459558   0
0.235037461208306   0.124158252991585   -0.0126701756222928   -0.00171354895159219   0
0.230523194027781   0.127103942502741   -0.00451426718052528   0.00294568951115536   0
0.224383245115895   0.132279067244236   -0.00613994891188563   0.00517512474149495   0
0.238023350523053   0.129133980267831   0.0136401054071572   -0.00314508697640487   0
0.221396005496147   0.128857459680348   -0.0166273450269055   -0.000276520587482759   0
0.215314941442646   0.116360909603525   -0.00608106405350128   -0.0124965500768229   0
0.2248528176813   0.128043637962308   0.00953787623865432   0.0116827283587825   0
0.207292273388076   0.134404658900241   -0.017560544293224   0.00636102093793295   0
0.204305066279571   0.129472043834392   -0.00298720710850492   -0.00493261506584899   0
0.201663727998914   0.120536047749387   -0.00264133828065716   -0.00893599608500456   0
0.212398326276857   0.128289996287552   0.0107345982779424   0.00775394853816461   0
0.197945522144983   0.133000447259972   -0.0144528041318734   0.00471045097242009   0
0.204067624877735   0.12105558569683   0.00612210273275196   -0.0119448615631419   0
0.203277874801588   0.128292283303215   -0.000789750076147289   0.00723669760638565   0
0.224058149933315   0.136214276450057   0.0207802751317275   0.00792199314684133   0
0.22427784011217   0.132827159575668   0.000219690178854537   -0.00338711687438867   0
0.218441984863373   0.130811243983698   -0.00583585524879698   -0.0020159155919704   0
0.201317962929988   0.125250822023261   -0.0171240219333849   -0.00556042196043713   0
0.20017668312843   0.115910378100076   -0.00114127980155757   -0.00934044392318492   0
0.202675998238889   0.120558864690688   0.00249931511045834   0.00464848659061225   0
0.208490308294319   0.139547942326007   0.0058143100554299   0.0189890776353188   0
0.190395404380044   0.120920315009886   -0.0180949039142748   -0.018627627316121   0
0.196513794346682   0.128132857856835   0.00611838996663816   0.00721254284694973   0
0.176320547672499   0.135016577909307   -0.0201932466741829   0.00688372005247165   0
0.178820756698209   0.13934557159544   0.00250020902570983   0.00432899368613324   0
0.168963905849859   0.13159811062806   -0.00985685084834989   -0.0077474609673808   0
0.202234523421423   0.136617633905949   0.0332706175715638   0.00501952327788979   0
0.20778347970705   0.13444947228461   0.0055489562856271   -0.00216816162133979   0
0.178485988243924   0.129269597962524   -0.0292974914631264   -0.00517987432208591   0
0.21396073726191   0.133200924151496   0.0354747490179863   0.00393132618897199   0
0.220568249523747   0.132656620752839   0.00660751226183739   -0.000544303398656826   0
0.195137831982678   0.119177424482098   -0.0254304175410689   -0.0134791962707406   0
