0.231655447307418   0.127377277823755   0   0   0
0.213753572321119   0.0687815905431295   -0.0179018749862988   -0.0585956872806252   0
0.171204611737827   0.0846529231606476   -0.0425489605832926   0.015871332617518   0
0.194921301830893   0.104742009450197   0.0237166900930661   0.0200890862895498   0
0.147859618143866   0.0561170343424793   -0.0470616836870263   -0.0486249751077181   0
0.173999065944528   0.0768105323717524   0.0261394478006612   0.0206934980292731   0
0.17545465686396   0.0463911391210013   0.00145559091943245   -0.0304193932507511   0
0.129445620361795   0.0420328142657142   -0.046009036502165   -0.00435832485528716   0
0.159857323949827   0.0665497067426163   0.0304117035880321   0.0245168924769021   0
0.135354485423868   0.0225679496293416   -0.0245028385259596   -0.0439817571132746   0
0.119001567326023   0.0551004053676786   -0.0163529180978446   0.0325324557383369   0
0.154470251823709   0.033110466173402   0.0354686844976857   -0.0219899391942765   0
0.109952767978528   0.0325452815437968   -0.0445174838451808   -0.000565184629605239   0
0.134260552458643   0.0419252044511711   0.024307784480115   0.00937992290737434   0
0.143832237041353   0.0332631081821137   0.00957168458271027   -0.00866209626905742   0
0.110283719924565   0.024227334824842   -0.0335485171167877   -0.00903577335727175   0
0.132891791374223   0.0173767087782199   0.0226080714496575   -0.00685062604662207   0
0.100562784136268   0.053724918801893   -0.0323290072379551   0.0363482100236732   0
0.100303535625171   0.0268805153790924   -0.000259248511096544   -0.0268444034228006   0
0.125623675333752   0.0278513162605468   0.025320139708581   0.000970800881454386   0
0.0566130231922832   0.0461508241269376   -0.069010652141469   0.0182995078663908   0
0.0959968262451421   0.0265610065295547   0.0393838030528589   -0.0195898175973828   0
0.0816753845910749   0.0601037425035031   -0.0143214416540672   0.0335427359739483   0
0.0999314093750308   0.0223090744983964   0.0182560247839559   -0.0377946680051067   0
0.101682075197205   0.0439210828310289   0.00175066582217391   0.0216120083326325   0
0.0740461680847834   0.0190881516085954   -0.0276359071124213   -0.0248329312224334   0
0.123010328159688   0.0432601296934024   0.0489641600749044   0.024171978084807   0
0.0722282820177803   0.0199529469549168   -0.0507820461419076   -0.0233071827384856   0
0.0872155504366624   0.0266224398514205   0.0149872684188821   0.00666949289650362   0
0.0899551216341793   0.0492875134802416   0.00273957119751696   0.0226650736288212   0
0.0735903807002654   0.031994282186783   -0.0163647409339139   -0.0172932312934586   0
0.106983608255704   0.0523044992865671   0.0333932275554389   0.0203102170997841   0
0.0736501067878384   0.0689098183829053   -0.0333335014678659   0.0166053190963382   0
0.0519828175139632   0.0721125402459586   -0.0216672892738752   0.00320272186305326   0
0.116253874540301   0.08645242061828   0.064271057026338   0.0143398803723214   0
0.0609413732849039   0.0868274566529649   -0.0553125012553973   0.000375036034684931   0
0.118010242869846   0.0951430147679534   0.0570688695849419   0.00831555811498852   0
0.0763685278944802   0.0877084753363949   -0.0416417149753656   -0.00743453943155847   0
0.0636380822407464   0.0794094702995178   -0.0127304456537338   -0.00829900503687714   0
0.105795683519922   0.0977173318779099   0.0421576012791761   0.0183078615783921   0
0.0296924641950816   0.084424495663122   -0.0761032193248409   -0.013292836214788   0
0.102739084240225   0.0647101924560768   0.0730466200451432   -0.0197143032070452   0
0.0958644729284525   0.0870374415233358   -0.00687461131177229   0.022327249067259   0
0.0754461920992703   0.0857424519607994   -0.0204182808291822   -0.00129498956253637   0
0.119174027583782   0.0979495209341654   0.0437278354845115   0.0122070689733659   0
0.0635960602966373   0.0934334122010965   -0.0555779672871446   -0.0045161087330689   0
0.0566584556149389   0.0839749469261517   -0.00693760468169839   -0.00945846527494473   0
0.124554586319613   0.11562147042455   0.0678961307046744   0.0316465234983979   0
0.0437877160954988   0.0719017259882716   -0.0807668702241146   -0.0437197444362779   0
0.125950824678563   0.0912260538987218   0.0821631085830638   0.0193243279104502   0
0.0986056605795022   0.0803043047867454   -0.0273451640990603   -0.0109217491119764   0
0.122366459680161   0.090646738499587   0.0237607991006585   0.0103424337128416   0
0.142687158922764   0.110816042019522   0.0203206992426029   0.0201693035199352   0
0.103393029496625   0.101195004748283   -0.0392941294261385   -0.00962103727123927   0
0.155773539886495   0.126768525870048   0.0523805103898703   0.025573521121765   0
0.112574796916761   0.124255160374177   -0.0431987429697344   -0.00251336549587067   0
0.0980282167131995   0.10696703765545   -0.0145465802035616   -0.017288122718727   0
0.142115789658644   0.120928232073801   0.0440875729454447   0.0139611944183505   0
0.075139614551713   0.121473262470574   -0.0669761751069312   0.000545030396773422   0
0.0708925059675563   0.116786993396151   -0.00424710858415674   -0.00468626907442363   0
0.113899670930253   0.120791850854279   0.0430071649626971   0.00400485745812898   0
0.0812471443608475   0.120310261395589   -0.0326525265694058   -0.000481589458690285   0
0.070909897793961   0.105435289861898   -0.0103372465668865   -0.014874971533691   0
0.145985871275442   0.125652899419293   0.0750759734814812   0.0202176095573949   0
0.0733482691469949   0.105771473264037   -0.0726376021284474   -0.0198814261552556   0
0.1156091441242   0.10600169232208   0.0422608749772049   0.000230219058042908   0
0.126419627846021   0.115069478426829   0.010810483721821   0.00906778610474875   0
0.0845893004294278   0.0999111533514902   -0.041830327416593   -0.0151583250753389   0
0.117524306590041   0.11954674239018   0.0329350061606134   0.0196355890386899   0
0.0945102001709953   0.11220660663633   -0.0230141064190459   -0.00734013575385059   0
0.0519860303083434   0.10385214915494   -0.0425241698626519   -0.0083544574813891   0
0.108963378748   0.11657136969194   0.0569773484396561   0.0127192205369997   0
0.0675153163918381   0.102040988688676   -0.0414480623561615   -0.0145303810032642   0
0.105806540391556   0.115034191321157   0.038291223999718   0.0129932026324808   0
0.0673950799588516   0.122776745122326   -0.0384114604327045   0.0077425538011688   0
0.0702714193957259   0.0984746163461681   0.00287633943687429   -0.0243021287761575   0
0.092663090462708   0.0984038562198276   0.0223916710669821   -7.07601263405244e-05   0
0.0473029811645408   0.0925455872502979   -0.0453601092981672   -0.00585826896952971   0
0.140469682376548   0.117780983589838   0.0931667012120077   0.0252353963395398   0
0.112246055159577   0.127680546100884   -0.028223627216971   0.00989956251104651   0
0.0787826698320132   0.10839846110951   -0.0334633853275643   -0.0192820849913739   0
0.130307579972089   0.131850695370607   0.0515249101400763   0.0234522342610964   0
0.0351918046769415   0.113721543070871   -0.095115775295148   -0.0181291522997355   0
0.107368446167857   0.142414247147406   0.0721766414909155   0.0286927040765351   0
0.0961806487641355   0.0996701663194565   -0.0111877974037214   -0.0427440808279497   0
0.0684746848197931   0.108914936884281   -0.0277059639443424   0.00924477056482441   0
0.0936698719186698   0.112495514195548   0.0251951870988767   0.00358057731126731   0
0.0536207005676912   0.107840887949701   -0.0400491713509786   -0.00465462624584707   0
0.0709041237465777   0.102043690887531   0.0172834231788865   -0.00579719706217005   0
0.117322237922073   0.132006855058563   0.0464181141754957   0.0299631641710321   0
0.0517885032278401   0.102657879157569   -0.0655337346942333   -0.0293489759009943   0
0.0917283900552844   0.11681075434789   0.0399398868274443   0.0141528751903209   0
0.056772981431135   0.101368119651531   -0.0349554086241494   -0.0154426346963583   0
0.0729537889524739   0.114189095159039   0.0161808075213389   0.0128209755075075   0
0.0953216161802243   0.12052956174325   0.0223678272277504   0.00634046658421153   0
0.0309666363638352   0.111287522765638   -0.0643549798163891   -0.00924203897761187   0
0.0717808259558916   0.124129094835256   0.0408141895920564   0.0128415720696176   0
0.0371533899205833   0.10837286709727   -0.0346274360353083   -0.0157562277379863   0
0.044216303146464   0.110072011118506   0.00706291322588069   0.00169914402123619   0
0.084956601217504   0.132638266378466   0.04074029807104   0.0225662552599604   0
0.0799748010250104   0.0941726524631488   -0.00498180019249361   -0.0384656139153176   0
0.0698546927924968   0.124368150050546   -0.0101201082325136   0.0301954975873968   0
0.0667070867997546   0.115714800635722   -0.00314760599274214   -0.00865334941482308   0
0.0794085879198214   0.104031747884588   0.0127015011200667   -0.0116830527511344   0
0.0696686666162056   0.140065410383196   -0.00973992130361576   0.0360336624986079   0
0.0205337595932225   0.121683868481703   -0.0491349070229831   -0.0183815419014926   0
0.0642517622938079   0.130999606837855   0.0437180027005854   0.00931573835615125   0
0.0589045764389321   0.139563636839839   -0.00534718585487579   0.00856403000198444   0
0.0369447715225037   0.133980142348307   -0.0219598049164284   -0.00558349449153253   0
0.0802761323955165   0.156422042251567   0.0433313608730128   0.02244189990326   0
0.0777308383700446   0.113551778669204   -0.00254529402547191   -0.0428702635823622   0
0.104535051087337   0.157893541775768   0.0268042127172921   0.0443417631065636   0
0.0582379701443998   0.121430411406227   -0.0462970809429369   -0.0364631303695407   0
0.10656318131779   0.143034498539983   0.0483252111733898   0.0216040871337561   0
0.0982576693180232   0.128655328223212   -0.00830551199976641   -0.0143791703167711   0
0.0950437604126121   0.13314446174699   -0.00321390890541114   0.00448913352377731   0
0.0916584275429161   0.135543241040517   -0.00338533286969597   0.00239877929352744   0
0.0608985743269085   0.126217404022266   -0.0307598532160076   -0.00932583701825085   0
0.135773304131335   0.139315909739565   0.0748747298044265   0.0130985057172983   0
0.104901965808988   0.117786687620302   -0.0308713383223475   -0.021529222119263   0
0.0847808558431088   0.138108881218923   -0.0201211099658788   0.0203221935986215   0
0.094013436722258   0.140672251501691   0.00923258087914913   0.00256337028276754   0
0.0486997155114894   0.136442254395851   -0.0453137212107686   -0.00422999710583968   0
0.0919480926716808   0.149559814330496   0.0432483771601914   0.0131175599346453   0
0.064788298914696   0.147570528420271   -0.0271597937569848   -0.0019892859102249   0
0.0889297682064336   0.151351967554363   0.0241414692917375   0.00378143913409149   0
0.125591044495896   0.138345120753435   0.0366612762894619   -0.0130068468009278   0
0.1149124274124   0.107756237166231   -0.0106786170834959   -0.0305888835872041   0
0.136884792564295   0.150988615681266   0.0219723651518952   0.0432323785150349   0
0.126737758572179   0.126225691960507   -0.0101470339921154   -0.0247629237207591   0
0.0946720882388257   0.14339584905443   -0.0320656703333536   0.0171701570939234   0
0.132810083100494   0.162203757881931   0.0381379948616679   0.0188079088275007   0
0.0679136597960234   0.150269190746696   -0.0648964233044702   -0.0119345671352344   0
0.115070124970194   0.168822460197577   0.0471564651741708   0.0185532694508807   0
0.0982658102274642   0.160651710461778   -0.01680431474273   -0.00817074973579893   0
0.0512350215317609   0.15841405201962   -0.0470307886957033   -0.0022376584421577   0
0.113845082553837   0.162703307970413   0.0626100610220763   0.00428925595079238   0
0.066858635752833   0.137050703731958   -0.0469864468010042   -0.0256526042384545   0
0.0939134288410875   0.16427017136371   0.0270547930882545   0.0272194676317513   0
0.0551091637135785   0.158374920294676   -0.0388042651275089   -0.00589525106903349   0
0.0397989701843917   0.148469539584775   -0.0153101935291868   -0.00990538070990132   0
0.0988519970404746   0.161873030102068   0.0590530268560829   0.0134034905172932   0
0.103031488109704   0.126574167834337   0.00417949106922905   -0.0352988622677306   0
0.132530584491166   0.160195200198539   0.029499096381462   0.0336210323642017   0
0.0942199758774115   0.146923116500076   -0.0383106086137542   -0.0132720836984627   0
0.111572884437931   0.159547024586092   0.01735290856052   0.0126239080860155   0
0.121069571675174   0.176209429138483   0.0094966872372422   0.016662404552391   0
0.0527863301331888   0.261163829547532   -0.0682832415419848   0.0849544004090494   0
0.411469156640884   0.212651579515648   0.358682826507695   -0.0485122500318842   1
0.17573774746323   0.21051297570815   -0.235731409177654   -0.00213860380749845   0
0.146523606562697   0.22063219258035   -0.0292141409005331   0.0101192168722   0
0.163894596372943   0.255502784757451   0.0173709898102464   0.0348705921771017   0
0.182383390705185   0.263950335777211   0.0184887943322413   0.0084475510197598   0
0.197739755944524   0.263684694519444   0.0153563652393396   -0.00026564125776718   0
0.212460649521506   0.242822672543283   0.0147208935769813   -0.0208620219761609   0
0.309576763246049   0.193007022252592   0.0971161137245431   -0.0498156502906912   0
0.152278581797047   0.201819419714289   -0.157298181449001   0.00881239746169746   0
0.121622287337682   0.213522527999296   -0.0306562944593655   0.0117031082850063   0
0.142462534646868   0.211465353888645   0.0208402473091861   -0.00205717411065032   0
0.148834275927321   0.224093642817573   0.00637174128045351   0.0126282889289277   0
0.13900116263683   0.224084186693863   -0.00983311329049147   -9.4561237101165e-06   0
0.13205990644999   0.227800601335356   -0.00694125618684022   0.0037164146414935   0
0.140268857888015   0.229442195451273   0.00820895143802525   0.00164159411591625   0
0.182853754287409   0.216665634704722   0.0425848963993938   -0.0127765607465507   0
0.201262178826525   0.202090560599079   0.0184084245391161   -0.014575074105643   0
0.144462647205221   0.202684548039558   -0.0567995316213042   0.00059398744047931   0
0.156908923075355   0.213715612753257   0.0124462758701343   0.0110310647136985   0
0.147233855288415   0.19743226738112   -0.00967506778693952   -0.0162833453721369   0
0.13477139676889   0.235387875217693   -0.0124624585195252   0.0379556078365727   0
0.157137947959556   0.209862248444664   0.0223665511906655   -0.0255256267730282   0
0.131252162816504   0.223818983465433   -0.0258857851430519   0.0139567350207692   0
0.145337039510993   0.216180521512693   0.0140848766944895   -0.00763846195274029   0
0.160760406073666   0.202723097107236   0.0154233665626728   -0.0134574244054568   0
0.140365857159532   0.232131509261991   -0.0203945489141345   0.029408412154755   0
0.188132308863098   0.223509102831965   0.0477664517035662   -0.00862240643002618   0
0.166383487268689   0.226003618630875   -0.0217488215944087   0.00249451579890983   0
0.137034485583593   0.248813396426921   -0.0293490016850959   0.0228097777960456   0
0.218530401155102   0.196443945959783   0.0814959155715093   -0.0523694504671381   0
0.141535864237655   0.232874847478748   -0.0769945369174471   0.0364309015189651   0
0.186310894338603   0.212698951140456   0.0447750301009474   -0.0201758963382919   0
0.13149619115895   0.235786993969663   -0.0548147031796532   0.0230880428292074   0
0.141646050141506   0.236333382894271   0.0101498589825564   0.000546388924607538   0
0.182043485243059   0.224759779936825   0.0403974351015535   -0.0115736029574457   0
0.366385994346127   0.166975948864649   0.184342509103067   -0.0577838310721756   0
0.205435929550432   0.189668551591348   -0.160950064795695   0.0226926027266991   0
0.202784558501899   0.198406089788091   -0.00265137104853305   0.00873753819674247   0
0.182901284916892   0.223400681907509   -0.019883273585007   0.024994592119418   0
0.210719733206171   0.214518342857528   0.0278184482892796   -0.00888233904998079   0
0.174445017197081   0.223007205669284   -0.03627471600909   0.0084888628117562   0
