0   0   0   0   0
0.0947350800916028   0.0461602618662958   0.0947350800916028   0.0461602618662958   0
0.0802325579930616   0.0203602996514301   -0.0145025220985412   -0.0257999622148657   0
0.0465126029797527   0.0278244192594383   -0.0337199550133089   0.00746411960800818   0
0.1004213867227   0.070204280757889   0.053908783742947   0.0423798614984507   0
0.0544224391667858   0.0760103669236802   -0.0459989475559139   0.00580608616579124   0
0.102194061759282   0.0692128871399142   0.0477716225924965   -0.00679747978376602   0
0.0855296409897037   0.0526864652018191   -0.0166644207695786   -0.016526421938095   0
0.0537118563973542   0.0777367992984179   -0.0318177845923494   0.0250503340965987   0
0.113629493240136   0.144210790101062   0.0599176368427813   0.0664739908026439   0
0.0885121599823437   0.126515198110988   -0.0251173332577918   -0.017695591990074   0
0.0934360998748343   0.117007652293878   0.00492393989249057   -0.00950754581711004   0
0.104703674855995   0.120587926249698   0.0112675749811611   0.00358027395581978   0
0.0720728143054619   0.123084084783942   -0.0326308605505334   0.00249615853424445   0
0.13651567483791   0.126728248500177   0.0644428605324482   0.00364416371623454   0
0.10373724025103   0.123672710164581   -0.0327784345868797   -0.00305553833559538   0
0.114091224210585   0.113671619705558   0.0103539839595547   -0.0100010904590232   0
0.126716006293246   0.134066582958851   0.0126247820826611   0.0203949632532931   0
0.112502621807805   0.111885111874749   -0.0142133844854412   -0.0221814710841026   0
0.125264895189355   0.127341581720564   0.01276227338155   0.0154564698458152   0
0.139497414818736   0.117782055186019   0.0142325196293806   -0.00955952653454438   0
0.118624718767422   0.135761394924782   -0.0208726960513134   0.0179793397387622   0
0.122618911521837   0.136310415364096   0.00399419275441446   0.000549020439314873   0
0.150617503770345   0.153654718313244   0.0279985922485087   0.017344302949148   0
0.117576785370667   0.146632177858085   -0.0330407183996779   -0.00702254045515974   0
0.154974573046065   0.140277271337947   0.0373977876753971   -0.00635490652013776   0
0.164053704355281   0.136396227531483   0.00907913130921661   -0.00388104380646428   0
0.130904001286324   0.141790790198688   -0.0331497030689568   0.00539456266720545   0
0.156453038632204   0.159131149808703   0.02554903734588   0.0173403596100152   0
0.16071223893067   0.152023166475286   0.00425920029846596   -0.00710798333341744   0
0.150413591992731   0.152150577952969   -0.0102986469379397   0.000127411477683054   0
0.15812365941759   0.158485123526185   0.0077100674248595   0.00633454557321633   0
0.162185961231698   0.159364951548356   0.00406230181410844   0.000879828022171125   0
0.147689212392273   0.147947109725588   -0.0144967488394252   -0.0114178418227683   0
0.183432831227237   0.159156220040123   0.0357436188349637   0.0112091103145347   0
0.164952072511722   0.15181305605307   -0.0184807587155147   -0.00734316398705306   0
0.1808062682146   0.161837428457372   0.015854195702878   0.0100243724043022   0
0.203180531736409   0.179630123724203   0.0223742635218089   0.0177926952668311   0
0.154493880486772   0.166384993700792   -0.0486866512496376   -0.0132451300234114   0
0.181627899981391   0.182700990202058   0.0271340194946188   0.0163159965012663   0
0.18638083024359   0.181229086179406   0.00475293026219972   -0.00147190402265221   0
0.17565984804468   0.175133713667022   -0.0107209821989105   -0.00609537251238368   0
0.21229104015151   0.190530125688013   0.0366311921068302   0.0153964120209908   0
0.208047805673696   0.181425355863644   -0.00424323447781388   -0.00910476982436853   0
0.170588234761633   0.184723239151907   -0.0374595709120631   0.00329788328826228   0
0.19105552853032   0.175704165833689   0.0204672937686873   -0.00901907331821761   0
0.209362730461011   0.211367154605582   0.0183072019306909   0.0356629887718929   0
0.153686472395552   0.188897812782626   -0.0556762580654587   -0.022469341822956   0
0.180744905481427   0.182413576722814   0.0270584330858746   -0.0064842360598118   0
0.178015453343418   0.177301993700184   -0.0027294521380094   -0.0051115830226304   0
0.144726893824412   0.181981378240144   -0.0332885595190061   0.00467938453996061   0
0.185257546707523   0.197710683883826   0.0405306528831113   0.0157293056436812   0
0.170401306946861   0.199262793505844   -0.0148562397606617   0.00155210962201813   0
0.158687288178008   0.197966312866331   -0.0117140187688537   -0.00129648063951282   0
0.190531376853683   0.204571611265615   0.031844088675675   0.00660529839928439   0
0.15416110301373   0.210209505857395   -0.0363702738399521   0.0056378945917793   0
0.149849708697782   0.202663440257117   -0.00431139431594879   -0.0075460656002776   0
0.140977993687313   0.199431863106933   -0.00887171501046882   -0.00323157715018385   0
0.134921273868441   0.203630258675497   -0.00605671981887218   0.00419839556856436   0
0.130337867616821   0.197266853141031   -0.00458340625161943   -0.00636340553446665   0
0.130996871531128   0.211615201691206   0.00065900391430701   0.0143483485501757   0
0.128128779473973   0.212523312209655   -0.00286809205715519   0.000908110518448579   0
0.132576248176248   0.214233178225409   0.00444746870227461   0.00170986601575435   0
0.148530819980535   0.219785353560718   0.0159545718042871   0.00555217533530908   0
0.129230024157282   0.218938034589179   -0.019300795823253   -0.000847318971539529   0
0.123777881795578   0.220184577083205   -0.00545214236170398   0.00124654249402645   0
0.149353065412867   0.220610922322672   0.0255751836172889   0.00042634523946658   0
0.137010382909836   0.221479253395216   -0.0123426825030301   0.00086833107254447   0
0.131153236941564   0.225588648624127   -0.00585714596827255   0.00410939522891091   0
0.141171380431198   0.237738014846932   0.010018143489634   0.0121493662228045   0
0.123690726078097   0.242452323639102   -0.0174806543531012   0.00471430879217041   0
0.113079414977484   0.241152406334666   -0.0106113111006128   -0.00129991730443604   0
0.141515606279202   0.261408417504582   0.0284361913017177   0.020256011169916   0
0.122444544580394   0.268057550756363   -0.019071061698808   0.00664913325178051   0
0.117406536173931   0.263862236519836   -0.00503800840646239   -0.00419531423652658   0
0.114309183457148   0.276335553668904   -0.00309735271678288   0.0124733171490683   0
0.100057551311083   0.277377171330843   -0.0142516321460654   0.00104161766193883   0
0.0989824783828431   0.279906765903845   -0.00107507292823987   0.00252959457300189   0
0.131809867101746   0.295136632147722   0.0328273887189031   0.0152298662438772   0
0.0958657312562471   0.294506543725687   -0.0359441358454991   -0.000630088422035435   0
0.120429497325448   0.303334099456358   0.0245637660692005   0.00882755573067151   0
0.142266352251543   0.322616209975956   0.021836854926095   0.0192821105195973   0
0.124710619958887   0.31796652038265   -0.0175557322926554   -0.00464968959330608   0
0.11345612140158   0.328884315958515   -0.0112544985573075   0.0109177955758649   0
0.146393069191987   0.329045910652678   0.0329369477904076   0.000161594694163214   0
0.159964168144275   0.361556035458198   0.013571098952288   0.0325101248055206   0
0.14744136773962   0.383971829833257   -0.0125228004046549   0.022415794375059   0
0.169456052975661   0.386049202004421   0.0220146852360404   0.00207737217116333   0
0.149677606706347   0.426582379605921   -0.0197784462693135   0.0405331776015003   0
0.146530490823241   0.433149103652253   -0.00314711588310609   0.0065667240463318   0
0.153747587626506   0.417507784568444   0.00721709680326429   -0.0156413190838091   0
0.149982783892719   0.443140832885551   -0.00376480373378674   0.0256330483171076   0
0.141974147267804   0.437602951465138   -0.00800863662491516   -0.00553788142041312   0
0.153238627392051   0.433886112347757   0.0112644801242478   -0.00371683911738158   0
0.18084225331089   0.504759130501866   0.0276036259188382   0.0708730181541096   0
0.197238312978781   0.505520491208319   0.0163960596678914   0.000761360706452607   0
0.212807197748008   0.502976158081325   0.0155688847692274   -0.00254433312699376   0
0.200429190733885   0.526968212328315   -0.0123780070141236   0.0239920542469899   0
0.197842232464154   0.542478000245632   -0.00258695826973079   0.0155097879173173   0
0.208979192624074   0.543300627783781   0.0111369601599204   0.000822627538148324   0
0.201307330566003   0.571806502562055   -0.00767186205807149   0.0285058747782749   0
0.179995182836542   0.579258856341662   -0.0213121477294614   0.0074523537796064   0
0.229705500571253   0.611206823197557   0.0497103177347117   0.0319479668558954   0
0.215440581010751   0.651015158565644   -0.0142649195605021   0.0398083353680863   0
0.230898872786248   0.626000325570802   0.015458291775497   -0.0250148329948415   0
0.25931519746625   0.632023644313644   0.0284163246800015   0.00602331874284234   0
0.240121453637196   0.645878688495564   -0.0191937438290537   0.0138550441819199   0
0.19528986398879   0.955329491727854   -0.0448315896484061   0.30945080323229   1
0.46633577217847   1.03087874201152   0.27104590818968   0.0755492502836639   0
0.532707886604854   1.05168343262623   0.0663721144263839   0.0208046906147168   0
0.530988833860035   1.06754976465221   -0.00171905274481887   0.0158663320259802   0
0.5428312130528   1.07428190604434   0.011842379192765   0.00673214139212042   0
0.596181272648647   1.09677765735597   0.0533500595958465   0.0224957513116348   0
0.540000316461018   1.0734099879764   -0.0561809561876282   -0.0233676693795679   0
0.395653883135867   0.842720440863546   -0.144346433325152   -0.230689547112856   0
0.612607446107285   1.06043904458307   0.216953562971418   0.217718603719521   0
0.598797947849264   1.04183334492291   -0.0138094982580207   -0.0186056996601622   0
0.598219472992346   1.07236385010616   -0.00057847485691831   0.0305305051832512   0
0.632678538511589   1.07597622357571   0.034459065519243   0.00361237346955501   0
0.635202029246357   1.04336049663096   0.00252349073476832   -0.0326157269447533   0
0.66779943195093   1.05615222396738   0.0325974027045725   0.0127917273364251   0
0.719872321285539   1.07905860013161   0.0520728893346095   0.0229063761642312   0
0.681774135713295   1.11056684727991   -0.0380981855722444   0.0315082471483001   0
0.663684588772378   1.10457519553684   -0.018089546940917   -0.00599165174307426   0
0.704371850597119   1.12119559883601   0.0406872618247412   0.0166204032991744   0
0.651414571877242   1.1045910016694   -0.0529572787198772   -0.0166045971666187   0
0.641676467111932   1.07837305865375   -0.00973810476531001   -0.0262179430156435   0
0.710458530770166   1.09495046802686   0.068782063658234   0.0165774093731119   0
0.705125627032488   1.09418329766555   -0.00533290373767725   -0.000767170361318126   0
0.672777546699658   1.08938901930394   -0.0323480803328309   -0.00479427836160662   0
0.72427377893131   1.0941855844089   0.0514962322316522   0.00479656510496174   0
0.765388610013893   1.08323805361033   0.0411148310825836   -0.0109475307985698   0
0.776233055129218   1.07730339413835   0.0108444451153249   -0.00593465947198624   0
0.751554642581689   1.12095767791173   -0.0246784125475297   0.0436542837733809   0
0.716907538782659   1.12843067604627   -0.0346471037990295   0.00747299813454716   0
0.731081134542371   1.12786194520484   0.0141735957597116   -0.000568730841431497   0
0.758938177265553   1.15492966380187   0.0278570427231823   0.0270677185970274   0
0.754970967340758   1.13920292543427   -0.00396720992479493   -0.015726738367599   0
0.772600090450448   1.1625216308337   0.0176291231096897   0.0233187053994313   0
0.846279919836345   1.15534265162516   0.0736798293858969   -0.0071789792085446   0
0.831404513883368   1.16097751643949   -0.0148754059529765   0.00563486481432984   0
0.823066189646398   1.16944223502916   -0.00833832423697045   0.00846471858967401   0
0.87310835671885   1.18974949240859   0.0500421670724518   0.0203072573794298   0
0.839356886046097   1.1605550448865   -0.033751470672753   -0.0291944475220933   0
0.848418934477095   1.18474134206765   0.00906204843099867   0.0241862971811497   0
0.867042490793271   1.1803558020112   0.018623556316176   -0.00438554005644876   0
0.824928320676409   1.19723797398262   -0.0421141701168625   0.0168821719714176   0
0.849522268111343   1.21196023021808   0.0245939474349338   0.0147222562354592   0
0.85579277728782   1.20906778323943   0.00627050917647731   -0.00289244697864932   0
0.83578305854587   1.19149746688212   -0.0200097187419495   -0.0175703163573095   0
0.858952903515298   1.21971767355913   0.0231698449694271   0.0282202066770147   0
0.86015914436167   1.22453882100987   0.00120624084637233   0.00482114745074158   0
0.833883321796281   1.16720324810699   -0.0262758225653889   -0.0573355729028862   0
0.82765571666014   1.22276777307018   -0.00622760513614096   0.0555645249631902   0
0.825353823829514   1.18909080597247   -0.00230189283062632   -0.0336769670977104   0
0.801726098827399   1.18384284996151   -0.023627725002115   -0.0052479560109524   0
0.842711335684177   1.21766587955564   0.0409852368567785   0.0338230295941218   0
0.82274400257492   1.20964775114793   -0.0199673331092574   -0.00801812840770344   0
0.78094620013289   1.20544223003064   -0.0417978024420299   -0.00420552111728933   0
0.80223960086276   1.23460479528238   0.0212934007298696   0.029162565251738   0
0.775855308491216   1.22101925245673   -0.0263842923715436   -0.0135855428256477   0
0.776487110943253   1.21794524682198   0.0006318024520372   -0.00307400563475491   0
0.871126617368818   1.29494986300551   0.0946395064255653   0.0770046161835356   0
0.929179653047246   1.22075797343833   0.0580530356784272   -0.0741918895671876   0
0.590719216958446   1.01651429057048   -0.338460436088799   -0.204243682867849   0
