0.145270282879603   0.538384544504205   0   0   0
0.126914988191348   0.50529557342312   -0.0183552946882554   -0.0330889710810843   0
0.13933012190711   0.480331710304712   0.0124151337157616   -0.0249638631184081   0
0.139682391803871   0.43387590043698   0.000352269896761015   -0.0464558098677324   0
0.103972362106764   0.428302910083798   -0.0357100296971068   -0.00557299035318171   0
0.0888157623613061   0.409502002908716   -0.0151565997454576   -0.0188009071750821   0
0.108628358481798   0.358681160935447   0.0198125961204918   -0.050820841973269   0
0.0756817182134497   0.282666820995793   -0.0329466402683482   -0.0760143399396541   0
0.0620720167085781   0.311967616355448   -0.0136097015048716   0.0293007953596551   0
0.0936156766185557   0.281224924470165   0.0315436599099776   -0.030742691885283   0
0.0565766231078314   0.290510348338162   -0.0370390535107243   0.00928542386799652   0
0.0658921714925984   0.217275409933919   0.00931554838476703   -0.0732349384042426   0
0.060630387304882   0.162780702637782   -0.0052617841877164   -0.0544947072961369   0
0.0297369018125594   0.153506204249283   -0.0308934854923226   -0.00927449838849928   0
0.0398132389170989   0.15064247741756   0.0100763371045395   -0.00286372683172295   0
0.0803614812362863   0.153247036905979   0.0405482423191874   0.00260455948841928   0
0.0982481157862582   0.0960661691997891   0.0178866345499719   -0.05718086770619   0
0.0390542548578257   0.0944285308434374   -0.0591938609284325   -0.00163763835635169   0
0.0827090235191421   0.0510239221783763   0.0436547686613164   -0.0434046086650611   0
0.0869591510595061   0.0630002520822536   0.004250127540364   0.0119763299038773   0
0.0676234288823777   0.0466146978020077   -0.0193357221771284   -0.0163855542802459   0
0.0846856560029501   0.0756032714473693   0.0170622271205724   0.0289885736453616   0
0.0861907481077227   0.0235152524961359   0.00150509210477257   -0.0520880189512334   0
0.075092876383149   0.0886015091853124   -0.0110978717245737   0.0650862566891765   0
0.0579156059461014   0.0750426255135613   -0.0171772704370476   -0.0135588836717511   0
0.0443789241506596   0.0874403839484937   -0.0135366817954418   0.0123977584349324   0
0.0615474454430889   0.113914903940891   0.0171685212924292   0.0264745199923976   0
0.0474564522890197   0.101157945109235   -0.0140909931540692   -0.0127569588316562   0
0.0871485160110027   0.127390733282027   0.0396920637219831   0.0262327881727918   0
0.0726473149802138   0.120488509922938   -0.0145012010307889   -0.00690222335908865   0
0.0863468544289252   0.127774649686717   0.0136995394487114   0.00728613976377822   0
0.106760410327089   0.136460785296189   0.0204135558981637   0.00868613560947212   0
0.0952351281884474   0.140180972568257   -0.0115252821386416   0.00372018727206866   0
0.109560747132433   0.17990793659092   0.0143256189439855   0.0397269640226627   0
0.107404791876434   0.184171920223483   -0.00215595525599935   0.00426398363256303   0
0.208349051333883   0.251501501159223   0.100944259457449   0.0673295809357397   0
0.192489358918097   0.272297825377958   -0.0158596924157856   0.020796324218735   0
0.136441132111105   0.235455748882396   -0.0560482268069921   -0.0368420764955615   0
0.0712752705127802   0.259096488979492   -0.0651658615983247   0.0236407400970958   0
0.505571501724979   0.504310096432632   0.434296231212198   0.24521360745314   1
0.70887053847094   0.844153670365331   0.203299036745961   0.339843573932699   0
0.633828167214191   0.924664673079133   -0.0750423712567492   0.0805110027138022   0
0.544033055684128   1.00877308166773   -0.0897951115300621   0.0841084085885975   0
0.540366242298203   0.971701104123079   -0.00366681338592556   -0.0370719775446519   0
0.501352455014075   1.00603012441704   -0.039013787284128   0.0343290202939602   0
0.565632773499591   0.937065384579311   0.0642803184855165   -0.0689647398377277   0
0.659483806771903   0.950247086001374   0.0938510332723111   0.0131817014220625   0
0.579721318319449   0.996236351739833   -0.0797624884524535   0.0459892657384593   0
0.538917946284859   0.985449458167736   -0.0408033720345902   -0.0107868935720967   0
0.532654559308197   0.999710767022012   -0.0062633869766614   0.0142613088542757   0
0.51414701471973   1.02599863121494   -0.0185075445884678   0.0262878641929327   0
0.59459625356889   0.968754463281988   0.0804492388491606   -0.0572441679329569   0
0.584147926739444   0.995387507263101   -0.0104483268294462   0.0266330439811131   0
0.588502724458511   1.00364184889978   0.00435479771906699   0.00825434163667738   0
0.507216494098615   1.01151541777654   -0.0812862303598963   0.00787356887676283   0
0.559474083951714   1.01371513365349   0.0522575898530997   0.00219971587694845   0
0.51008460493824   1.04462926841168   -0.0493894790134748   0.0309141347581861   0
0.525863331939402   1.02092648843707   0.0157787270011627   -0.0237027799746041   0
0.457291491119013   1.08377852899108   -0.0685718408203896   0.0628520405540054   0
0.493253288330742   1.06245958016457   0.0359617972117293   -0.0213189488265078   0
0.488681645128851   1.09016442597278   -0.00457164320189124   0.0277048458082114   0
0.487390417578034   1.06991124136012   -0.00129122755081701   -0.0202531846126606   0
0.501296079659207   1.12220637407976   0.0139056620811733   0.0522951327196448   0
0.516112884251071   1.11093016331147   0.0148168045918645   -0.01127621076829   0
0.492502972238757   1.12980123500167   -0.0236099120123144   0.0188710716901912   0
0.454787375423516   1.16819673848032   -0.0377155968152412   0.0383955034786563   0
0.507533961562928   1.11724806630812   0.0527465861394124   -0.050948672172207   0
0.435677772439678   1.15283722162356   -0.0718561891232501   0.0355891553154495   0
0.407502041885142   1.14609463898631   -0.0281757305545362   -0.0067425826372538   0
0.313485390194838   0.941703732770058   -0.0940166516903037   -0.204390906216253   0
0.373562670514601   1.15367040564224   0.0600772803197623   0.211966672872186   0
0.369462297790735   1.1500391073136   -0.00410037272386526   -0.00363129832863929   0
0.368537810955457   1.22377746055208   -0.000924486835278515   0.0737383532384719   0
0.367369663911652   1.23842067609651   -0.00116814704380508   0.0146432155444347   0
0.414321915262082   1.22226004871293   0.0469522513504305   -0.016160627383579   0
0.388796126144037   1.20468265121175   -0.0255257891180452   -0.0175773975011857   0
0.448399115112865   1.21898109614721   0.0596029889688275   0.0142984449354622   0
0.391633816500848   1.3792815725374   -0.0567652986120165   0.160300476390194   0
0.441432405371706   1.37145580808771   0.0497985888708576   -0.00782576444969707   0
0.403021771283091   1.45238421369493   -0.0384106340886149   0.0809284056072284   0
0.444353895744428   1.39811250817996   0.0413321244613372   -0.0542717055149768   0
0.421025673884574   1.38446926809428   -0.0233282218598536   -0.0136432400856807   0
0.414473729681014   1.37287442373884   -0.0065519442035607   -0.0115948443554368   0
0.403219070214009   1.39329055605534   -0.0112546594670045   0.0204161323165011   0
0.377454397896872   1.39611013419071   -0.0257646723171374   0.00281957813536882   0
0.433898841905299   1.36617618106048   0.0564444440084277   -0.0299339531302283   0
0.396224427033266   1.43017724957126   -0.0376744148720333   0.0640010685107819   0
0.65434672553203   1.35643804869111   0.258122298498764   -0.0737392008801503   0
0.96968307865663   1.41655825592273   0.3153363531246   0.0601202072316223   0
0.751279178887582   1.45513617068343   -0.218403899769048   0.0385779147606997   0
0.797792359503399   1.4766131237434   0.0465131806158163   0.0214769530599686   0
0.756896199795586   1.44345716783674   -0.0408961597078125   -0.0331559559066674   0
0.77098921918857   1.44923644111865   0.0140930193929832   0.00577927328191441   0
0.751145762831024   1.43986449249027   -0.019843456357546   -0.00937194862838453   0
0.781447390657234   1.4673817720929   0.0303016278262106   0.0275172796026351   0
0.766924994891287   1.48658909673596   -0.0145223957659475   0.0192073246430633   0
0.755318667732368   1.50212545109838   -0.0116063271589182   0.0155363543624123   0
0.748249970136986   1.53092647385341   -0.00706869759538276   0.0288010227550386   0
0.757300316104516   1.45803955087988   0.00905034596753029   -0.0728869229735356   0
0.773346155658642   1.44335539532066   0.0160458395541258   -0.0146841555592221   0
0.774309831597791   1.43665782815899   0.000963675939149589   -0.00669756716166914   0
0.730619039029917   1.41260076019748   -0.0436907925678739   -0.0240570679615073   0
0.67962422847556   1.41602552096325   -0.0509948105543575   0.00342476076577158   0
0.64802566176194   1.39570675202064   -0.03159856671362   -0.0203187689426136   0
0.707253279229584   1.40319807668593   0.0592276174676442   0.00749132466529012   0
0.746262248921919   1.30996195141037   0.0390089696923349   -0.0932361252755631   0
0.708217783009577   1.37063021637339   -0.0380444659123421   0.060668264963027   0
0.651939773682355   1.42796078121728   -0.056278009327222   0.0573305648438902   0
0.67941219505393   1.38228020873258   0.0274724213715756   -0.0456805724847074   0
0.63334025501937   1.42188378331698   -0.0460719400345607   0.0396035745844052   0
0.669222989870342   1.42914440361082   0.0358827348509725   0.00726062029384433   0
0.673547672855456   1.47786375347342   0.00432468298511368   0.0487193498625933   0
0.649135483915338   1.5214102536813   -0.0244121889401179   0.0435465002078856   0
0.67792553928658   1.4744445200124   0.0287900553712419   -0.0469657336688991   0
0.642992063785394   1.4975469972735   -0.034933475501186   0.0231024772610922   0
0.627751432308999   1.5057343325914   -0.0152406314763948   0.0081873353179005   0
0.572395238538023   1.55385903864422   -0.0553561937709762   0.0481247060528267   0
0.633200303449864   1.45170395125582   0.0608050649118411   -0.102155087388404   0
0.641625603658395   1.51409521712354   0.00842530020853116   0.0623912658677175   0
0.679480114283707   1.49510759607534   0.0378545106253123   -0.0189876210482007   0
0.613848680823703   1.51428205513776   -0.0656314334600048   0.0191744590624237   0
0.615042620405285   1.55424032636708   0.00119393958158265   0.0399582712293214   0
0.632913716130406   1.5248508044609   0.0178710957251205   -0.0293895219061866   0
0.614713100981263   1.52380410552874   -0.0182006151491433   -0.00104669893215648   0
0.736948910208842   1.42472429571436   0.12223580922758   -0.0990798098143812   0
0.631529003180377   1.53116786734621   -0.105419907028466   0.106443571631852   0
0.653783862257436   1.50952924495109   0.0222548590770595   -0.0216386223951188   0
0.652407369661778   1.49687809199856   -0.00137649259565786   -0.0126511529525295   0
0.614745891049302   1.58979695116919   -0.0376614786124764   0.0929188591706291   0
0.748350703532775   1.57011416779171   0.133604812483474   -0.0196827833774815   0
0.742683067012437   1.60516947670651   -0.0056676365203383   0.0350553089148009   0
0.725302803277362   1.68161418149508   -0.0173802637350747   0.0764447047885679   0
0.742649215455722   1.64639337790113   0.0173464121783601   -0.0352208035939485   0
0.690568650334635   1.68504029205318   -0.0520805651210869   0.0386469141520547   0
0.736098958820076   1.6971569244947   0.0455303084854406   0.0121166324415172   0
0.731378277365414   1.72742057067882   -0.00472068145466231   0.030263646184119   0
0.719818022756446   1.76592306421634   -0.0115602546089673   0.0385024935375151   0
0.76243862628083   1.73556495278802   0.042620603524384   -0.0303581114283176   0
0.740710491429006   1.706541761041   -0.0217281348518242   -0.0290231917470216   0
0.77231310645942   1.71304038502268   0.0316026150304142   0.00649862398168066   0
0.797663031524591   1.67470211272335   0.0253499250651702   -0.0383382722993235   0
0.7426661292955   1.61623028469716   -0.0549969022290908   -0.0584718280261969   0
0.801103316385596   1.69153063930076   0.058437187090096   0.0753003546036073   0
0.765866089767291   1.66790252255344   -0.0352372266183051   -0.0236281167473227   0
0.701673309283601   1.68353321586951   -0.0641927804836898   0.015630693316071   0
0.778134524147747   1.6235735075052   0.0764612148641457   -0.0599597083643113   0
0.763663548469481   1.6812900287012   -0.0144709756782653   0.057716521196002   0
0.829110228606722   1.67468507771954   0.0654466801372402   -0.00660495098166569   0
0.808128705658579   1.61411367112519   -0.0209815229481426   -0.0605714065943432   0
0.802054157122454   1.59854806456985   -0.00607454853612499   -0.0155656065553449   0
0.842488189431021   1.57947616983495   0.040434032308567   -0.0190718947348938   0
0.821324740362641   1.60276166205243   -0.0211634490683797   0.023285492217473   0
0.824869337442604   1.63130935481872   0.00354459707996235   0.0285476927662873   0
0.885874127401156   1.5842400618702   0.0610047899585525   -0.0470692929485166   0
0.836427013987957   1.65179486449248   -0.0494471134131991   0.0675548026222843   0
0.812472348417034   1.67026831570678   -0.0239546655709232   0.0184734512142997   0
0.723586345556106   1.72577821948085   -0.0888860028609282   0.0555099037740663   0
0.742398835405902   1.69692649679391   0.0188124898497966   -0.0288517226869396   0
0.795655355889527   1.70403907917138   0.0532565204836247   0.00711258237747514   0
0.780710483727764   1.74916476873311   -0.0149448721617625   0.0451256895617214   0
0.79188790407684   1.75661594021658   0.0111774203490752   0.00745117148347241   0
0.823866169382503   1.74624568286018   0.0319782653056637   -0.0103702573563991   0
0.771427028522394   1.7801314948423   -0.0524391408601098   0.0338858119821235   0
0.801349343913128   1.80085089216146   0.0299223153907341   0.0207193973191613   0
0.817373368924777   1.77753041757342   0.0160240250116495   -0.0233204745880429   0
0.727460881071278   1.88150696857413   -0.0899124878534991   0.103976551000706   0
0.70528579792521   1.90904852701398   -0.0221750831460679   0.0275415584398542   0
0.750607143080187   1.91818915480493   0.0453213451549768   0.00914062779094871   0
0.699573105717337   1.93264712413674   -0.0510340373628501   0.0144579693318074   0
0.731790468408137   1.92099623913934   0.0322173626907999   -0.011650884997394   0
0.74130412547955   1.91244484043841   0.00951365707141305   -0.00855139870093136   0
0.761672560561952   1.88492020794409   0.020368435082402   -0.0275246324943195   0
0.798215082214061   1.7942412065562   0.0365425216521091   -0.0906790013878915   0
0.706796709809829   1.82466632434851   -0.0914183724042318   0.0304251177923087   0
0.628614845910435   1.86339830508301   -0.078181863899394   0.0387319807345048   0
0.668470200161533   1.81159507620922   0.0398553542510979   -0.0518032288737913   0
0.636590751108591   1.83605657833337   -0.031879449052942   0.0244615021241494   0
0.706457051211183   1.84503121425743   0.0698663001025921   0.00897463592405856   0
0.73063343666301   1.84362515045535   0.0241763854518265   -0.0014060638020843   0
0.691190555104741   1.83631120956015   -0.0394428815582686   -0.00731394089519943   0
0.708650940583585   1.8080823916139   0.0174603854788441   -0.0282288179462447   0
0.700496231866382   1.83439590943483   -0.00815470871720314   0.0263135178209313   0
0.719107692028113   1.85229691158478   0.0186114601617314   0.0179010021499424   0
0.81426205801388   1.70921358359919   0.095154365985767   -0.143083327985582   0
1.04175914362054   1.33631792040414   0.227497085606659   -0.372895663195053   0
0.968218183861985   1.46685871819622   -0.073540959758555   0.130540797792076   0
0.979542852335721   1.55725179605812   0.0113246684737361   0.0903930778619053   0
0.973356647668264   1.56932988465658   -0.00618620466745734   0.0120780885984617   0
0.943587184451442   1.57775309902088   -0.0297694632168214   0.00842321436429816   0
0.960174862540152   1.54208667381547   0.0165876780887099   -0.035666425205416   0
0.912506132890075   1.54484951952431   -0.0476687296500766   0.002762845708846   0
0.892931085870573   1.56554690306458   -0.0195750470195027   0.0206973835402648   0
0.868126958411614   1.60286742038643   -0.0248041274589589   0.0373205173218529   0
0.854507481611484   1.58300478865329   -0.0136194768001302   -0.0198626317331396   0
0.83098096435117   1.58309388423555   -0.0235265172603139   8.90955822587802e-05   0
0.875692008884402   1.53667746033846   0.0447110445332325   -0.0464164238970926   0
0.834568524835439   1.57275089047702   -0.0411234840489637   0.0360734301385597   0
0.817551523385529   1.5285108960243   -0.017017001449909   -0.0442399944527196   0
0.820039559842085   1.58645712930739   0.00248803645655526   0.0579462332830942   0
0.800320528584641   1.59893415806437   -0.0197190312574433   0.0124770287569735   0
0.832952059197287   1.57820413487332   0.0326315306126451   -0.0207300231910434   0
0.832054205163341   1.56430979695336   -0.000897854033945045   -0.0138943379199654   0
0.899923888591696   1.4580843255101   0.0678696834283549   -0.106225471443254   0
0.899028816266753   1.49829753199573   -0.000895072324942903   0.0402132064856293   0
0.825357563392376   1.52313368931768   -0.0736712528743774   0.0248361573219527   0
0.853723199889168   1.51548594193686   0.0283656364967917   -0.00764774738082474   0
0.831841888726457   1.54248466430772   -0.0218813111627104   0.0269987223708608   0
0.838428541030182   1.57319277671222   0.0065866523037249   0.0307081124044986   0
0.847145038477473   1.57073979671308   0.00871649744729108   -0.00245297999913796   0
0.824766601616482   1.59098560424293   -0.0223784368609918   0.0202458075298522   0
0.817299843646749   1.54314032355564   -0.00746675796973273   -0.0478452806872913   0
0.774504167092082   1.50917302126214   -0.0427956765546665   -0.0339673022935001   0
0.763969440580577   1.53235529880092   -0.0105347265115051   0.0231822775387762   0
0.378118142058802   0.862253476123163   -0.385851298521776   -0.670101822677755   1
0.131048950750512   0.241101140323652   -0.24706919130829   -0.621152335799511   1
0.191559415595893   0.142143241565269   0.0605104648453814   -0.0989578987583825   1
0.201519746544203   0.164937809287319   0.00996033094831056   0.0227945677220497   0
0.185022108148081   0.158468752293145   -0.0164976383961229   -0.00646905699417433   0
0.159578674326866   0.182998938494196   -0.0254434338212141   0.0245301862010513   0
0.183176628414653   0.19625957936127   0.023597954087787   0.0132606408670737   0
0.174411611127299   0.21190365381421   -0.00876501728735488   0.0156440744529402   0
0.183379320431858   0.302680526449923   0.00896770930455934   0.0907768726357131   0
0.161672869939517   0.323542898403075   -0.0217064504923408   0.020862371953152   0
0.0928006004013983   0.319056087101958   -0.0688722695381188   -0.00448681130111656   0
0.112101757386626   0.365814360465541   0.0193011569852279   0.0467582733635822   0
0.223425452466455   0.343584314020526   0.111323695079828   -0.0222300464450145   0
0.291702386082545   0.418083362738564   0.0682769336160901   0.0744990487180382   0
0.335185741035636   0.463392248798804   0.0434833549530907   0.0453088860602395   0
0.237840953527694   0.528947685803246   -0.097344787507942   0.0655554370044427   0
0.261599946485335   0.547622994630889   0.0237589929576412   0.0186753088276425   0
0.223144126784036   0.596678558865712   -0.0384558197012986   0.0490555642348228   0
0.300389987298595   0.644172413915058   0.0772458605145588   0.047493855049346   0
0.320133636368017   0.68337289711874   0.0197436490694224   0.0392004832036823   0
0.317130252777057   0.691113983736455   -0.00300338359096047   0.00774108661771467   0
0.254065525468087   0.671016888321607   -0.0630647273089702   -0.0200970954148473   0
0.258520677185995   0.678475312779162   0.00445515171790856   0.00745842445755496   0
0.272349656967216   0.671692711434187   0.0138289797812203   -0.00678260134497544   0
0.241596000827911   0.723957987585475   -0.0307536561393046   0.0522652761512876   0
0.273376676287499   0.70018817017462   0.0317806754595879   -0.0237698174108546   0
0.269782345436094   0.696405282143638   -0.00359433085140487   -0.00378288803098203   0
0.238871387043823   0.684745271954061   -0.0309109583922709   -0.0116600101895774   0
0.265982085224945   0.685124938626578   0.027110698181122   0.000379666672517542   0
0.26366929206946   0.710381505536259   -0.00231279315548555   0.0252565669096813   0
0.236965246417469   0.737291966975946   -0.0267040456519911   0.0269104614396871   0
0.268878834142429   0.725229820668766   0.0319135877249609   -0.0120621463071807   0
