0.24012401454082   0.105171870655917   0   0   0
0.308273699636686   0.0698457516236671   0.0681496850958664   -0.0353261190322502   0
0.232795276959306   0.0658612959399904   -0.0754784226773805   -0.0039844556836767   0
0.186009553696174   0.0861701797948079   -0.0467857232631316   0.0203088838548175   0
0.260149083579185   0.060231555916604   0.074139529883011   -0.0259386238782039   0
0.211021943382033   0.069809349133909   -0.0491271401971523   0.00957779321730495   0
0.211006331744093   0.0778043773349263   -1.56116379397553e-05   0.00799502820101734   0
0.226905437886733   0.0886534189905415   0.0158991061426395   0.0108490416556151   0
0.225013846447391   0.0611912083691154   -0.00189159143934203   -0.027462210621426   0
0.178878649545275   0.0664002985617723   -0.0461351969021163   0.00520909019265688   0
0.148357106228384   0.0671250865089201   -0.0305215433168907   0.000724787947147768   0
0.229100438731138   0.0436429308882893   0.0807433325027542   -0.0234821556206307   0
0.101534163878076   0.0778758545086986   -0.127566274853062   0.0342329236204093   0
0.188490391344068   0.0787886820883717   0.0869562274659922   0.000912827579673037   0
0.151872528024327   0.0604980126449828   -0.0366178633197412   -0.0182906694433889   0
0.0885332640255063   0.0869681602958807   -0.0633392639988208   0.0264701476508979   0
0.126120788357867   0.095087969809669   0.0375875243323612   0.0081198095137883   0
0.0614789735609663   0.114389982240424   -0.0646418147969011   0.019302012430755   0
0.0864155356915642   0.091070745344073   0.0249365621305978   -0.023319236896351   0
0.0816495790144077   0.0730063231309453   -0.0047659566771565   -0.0180644222131277   0
0.0531272127831867   0.0855293094782864   -0.0285223662312209   0.0125229863473411   0
0.129723360863069   0.0647871235429734   0.0765961480798822   -0.020742185935313   0
0.121855025015015   0.0699486303864843   -0.00786833584805365   0.00516150684351094   0
0.181276900020787   0.08859784155414   0.0594218750057717   0.0186492111676557   0
0.310036935779852   0.0714211149293576   0.128760035759065   -0.0171767266247825   0
0.273135809085883   0.0752053032063065   -0.0369011266939687   0.00378418827694897   0
0.311939755456611   0.0950149183068112   0.0388039463707274   0.0198096151005046   0
0.228384450629416   0.085944401506919   -0.0835553048271949   -0.00907051679989217   0
0.260162865619596   0.0828799836902132   0.0317784149901804   -0.00306441781670584   0
0.293521963403984   0.132953833571093   0.0333590977843884   0.0500738498808802   0
0.296307284903173   0.126711053020208   0.00278532149918831   -0.0062427805508852   0
0.339333387083691   0.146359368014111   0.0430261021805181   0.0196483149939029   0
0.554032350784943   0.182287537469817   0.214698963701252   0.0359281694557061   0
0.364034610650279   0.0768440717759997   -0.189997740134664   -0.105443465693817   0
0.299542516289174   0.0734416205453352   -0.0644920943611047   -0.00340245123066453   0
0.323614169207592   0.0949649810856744   0.0240716529184181   0.0215233605403392   0
0.330258431377641   0.1059944397895   0.00664426217004899   0.0110294587038259   0
0.289506676195075   0.114927339743814   -0.040751755182566   0.0089328999543135   0
0.327130817372393   0.118712017552152   0.0376241411773182   0.00378467780833845   0
0.334901178096241   0.141336467358295   0.00777036072384768   0.0226244498061432   0
0.317991665531347   0.134085340309083   -0.016909512564894   -0.00725112704921277   0
0.395864722142097   0.153973113462944   0.0778730566107506   0.0198877731538609   0
0.351616135451091   0.145761037978167   -0.0442485866910063   -0.00821207548477709   0
0.407708642296187   0.17322219249096   0.0560925068450958   0.0274611545127934   0
0.219099631254916   0.138876058669448   -0.188609011041271   -0.0343461338215117   0
0.331139575484734   0.198329781094904   0.112039944229819   0.0594537224254558   0
0.28732381038995   0.165414361873448   -0.0438157650947841   -0.0329154192214559   0
0.332928571684513   0.178956395061486   0.045604761294563   0.0135420331880376   0
0.414293997530739   0.207295495505987   0.0813654258462259   0.028339100444501   0
0.406594810938359   0.13712297588447   -0.00769918659237989   -0.0701725196215167   0
0.299102448420019   0.168505532786731   -0.10749236251834   0.0313825569022609   0
0.385210653164006   0.208724732196912   0.086108204743987   0.040219199410181   0
0.256087462077412   0.180607178832466   -0.129123191086594   -0.0281175533644453   0
0.273598775772572   0.218985892473745   0.0175113136951596   0.0383787136412783   0
0.178301328731168   0.267472453227286   -0.0952974470414039   0.0484865607535409   0
0.27504816419311   0.258878687921915   0.0967468354619421   -0.00859376530537015   0
0.317371523413806   0.262591487008666   0.042323359220696   0.00371279908675071   0
0.330166479166193   0.280558671535603   0.0127949557523868   0.0179671845269371   0
0.370505261034172   0.317872055183296   0.0403387818679793   0.037313383647693   0
0.360368787663416   0.300799163877117   -0.0101364733707563   -0.0170728913061796   0
0.324617732454652   0.292836131586848   -0.0357510552087638   -0.00796303229026823   0
0.561550625406116   0.346967010195217   0.236932892951464   0.0541308786083689   0
0.464485452730223   0.278058553137749   -0.0970651726758932   -0.0689084570574688   0
0.447185475046988   0.296582804077752   -0.0172999776832351   0.0185242509400039   0
0.390656963543465   0.29487785142242   -0.0565285115035228   -0.00170495265533294   0
0.368330092070958   0.302072890528511   -0.0223268714725073   0.00719503910609182   0
0.434091109266246   0.328409621798787   0.0657610171952886   0.026336731270276   0
0.390369413280549   0.298606738573077   -0.0437216959856971   -0.0298028832257102   0
0.428135645274953   0.320703548228344   0.0377662319944037   0.0220968096552672   0
0.445931943253676   0.337739262583579   0.0177962979787237   0.0170357143552351   0
0.468727520731395   0.350739943369372   0.0227955774777184   0.0130006807857921   0
0.44982489694769   0.350662821828534   -0.0189026237837046   -7.71215408377768e-05   0
0.430448229970806   0.346249618356829   -0.019376666976884   -0.00441320347170443   0
0.422047292815627   0.345211443693934   -0.0084009371551787   -0.00103817466289557   0
0.458527451244743   0.365405557586704   0.0364801584291154   0.0201941138927701   0
0.428606286077328   0.346515294241466   -0.0299211651674152   -0.0188902633452376   0
0.497994581853056   0.392541251278767   0.0693882957757282   0.0460259570373005   0
0.422116099325766   0.349789133096642   -0.0758784825272898   -0.0427521181821253   0
0.483815748120088   0.376763165945465   0.0616996487943215   0.0269740328488235   0
0.458956108344796   0.364582760520845   -0.0248596397752917   -0.0121804054246198   0
0.473466194200811   0.37453560132683   0.014510085856015   0.00995284080598452   0
0.495012610762595   0.375765236346445   0.0215464165617837   0.00122963501961565   0
0.500789057765842   0.381167184486676   0.00577644700324753   0.00540194814023098   0
0.518634911140775   0.391267575576165   0.0178458533749333   0.0101003910894886   0
0.440622038983526   0.340778272671542   -0.0780128721572494   -0.0504893029046228   0
0.482662684497155   0.354847869431747   0.0420406455136287   0.0140695967602045   0
0.508187168604246   0.380087418518753   0.0255244841070909   0.0252395490870067   0
0.40365230137087   0.321364464751472   -0.104534867233375   -0.0587229537672816   0
0.479387753853809   0.361294583162757   0.0757354524829384   0.0399301184112847   0
0.460112839052552   0.359920269029475   -0.0192749148012564   -0.00137431413328104   0
0.457517674015988   0.356535898369996   -0.00259516503656421   -0.00338437065947972   0
0.49463142359741   0.369526478066863   0.0371137495814214   0.0129905796968675   0
0.514086408960595   0.371672720517998   0.0194549853631853   0.00214624245113487   0
0.469358576462602   0.350864872965719   -0.0447278324979931   -0.0208078475522793   0
0.646634294547544   0.38843740838583   0.177275718084942   0.0375725354201111   0
0.48973401626291   0.343016994053137   -0.156900278284634   -0.0454204143326928   0
0.558405556837501   0.391257374077793   0.0686715405745915   0.0482403800246558   0
0.520312990267397   0.381015496933524   -0.0380925665701047   -0.0102418771442693   0
0.535462323979942   0.380300304817127   0.015149333712545   -0.000715192116396313   0
0.571715507967905   0.411718676293959   0.0362531839879637   0.0314183714768319   0
0.534848308469794   0.394754967247089   -0.0368671994981112   -0.0169637090468707   0
0.559081394042048   0.40639254898989   0.024233085572254   0.0116375817428012   0
0.545658534453554   0.405960530889704   -0.0134228595884945   -0.000432018100186116   0
0.529915056460939   0.410640631507952   -0.0157434779926148   0.00468010061824875   0
0.530592828226127   0.416885280308624   0.000677771765187907   0.00624464880067155   0
0.574974713025712   0.414150077325841   0.0443818847995854   -0.00273520298278307   0
0.553334648447935   0.422329349004127   -0.0216400645777769   0.00817927167828641   0
0.80388078969086   0.501436972603946   0.250546141242924   0.0791076235998183   0
0.591618756356659   0.361950023405359   -0.2122620333342   -0.139486949198587   0
0.516579257378769   0.396512177955797   -0.0750394989778906   0.0345621545504384   0
0.391463441238131   0.394246901815981   -0.125115816140637   -0.00226527613981614   0
0.460176785154358   0.418775097391488   0.0687133439162264   0.0245281955755063   0
0.453618525929001   0.441116584106742   -0.00655825922535658   0.0223414867152539   0
0.517912665929305   0.436258906864662   0.0642941400003039   -0.00485767724207942   0
0.547046032456136   0.461261385407992   0.029133366526831   0.0250024785433297   0
0.580905330382671   0.459123100496479   0.0338592979265347   -0.00213828491151274   0
0.604661739631341   0.475669978790705   0.0237564092486704   0.0165468782942261   0
0.623270028402618   0.482158662305781   0.0186082887712765   0.00648868351507564   0
0.547446634026551   0.439381321379633   -0.0758233943760672   -0.0427773409261477   0
0.470341754644429   0.442600659384111   -0.0771048793821218   0.00321933800447805   0
0.489687959479299   0.419865229287625   0.0193462048348707   -0.0227354300964861   0
0.495751585085716   0.407708570233077   0.0060636256064166   -0.0121566590545479   0
0.499993266535661   0.440132301367157   0.00424168144994447   0.0324237311340799   0
0.517035861273665   0.475872987458051   0.017042594738004   0.0357406860908934   0
0.592022607140977   0.496975003868404   0.0749867458673128   0.0211020164103534   0
0.599640410884723   0.525200821301005   0.0076178037437461   0.028225817432601   0
0.577854092246477   0.557926466340771   -0.0217863186382464   0.0327256450397666   0
0.578626612644977   0.573475506702989   0.000772520398499732   0.0155490403622175   0
0.542830391473248   0.564356302638236   -0.0357962211717284   -0.00911920406475319   0
0.55980687103143   0.601370809233681   0.0169764795581816   0.0370145065954455   0
0.548574933788448   0.606374798695594   -0.011231937242982   0.00500398946191316   0
0.611361522744112   0.618203142920804   0.0627865889556646   0.0118283442252095   0
0.632520718519955   0.642630532744952   0.0211591957758425   0.0244273898241476   0
0.621109371660902   0.66924184782636   -0.0114113468590533   0.026611315081408   0
0.733901301226534   0.687415666482008   0.112791929565633   0.018173818655648   0
0.664898227194208   0.692567983271563   -0.0690030740323266   0.00515231678955541   0
0.698216716595929   0.70003256849739   0.0333184894017217   0.00746458522582694   0
0.720128532650249   0.712723419138078   0.0219118160543194   0.0126908506406883   0
0.687558216004289   0.727968838688492   -0.03257031664596   0.0152454195504143   0
0.673276880203086   0.714669430577699   -0.0142813358012031   -0.0132994081107934   0
0.743030960412822   0.737211678119256   0.0697540802097361   0.0225422475415572   0
0.712244684214631   0.76459521513903   -0.0307862761981903   0.027383537019774   0
0.635849472389496   0.723552132766126   -0.0763952118251355   -0.0410430823729041   0
0.636624583183056   0.715278815670092   0.000775110793560518   -0.00827331709603374   0
0.696690257573622   0.751767775606272   0.0600656743905659   0.03648895993618   0
0.729718779000513   0.781870921116459   0.0330285214268912   0.0301031455101866   0
0.782629816383838   0.776583117433332   0.0529110373833247   -0.00528780368312676   0
0.651052077098292   0.741532935479565   -0.131577739285546   -0.0350501819537676   0
0.721585697560588   0.810935607095102   0.0705336204622959   0.0694026716155379   0
0.718380059550653   0.807692920016031   -0.00320563800993445   -0.0032426870790716   0
0.699431499645962   0.793938971752409   -0.0189485599046908   -0.0137539482636218   0
0.730065265259894   0.802610011245357   0.0306337656139319   0.00867103949294812   0
0.761579312627385   0.817117836266608   0.0315140473674904   0.0145078250212503   0
0.63777736776245   0.770797814461095   -0.123801944864934   -0.046320021805513   0
0.757209503621026   0.820833663778783   0.119432135858575   0.0500358493176885   0
0.774440332095378   0.846327588450536   0.0172308284743529   0.0254939246717532   0
0.762723150274725   0.843377134674264   -0.0117171818206538   -0.00295045377627168   0
0.990201841940319   0.881102669477854   0.227478691665594   0.0377255348035894   0
1.0422979752494   0.863907861358271   0.0520961333090817   -0.0171948081195824   0
0.715996236046671   0.800390323593114   -0.326301739202729   -0.0635175377651573   1
0.705333886591308   0.797859465103048   -0.010662349455363   -0.00253085849006573   0
0.673573606711991   0.770846227492935   -0.0317602798793168   -0.0270132376101132   0
0.637294383150017   0.792848621980419   -0.0362792235619745   0.0220023944874841   0
0.609021079396838   0.784810799188728   -0.0282733037531783   -0.0080378227916913   0
0.63495436523458   0.795592647938786   0.0259332858377417   0.0107818487500585   0
