0.101906186444243   0.0554782423734747   0   0   0
0.0984342317315983   0.0549985152375953   -0.00347195471264508   -0.000479727135879383   0
0.0939470443206171   0.0504510214593076   -0.00448718741098118   -0.00454749377828767   0
0.0893042808978276   0.0570946773400332   -0.00464276342278951   0.00664365588072557   0
0.10536935458263   0.0571935185134918   0.0160650736848023   9.88411734585692e-05   0
0.0657304226590693   0.0588498605986029   -0.0396389319235606   0.00165634208511119   0
0.123032072581809   0.0301281729417003   0.0573016499227398   -0.0287216876569027   0
0.091661230224193   0.0417346200047994   -0.0313708423576161   0.0116064470630991   0
0.104316997286872   0.0488543919140808   0.0126557670626794   0.0071197719092814   0
0.0839276690617582   0.0475878102014056   -0.0203893282251142   -0.0012665817126752   0
0.0842861852630074   0.0382864276556654   0.000358516201249187   -0.00930138254574017   0
0.0985702525706307   0.0350724933910108   0.0142840673076234   -0.00321393426465455   0
0.0731509175997813   0.0473691809011408   -0.0254193349708494   0.0122966875101299   0
0.127490747666841   0.0263663939576884   0.0543398300670592   -0.0210027869434524   0
0.098879148360309   0.0506233392919215   -0.0286115993065315   0.0242569453342331   0
0.128301691810669   0.0311424154963131   0.0294225434503604   -0.0194809237956084   0
0.0994520117911146   0.0449759307782074   -0.0288496800195548   0.0138335152818943   0
0.135609615123892   0.041801604936124   0.0361576033327769   -0.00317432584208332   0
0.067554422443316   0.0225675826340018   -0.0680551926805755   -0.0192340223021222   0
0.167879311098986   0.0288710147296991   0.10032488865567   0.00630343209569725   0
0.0357555140133784   0.0461289461193837   -0.132123797085608   0.0172579313896846   0
0.15633110161852   0.0259292182111706   0.120575587605141   -0.0201997279082131   0
0.0619098707292819   0.0433409301551374   -0.094421230889238   0.0174117119439668   0
0.13310170455306   0.0374843395116547   0.0711918338237778   -0.00585659064348269   0
0.0754393150268479   0.0402928813976489   -0.0576623895262118   0.00280854188599416   0
0.114203943329116   0.0173246401128573   0.0387646283022684   -0.0229682412847916   0
0.0675574313093186   0.0483626800531929   -0.0466465120197977   0.0310380399403356   0
0.132536522769122   0.0422488431930094   0.0649790914598034   -0.00611383686018343   0
0.0532672793005237   0.0557796990748875   -0.0792692434685983   0.013530855881878   0
0.127876820873057   0.037120715070261   0.0746095415725337   -0.0186589840046265   0
0.0419392892628869   0.0528313065315207   -0.0859375316101705   0.0157105914612597   0
0.155289773303492   0.0377447066981252   0.113350484040605   -0.0150865998333954   0
0.045082933842198   0.0525141628815979   -0.110206839461294   0.0147694561834727   0
0.176709424894231   0.0521550005599415   0.131626491052033   -0.00035916232165642   0
0.0678146128320025   0.0636118769641723   -0.108894812062229   0.0114568764042308   0
0.156235808395579   0.0677440428853711   0.0884211955635763   0.00413216592119878   0
0.0994063962746206   0.0532793498610156   -0.0568294121209582   -0.0144646930243555   0
0.0872622276330945   0.0343585538130245   -0.0121441686415261   -0.0189207960479911   0
0.084961186509088   0.0413971882365484   -0.00230104112400646   0.00703863442352395   0
0.0874894801934252   0.0490309860407936   0.0025282936843372   0.00763379780424519   0
0.125851306136448   0.0307387500631731   0.038361825943023   -0.0182922359776205   0
0.0894995395505474   0.0456270314782257   -0.0363517665859008   0.0148882814150526   0
0.0856671163460636   0.09913508958816   -0.00383242320448381   0.0535080581099343   0
0.157040797186018   0.0590868799623351   0.0713736808399543   -0.0400482096258248   0
0.206383431767233   0.0470597403163787   0.0493426345812149   -0.0120271396459564   0
0.135246619838945   0.0405396758930372   -0.0711368119282881   -0.00652006442334152   0
0.114914560489522   0.0345324249451512   -0.0203320593494226   -0.006007250947886   0
0.110801829711021   0.0335772866161041   -0.00411273077850138   -0.000955138329047131   0
0.111648350372587   0.041899184360021   0.000846520661566652   0.0083218977439169   0
0.110873059471497   0.0298550306329603   -0.000775290901090714   -0.0120441537270606   0
0.150176865230634   0.055352313316305   0.0393038057591375   0.0254972826833447   0
0.135876402050908   0.0234981563500783   -0.014300463179726   -0.0318541569662267   0
0.122951036670497   0.0207416635199542   -0.0129253653804106   -0.00275649283012407   0
0.128333260024862   0.0360533981619625   0.00538222335436482   0.0153117346420083   0
0.146574837711423   0.0412509827695656   0.0182415776865608   0.00519758460760313   0
0.109003688474015   0.0500941501810114   -0.0375711492374085   0.00884316741144578   0
0.105907576995888   0.0447372399613122   -0.00309611147812625   -0.00535691021969924   0
0.127165512767023   0.0799786974121611   0.0212579357711352   0.0352414574508489   0
0.10836737022785   0.0747809477392805   -0.018798142539173   -0.00519774967288061   0
0.123104050009656   0.0745415115039434   0.0147366797818061   -0.000239436235337093   0
0.103173376705713   0.0707502007701726   -0.0199306733039438   -0.00379131073377083   0
0.0806742672535673   0.135333660592589   -0.0224991094521454   0.0645834598224161   0
0.149623748172976   0.141679780342583   0.0689494809194082   0.00634611974999405   0
0.0971752253794989   0.122476017981444   -0.0524485227934767   -0.0192037623611391   0
0.12353475836124   0.110413091156351   0.0263595329817413   -0.0120629268250929   0
0.107487935562741   0.0793999506487567   -0.016046822798499   -0.031013140507594   0
0.105983796012834   0.108654092788548   -0.00150413954990722   0.0292541421397917   0
0.112789763717026   0.0819450690598248   0.0068059677041918   -0.0267090237287237   0
0.117232477070179   0.10342620917355   0.00444271335315306   0.0214811401137257   0
0.120402241045298   0.088309507787052   0.00316976397511901   -0.0151167013864985   0
0.113512015168131   0.109337577830449   -0.00689022587716685   0.0210280700433971   0
0.0895756377684937   0.105381048695058   -0.0239363773996372   -0.00395652913539157   0
0.12875308598721   0.0995065154276515   0.0391774482187167   -0.00587453326740606   0
0.13480462695772   0.127358188156877   0.00605154097050939   0.0278516727292255   0
0.0849712864850827   0.13563004494581   -0.0498333404726371   0.00827185678893316   0
0.147096676474691   0.136093387719435   0.0621253899896086   0.000463342773624947   0
0.147717996207131   0.0988202954517473   0.000621319732439785   -0.0372730922676879   0
0.134964553796358   0.129126678016444   -0.0127534424107732   0.0303063825646971   0
0.170192135244405   0.100395580316683   0.0352275814480475   -0.0287310976997615   0
0.153844249201229   0.135420214564675   -0.0163478860431759   0.0350246342479917   0
0.205504737624221   0.175494428678349   0.0516604884229917   0.0400742141136741   0
0.172751403512388   0.177777268907677   -0.0327533341118329   0.00228284022932834   0
0.184709501330197   0.173489749980049   0.0119580978178086   -0.00428751892762774   0
0.148253600667707   0.161392220505318   -0.0364559006624897   -0.0120975294747311   0
0.146572464227767   0.15840602091281   -0.00168113643994033   -0.00298619959250812   0
0.170340149023564   0.154825546150282   0.0237676847957972   -0.00358047476252824   0
0.167673284408489   0.162346678782918   -0.00266686461507515   0.00752113263263665   0
0.161004322207821   0.152698645669338   -0.0066689622006674   -0.00964803311358053   0
0.156135405697811   0.154615216420676   -0.00486891651001059   0.00191657075133816   0
0.164111271890172   0.153881708265026   0.00797586619236124   -0.000733508155650292   0
0.15276434890147   0.130873758719701   -0.0113469229887024   -0.0230079495453248   0
0.188419348865715   0.143515535492895   0.0356549999642452   0.0126417767731944   0
0.186540600261981   0.145579812586335   -0.00187874860373441   0.00206427709343995   0
0.183299811751704   0.150649478615925   -0.0032407885102769   0.00506966602958961   0
0.169142884311135   0.142101773184609   -0.0141569274405686   -0.00854770543131608   0
0.131950094567189   0.12968786208154   -0.0371927897439465   -0.0124139111030684   0
0.157762491797417   0.130433890035872   0.0258123972302283   0.000746027954331846   0
0.165523571992511   0.126042517049893   0.00776108019509428   -0.00439137298597944   0
0.136928716085159   0.134527838309037   -0.0285948559073524   0.00848532125914461   0
0.162250267112538   0.100150113064589   0.0253215510273795   -0.0343777252444482   0
0.162489427324272   0.117012125890397   0.000239160211734146   0.0168620128258073   0
0.142960485669223   0.117415814168016   -0.0195289416550498   0.000403688277619621   0
0.163841440455857   0.126697358199856   0.020880954786634   0.00928154403183939   0
0.160344444347162   0.128586454097195   -0.003496996108695   0.00188909589733932   0
0.165463870923081   0.220526608207768   0.00511942657591941   0.0919401541105734   0
0.262572975732462   0.304692194854906   0.0971091048093809   0.0841655866471377   0
0.154417242745653   0.230634043137743   -0.108155732986809   -0.0740581517171625   0
0.200426491623637   0.252816938360195   0.0460092488779842   0.0221828952224513   0
0.150619207970174   0.210792802745522   -0.0498072836534635   -0.0420241356146728   0
0.180954804741847   0.210123445015192   0.0303355967716732   -0.000669357730329723   0
0.194106369138908   0.209595311592513   0.0131515643970609   -0.000528133422679489   0
0.211899834008558   0.215412428400156   0.0177934648696499   0.00581711680764369   0
0.218805250452634   0.194589263600211   0.00690541644407638   -0.0208231647999452   0
0.206960247489246   0.193591317063808   -0.0118450029633882   -0.000997946536402783   0
0.210885469912794   0.21388339297311   0.00392522242354806   0.020292075909302   0
0.212191046560052   0.191232975941023   0.0013055766472575   -0.0226504170320871   0
0.147172487592111   0.166717872231241   -0.0650185589679408   -0.024515103709782   0
0.318694548236725   0.209064775966499   0.171522060644614   0.0423469037352579   0
0.249645507387515   0.183762726790969   -0.0690490408492092   -0.0253020491755297   0
0.287036857720137   0.159100548061006   0.0373913503326213   -0.0246621787299634   0
0.260372668333372   0.131256222930842   -0.0266641893867649   -0.0278443251301636   0
0.248385764341457   0.127179235397834   -0.0119869039919144   -0.00407698753300831   0
0.313473684942915   0.170233610363347   0.0650879206014577   0.0430543749655133   0
0.298158892066764   0.169164552517224   -0.0153147928761515   -0.00106905784612385   0
0.283772791085403   0.166208463056371   -0.0143861009813602   -0.00295608946085266   0
0.357656919248726   0.171280312718107   0.073884128163323   0.00507184966173602   0
0.279878853257877   0.212137030370846   -0.0777780659908491   0.0408567176527386   0
0.313622495792713   0.20952257368164   0.0337436425348352   -0.00261445668920521   0
0.176866688555222   0.12648780350093   -0.13675580723749   -0.0830347701807098   0
0.196262975079101   0.131489166037786   0.0193962865238792   0.00500136253685568   0
0.198502139147164   0.0996815114833363   0.00223916406806238   -0.0318076545544499   0
0.237029643524286   0.102407228420166   0.0385275043771219   0.00272571693682945   0
0.276458672196934   0.127154900444586   0.0394290286726479   0.02474767202442   0
0.309834436816362   0.166337370240612   0.0333757646194288   0.0391824697960265   0
0.387854975413195   0.236918186617918   0.0780205385968324   0.0705808163773055   0
0.425801232017992   0.265023667858274   0.0379462566047973   0.0281054812403558   0
0.313690588255274   0.192929125002447   -0.112110643762718   -0.0720945428558261   0
0.389326684625547   0.233892121092444   0.0756360963702726   0.0409629960899966   0
0.364779826486238   0.197315958537722   -0.0245468581393086   -0.0365761625547221   0
0.272650104609479   0.165743665632476   -0.0921297218767589   -0.0315722929052459   0
0.325875706182096   0.174074123819   0.053225601572617   0.00833045818652392   0
0.311503708251989   0.151362416888316   -0.0143719979301077   -0.0227117069306834   0
0.35355740351858   0.183904531697318   0.0420536952665914   0.032542114809002   0
0.400041703813552   0.222036650431415   0.0464843002949724   0.0381321187340969   0
0.370865861588883   0.223808770828809   -0.0291758422246696   0.00177212039739402   0
0.435923321983741   0.268251412668694   0.0650574603948578   0.0444426418398848   0
0.340699968969033   0.234044813852091   -0.0952233530147077   -0.0342065988166029   0
0.426147062711325   0.262914398603899   0.0854470937422921   0.028869584751808   0
0.331644221831302   0.226003525771723   -0.0945028408800229   -0.0369108728321758   0
0.400051767540702   0.261813720670346   0.0684075457093999   0.0358101948986227   0
0.348808658456309   0.216133554086062   -0.0512431090843931   -0.0456801665842845   0
0.424578904638478   0.241305312678197   0.0757702461821693   0.0251717585921356   0
0.412075154166756   0.22732429400267   -0.0125037504717219   -0.0139810186755268   0
0.406431104595751   0.222126531600578   -0.00564404957100517   -0.00519776240209247   0
0.485124146029653   0.234162884959914   0.0786930414339017   0.0120363533593363   0
0.414907766854708   0.2453268066004   -0.0702163791749447   0.0111639216404857   0
0.449527337946971   0.292325861766026   0.0346195710922624   0.0469990551656266   0
0.492420601465465   0.290269280500883   0.0428932635184939   -0.00205658126514396   0
0.460546574033387   0.293729579809814   -0.0318740274320776   0.00346029930893166   0
0.499160158721868   0.292618172438077   0.0386135846884805   -0.00111140737173743   0
0.523452765869328   0.324427829984189   0.0242926071474609   0.0318096575461124   0
0.460831347443143   0.288795511009191   -0.0626214184261857   -0.0356323189749977   0
0.467193764227317   0.239792128578588   0.00636241678417448   -0.0490033824306036   0
0.415068733672979   0.185020420179774   -0.0521250305543386   -0.0547717083988142   0
0.433594436242948   0.186971787010768   0.0185257025699697   0.00195136683099437   0
0.528561321201438   0.215228012120286   0.0949668849584901   0.028256225109518   0
0.526658977021184   0.231581319372273   -0.00190234418025426   0.0163533072519865   0
0.509837001907825   0.232045758690334   -0.0168219751133586   0.00046443931806095   0
0.559622853591577   0.243858897769284   0.0497858516837519   0.0118131390789502   0
0.438335205444007   0.221851365658299   -0.12128764814757   -0.0220075321109843   0
0.543014659815562   0.250269120814474   0.104679454371554   0.028417755156175   0
0.428928487148487   0.232101639453516   -0.114086172667074   -0.0181674813609583   0
0.461374016089777   0.251397161053978   0.0324455289412899   0.0192955216004623   0
0.444989992083238   0.246013190801835   -0.0163840240065394   -0.00538397025214363   0
0.407315928639478   0.240695893389023   -0.0376740634437602   -0.0053172974128117   0
0.475426103500176   0.250788801437584   0.0681101748606984   0.010092908048561   0
0.409714773004208   0.219596819013528   -0.0657113304959676   -0.0311919824240565   0
0.512642366880811   0.25526121502933   0.102927593876602   0.0356643960158027   0
0.471821501517258   0.265144822173657   -0.0408208653635528   0.00988360714432635   0
0.451523536699484   0.286895750754085   -0.0202979648177745   0.0217509285804282   0
0.466485399645048   0.29395747936819   0.0149618629455642   0.00706172861410542   0
0.407565350694143   0.25692851788046   -0.0589200489509046   -0.03702896148773   0
0.433060321826429   0.244840342597988   0.0254949711322854   -0.0120881752824726   0
0.33468406635811   0.160890725757422   -0.0983762554683184   -0.0839496168405656   0
0.296749085825315   0.166993577302392   -0.0379349805327956   0.00610285154496998   0
0.42473560657821   0.198234727863838   0.127986520752895   0.0312411505614461   0
0.351160014775259   0.18867490931945   -0.0735755918029512   -0.00955981854438867   0
0.501545288311245   0.220888842321766   0.150385273535986   0.0322139330023165   0
0.40655941622159   0.177053520613119   -0.0949858720896553   -0.0438353217086475   0
0.501558810256474   0.222443072545539   0.0949993940348844   0.0453895519324206   0
0.415754380678496   0.201306636269771   -0.0858044295779781   -0.0211364362757679   0
0.372645782298494   0.208321743778104   -0.0431085983800018   0.00701510750833267   0
0.52611961159512   0.367527747622203   0.153473829296626   0.159206003844099   0
0.392432954076235   0.597439142804972   -0.133686657518885   0.229911395182769   0
0.436737506271215   0.512733971792783   0.044304552194981   -0.0847051710121891   0
0.419687079630765   0.448458633981876   -0.0170504266404506   -0.0642753378109067   0
0.421403352377505   0.443561638705775   0.00171627274674047   -0.00489699527610155   0
0.384585700215505   0.373632511381374   -0.0368176521620007   -0.069929127324401   0
0.368826527428058   0.360808999444266   -0.0157591727874467   -0.0128235119371076   0
0.412240973040041   0.345913455586889   0.0434144456119833   -0.0148955438573775   0
0.359707512832037   0.314379823203939   -0.0525334602080043   -0.0315336323829498   0
0.420109434537003   0.375213513972378   0.0604019217049656   0.0608336907684392   0
0.476831874954894   0.412509762886892   0.0567224404178918   0.0372962489145138   0
0.381517082928144   0.373199854802775   -0.0953147920267507   -0.0393099080841168   0
0.491738968611396   0.42601337323698   0.110221885683253   0.0528135184342043   0
0.363459273395246   0.326916264921635   -0.128279695216151   -0.0990971083153447   0
0.450572560445041   0.412045095693117   0.087113287049795   0.0851288307714823   0
0.353208020646474   0.346667536633332   -0.0973645397985668   -0.0653775590597853   0
0.412986696664977   0.37257764947726   0.0597786760185032   0.0259101128439281   0
0.372661760976358   0.314041402736411   -0.0403249356886196   -0.0585362467408493   0
0.39183517754057   0.339808415317253   0.0191734165642122   0.025767012580842   0
0.586646523051999   0.520750037867738   0.194811345511429   0.180941622550485   0
0.60796265158396   0.774541659825345   0.0213161285319611   0.253791621957607   0
0.689403755635984   0.907678032068653   0.081441104052024   0.133136372243308   0
0.624613440944878   0.814058930710892   -0.0647903146911067   -0.0936191013577611   0
0.504713017312809   0.629557226383702   -0.119900423632068   -0.184501704327189   0
0.31110996436323   0.53359981818775   -0.19360305294958   -0.095957408195952   0
0.309156276294045   0.46628986007693   -0.00195368806918444   -0.0673099581108206   0
0.296109831873259   0.448424318308087   -0.0130464444207857   -0.0178655417688428   0
0.391123442539564   0.485401350861298   0.095013610666305   0.0369770325532107   0
0.328354183047879   0.460798761844118   -0.0627692594916855   -0.0246025890171793   0
0.406855563967116   0.472882421213508   0.078501380919237   0.0120836593693901   0
0.388222360864093   0.457831325118444   -0.0186332031030231   -0.0150510960950648   0
0.426634243052524   0.458288436547228   0.0384118821884309   0.00045711142878424   0
0.525109639934366   0.517026827620086   0.0984753968818426   0.0587383910728581   0
0.551773332434615   0.591792674231063   0.0266636925002484   0.0747658466109767   0
0.433048960757326   0.777124205864963   -0.118724371677289   0.185331531633901   0
0.683571182925378   0.813891921882906   0.250522222168052   0.0367677160179424   0
0.446137367159589   0.670127970184653   -0.237433815765788   -0.143763951698253   0
0.419405630808648   0.605257627990966   -0.0267317363509411   -0.0648703421936869   0
0.285459058515735   0.523473918976316   -0.133946572292913   -0.0817837090146498   0
0.34188195030595   0.497752619089041   0.0564228917902146   -0.0257212998872748   0
0.273901051495168   0.457975963767205   -0.0679808988107824   -0.0397766553218362   0
0.367876743147756   0.509693707428071   0.0939756916525884   0.0517177436608667   0
0.330221746364409   0.491793745876257   -0.037654996783347   -0.0178999615518149   0
0.4316507355826   0.514058123290035   0.101428989218191   0.022264377413778   0
0.378241812963136   0.502174934037704   -0.0534089226194643   -0.0118831892523303   0
0.399346809915892   0.500926616754141   0.0211049969527564   -0.00124831728356334   0
0.495019281206298   0.532758526682645   0.0956724712904056   0.031831909928504   0
0.407003936928133   0.531821322356682   -0.0880153442781647   -0.000937204325962893   0
0.58007506318062   0.677275774834373   0.173071126252486   0.145454452477691   0
0.515646885888008   0.650330520921477   -0.0644281772926121   -0.0269452539128954   0
0.527682352656406   0.655508838796625   0.0120354667683986   0.00517831787514789   0
0.475476247385976   0.614188845789447   -0.0522061052704302   -0.0413199930071787   0
0.47356046294184   0.592539552440594   -0.00191578444413593   -0.0216492933488521   0
