0.165951912056626   0.170028963268762   0   0   0
0.159917808852735   0.175467958461082   -0.00603410320389025   0.00543899519232008   0
0.150091667749146   0.181028832242961   -0.00982614110358945   0.00556087378187867   0
0.144955751746007   0.184256499137073   -0.00513591600313895   0.00322766689411183   0
0.142075789093216   0.170760849006   -0.00287996265279092   -0.0134956501310723   0
0.130177892991552   0.160054472622604   -0.0118978961016639   -0.0107063763833959   0
0.129096661118942   0.165816648045364   -0.00108123187261036   0.00576217542275931   0
0.133142574023263   0.157453676573461   0.00404591290432096   -0.00836297147190282   0
0.119344407063716   0.159664343535243   -0.0137981669595465   0.0022106669617819   0
0.109051391237159   0.14677242923499   -0.0102930158265569   -0.0128919143002532   0
0.115896376593015   0.134778419095946   0.00684498535585583   -0.0119940101390434   0
0.102698248837018   0.123557537180902   -0.0131981277559976   -0.0112208819150441   0
0.0997645592451047   0.116175614828048   -0.00293368959191298   -0.00738192235285395   0
0.0815033135331932   0.0987779819246298   -0.0182612457119114   -0.0173976329034183   0
0.0838432846023461   0.105136729070304   0.00233997106915282   0.00635874714567412   0
0.0653625252119316   0.105323353863768   -0.0184807593904144   0.000186624793464082   0
0.0624608704266151   0.108678657344083   -0.00290165478531655   0.00335530348031449   0
0.0552533765984487   0.0935362259606539   -0.00720749382816639   -0.0151424313834286   0
0.0581759883314414   0.0949688034198073   0.00292261173299264   0.0014325774591534   0
0.0692856971976901   0.0745304154304301   0.0111097088662487   -0.0204383879893772   0
0.0605645924365053   0.0442897341253027   -0.00872110476118475   -0.0302406813051275   0
0.0805557701224437   0.0495050596345972   0.0199911776859384   0.00521532550929454   0
0.0932843173802006   0.0276036144583458   0.0127285472577569   -0.0219014451762513   0
0.0918023194828872   0.0489747002994916   -0.00148199789731336   0.0213710858411458   0
0.0864043186912761   0.0430533807155141   -0.00539800079161117   -0.00592131958397753   0
0.0793912191226612   0.0617595721164946   -0.0070130995686149   0.0187061914009805   0
0.0739202185508809   0.0661936900234456   -0.00547100057178025   0.00443411790695096   0
0.0801031586461239   0.0727053592495422   0.00618294009524302   0.00651166922609667   0
0.0835839801890889   0.0846230232750225   0.00348082154296493   0.0119176640254803   0
0.0788488877990045   0.09202293647609   -0.00473509239008438   0.00739991320106752   0
0.0870010555739986   0.089183063858518   0.00815216777499415   -0.002839872617572   0
0.0762959333339596   0.0845870939561261   -0.0107051222400391   -0.00459596990239194   0
0.0838884824525846   0.103779602065206   0.00759254911862507   0.0191925081090799   0
0.086413575443561   0.124487915403424   0.00252509299097634   0.0207083133382179   0
0.115113099628018   0.139925288012889   0.028699524184457   0.0154373726094654   0
0.0891509066660009   0.145470592181856   -0.0259621929620171   0.00554530416896726   0
0.0963844223916396   0.15607317379429   0.00723351572563874   0.010602581612433   0
0.0900386299115935   0.155648737724532   -0.00634579248004612   -0.000424436069758005   0
0.100833648194737   0.158280006993113   0.0107950182831436   0.00263126926858179   0
0.109764207872306   0.145576404184332   0.00893055967756938   -0.0127036028087813   0
0.121487099135464   0.16489898773337   0.0117228912631573   0.0193225835490377   0
0.1141558297595   0.149130886892991   -0.00733126937596354   -0.0157681008403789   0
0.116859133271003   0.156644259425777   0.00270330351150262   0.00751337253278614   0
0.127959548720133   0.164024285187786   0.0111004154491298   0.00738002576200869   0
0.129057749852229   0.163068418701063   0.00109820113209591   -0.000955866486723106   0
0.123524977538553   0.172430796345231   -0.00553277231367565   0.00936237764416878   0
0.105068892227576   0.176919718375313   -0.0184560853109768   0.00448892203008153   0
0.105385912168041   0.17683126512046   0.000317019940464666   -8.84532548525441e-05   0
0.106140777280035   0.187318011291794   0.000754865111994268   0.0104867461713333   0
0.109128421696321   0.194055499013916   0.00298764441628567   0.00673748772212257   0
0.111281742199922   0.20109942084514   0.00215332050360174   0.00704392183122363   0
0.122524905029182   0.19661142824681   0.0112431628292593   -0.00448799259832944   0
0.116325606187245   0.197999962305554   -0.00619929884193682   0.00138853405874323   0
0.114336728150057   0.22124434469213   -0.00198887803718809   0.0232443823865764   0
0.121298617257659   0.215061784974016   0.00696188910760197   -0.00618255971811368   0
0.116146981275193   0.225891822777652   -0.00515163598246596   0.0108300378036355   0
0.120625110635763   0.217404861675406   0.0044781293605699   -0.00848696110224556   0
0.121001823113042   0.223558481897556   0.000376712477279648   0.00615362022215013   0
0.109104117273135   0.225796776804658   -0.0118977058399074   0.00223829490710162   0
0.123644718864738   0.232640083921092   0.0145406015916026   0.00684330711643363   0
0.120522621216517   0.222536821957204   -0.00312209764822073   -0.0101032619638871   0
0.124984081665587   0.244334642112416   0.00446146044906964   0.0217978201552118   0
0.123879277518881   0.243315276439998   -0.00110480414670525   -0.00101936567241848   0
0.133424716257896   0.255543100239549   0.00954543873901452   0.0122278237995509   0
0.124532120491823   0.246081064619085   -0.00889259576607249   -0.00946203562046322   0
0.134276748480368   0.249244799007442   0.00974462798854467   0.00316373438835627   0
0.133292858104251   0.246944741027725   -0.00098389037611693   -0.00230005797971702   0
0.138646003245949   0.25293492725974   0.0053531451416976   0.00599018623201544   0
0.138693591691247   0.250026495021108   4.75884452985909e-05   -0.00290843223863235   0
0.138445942960595   0.259815820416261   -0.000247648730651973   0.00978932539515343   0
0.149909658034145   0.260441985500586   0.0114637150735501   0.000626165084324393   0
0.161229815802661   0.254218748040054   0.0113201577685157   -0.00622323746053149   0
0.173625564545437   0.271661258073708   0.0123957487427757   0.0174425100336543   0
0.168488077376632   0.276023501435249   -0.00513748716880433   0.00436224336154062   0
0.168066592947268   0.272038429911244   -0.000421484429364849   -0.00398507152400485   0
0.173674180259234   0.27659485042875   0.00560758731196648   0.00455642051750571   0
0.162919522112484   0.293182003247083   -0.0107546581467505   0.0165871528183331   0
0.191653260374428   0.299905116139188   0.028733738261944   0.00672311289210531   0
0.183043781669077   0.3104892794824   -0.00860947870535025   0.0105841633432119   0
0.182335671579233   0.319424142283751   -0.000708110089844005   0.00893486280135081   0
0.186479646726499   0.319539362813336   0.00414397514726608   0.000115220529584625   0
0.179042757711559   0.321245871978131   -0.00743688901494041   0.00170650916479587   0
0.180148429562986   0.329885015379408   0.00110567185142674   0.00863914340127692   0
0.185759066396652   0.329815015212316   0.00561063683366589   -7.0000167092743e-05   0
0.197557345739883   0.355430431352804   0.0117982793432313   0.0256154161404879   0
0.197023017345284   0.371467966901283   -0.000534328394598993   0.0160375355484792   0
0.200299725364421   0.381715679826455   0.00327670801913724   0.010247712925172   0
0.200514648666899   0.375475314022783   0.000214923302478048   -0.0062403658036721   0
0.209734911062059   0.383120685928412   0.00922026239516038   0.00764537190562981   0
0.21639731615979   0.387552128204465   0.00666240509773025   0.00443144227605247   0
0.21826375333298   0.391402004106724   0.00186643717319041   0.00384987590225916   0
0.214644338313406   0.397383471994621   -0.00361941501957391   0.00598146788789727   0
0.219956825166788   0.40518123224973   0.00531248685338168   0.00779776025510914   0
0.227479785734219   0.417362651072257   0.00752296056743151   0.0121814188225265   0
0.252343675973245   0.421273664945665   0.0248638902390254   0.00391101387340809   0
0.251635200099052   0.413224115817869   -0.000708475874192704   -0.00804954912779554   0
0.245512568560471   0.423139315948944   -0.00612263153858109   0.00991520013107422   0
0.246929959888955   0.429606022499289   0.00141739132848406   0.0064667065503457   0
0.261273002277771   0.439635446797028   0.0143430423888156   0.0100294242977386   0
0.248410489785661   0.467654074780711   -0.0128625124921095   0.0280186279836827   0
0.246703613870977   0.461552533445547   -0.00170687591468446   -0.00610154133516411   0
0.250086077312113   0.479506582806485   0.00338246344113594   0.0179540493609386   0
0.254795438307302   0.473418942645943   0.00470936099518904   -0.00608764016054236   0
0.26497821012304   0.476144864237505   0.0101827718157384   0.00272592159156271   0
0.268981770678405   0.503176991908106   0.00400356055536477   0.0270321276706004   0
0.269702391392086   0.489146777272896   0.00072062071368123   -0.0140302146352099   0
0.283864512652445   0.483187021201118   0.0141621212603587   -0.00595975607177757   0
0.280979701412771   0.492925305386374   -0.00288481123967371   0.00973828418525557   0
0.337745011397075   0.516167344826511   0.0567653099843034   0.0232420394401367   0
0.343922957175005   0.523959434369685   0.00617794577793002   0.00779208954317412   0
0.265777366272243   0.470624073953936   -0.0781455909027616   -0.0533353604157485   0
0.229552604946143   0.428542602465207   -0.0362247613260999   -0.0420814714887292   0
0.279024322209301   0.455482684614037   0.0494717172631583   0.0269400821488297   0
0.270320858037722   0.460773182036794   -0.0087034641715798   0.00529049742275733   0
0.289399052348207   0.493312812919513   0.019078194310485   0.032539630882719   0
0.291557167568712   0.505288259967024   0.00215811522050541   0.0119754470475106   0
0.299877329858811   0.512179836508867   0.0083201622900988   0.00689157654184358   0
0.299334176651464   0.501791563129376   -0.000543153207346547   -0.0103882733794913   0
0.31591188019796   0.514755196125789   0.0165777035464954   0.0129636329964136   0
0.34173515910623   0.534179581699181   0.0258232789082699   0.0194243855733919   0
0.344743132771343   0.558416584413688   0.00300797366511368   0.024237002714507   0
0.350700155238403   0.561638933590123   0.00595702246705981   0.00322234917643416   0
0.326682294421905   0.54616101434696   -0.0240178608164984   -0.0154779192431628   0
0.356230535604909   0.56138557777901   0.0295482411830039   0.0152245634320499   0
0.367533408208138   0.551133233979228   0.0113028726032298   -0.0102523437997816   0
0.369826438353196   0.574493646112733   0.00229303014505738   0.0233604121335051   0
0.364372475231047   0.58458929500133   -0.00545396312214858   0.0100956488885972   0
0.383869839040527   0.612051352841818   0.0194973638094798   0.0274620578404879   0
0.366557210844365   0.587692702281133   -0.0173126281961622   -0.0243586505606858   0
0.37114845417299   0.601955771206864   0.00459124332862526   0.014263068925731   0
0.388898643250398   0.596474268559215   0.0177501890774076   -0.00548150264764902   0
0.384833834740398   0.611884882192566   -0.00406480850999946   0.0154106136333511   0
0.384791025524245   0.60446463564422   -4.2809216153239e-05   -0.00742024654834539   0
0.402897988188077   0.617662795623146   0.0181069626638324   0.0131981599789255   0
0.404422970388676   0.622350142820744   0.00152498220059888   0.00468734719759789   0
0.414667911424311   0.628215658500725   0.0102449410356346   0.00586551567998161   0
0.424692318325868   0.635091678521692   0.0100244069015568   0.00687602002096654   0
0.415911209662591   0.647675451373026   -0.00878110866327619   0.0125837728513338   0
0.387672945786639   0.624741205057942   -0.0282382638759528   -0.0229342463150833   0
0.433011653406695   0.68059400494219   0.0453387076200568   0.0558527998842479   0
0.452691650051114   0.715283845098748   0.0196799966444184   0.0346898401565581   0
0.424921826327038   0.738878451661462   -0.0277698237240756   0.0235946065627142   0
0.465656658757287   0.727373553457919   0.0407348324302484   -0.0115048982035435   0
0.488717373379543   0.753723759657509   0.0230607146222568   0.0263502061995898   0
0.49812114279159   0.762339518599324   0.00940376941204701   0.00861575894181577   0
0.495941600741458   0.779137530717299   -0.00217954205013221   0.0167980121179745   0
0.456950526289225   0.712764978295791   -0.0389910744522329   -0.0663725524215075   0
0.478047193747647   0.706739404513893   0.0210966674584213   -0.00602557378189816   0
0.488164504003517   0.703726534320151   0.0101173102558706   -0.00301287019374263   0
0.501676519886072   0.711813153661085   0.0135120158825544   0.0080866193409348   0
0.487784059625773   0.711077506804569   -0.0138924602602983   -0.000735646856515948   0
0.489769000475735   0.718403363702038   0.00198494084996115   0.00732585689746834   0
0.504466520793997   0.735392450887553   0.0146975203182623   0.0169890871855155   0
0.51779937550561   0.761190989703552   0.0133328547116135   0.0257985388159984   0
0.517424471757956   0.770558701607089   -0.000374903747654032   0.00936771190353702   0
0.540867821754077   0.797034971512582   0.0234433499961207   0.0264762699054933   0
0.529655351634438   0.781630266723214   -0.0112124701196391   -0.0154047047893682   0
0.504471633376942   0.767347359326433   -0.0251837182574957   -0.014282907396781   0
0.532869908493621   0.777874539978911   0.0283982751166787   0.0105271806524782   0
0.548610504874816   0.797352967384836   0.0157405963811946   0.0194784274059244   0
0.580846211537099   0.812610180173126   0.0322357066622831   0.0152572127882904   0
0.586630125221165   0.810929046244277   0.00578391368406661   -0.00168113392884894   0
0.556442583518731   0.814182805365503   -0.0301875417024342   0.00325375912122572   0
0.559456446808865   0.829298205920713   0.00301386329013342   0.0151154005552099   0
0.570025076961532   0.845990308409316   0.0105686301526671   0.0166921024886036   0
0.541121811766075   0.80215233725657   -0.0289032651954562   -0.0438379711527467   0
0.574321041434144   0.833939033029669   0.0331992296680688   0.0317866957730998   0
0.569115532932462   0.842344352797127   -0.00520550850168233   0.00840531976745729   0
0.583924537816318   0.839969195409248   0.0148090048838557   -0.0023751573878783   0
0.603861064048677   0.862215438522786   0.0199365262323591   0.0222462431135376   0
0.595841381772867   0.851462548193524   -0.00801968227580929   -0.0107528903292615   0
0.598783041239479   0.869841596419406   0.00294165946661196   0.0183790482258813   0
0.620044165544681   0.898134232785007   0.0212611243052019   0.0282926363656009   0
0.648424317549859   0.935240573398884   0.0283801520051775   0.037106340613877   0
0.643167305761883   0.965368719270529   -0.00525701178797544   0.0301281458716459   0
0.638262853046454   0.932318250202129   -0.00490445271542883   -0.0330504690684003   0
0.641946189205139   0.927846676802835   0.00368333615868444   -0.00447157339929449   0
0.64252636271985   1.02460971870562   0.000580173514710847   0.0967630419027804   0
0.523985510251343   1.07040429684594   -0.118540852468507   0.0457945781403244   0
0.548786089435583   0.996339953592774   0.0248005791842405   -0.0740643432531659   0
0.570745784753598   0.96250012661155   0.0219596953180143   -0.0338398269812236   0
0.566886386031628   0.938045710201401   -0.00385939872196961   -0.0244544164101493   0
0.563378723055814   0.933421585727612   -0.00350766297581362   -0.00462412447378857   0
0.566617314052439   0.934335237300965   0.00323859099662438   0.00091365157335288   0
0.577020900812094   0.926854144607609   0.0104035867596549   -0.00748109269335617   0
0.600952489763542   0.937582387294066   0.0239315889514483   0.0107282426864572   0
0.590721772825414   0.956059497701503   -0.010230716938128   0.0184771104074369   0
0.511527293829381   1.10922720454659   -0.0791944789960328   0.15316770684509   0
0.501837846284248   1.16377553536281   -0.00968944754513268   0.0545483308162187   0
