0.00681159   0   0   0   0
0.123754571639758   0.0453953351748007   0.116942981639758   0.0453953351748007   0
0.0928541892207885   0.0394822462645238   -0.0309003824189695   -0.00591308891027698   0
0.0738109576838162   0.026024900219021   -0.0190432315369724   -0.0134573460455027   0
0.132380250670446   0.0431860351186006   0.0585692929866294   0.0171611348995795   0
0.081042033159898   0.0215632029838079   -0.0513382175105476   -0.0216228321347927   0
0.135205540226871   0.037199741667517   0.0541635070669729   0.0156365386837091   0
0.0841082878034026   0.0264706053275256   -0.0510972524234683   -0.0107291363399914   0
0.122017566394556   0.0420572817752467   0.0379092785911539   0.0155866764477212   0
0.103615015219776   0.0532335089712767   -0.0184025511747805   0.01117622719603   0
0.105480754779865   0.0303562586272732   0.00186573956008898   -0.0228772503440035   0
0.146600298553464   0.0461905353630211   0.0411195437735995   0.0158342767357478   0
0.0756233552940519   0.0282523314490592   -0.0709769432594126   -0.0179382039139619   0
0.148847493279397   0.0333246785663793   0.0732241379853447   0.00507234711732009   0
0.0909532252893761   0.0270053669253447   -0.0578942679900205   -0.00631931164103462   0
0.124460425901449   0.0246657343250206   0.0335072006120726   -0.00233963260032406   0
0.148606726275293   0.0176910940510508   0.0241463003738448   -0.00697464027396981   0
0.0836951054556358   0.0377005293086516   -0.0649116208196577   0.0200094352576008   0
0.158016715906008   0.0115423477842465   0.0743216104503721   -0.0261581815244051   0
0.100325950309329   0.0371490793504025   -0.0576907655966786   0.025606731566156   0
0.121168930964707   0.0240324977010344   0.020842980655378   -0.0131165816493681   0
0.137951851541616   0.0194048861211552   0.0167829205769085   -0.00462761157987927   0
0.0870830882107249   0.0408480388307995   -0.0508687633308909   0.0214431527096443   0
0.142674042863725   0.0352389566148744   0.0555909546529999   -0.00560908221592506   0
0.0914773270402563   0.0481036270131474   -0.0511967158234686   0.012864670398273   0
0.15962968392039   0.0408497638874449   0.0681523568801337   -0.00725386312570243   0
0.085376837011159   0.0609362254726201   -0.074252846909231   0.0200864615851752   0
0.164619706386599   0.0382399820384699   0.0792428693754398   -0.0226962434341502   0
0.0909557831951878   0.0678814367330458   -0.073663923191411   0.0296414546945759   0
0.130654634607426   0.0481035633239888   0.0396988514122382   -0.019777873409057   0
0.128291662105298   0.0385152180618259   -0.0023629725021278   -0.0095883452621629   0
0.0990449534737762   0.0620501713455531   -0.0292467086315219   0.0235349532837272   0
0.112061263961828   0.0530395239002482   0.0130163104880518   -0.00901064744530491   0
0.120685702751776   0.0833144529342299   0.00862443878994783   0.0302749290339817   0
0.139408620590873   0.0896872361177442   0.0187229178390972   0.00637278318351434   0
0.149224781638012   0.0706917848035576   0.00981616104713937   -0.0189954513141866   0
0.125900471517093   0.104931644239536   -0.0233243101209192   0.0342398594359781   0
0.177999762603493   0.0837095761114133   0.0520992910864001   -0.0212220681281224   0
0.136744302963341   0.0954211826224791   -0.0412554596401523   0.0117116065110657   0
0.188906664614486   0.078446638089994   0.0521623616511452   -0.016974544532485   0
0.197358175355393   0.0881590387069868   0.00845151074090658   0.00971240061699279   0
0.156589766222573   0.0988927798656833   -0.0407684091328201   0.0107337411586965   0
0.208386604531577   0.0719856768047992   0.0517968383090045   -0.0269071030608842   0
0.181552488637344   0.0895358099455743   -0.0268341158942334   0.0175501331407752   0
0.140395124015923   0.111448875657182   -0.0411573646214209   0.0219130657116076   0
0.215272645470366   0.0886951901398266   0.0748775214544432   -0.0227536855173553   0
0.15232657634822   0.103222006310731   -0.0629460691221465   0.014526816170904   0
0.178073618406096   0.10695884290026   0.0257470420578766   0.00373683658952945   0
0.200849888172735   0.0940815895989885   0.0227762697666383   -0.0128772533012715   0
0.146365648024938   0.112122222186427   -0.0544842401477968   0.0180406325874385   0
0.192686416633192   0.0920796452524118   0.0463207686082543   -0.0200425769340152   0
0.156828578419241   0.0932620108012502   -0.0358578382139512   0.00118236554883837   0
0.169939487699456   0.106866653945758   0.0131109092802146   0.0136046431445083   0
0.202817183476046   0.103418176938534   0.0328776957765904   -0.00344847700722414   0
0.143807720869396   0.137863866974237   -0.0590094626066504   0.0344456900357022   0
0.221611640485766   0.0988849668261561   0.0778039196163704   -0.0389789001480804   0
0.171239376397603   0.128435924009951   -0.0503722640881629   0.0295509571837952   0
0.1809502797208   0.116516644383968   0.00971090332319641   -0.0119192796259836   0
0.145554960567424   0.1072950360424   -0.0353953191533754   -0.00922160834156734   0
0.133797913780797   0.126242481135512   -0.0117570467866271   0.0189474450931112   0
0.175243118552741   0.117742845455265   0.0414452047719439   -0.00849963568024624   0
0.178851787050731   0.119707949055702   0.00360866849799008   0.00196510360043646   0
0.150237435228807   0.127801338304309   -0.0286143518219239   0.00809338924860742   0
0.199261354658158   0.129464434931384   0.0490239194293506   0.00166309662707451   0
0.164786789769508   0.139692933715489   -0.0344745648886498   0.0102284987841053   0
0.19372408574372   0.142834156031007   0.0289372959742116   0.00314122231551781   0
0.198521459151036   0.127222349455943   0.00479737340731634   -0.0156118065750641   0
0.175096408108476   0.143311570810778   -0.0234250510425598   0.0160892213548348   0
0.194655553905346   0.14134496755641   0.0195591457968695   -0.00196660325436784   0
0.188966229793077   0.139045109224318   -0.00568932411226855   -0.00229985833209176   0
0.19462680279255   0.148928752375935   0.00566057299947259   0.00988364315161686   0
0.223231734946916   0.136746387837348   0.028604932154366   -0.0121823645385864   0
0.179394378289845   0.150933722954282   -0.0438373566570707   0.0141873351169338   0
0.181443208843109   0.160016529232139   0.00204883055326413   0.00908280627785685   0
0.19392249484442   0.146251760737743   0.0124792860013109   -0.0137647684943961   0
0.172749499443824   0.152886574078702   -0.0211729954005964   0.00663481334095928   0
0.207647627799814   0.130481182201688   0.0348981283559902   -0.0224053918770146   0
0.158649076207238   0.136045083281876   -0.0489985515925758   0.00556390108018809   0
0.204784942380269   0.121809494704066   0.0461358661730308   -0.0142355885778092   0
0.22383778925597   0.115123245564308   0.0190528468757011   -0.00668624913975831   0
0.183484272475763   0.135999524166043   -0.040353516780207   0.0208762786017344   0
0.224912594713235   0.126238605032543   0.0414283222374723   -0.00976091913349914   0
0.203520263176886   0.130976574840465   -0.0213923315363493   0.00473796980792182   0
0.188637125141924   0.129535823695851   -0.0148831380349616   -0.00144075114461464   0
0.194149387820204   0.145661001493408   0.00551226267827978   0.016125177797557   0
0.214312707120945   0.133769377958158   0.0201633193007413   -0.0118916235352498   0
0.193132967700209   0.155349842701594   -0.0211797394207363   0.0215804647434361   0
0.234851672068052   0.156654575689038   0.0417187043678433   0.00130473298744394   0
0.21682648387245   0.156681278432723   -0.0180251881956019   2.67027436852141e-05   0
0.210752093550693   0.184156753813327   -0.00607439032175755   0.0274754753806044   0
0.263263104359289   0.162587639005284   0.0525110108085964   -0.0215691148080437   0
0.235169085547591   0.168416194879122   -0.0280940188116986   0.00582855587383851   0
0.227485342543756   0.175590298117778   -0.00768374300383468   0.00717410323865522   0
0.257505671553324   0.171206321524564   0.0300203290095681   -0.00438397659321321   0
0.259871054497313   0.170205141862261   0.0023653829439893   -0.00100117966230301   0
0.200854513777778   0.175432581356635   -0.0590165407195354   0.00522743949437407   0
0.243612147639973   0.177533238966883   0.042757633862195   0.00210065761024794   0
0.274133470109064   0.173249301601045   0.0305213224690907   -0.0042839373658379   0
0.225691015661258   0.18811591778874   -0.0484424544478061   0.0148666161876946   0
0.280063208561014   0.173278137831926   0.0543721928997564   -0.0148377799568139   0
0.231450733751267   0.179696017246662   -0.0486124748097467   0.00641787941473543   0
0.170882065693887   0.23205575127973   -0.06056866805738   0.0523597340330686   0
0.155990576631603   0.287924573995083   -0.0148914890622843   0.0558688227153528   0
0.255436908759502   0.212464291104411   0.0994463321278987   -0.0754602828906717   0
0.179427704715743   0.225450254048981   -0.0760092040437583   0.0129859629445696   0
0.276802585182107   0.214087960083   0.0973748804663636   -0.0113622939659813   0
0.225872618567833   0.235965649713576   -0.0509299666142735   0.0218776896305764   0
0.242411200622909   0.230854385114297   0.0165385820550751   -0.00511126459927924   0
0.292224809086104   0.218649654889392   0.0498136084631956   -0.0122047302249051   0
0.215138323590312   0.260289726465049   -0.0770864854957917   0.0416400715756574   0
0.296178240795102   0.220652480153748   0.0810399172047898   -0.0396372463113013   0
0.250650393510084   0.251470175234559   -0.0455278472850182   0.0308176950808117   0
0.316911839529906   0.247320973960964   0.0662614460198219   -0.00414920127359503   0
0.251192881347302   0.247200914069406   -0.0657189581826035   -0.000120059891558028   0
0.320926329368533   0.279318423210858   0.0697334480212303   0.0321175091414517   0
0.365592229574645   0.256564865050244   0.0446659002061123   -0.0227535581606139   0
0.316698173047209   0.27153196641786   -0.048894056527436   0.0149671013676161   0
0.349151262690599   0.2762163390112   0.0324530896433903   0.00468437259333937   0
0.34628990270236   0.268519960211527   -0.00286135998823939   -0.00769637879967278   0
0.284785088740685   0.295385163559377   -0.0615048139616747   0.0268652033478503   0
0.301034018823803   0.329532383465191   0.0162489300831181   0.0341472199058143   0
0.352372192124762   0.301112666632442   0.0513381733009583   -0.0284197168327497   0
0.249733294644186   0.305969017351839   -0.102638897480575   0.00485635071939733   0
0.345327705080102   0.30731291984352   0.0955944104359158   0.00134390249168131   0
0.303637624726597   0.336547204689773   -0.0416900803535047   0.0292342848462527   0
0.302924047152682   0.361783477536979   -0.00071357757391588   0.0252362728472063   0
0.305109665517974   0.329495249484344   0.00218561836529257   -0.0322882280526354   0
0.324502350316234   0.340624390128261   0.0193926847982601   0.0111291406439175   0
0.372727068207301   0.357145518121465   0.0482247178910668   0.0165211279932042   0
0.32531168711236   0.3492266247743   -0.047415381094941   -0.00791889334716517   0
0.346102924299983   0.341609995182738   0.0207912371876233   -0.00761662959156278   0
0.372790085041166   0.35598684260728   0.026687160741183   0.014376847424542   0
0.296925061097055   0.398077009940916   -0.0758650239441111   0.0420901673336363   0
0.359348562185255   0.380486217518125   0.0624235010881997   -0.0175907924227908   0
0.39033476276299   0.360824493550881   0.0309862005777355   -0.0196617239672437   0
0.314622041563858   0.371825612496638   -0.0757127211991324   0.0110011189457567   0
0.376847473685429   0.383092383837763   0.0622254321215708   0.0112667713411251   0
0.313432895546096   0.377118633634696   -0.0634145781393327   -0.00597375020306723   0
0.375084891815866   0.364545165194589   0.0616519962697701   -0.0125734684401072   0
0.324298658454657   0.374518254221006   -0.0507862333612097   0.00997308902641719   0
0.361853434705393   0.382092056026424   0.0375547762507363   0.00757380180541822   0
0.393321953985142   0.39082700670917   0.031468519279749   0.00873495068274638   0
0.361378698761964   0.409089523439858   -0.0319432552231782   0.0182625167306874   0
0.405763724975508   0.407260037906066   0.0443850262135448   -0.00182948553379225   0
0.367282993315781   0.422075441553403   -0.0384807316597274   0.0148154036473373   0
0.459052306240803   0.427982822890709   0.0917693129250221   0.00590738133730606   0
0.450615304976973   0.430527991051395   -0.00843700126383046   0.00254516816068595   0
0.407311956315746   0.433716414993426   -0.0433033486612268   0.00318842394203128   0
0.472365593661054   0.434690339102159   0.0650536373453082   0.00097392410873276   0
0.356999117447088   0.431369943775352   -0.115366476213966   -0.00332039532680733   0
0.448981574408126   0.435765685904134   0.0919824569610381   0.00439574212878191   0
0.44182417105455   0.439300575029216   -0.00715740335357673   0.00353488912508271   0
0.358235188268838   0.441138147778562   -0.0835889827857115   0.00183757274934537   0
0.472686705874155   0.447301052705558   0.114451517605317   0.00616290492699595   0
0.371732676748547   0.436357848521715   -0.100954029125608   -0.0109432041838425   0
0.401355251707312   0.445352500770738   0.0296225749587649   0.00899465224902291   0
0.438035788290283   0.452151611821466   0.0366805365829712   0.0067991110507285   0
0.407891186493175   0.448866641341557   -0.0301446017971086   -0.00328497047990939   0
0.501783893044854   0.47207377177884   0.0938927065516796   0.0232071304372826   0
0.430324535139051   0.454485169165617   -0.0714593579058039   -0.0175886026132222   0
0.445144693894255   0.464856457685865   0.0148201587552044   0.0103712885202472   0
0.437872370296974   0.459757558039289   -0.00727232359728142   -0.00509889964657578   0
0.442207477634436   0.470632872030312   0.00433510733746223   0.0108753139910231   0
0.503461881583144   0.508526853913832   0.0612544039487085   0.0378939818835202   0
0.471331098935515   0.502109009332137   -0.0321307826476295   -0.00641784458169514   0
0.41659064504859   0.47829634736479   -0.0547404538869251   -0.0238126619673468   0
0.51966963631234   0.510559600115647   0.103078991263751   0.0322632527508573   0
0.478726940006973   0.526539550234358   -0.0409426963053671   0.0159799501187106   0
0.550640788657406   0.523624873695616   0.0719138486504328   -0.00291467653874189   0
0.494946441018622   0.503318565291655   -0.0556943476387842   -0.0203063084039612   0
0.485868435428728   0.515860483075124   -0.0090780055898938   0.0125419177834688   0
0.500389099747876   0.507580443506495   0.0145206643191483   -0.00828003956862888   0
0.43854489375959   0.498423823059001   -0.0618442059882863   -0.00915662044749427   0
0.493168384249193   0.500071395737899   0.0546234904896034   0.00164757267889798   0
0.228019458139958   0.533621066037034   -0.265148926109235   0.0335496702991349   0
0.214465983765165   0.638123476275164   -0.0135534743747929   0.104502410238131   0
0.428771154982814   0.563885323432212   0.214305171217649   -0.0742381528429525   0
0.324917597692092   0.523594531424126   -0.103853557290722   -0.0402907920080857   0
0.429914350557469   0.515566721246872   0.104996752865377   -0.00802781017725374   0
0.436942909465401   0.52092317478156   0.00702855890793286   0.00535645353468805   0
0.362155393747339   0.532851379311811   -0.0747875157180627   0.0119282045302512   0
0.474624229989041   0.543176502173097   0.112468836241702   0.0103251228612851   0
0.398070108541511   0.552961652494547   -0.0765541214475303   0.00978515032145044   0
0.433534944323477   0.530618956382544   0.0354648357819661   -0.0223426961120031   0
0.406086299193115   0.543240943064861   -0.0274486451303618   0.0126219866823176   0
0.425496939248698   0.53777220269762   0.0194106400555829   -0.00546874036724154   0
0.478863190862944   0.553622198656494   0.0533662516142459   0.0158499959588736   0
0.407284245515537   0.596246262311555   -0.0715789453474069   0.0426240636550618   0
0.463469525755265   0.573979525162919   0.0561852802397281   -0.0222667371486363   0
0.414903805521906   0.551977273779682   -0.0485657202333583   -0.0220022513832371   0
0.351565302010082   0.511075431259662   -0.0633385035118247   -0.0409018425200195   0
0.407977539785758   0.508008002232494   0.0564122377756765   -0.00306742902716806   0
0.404666894793187   0.554265582696147   -0.00331064499257172   0.046257580463653   0
0.47637306820659   0.576714391143918   0.071706173413403   0.0224488084477706   0
0.501387171533387   0.570661252055236   0.0250141033267973   -0.00605313908868166   0
0.420577501453846   0.531595685071371   -0.0808096700795407   -0.0390655669838658   0
0.51099450555051   0.542142132085535   0.0904170040966636   0.0105464470141646   0
0.459317811573381   0.559242921999242   -0.0516766939771288   0.0171007899137064   0
0.474182107152938   0.566116329513202   0.0148642955795566   0.00687340751396004   0
0.485157228520569   0.599306913153436   0.0109751213676317   0.0331905836402342   0
0.469351663141285   0.625854786685578   -0.0158055653792845   0.0265478735321418   0
0.567442299524806   0.605196336645803   0.0980906363835215   -0.020658450039775   0
0.478435959249469   0.606119848570809   -0.0890063402753369   0.000923511925005727   0
0.528449503920677   0.604418923680629   0.0500135446712079   -0.00170092489017959   0
0.510604845827143   0.620514542497998   -0.0178446580935347   0.0160956188173692   0
0.477306379022164   0.598655519674921   -0.0332984668049783   -0.0218590228230769   0
0.549005065126735   0.612240109910728   0.0716986861045702   0.0135845902358065   0
0.530413205096781   0.608292646747024   -0.0185918600299534   -0.00394746316370354   0
0.403033997758862   0.576976907390582   -0.12737920733792   -0.0313157393564423   0
0.453135361843633   0.568418338783373   0.0501013640847712   -0.00855856860720849   0
0.21004502518329   0.431890634764751   -0.243090336660343   -0.136527704018622   0
0.296833236862165   0.498025836104413   0.0867882116788754   0.0661352013396617   0
0.453303192344815   0.564992560414073   0.156469955482649   0.0669667243096599   0
0.446932731986772   0.55696788496241   -0.0063704603580424   -0.00802467545166341   0
0.384515503712464   0.576965506300203   -0.0624172282743081   0.0199976213377936   0
0.430536150581992   0.589284283928394   0.0460206468695282   0.0123187776281906   0
0.438965970800881   0.598306880857349   0.00842982021888877   0.00902259692895513   0
0.426299341233469   0.612397842596012   -0.0126666295674117   0.0140909617386631   0
0.476113982374011   0.630563775390127   0.0498146411405415   0.0181659327941147   0
0.396608964916944   0.579963267998285   -0.0795050174570666   -0.0506005073918421   0
0.440636279529066   0.572615109644777   0.0440273146121213   -0.00734815835350755   0
0.421417164109164   0.561252322270029   -0.0192191154199017   -0.0113627873747485   0
0.411831796692664   0.628486238661993   -0.00958536741650018   0.0672339163919646   0
0.299455265782721   0.819809780326662   -0.112376530909943   0.191323541664669   0
0.444644958545861   0.764396455316873   0.14518969276314   -0.0554133250097892   0
0.355496122265222   0.763181166647376   -0.0891488362806381   -0.00121528866949683   0
0.494196752060918   0.717351070074828   0.138700629795695   -0.0458300965725484   0
0.428084225219337   0.712743241894302   -0.0661125268415805   -0.00460782818052519   0
0.494430852233798   0.738967110547046   0.0663466270144613   0.0262238686527436   0
0.484572571448653   0.765577876734464   -0.00985828078514511   0.0266107661874179   0
0.494360273237606   0.72744858202728   0.00978770178895244   -0.0381292947071841   0
0.523063742817986   0.726701128056094   0.0287034695803802   -0.000747453971185585   0
0.501417498678786   0.708271871765002   -0.0216462441392001   -0.0184292562910918   0
0.53826476734425   0.703327918242444   0.0368472686654648   -0.00494395352255839   0
0.483324216944744   0.728988925648737   -0.0549405503995063   0.0256610074062932   0
0.564031596147849   0.705694544552741   0.0807073792031047   -0.0232943810959966   0
0.479839656693608   0.705727805416153   -0.0841919394542404   3.32608634128206e-05   0
0.537412936020533   0.698712864122667   0.057573279326925   -0.00701494129348679   0
0.472212345677038   0.676517276054537   -0.0652005903434958   -0.0221955880681299   0
0.450712994335819   0.695443379165407   -0.0214993513412186   0.0189261031108703   0
0.532795941461354   0.704572453356644   0.0820829471255345   0.00912907419123665   0
0.391871299913939   0.718499770908975   -0.140924641547415   0.0139273175523316   0
0.545162808236989   0.702871222125006   0.15329150832305   -0.0156285487839688   0
0.462175112445229   0.716745186039816   -0.08298769579176   0.0138739639148092   0
0.558270148584035   0.713122877729533   0.0960950361388057   -0.00362230831028298   0
