0.287536426763358   0.0578084674032706   0   0   0
0.234653152594057   0.0468090939483184   -0.0528832741693007   -0.0109993734549522   0
0.273531079539949   0.0723958004177383   0.0388779269458917   0.0255867064694199   0
0.295872951386233   0.0824612206146319   0.0223418718462835   0.0100654201968936   0
0.256864323677793   0.0622500557072441   -0.0390086277084397   -0.0202111649073878   0
0.271755894779506   0.0822468451303909   0.0148915711017131   0.0199967894231467   0
0.140349345302784   0.0566062886667639   -0.131406549476722   -0.025640556463627   0
0.18769861642184   0.0469531470034491   0.0473492711190559   -0.00965314166331478   0
0.134443272996643   0.0346750749330481   -0.0532553434251962   -0.012278072070401   0
0.167146624314283   0.0590010774513907   0.0327033513176394   0.0243260025183426   0
0.167347454732422   0.0613835899287831   0.000200830418139064   0.00238251247739241   0
0.15544982353898   0.0455383401070186   -0.011897631193442   -0.0158452498217645   0
0.102335869066911   0.0447486780963695   -0.0531139544720687   -0.00078966201064911   0
0.128479492541495   0.0467588482203369   0.0261436234745835   0.00201017012396736   0
0.0957936418117612   0.0461041189273258   -0.0326858507297335   -0.00065472929301108   0
0.147777414907895   0.0753497476234161   0.0519837730961333   0.0292456286960903   0
0.114921699196714   0.0884854469207605   -0.0328557157111806   0.0131356992973444   0
0.124705991388826   0.0654740054607697   0.00978429219211226   -0.0230114414599908   0
0.0545299238651587   0.055310697944272   -0.0701760675236675   -0.0101633075164976   0
0.104597802533562   0.054178035181566   0.0500678786684032   -0.00113266276270607   0
0.0519405179849027   0.0345163544950071   -0.0526572845486592   -0.0196616806865588   0
0.0973281731149311   0.0542563238873129   0.0453876551300284   0.0197399693923057   0
0.0824174949744288   0.0614670627831077   -0.0149106781405023   0.00721073889579478   0
0.109255678098331   0.0487201024206898   0.0268381831239021   -0.0127469603624179   0
0.0925677054170708   0.0711308468014581   -0.0166879726812601   0.0224107443807683   0
0.0670844916438964   0.0602836859595944   -0.0254832137731744   -0.0108471608418637   0
0.0653974760340948   0.0539482384482339   -0.00168701560980158   -0.00633544751136054   0
0.042105166877571   0.0627781335778032   -0.0232923091565238   0.00882989512956932   0
0.0644169231636811   0.0635391309368487   0.0223117562861102   0.000760997359045487   0
0.0686519647610474   0.0395595851586565   0.0042350415973663   -0.0239795457781921   0
0.0843867072690245   0.0396983568661538   0.015734742507977   0.000138771707497244   0
0.0714473427884173   0.0308102867057128   -0.0129393644806072   -0.00888807016044096   0
0.09907981678455   0.0641834995921265   0.0276324739961328   0.0333732128864137   0
0.0757868720322326   0.0496768148360805   -0.0232929447523174   -0.014506684756046   0
0.113139810216254   0.115524230944897   0.0373529381840215   0.065847416108817   0
0.119658246653208   0.150647282287136   0.00651843643695404   0.0351230513422384   0
0.136601995058711   0.171550658001507   0.0169437484055024   0.020903375714371   0
0.11901451498624   0.138275780499515   -0.0175874800724704   -0.0332748775019921   0
0.0983050212075151   0.160074245102046   -0.0207094937787251   0.0217984646025315   0
0.0940642413099686   0.152408534903036   -0.00424077989754654   -0.00766571019901013   0
0.124475131946265   0.1376995544227   0.0304108906362961   -0.0147089804803366   0
0.0770377641141018   0.131668156789142   -0.0474373678321628   -0.00603139763355787   0
0.130090459095546   0.1079555199863   0.0530526949814445   -0.0237126368028413   0
0.111168017827341   0.12328991069164   -0.0189224412682053   0.0153343907053394   0
0.121081723297945   0.144002038261477   0.00991370547060356   0.0207121275698377   0
0.110988414396504   0.140684532200816   -0.010093308901441   -0.0033175060606612   0
0.12555601380599   0.140946036569533   0.0145675994094866   0.000261504368716275   0
0.0937646794073867   0.165572967041694   -0.0317913343986035   0.0246269304721619   0
0.126508481792759   0.16603659790763   0.0327438023853726   0.000463630865935621   0
0.161000603805358   0.151092563665035   0.0344921220125992   -0.0149440342425955   0
0.145223083701593   0.164864633417275   -0.015777520103765   0.0137720697522406   0
0.18569321336064   0.168562138743172   0.0404701296590461   0.00369750532589727   0
0.145812411974564   0.18427857669032   -0.0398808013860754   0.0157164379471472   0
0.163179671615707   0.158591188217134   0.017367259641143   -0.0256873884731854   0
0.142714209303244   0.183525537262863   -0.0204654623124635   0.0249343490457287   0
0.19517827179407   0.171894246017202   0.0524640624908269   -0.0116312912456606   0
0.180686269447537   0.181245060756983   -0.014492002346533   0.00935081473978069   0
0.176690887325638   0.179381791154154   -0.0039953821218999   -0.00186326960282918   0
0.177465570789435   0.166119662952411   0.00077468346379761   -0.0132621282017433   0
0.120092218895681   0.119722537337754   -0.0573733518937544   -0.0463971256146562   0
0.254277683269551   0.127612975515942   0.13418546437387   0.00789043817818789   0
0.199006775496841   0.145678745521344   -0.05527090777271   0.0180657700054017   0
0.220409672797566   0.150739210506598   0.0214028973007249   0.00506046498525412   0
0.19982477756965   0.171870610377138   -0.020584895227916   0.0211313998705399   0
0.19346018847029   0.123521362421992   -0.00636458909936008   -0.0483492479551464   0
0.176829964535369   0.155171207374258   -0.0166302239349203   0.0316498449522664   0
0.231484023620379   0.166738421622447   0.0546540590850092   0.0115672142481893   0
0.193162176540047   0.201487100044544   -0.0383218470803313   0.0347486784220965   0
0.234859614077006   0.184764052423253   0.0416974375369583   -0.0167230476212911   0
0.190277424890947   0.193496336490572   -0.0445821891860585   0.00873228406731882   0
0.219281355346505   0.161670203319567   0.0290039304555575   -0.031826133171005   0
0.183954026071516   0.195472979849396   -0.0353273292749885   0.0338027765298297   0
0.253136147458102   0.170177986676009   0.0691821213865861   -0.025294993173387   0
0.200719870184444   0.180606429100572   -0.0524162772736582   0.0104284424245629   0
0.247751999571043   0.177478863290992   0.047032129386599   -0.00312756580958051   0
0.201571327733014   0.200163320269499   -0.0461806718380292   0.0226844569785073   0
0.217785959841882   0.160846863733366   0.0162146321088687   -0.039316456536133   0
0.176962058399928   0.175562504978597   -0.0408239014419542   0.0147156412452313   0
0.236799892152763   0.178958836769584   0.0598378337528344   0.00339633179098639   0
0.17414433177298   0.195152321588445   -0.0626555603797828   0.0161934848188617   0
0.240066377317295   0.18293447988299   0.0659220455443156   -0.0122178417054556   0
0.232527501054047   0.181841556618227   -0.00753887626324795   -0.00109292326476237   0
0.22291013072826   0.177295027660112   -0.0096173703257873   -0.00454652895811508   0
0.218691975621718   0.175476446421087   -0.00421815510654233   -0.00181858123902565   0
0.230671518333777   0.192974907142898   0.0119795427120592   0.017498460721811   0
0.224817811959062   0.190180715988274   -0.00585370637471527   -0.00279419115462382   0
0.216085651324817   0.194044872333205   -0.00873216063424465   0.00386415634493154   0
0.24817244008997   0.22499548350712   0.0320867887651534   0.0309506111739141   0
0.226968590157669   0.233145721423319   -0.0212038499323013   0.00815023791619973   0
0.224434950332518   0.262421701782646   -0.00253363982515079   0.0292759803593268   0
0.256532155931942   0.28127328214523   0.0320972055994232   0.0188515803625837   0
0.241248607771852   0.288263022995493   -0.0152835481600896   0.0069897408502631   0
0.247650974997253   0.281034158710734   0.00640236722540091   -0.00722886428475888   0
0.400993849156069   0.274350154851879   0.153342874158816   -0.00668400385885498   0
0.269908877835187   0.246445259681029   -0.131084971320882   -0.0279048951708496   0
0.260499074379238   0.295238577135933   -0.00940980345594872   0.0487933174549032   0
0.29473579041908   0.292078021657313   0.0342367160398418   -0.00316055547861926   0
0.266407384489544   0.285295353197787   -0.0283284059295358   -0.00678266845952641   0
0.313107202879158   0.266644062071519   0.0466998183896131   -0.0186512911262681   0
0.277017351653737   0.274060739051583   -0.036089851225421   0.00741667698006437   0
0.216712604316748   0.239246392771657   -0.0603047473369882   -0.0348143462799262   0
0.275845942978395   0.266836424817715   0.0591333386616467   0.0275900320460578   0
0.253379874483669   0.280589681019723   -0.0224660684947259   0.0137532562020083   0
0.252449765288938   0.260126444487099   -0.000930109194731077   -0.0204632365326238   0
0.321431278921327   0.242410188644166   0.0689815136323889   -0.0177162558429337   0
0.245813121130748   0.261949485470959   -0.0756181577905787   0.019539296826793   0
0.239293759953514   0.274369124035486   -0.00651936117723445   0.0124196385645275   0
0.269024169792679   0.274327046893849   0.0297304098391647   -4.20771416372312e-05   0
0.268214431471612   0.264384731237452   -0.000809738321066789   -0.00994231565639647   0
0.24460455796205   0.289948565659929   -0.0236098735095616   0.0255638344224762   0
0.277855094840386   0.291420484167637   0.0332505368783359   0.00147191850770834   0
0.263371445788434   0.294131837485761   -0.0144836490519522   0.00271135331812378   0
0.291795013550609   0.272209352359999   0.0284235677621749   -0.021922485125762   0
0.249512631713988   0.265028330246976   -0.0422823818366213   -0.00718102211302313   0
0.327145018290436   0.27699322083311   0.0776323865764488   0.0119648905861343   0
0.301427487076079   0.277185197318057   -0.025717531214357   0.000191976484946677   0
0.288805792760306   0.295367558875801   -0.0126216943157733   0.0181823615577447   0
0.32564526042453   0.281653176943293   0.0368394676642239   -0.0137143819325082   0
0.26885233841862   0.266060272903528   -0.0567929220059104   -0.0155929040397648   0
0.329233361765192   0.291381695379531   0.0603810233465727   0.025321422476003   0
0.400887699233638   0.284177855263214   0.0716543374684459   -0.00720384011631769   0
0.316008954936407   0.287859953641089   -0.0848787442972314   0.00368209837787548   0
0.332443336674462   0.321177983284191   0.0164343817380556   0.0333180296431018   0
0.371056608597139   0.302185964204577   0.0386132719226761   -0.0189920190796137   0
0.327070350982997   0.285616304782308   -0.0439862576141414   -0.0165696594222696   0
0.333990102170543   0.305177099149412   0.00691975118754623   0.0195607943671043   0
0.327880230213244   0.330257887863787   -0.00610987195729917   0.0250807887143755   0
0.329783436929449   0.315261756238764   0.00190320671620503   -0.0149961316250232   0
0.40157551648228   0.302694603586684   0.0717920795528309   -0.0125671526520798   0
0.339609434927178   0.3184910904892   -0.0619660815551024   0.0157964869025159   0
0.387579032877115   0.317293881675963   0.0479695979499375   -0.00119720881323737   0
0.323658009871401   0.286284014683845   -0.0639210230057147   -0.0310098669921181   0
0.348528157429913   0.285710598283473   0.0248701475585121   -0.000573416400372118   0
0.360138517203645   0.275368764834994   0.0116103597737322   -0.0103418334484792   0
0.351978051607426   0.286710954038209   -0.00816046559621864   0.0113421892032154   0
0.37490788827476   0.298116676932875   0.0229298366673339   0.0114057228946657   0
0.403738687255309   0.319445248861601   0.0288307989805487   0.0213285719287259   0
0.3534041864755   0.290523220411467   -0.0503345007798088   -0.0289220284501334   0
0.408035641576333   0.312125245955049   0.0546314551008334   0.021602025543582   0
0.386436645918089   0.32161031357413   -0.0215989956582446   0.00948506761908036   0
0.39020738216492   0.326583211828548   0.00377073624683127   0.00497289825441799   0
0.425269201365547   0.325165298021253   0.0350618192006267   -0.00141791380729506   0
0.392293427244537   0.357868149557208   -0.0329757741210098   0.0327028515359551   0
0.385622377421552   0.322787792079409   -0.006671049822985   -0.0350803574777983   0
0.395926958472494   0.372428583006528   0.0103045810509421   0.0496407909271182   0
0.447646564656136   0.363945570957046   0.0517196061836417   -0.00848301204948182   0
0.39943342498464   0.366891671237233   -0.0482131396714959   0.00294610028018744   0
0.423754491953643   0.395872922860354   0.0243210669690029   0.0289812516231212   0
0.429786710088853   0.39573050100226   0.00603221813521038   -0.000142421858093933   0
0.387230817973004   0.383772822997539   -0.0425558921158495   -0.0119576780047219   0
0.446593448074152   0.420463471955056   0.0593626301011479   0.0366906489575173   0
0.425886151295261   0.428147902772512   -0.0207072967788905   0.00768443081745573   0
0.461665029939035   0.440971873559698   0.0357788786437738   0.0128239707871861   0
0.43839738118497   0.436397090046153   -0.0232676487540648   -0.00457478351354479   0
0.46003479773753   0.431671644576639   0.0216374165525596   -0.00472544546951398   0
0.451793692426366   0.404785588489141   -0.00824110531116357   -0.0268860560874981   0
0.444485944531433   0.405988293630802   -0.00730774789493338   0.00120270514166088   0
0.463298323638064   0.378203229702299   0.0188123791066309   -0.0277850639285026   0
0.451470120975681   0.426722644448358   -0.0118282026623827   0.0485194147460593   0
0.519750040533534   0.420770180242137   0.0682799195578527   -0.00595246420622181   0
0.490136144109991   0.420132713073203   -0.0296138964235425   -0.000637467168933925   0
0.520877260551121   0.411721824375391   0.0307411164411294   -0.00841088869781198   0
0.492852388721015   0.416542485947712   -0.028024871830106   0.00482066157232153   0
0.529149268000335   0.426486293539429   0.0362968792793202   0.00994380759171687   0
0.53453518138753   0.407701055584542   0.00538591338719563   -0.0187852379548868   0
0.511767033436753   0.428981888933262   -0.0227681479507778   0.0212808333487202   0
0.552459111599447   0.414091780638967   0.040692078162694   -0.0148901082942959   0
0.509016752762117   0.42151456622755   -0.0434423588373298   0.00742278558858389   0
0.542693535142524   0.422064748123437   0.0336767823804072   0.000550181895886181   0
0.552820955910691   0.429356359740077   0.0101274207681668   0.00729161161663988   0
0.531378720715272   0.444536509805719   -0.0214422351954188   0.0151801500656424   0
0.546700736738337   0.415763728119109   0.0153220160230645   -0.0287727816866103   0
0.516519953929721   0.426857795387117   -0.030180782808615   0.0110940672680085   0
0.534036403080202   0.392970408189026   0.0175164491504807   -0.0338873871980907   0
0.52060622052681   0.414259741796738   -0.0134301825533917   0.0212893336077116   0
0.569936502374396   0.413930414957031   0.0493302818475856   -0.000329326839706823   0
0.570427503017903   0.417121337134352   0.000491000643507156   0.00319092217732114   0
0.580753692168169   0.413331987905606   0.0103261891502654   -0.00378934922874635   0
0.558312756186181   0.416757087676683   -0.0224409359819876   0.00342509977107652   0
0.5712601089868   0.43417012319395   0.0129473528006185   0.0174130355172679   0
0.585114822983865   0.418041086971424   0.0138547139970656   -0.016129036222526   0
0.61697377581052   0.420716399141096   0.0318589528266549   0.0026753121696716   0
0.621248522309261   0.444612848260709   0.0042747464987406   0.0238964491196127   0
0.623142270341083   0.462438473251848   0.00189374803182285   0.0178256249911393   0
0.627997444483057   0.455963641731443   0.00485517414197334   -0.00647483152040462   0
0.62013891847969   0.459140911371716   -0.00785852600336656   0.00317726964027276   0
0.626580742617621   0.426014530094338   0.00644182413793115   -0.0331263812773777   0
0.667555500917257   0.438392554557556   0.0409747582996357   0.0123780244632179   0
0.659354136701432   0.438960144004555   -0.00820136421582562   0.000567589446999084   0
0.641675058506749   0.437328847737604   -0.0176790781946823   -0.00163129626695185   0
0.662929308508539   0.442989172156894   0.0212542500017899   0.00566032441929015   0
0.586121051317183   0.40335456412101   -0.0768082571913561   -0.0396346080358836   0
0.603185404242974   0.431436114422808   0.017064352925791   0.0280815503017977   0
0.695586016458784   0.404473119382178   0.0924006122158101   -0.0269629950406293   0
0.645028447411461   0.419870662622432   -0.050557569047323   0.0153975432402534   0
0.680129028148196   0.415802232334075   0.0351005807367352   -0.00406843028835691   0
0.65736809510676   0.424606450109098   -0.0227609330414366   0.00880421777502322   0
0.592433309615732   0.427316874026173   -0.0649347854910276   0.0027104239170746   0
0.697012230950074   0.398738190151445   0.104578921334342   -0.0285786838747277   0
0.662202082554744   0.409384563422951   -0.0348101483953305   0.0106463732715057   0
0.650394055127666   0.442793782097265   -0.0118080274270775   0.0334092186743139   0
0.715320731456876   0.433519485068722   0.0649266763292095   -0.0092742970285426   0
0.684906066747842   0.45865019521908   -0.0304146647090334   0.0251307101503576   0
0.660160289503996   0.474487971140734   -0.0247457772438463   0.0158377759216541   0
0.626323902735637   0.426232365441082   -0.033836386768359   -0.0482556056996519   0
0.656803128817913   0.404135558593277   0.0304792260822758   -0.022096806847805   0
0.730735192874272   0.419584969384629   0.0739320640563593   0.015449410791352   0
0.667080374150102   0.478702196591994   -0.0636548187241704   0.059117227207365   0
0.702490419583072   0.514145264593091   0.0354100454329697   0.0354430680010974   0
0.603192129576008   0.462550598144949   -0.0992982900070634   -0.0515946664481425   0
0.684163114444129   0.485270078871035   0.0809709848681205   0.0227194807260857   0
0.692024562467432   0.492717870685395   0.00786144802330291   0.00744779181436084   0
0.692585968399592   0.492331468651964   0.00056140593215992   -0.00038640203343121   0
0.696134565558269   0.485577747664831   0.0035485971586775   -0.00675372098713345   0
0.688892160467689   0.523890375753602   -0.00724240509058005   0.038312628088771   0
0.724455813279871   0.517376164912919   0.0355636528121824   -0.0065142108406826   0
0.608506652330285   0.551150200098621   -0.115949160949587   0.033774035185702   0
0.677883974823126   0.55121975552655   0.0693773224928409   6.9555427929413e-05   0
0.652462532848868   0.575454243531577   -0.0254214419742577   0.0242344880050269   0
0.678301113852837   0.573614959515745   0.0258385810039695   -0.00183928401583222   0
0.654173358043638   0.607628228701358   -0.0241277558091993   0.0340132691856131   0
0.677203507413392   0.571760720713219   0.0230301493697539   -0.0358675079881389   0
0.660013076486337   0.594712701005284   -0.0171904309270545   0.0229519802920644   0
0.690529167404969   0.615646781899532   0.0305160909186317   0.0209340808942483   0
0.681698930995201   0.66897106157236   -0.00883023640976788   0.0533242796728277   0
0.682940006192345   0.661910170802088   0.00124107519714356   -0.00706089077027128   0
0.671980038025684   0.675060378818814   -0.0109599681666607   0.0131502080167252   0
0.659973067015617   0.619372892283397   -0.0120069710100672   -0.055687486535417   0
0.675612181650834   0.640139540227363   0.0156391146352174   0.0207666479439667   0
0.692585367334598   0.63663552634337   0.0169731856837637   -0.00350401388399313   0
0.719375951260535   0.655191295475604   0.0267905839259373   0.0185557691322337   0
0.727054936572196   0.682680718030032   0.00767898531166067   0.0274894225544281   0
0.80355562201132   0.677841869416828   0.0765006854391245   -0.00483884861320394   0
0.704659831813195   0.709751509018649   -0.0988957901981257   0.0319096396018214   0
0.831177223730896   0.65826870305294   0.126517391917701   -0.0514828059657091   0
0.770369706902472   0.616716585013124   -0.0608075168284244   -0.0415521180398161   0
0.681645222107248   0.695831853092038   -0.0887244847952231   0.0791152680789141   0
0.742469909525235   0.734159282748812   0.0608246874179862   0.0383274296567737   0
0.758014695225627   0.754779841825582   0.0155447857003922   0.0206205590767697   0
0.71974884547667   0.761473147425108   -0.0382658497489564   0.00669330559952608   0
0.808804590804231   0.738500423987861   0.089055745327561   -0.0229727234372471   0
0.769953730844913   0.799120484831918   -0.0388508599593188   0.0606200608440575   0
0.78252549090429   0.802683367255265   0.0125717600593773   0.00356288242334646   0
0.849157346734397   0.787750236411421   0.0666318558301067   -0.0149331308438435   0
0.790109359473004   0.797005262026074   -0.059047987261393   0.00925502561465241   0
