0.122842391486001   0.0662498802817409   0   0   0
0.134538661854911   0.046683631733296   0.0116962703689094   -0.0195662485484449   0
0.116290511391171   0.0512311408020551   -0.01824815046374   0.00454750906875916   0
0.121605083045159   0.0551381474821425   0.00531457165398823   0.00390700668008738   0
0.161451699807249   0.0316773528851844   0.0398466167620899   -0.0234607945969581   0
0.146419463025173   0.045299192800093   -0.0150322367820759   0.0136218399149086   0
0.124695868633648   0.0386852816729115   -0.021723594391525   -0.00661391112718156   0
0.141227522382183   0.0563777527950742   0.016531653748535   0.0176924711221628   0
0.115564695247987   0.027063862310729   -0.0256628271341965   -0.0293138904843452   0
0.154843605241837   0.0731745613745651   0.0392789099938509   0.0461106990638361   0
0.111449462075777   0.0354012459987639   -0.0433941431660607   -0.0377733153758012   0
0.110980566868889   0.061365643199432   -0.00046889520688749   0.0259643972006681   0
0.0880030549885059   0.0387584774657429   -0.0229775118803833   -0.0226071657336891   0
0.151379434433644   0.0709980890496533   0.0633763794451383   0.0322396115839104   0
0.115596848020264   0.0435555142939445   -0.0357825864133803   -0.0274425747557088   0
0.121657762379431   0.0574018685754436   0.00606091435916664   0.0138463542814991   0
0.0917712898257402   0.0185586320662037   -0.0298864725536904   -0.0388432365092399   0
0.159954206056796   0.0687646125032345   0.068182916231056   0.0502059804370308   0
0.0772196570884642   0.0203392469174746   -0.082734548968332   -0.0484253655857599   0
0.184433904057795   0.0597602986221622   0.107214246969331   0.0394210517046876   0
0.0645388127949376   0.0215865287197826   -0.119895091262858   -0.0381737699023796   0
0.154983855579251   0.0464136271897058   0.090445042784313   0.0248270984699232   0
0.0818653863827686   0.0323362925485529   -0.0731184691964819   -0.0140773346411529   0
0.116621703368327   0.0248813939089111   0.0347563169855582   -0.0074548986396418   0
0.077550398325734   0.0438980778727554   -0.0390713050425928   0.0190166839638443   0
0.117999649112402   0.0346759947492138   0.0404492507866681   -0.00922208312354168   0
0.130339405242782   0.0275360255511684   0.0123397561303798   -0.00713996919804534   0
0.10389838200817   0.0594000915484353   -0.026441023234612   0.0318640659972669   0
0.185553601534678   0.0370748547092568   0.081655219526508   -0.0223252368391786   0
0.00875124030746499   0.0833822148550876   -0.176802361227213   0.0463073601458309   0
0.202192717708213   0.0464543456733059   0.193441477400748   -0.0369278691817817   0
0.0799818481861078   0.0929938825240671   -0.122210869522105   0.0465395368507612   0
0.211717583961111   0.0601686979739881   0.131735735775003   -0.032825184550079   0
0.103757194382317   0.0568964660538113   -0.107960389578793   -0.00327223192017681   0
0.196531408640171   0.0538958934031852   0.0927742142578539   -0.0030005726506261   0
0.107171792390582   0.0372767721701464   -0.0893596162495894   -0.0166191212330388   0
0.166078232838684   0.0572390667763067   0.0589064404481016   0.0199622946061603   0
0.123025560847084   0.0539103193246432   -0.0430526719915995   -0.00332874745166351   0
0.137845381443304   0.0622506164897385   0.0148198205962199   0.00834029716509526   0
0.152323663999557   0.0599895628194322   0.0144782825562532   -0.0022610536703063   0
0.0689408562732579   0.114161909845184   -0.0833828077262994   0.0541723470257522   0
0.162915693855227   0.0696005847015569   0.093974837581969   -0.0445613251436274   0
0.0726401201040444   0.0853542547566464   -0.0902755737511824   0.0157536700550895   0
0.215247429822054   0.0753024620395309   0.142607309718009   -0.0100517927171155   0
0.0767743444696209   0.087405176814048   -0.138473085352433   0.0121027147745171   0
0.222475281550661   0.0796241179374221   0.145700937081041   -0.00778105887662597   0
0.0988070199033955   0.0830342267993898   -0.123668261647266   0.00341010886196771   0
0.175706511946086   0.0796126991846533   0.0768994920426903   -0.00342152761473645   0
0.116148459187369   0.0758212871073322   -0.0595580527587165   -0.00379141207732113   0
0.253323588602029   0.0775177336638527   0.13717512941466   0.00169644655652049   0
0.114424861666558   0.0788471370823951   -0.138898726935471   0.00132940341854237   0
0.256747848096857   0.0831847351637907   0.142322986430299   0.00433759808139565   0
0.16972553803715   0.0770325809359585   -0.0870223100597075   -0.0061521542278322   0
0.189309485007936   0.0840211738330434   0.0195839469707863   0.00698859289708491   0
0.159813381184156   0.0891652100247064   -0.02949610382378   0.00514403619166298   0
0.169433110846641   0.100455248388972   0.00961972966248442   0.0112900383642653   0
0.184159225907827   0.0986142556401076   0.0147261150611862   -0.00184099274886407   0
0.151212351781493   0.105392882683427   -0.0329468741263338   0.00677862704331886   0
0.212048978967722   0.110130488916841   0.0608366271862294   0.00473760623341479   0
0.169629581174275   0.119596698223655   -0.0424193977934473   0.00946620930681369   0
0.232139255210902   0.112320233049627   0.0625096740366273   -0.00727646517402808   0
0.173166934704124   0.151170002214394   -0.058972320506778   0.0388497691647675   0
0.253297419729554   0.125210729456385   0.0801304850254298   -0.0259592727580095   0
0.14578371686543   0.136228920769417   -0.107513702864124   0.0110181913130318   0
0.255479215279228   0.148374251258439   0.109695498413797   0.0121453304890227   0
0.160022903066842   0.158664661974556   -0.0954563122123855   0.0102904107161163   0
0.24644519714965   0.144713680288009   0.086422294082808   -0.0139509816865469   0
0.163248731398961   0.158880710592885   -0.0831964657506896   0.014167030304876   0
0.284556148032616   0.153701400701165   0.121307416633655   -0.00517930989172   0
0.215360259130351   0.18133894805998   -0.0691958889022645   0.0276375473588149   0
0.271643569495948   0.164067926099223   0.0562833103655968   -0.0172710219607569   0
0.213331515060973   0.168149810851068   -0.0583120544349755   0.00408188475184548   0
0.274017899771621   0.193730083310517   0.0606863847106481   0.0255802724594492   0
0.265689339388184   0.203846369615085   -0.00832856038343682   0.010116286304568   0
0.242622304534476   0.20469059243038   -0.023067034853708   0.000844222815294782   0
0.264867333349597   0.193243798597135   0.0222450288151208   -0.0114467938332453   0
0.229768682132835   0.189382333158349   -0.0350986512167613   -0.00386146543878552   0
0.289121935559203   0.193386171256918   0.0593532534263676   0.00400383809856869   0
0.239761746371294   0.21720431808035   -0.0493601891879095   0.0238181468234323   0
0.374168976307296   0.21670764754099   0.134407229936003   -0.0004966705393602   0
0.217256920167461   0.223742820580907   -0.156912056139835   0.00703517303991702   0
0.367382025779229   0.222967332070194   0.150125105611768   -0.00077548851071349   0
0.263884822925704   0.238820947250236   -0.103497202853525   0.0158536151800423   0
0.420991084043938   0.235439034369834   0.157106261118234   -0.00338191288040168   0
0.295456355065482   0.211279516982835   -0.125534728978456   -0.0241595173869994   0
0.405268184255031   0.218753738000634   0.10981182918955   0.00747422101779907   0
0.292298646002765   0.226720801220907   -0.112969538252266   0.00796706322027302   0
0.358759684607468   0.219148370093756   0.0664610386047027   -0.00757243112715061   0
0.268681185873928   0.218614913199557   -0.0900784987335406   -0.000533456894198953   0
0.361211170533941   0.22104316301743   0.0925299846600137   0.00242824981787235   0
0.275445051807688   0.238060967571335   -0.0857661187262532   0.0170178045539048   0
0.350776656643013   0.256601989377031   0.0753316048353245   0.0185410218056966   0
0.361397365971143   0.251690606448175   0.01062070932813   -0.00491138292885634   0
0.346308592943077   0.251760136535751   -0.0150887730280652   6.95300875762084e-05   0
0.408486754814951   0.250086379139788   0.0621781618718737   -0.00167375739596259   0
0.298700674306622   0.275097186633197   -0.109786080508329   0.0250108074934085   0
0.404707809875236   0.2624525915375   0.106007135568613   -0.0126445950956965   0
0.319034438707716   0.261363571732462   -0.0856733711675194   -0.00108901980503801   0
0.428455813390538   0.26709204152127   0.109421374682822   0.00572846978880798   0
0.300403289186004   0.286399032080243   -0.128052524204534   0.0193069905589725   0
0.456245641967888   0.307553808653868   0.155842352781884   0.0211547765736251   0
0.374192776883253   0.331563782808452   -0.0820528650846347   0.0240099741545836   0
0.508981387424894   0.325476723865548   0.134788610541641   -0.00608705894290384   0
0.393644662814892   0.302138417478645   -0.115336724610002   -0.0233383063869027   0
0.47247630350134   0.346746415792218   0.0788316406864477   0.0446079983135734   0
0.493431132969546   0.347480884907717   0.0209548294682065   0.000734469115498515   0
0.503564911926169   0.358385473530945   0.0101337789566225   0.0109045886232285   0
0.495140281468808   0.394397692630484   -0.00842463045736108   0.0360122190995388   0
0.484760261981091   0.351709190769164   -0.0103800194877162   -0.0426885018613206   0
0.507926605823253   0.316319397406324   0.0231663438421613   -0.0353897933628396   0
0.511586032870035   0.336813115710701   0.00365942704678179   0.0204937183043768   0
0.597586802107284   0.402539089681362   0.0860007692372493   0.0657259739706615   0
0.527433802131841   0.435771603866922   -0.0701529999754428   0.0332325141855601   0
0.637972501492304   0.436358780461961   0.110538699360463   0.000587176595038652   0
0.502059542706473   0.471110668218466   -0.135912958785831   0.0347518877565053   0
0.644405914778263   0.418313433147323   0.14234637207179   -0.0527972350711433   0
0.464383612284887   0.408920171962084   -0.180022302493376   -0.00939326118523959   0
0.62987624330454   0.441753135610264   0.165492631019653   0.0328329636481801   0
0.466588183608083   0.480377037884306   -0.163288059696457   0.0386239022740424   0
0.589180824546285   0.410266838907619   0.122592640938202   -0.0701101989766873   0
0.436164406660264   0.389407159993881   -0.153016417886021   -0.0208596789137377   0
0.635657532220267   0.378614040961571   0.199493125560003   -0.0107931190323102   0
0.51473718650423   0.401828309574189   -0.120920345716038   0.0232142686126179   0
0.660309811177487   0.402174427705504   0.145572624673258   0.000346118131315742   0
0.533672355004885   0.445078699452692   -0.126637456172602   0.0429042717471879   0
0.676884990764871   0.490696885327898   0.143212635759986   0.0456181858752054   0
0.593715546770472   0.49525026994768   -0.0831694439943998   0.00455338461978233   0
0.584575902931595   0.508451236721379   -0.00913964383887611   0.0132009667736992   0
0.687968735714104   0.552700957398076   0.103392832782508   0.0442497206766969   0
0.609219082195198   0.537199630235586   -0.0787496535189054   -0.0155013271624904   0
0.778467446403669   0.598966505883676   0.169248364208471   0.0617668756480906   0
0.674384179341301   0.64342896136248   -0.104083267062368   0.0444624554788039   0
0.829974742929452   0.617160124877855   0.155590563588151   -0.0262688364846249   0
0.654928036375555   0.558799546583567   -0.175046706553897   -0.0583605782942884   0
0.804445047485346   0.51063785438092   0.149517011109791   -0.0481616922026465   0
0.707483063165473   0.612960046327858   -0.096961984319873   0.102322191946938   0
0.896128951612568   0.668238820252722   0.188645888447095   0.0552787739248641   0
0.781092989177607   0.672114754359328   -0.115035962434961   0.00387593410660592   0
0.951517484108416   0.702734244681622   0.170424494930809   0.0306194903222941   0
0.813507370766756   0.690255360932641   -0.13801011334166   -0.0124788837489815   0
1.00203205811246   0.749304128354602   0.188524687345703   0.0590487674219614   0
0.881556161984045   0.734293540759075   -0.120475896128414   -0.0150105875955266   0
1.02292641389897   0.773537910201885   0.141370251914927   0.03924436944281   0
0.825351415008934   0.776919250726226   -0.197574998890037   0.00338134052434036   0
1.01603772175992   0.763897026723825   0.190686306750981   -0.0130222240024008   0
0.88179310010499   0.727344582179932   -0.134244621654925   -0.0365524445438928   0
0.948749422953253   0.72265308036187   0.0669563228482621   -0.00469150181806155   0
0.899486274650369   0.765507177798648   -0.0492631483028831   0.042854097436777   0
1.12497357107712   0.806154761722276   0.225487296426751   0.0406475839236287   0
1.02068825393532   0.76227385677852   -0.104285317141802   -0.043880904943756   0
1.068451595336   0.734339220189995   0.0477633414006844   -0.0279346365885251   0
0.973938901611503   0.727298479608097   -0.0945126937245006   -0.00704074058189774   0
1.07466652156141   0.723257924008095   0.100727619949907   -0.00404055560000194   0
0.981532506104816   0.724475194694235   -0.0931340154565942   0.00121727068613975   0
1.04291471345948   0.761694699188264   0.06138220735466   0.0372195044940289   0
1.04964113638798   0.784986483455129   0.00672642292850423   0.0232917842668652   0
1.02221289524619   0.831694787978288   -0.0274282411417892   0.0467083045231591   0
1.09119435312598   0.821739999655609   0.0689814578797867   -0.00995478832267949   0
0.99527084679243   0.80234678938178   -0.0959235063335476   -0.0193932102738291   0
1.1040150486636   0.791767212929406   0.108744201871174   -0.0105795764523733   0
0.904432096182793   0.842604815275227   -0.199582952480811   0.050837602345821   0
1.17448437789323   0.860926655289085   0.270052281710439   0.0183218400138571   0
0.992180441717342   0.866261749054522   -0.182303936175889   0.00533509376543762   0
1.14775997465528   0.816867666441297   0.155579532937934   -0.0493940826132252   0
0.937562302877627   0.843419962354016   -0.210197671777649   0.0265522959127192   0
1.18780652837046   0.829775671323882   0.250244225492835   -0.0136442910301338   0
1.02515032641583   0.850256946545572   -0.162656201954628   0.0204812752216897   0
1.21635923470887   0.863718775646333   0.191208908293033   0.0134618291007604   0
1.08618265107838   0.89996330525972   -0.130176583630491   0.0362445296133874   0
1.1971741034534   0.888925482679088   0.110991452375023   -0.0110378225806318   0
1.02472851913808   0.920963711195506   -0.172445584315315   0.0320382285164181   0
1.24195485646077   0.913454617988765   0.217226337322685   -0.00750909320674165   0
1.11074948562095   0.940113910673063   -0.131205370839817   0.0266592926842985   0
1.20467888946509   0.890843240672707   0.0939294038441409   -0.0492706700003565   0
1.12764144856424   0.949514341375237   -0.0770374409008561   0.0586711007025302   0
1.24859239593233   0.960563420891093   0.120950947368095   0.0110490795158565   0
1.09370875007195   0.972992702992808   -0.154883645860385   0.0124292821017142   0
1.2183206437936   0.957965284248339   0.124611893721648   -0.0150274187444691   0
1.12339810330783   0.972747105495694   -0.0949225404857694   0.0147818212473549   0
1.24307549911286   0.950702028154589   0.119677395805036   -0.0220450773411041   0
1.18568758877706   0.952275449887794   -0.0573879103357968   0.00157342173320441   0
1.24165152036684   0.94571606925176   0.0559639315897729   -0.00655938063603356   0
1.1711073018856   0.94543550634139   -0.0705442184812333   -0.000280562910370374   0
1.28532979726198   0.883924538283812   0.114222495376373   -0.0615109680575781   0
1.17267697829037   0.907090998525644   -0.112652818971604   0.0231664602418321   0
1.32166560934294   0.935474258187926   0.148988631052569   0.0283832596622817   0
1.24047033896565   0.967910910118281   -0.0811952703772909   0.0324366519303557   0
1.37311159680463   0.954182915610131   0.132641257838981   -0.0137279945081507   0
1.1841160174098   0.950696535898286   -0.18899557939483   -0.00348637971184529   0
