0.406345600428515   0.274205794871753   0   0   0
0.387455714178227   0.273048466574842   -0.0188898862502874   -0.0011573282969114   0
0.425610809909723   0.267001568941313   0.0381550957314954   -0.00604689763352922   0
0.515706025748323   0.213215993577546   0.0900952158386005   -0.0537855753637669   0
0.814319946099791   0.256042893436083   0.298613920351468   0.0428268998585371   0
0.771909603921428   0.371131010300345   -0.0424103421783624   0.115088116864263   0
0.678115854762593   0.339221065739677   -0.093793749158835   -0.0319099445606679   0
0.572475248029598   0.194472641447207   -0.105640606732995   -0.14474842429247   0
0.423178531371893   0.184158456856793   -0.149296716657706   -0.0103141845904137   0
0.478762400655683   0.149850544516069   0.0555838692837898   -0.0343079123407238   0
0.545916122081076   0.167346036027149   0.0671537214253931   0.01749549151108   0
0.516322561481764   0.297078413430697   -0.0295935605993117   0.129732377403547   0
0.514670636654162   0.699740885099799   -0.00165192482760246   0.402662471669102   1
0.485296286419173   0.406051578906144   -0.0293743502349886   -0.293689306193655   1
0.378791133784955   0.269927408144838   -0.106505152634218   -0.136124170761306   0
0.203168178076612   0.260759110086211   -0.175622955708343   -0.00916829805862751   0
0.102476830493239   0.166805064947299   -0.100691347583373   -0.0939540451389121   0
0.160612659614397   0.0759641352995774   0.0581358291211577   -0.0908409296477211   0
0.10710565581266   0.0614670795161607   -0.0535070038017365   -0.0144970557834167   0
0.14678490695872   0.0437390697325915   0.0396792511460597   -0.0177280097835692   0
0.0673236924466417   0.0738515599643806   -0.079461214512078   0.0301124902317891   0
0.099743024151316   0.0550965960773894   0.0324193317046743   -0.0187549638869912   0
0.122889779266829   0.0488689796699553   0.0231467551155132   -0.00622761640743415   0
0.159217838951356   0.0439613922845376   0.036328059684527   -0.00490758738541767   0
0.137190469443617   0.068255305946223   -0.0220273695077392   0.0242939136616854   0
0.159445751939335   0.0679534560346271   0.0222552824957182   -0.000301849911595861   0
0.132261910487676   0.123999895704351   -0.0271838414516592   0.0560464396697242   0
0.143897752789333   0.111627950949538   0.0116358423016571   -0.0123719447548131   0
0.165552880997644   0.129471698141418   0.0216551282083108   0.01784374719188   0
0.137648164757253   0.129351441450221   -0.0279047162403903   -0.000120256691196974   0
0.164899628053462   0.151125230784083   0.0272514632962082   0.0217737893338623   0
0.157337651190203   0.151082862641913   -0.00756197686325866   -4.23681421709843e-05   0
0.172747960014728   0.164044579261469   0.0154103088245248   0.0129617166195568   0
0.193448370592627   0.185718696718667   0.0207004105778996   0.0216741174571977   0
0.195569452617862   0.189164389771371   0.0021210820252342   0.00344569305270354   0
0.209867907520388   0.221189461278333   0.0142984549025263   0.0320250715069621   0
0.194759730962461   0.203466679064343   -0.0151081765579274   -0.0177227822139893   0
0.185848622458396   0.212949778593006   -0.00891110850406404   0.00948309952866297   0
0.210475456128262   0.207403049955877   0.0246268336698656   -0.00554672863712935   0
0.246184205794726   0.23320455892467   0.0357087496664639   0.0258015089687933   0
0.208880024666171   0.190643674747951   -0.0373041811285555   -0.0425608841767193   0
0.189745113579374   0.215494130417722   -0.0191349110867964   0.0248504556697712   0
0.172613534530924   0.203414615135958   -0.0171315790484498   -0.0120795152817639   0
0.157242186807639   0.193897470722261   -0.0153713477232854   -0.00951714441369683   0
0.180538451137135   0.209335566580443   0.0232962643294959   0.0154380958581812   0
0.188259686126903   0.223919937731795   0.00772123498976818   0.0145843711513523   0
0.150100105797228   0.201691601510797   -0.0381595803296754   -0.0222283362209977   0
0.158612029760182   0.217700423850506   0.00851192396295455   0.0160088223397089   0
0.229135982899862   0.231486066561791   0.0705239531396794   0.0137856427112851   0
0.20240649753261   0.2077387868778   -0.0267294853672516   -0.0237472796839912   0
0.205427386087956   0.185225546759889   0.0030208885553458   -0.0225132401179105   0
0.240079847387177   0.236233172470782   0.0346524612992209   0.0510076257108921   0
0.24414109247683   0.235108654309029   0.00406124508965328   -0.00112451816175252   0
0.216873492283451   0.241664809946008   -0.027267600193379   0.00655615563697912   0
0.199462747569178   0.229829383412   -0.0174107447142729   -0.0118354265340083   0
0.223289170971478   0.246946392411066   0.0238264234023002   0.0171170089990658   0
0.236812843918927   0.266729183714475   0.0135236729474487   0.0197827913034096   0
0.215975604833648   0.258991277390263   -0.020837239085279   -0.00773790632421201   0
0.250084648688559   0.263895948383075   0.0341090438549112   0.00490467099281167   0
0.339779926568323   0.314599437429789   0.0896952778797638   0.0507034890467146   0
0.312633830241802   0.287115007729464   -0.0271460963265207   -0.0274844297003258   0
0.342925785715656   0.321470697166025   0.0302919554738537   0.0343556894365611   0
0.322522268619843   0.312595298639955   -0.0204035170958132   -0.00887539852607   0
0.365408754960178   0.334206746588096   0.0428864863403355   0.0216114479481415   0
0.343914120543865   0.31967895858378   -0.0214946344163134   -0.0145277880043165   0
0.354621121387785   0.330250332952327   0.01070700084392   0.0105713743685467   0
0.367782214664878   0.346214510300785   0.0131610932770933   0.0159641773484587   0
0.358811072425657   0.351700167793424   -0.00897114223922119   0.00548565749263863   0
0.564970290486933   0.43333760073068   0.206159218061277   0.0816374329372564   0
0.444233532366716   0.36963265963416   -0.120736758120218   -0.0637049410965206   0
0.425608815480436   0.377691858955763   -0.0186247168862795   0.00805919932160343   0
0.412527093945937   0.381555446702668   -0.0130817215344993   0.00386358774690487   0
0.411182483294036   0.377766972739892   -0.00134461065190128   -0.0037884739627756   0
0.406529880259557   0.378503956814275   -0.00465260303447845   0.000736984074382552   0
0.505888261773803   0.444919463881105   0.099358381514246   0.0664155070668301   0
0.621269234839808   0.44013975575499   0.115380973066004   -0.00477970812611483   0
0.525593126347567   0.396373028731774   -0.0956761084922401   -0.0437667270232159   0
0.523016779800897   0.411019475121313   -0.00257634654667049   0.0146464463895391   0
0.515926395477088   0.408185209253888   -0.00709038432380948   -0.0028342658674258   0
0.510394773951821   0.413108313224211   -0.00553162152526698   0.00492310397032297   0
0.497591531173311   0.420008736325059   -0.0128032427785097   0.00690042310084793   0
0.49625631186129   0.418539937203381   -0.0013352193120208   -0.0014687991216778   0
0.520688293864122   0.418809253538496   0.0244319820028317   0.000269316335115621   0
0.477866794284987   0.415459871245214   -0.0428214995791349   -0.00334938229328208   0
0.530980034110144   0.446277852170215   0.0531132398251575   0.0308179809250004   0
0.525665739427062   0.44489177793566   -0.00531429468308231   -0.00138607423455495   0
0.537489194143659   0.468812754236169   0.0118234547165968   0.0239209763005092   0
0.537812896123122   0.467463470425768   0.000323701979463076   -0.00134928381040145   0
0.538184053414229   0.467293051952683   0.00037115729110726   -0.000170418473084966   0
0.536500218688436   0.466943313261835   -0.00168383472579281   -0.000349738690847701   0
0.570755447042356   0.484188538768476   0.0342552283539198   0.0172452255066416   0
0.546941296676654   0.449861535573658   -0.023814150365702   -0.0343270031948181   0
0.487459949307079   0.427503516155134   -0.0594813473695753   -0.0223580194185248   0
0.548303014268205   0.43664997438917   0.0608430649611265   0.00914645823403609   0
0.52749440144339   0.452024332794309   -0.0208086128248158   0.0153743584051392   0
0.516931424505909   0.46225662497984   -0.0105629769374803   0.0102322921855312   0
0.517493671899918   0.465748021980233   0.000562247394008675   0.00349139700039336   0
0.533821601924276   0.436384117870486   0.0163279300243578   -0.029363904109747   0
0.630121111002961   0.522313386406318   0.0962995090786849   0.0859292685358313   0
0.631707918892246   0.470222895586202   0.001586807889285   -0.0520904908201154   0
0.583834580676753   0.456897375938079   -0.0478733382154927   -0.0133255196481231   0
0.592983150953052   0.456767718476363   0.0091485702762989   -0.000129657461715837   0
0.597250495937149   0.433387303349732   0.00426734498409664   -0.0233804151266315   0
0.596830026132106   0.458668464072202   -0.000420469805043067   0.0252811607224697   0
0.585932548664827   0.447802519355466   -0.0108974774672784   -0.0108659447167355   0
0.545503942838803   0.435349588237936   -0.0404286058260241   -0.0124529311175305   0
0.578196150900972   0.441143828842862   0.0326922080621694   0.00579424060492612   0
0.526637556917516   0.432803661978836   -0.0515585939834567   -0.00834016686402611   0
0.54397890421145   0.541628247529844   0.0173413472939344   0.108824585551008   0
0.450973320854405   0.658410362351626   -0.0930055833570453   0.116782114821782   0
0.68074459994929   0.718798728953481   0.229771279094885   0.0603883666018548   0
1.07980079789215   0.69967826825799   0.399056197942858   -0.019120460695491   0
0.758261439915669   0.551719176023536   -0.321539357976479   -0.147959092234454   0
0.741758089785268   0.574262080505985   -0.0165033501304013   0.0225429044824486   0
0.679959702552615   0.552709023500252   -0.0617983872326536   -0.0215530570057326   0
0.65600985751016   0.54266763004085   -0.0239498450424548   -0.0100413934594027   0
0.684445421953277   0.530601801732064   0.0284355644431177   -0.0120658283087858   0
0.713745399923432   0.550430574376154   0.0292999779701547   0.0198287726440898   0
0.674455065458444   0.516291657866704   -0.0392903344649881   -0.0341389165094494   0
0.305071640706933   0.318300888756001   -0.369383424751511   -0.197990769110703   0
0.799225475524826   0.445000960596663   0.494153834817893   0.126700071840662   0
1.20174055275013   0.573306634452158   0.402515077225307   0.128305673855495   1
1.21571179254172   0.558802717289528   0.0139712397915868   -0.0145039171626298   0
1.28222995579745   0.572472518754752   0.0665181632557292   0.0136698014652242   0
1.28676241687771   0.582783054024448   0.00453246108025951   0.0103105352696957   0
1.28444705904725   0.600995878679996   -0.00231535783046133   0.0182128246555477   0
1.3353828333797   0.582050609906778   0.0509357743324546   -0.0189452687732174   0
1.34009754216769   0.580296941264619   0.0047147087879913   -0.00175366864215931   0
1.31127699192476   0.593982859844754   -0.0288205502429351   0.013685918580135   0
1.34038703990742   0.585470325408675   0.0291100479826643   -0.00851253443607869   0
1.34979192959077   0.582489742580556   0.00940488968335162   -0.00298058282811908   0
1.37435188264587   0.57260923158809   0.0245599530551017   -0.00988051099246656   0
1.3519133643859   0.587595745731706   -0.0224385182599764   0.0149865141436167   0
1.32755508001463   0.574035461652373   -0.0243582843712724   -0.0135602840793336   0
1.3361363938998   0.574057667110971   0.00858131388517336   2.22054585979903e-05   0
1.36908497637611   0.558621148889167   0.0329485824763056   -0.015436518221804   0
1.4192239420537   0.530424473626078   0.0501389656775935   -0.0281966752630881   0
1.40175668892258   0.548815747891367   -0.017467253131116   0.0183912742652881   0
1.40581142842633   0.570879191773303   0.00405473950374846   0.0220634438819367   0
1.42541908419261   0.548901436592072   0.0196076557662781   -0.0219777551812317   0
1.38744678044711   0.556177971049322   -0.0379723037454973   0.00727653445725007   0
1.41655701754062   0.548743837911281   0.029110237093511   -0.00743413313804031   0
1.42972828325931   0.547941511688857   0.0131712657186867   -0.000802326222423932   0
1.3845315758889   0.534659186158117   -0.0451967073704092   -0.0132823255307404   0
1.46703583569581   0.547056785244283   0.082504259806905   0.0123975990861663   0
1.41690398736554   0.658584081457379   -0.0501318483302675   0.111527296213096   0
1.20646114646525   0.754798485063066   -0.210442840900286   0.096214403605687   0
1.47282233841749   0.697147954056698   0.26636119195224   -0.0576505310063682   0
1.46740471087734   0.607268821903778   -0.00541762754015518   -0.0898791321529201   0
1.44701091089798   0.620699663900185   -0.0203937999793535   0.0134308419964069   0
1.4031756099719   0.607965285479132   -0.0438353009260877   -0.012734378421053   0
1.41623883424458   0.605416888015038   0.0130632242726825   -0.00254839746409441   0
1.4134120710038   0.599222713026843   -0.00282676324077791   -0.00619417498819486   0
1.42173932963244   0.596480098943796   0.00832725862863826   -0.00274261408304721   0
1.37005599835613   0.634770984254361   -0.051683331276305   0.0382908853105653   0
1.40469678861977   0.628859875756515   0.0346407902636354   -0.00591110849784537   0
1.39364705536374   0.597272745286858   -0.0110497332560333   -0.0315871304696574   0
1.38570878341627   0.596717481850708   -0.0079382719474641   -0.000555263436149978   0
1.41517450106306   0.599706570150144   0.0294657176467923   0.00298908829943634   0
1.38684407579363   0.602634832760271   -0.0283304252694325   0.0029282626101268   0
1.4176120814964   0.575653623110504   0.0307680057027653   -0.0269812096497674   0
1.46377094740298   0.571566248719481   0.0461588659065886   -0.00408737439102247   0
1.48408604812517   0.586819527126024   0.0203151007221869   0.0152532784065423   0
1.37075190710692   0.592860287745351   -0.113334141018255   0.0060407606193269   0
1.42866086881577   0.676872099550203   0.0579089617088564   0.0840118118048525   0
1.33325025345119   0.74183667138815   -0.0954106153645879   0.0649645718379469   0
1.51223179526388   0.716627322012809   0.178981541812697   -0.0252093493753411   0
1.47335669325239   0.664947752908452   -0.0388751020114952   -0.0516795691043566   0
1.48825873523301   0.684474354541863   0.0149020419806265   0.0195266016334107   0
1.42622492859051   0.649282375793653   -0.0620338066425059   -0.0351919787482103   0
1.41491588105313   0.660637965118945   -0.0113090475373763   0.0113555893252921   0
1.55517021904381   0.64356958576074   0.140254337990678   -0.0170683793582052   0
2.0959514288831   0.640881383560172   0.540781209839286   -0.00268820220056787   1
2.00859287173118   0.60344178645852   -0.0873585571519122   -0.0374395971016518   0
1.81095861244156   0.574254582796254   -0.197634259289626   -0.0291872036622658   0
1.77926476224497   0.606515433796445   -0.0316938501965895   0.0322608510001909   0
1.7491734939332   0.628084184767116   -0.030091268311766   0.0215687509706708   0
1.73170594774915   0.62712395880302   -0.0174675461840548   -0.000960225964095507   0
1.69187914402084   0.646323488707569   -0.0398268037283072   0.0191995299045483   0
1.67918921433067   0.643513018960124   -0.0126899296901704   -0.00281046974744503   0
1.67859127954403   0.657876300867886   -0.000597934786643384   0.0143632819077624   0
1.70520196811718   0.654759050040259   0.0266106885731499   -0.00311725082762704   0
1.67641431301608   0.679069981116846   -0.0287876551011004   0.0243109310765868   0
1.86378692205844   0.663175156968257   0.187372609042369   -0.0158948241485886   0
1.87730699323635   0.629664967757942   0.0135200711779013   -0.0335101892103153   0
1.70628126619237   0.50982248231762   -0.171025727043975   -0.119842485440322   0
1.44399677473724   0.420180417859103   -0.262284491455128   -0.0896420644585175   0
1.74463974111302   0.461206728336925   0.300642966375781   0.0410263104778221   0
1.73151034047158   0.491978106030136   -0.013129400641446   0.0307713776932116   0
