0.0734289960497895   0.131359002105756   0   0   0
0.100627323648706   0.131975542467307   0.0271983275989169   0.000616540361551204   0
0.112478102955909   0.132709916719308   0.0118507793072023   0.000734374252001069   0
0.116022659065934   0.141698017489078   0.00354455611002547   0.00898810076976958   0
0.115356180359875   0.120332547309529   -0.000666478706059237   -0.021365470179549   0
0.111379458238806   0.125764575890829   -0.00397672212106862   0.00543202858129981   0
0.123300786638909   0.108044006720641   0.011921328400103   -0.0177205691701873   0
0.116063366933327   0.0899420572245821   -0.00723741970558277   -0.0181019494960593   0
0.114336000887078   0.09495069306236   -0.00172736604624811   0.00500863583777791   0
0.118651122285463   0.0997895177684891   0.00431512139838501   0.00483882470612909   0
0.114947656467629   0.0782848088934884   -0.00370346581783468   -0.0215047088750007   0
0.104221253007436   0.0653640071326912   -0.0107264034601927   -0.0129208017607972   0
0.100774442112819   0.0622403358214952   -0.0034468108946166   -0.00312367131119596   0
0.0972542190762437   0.0431404370097256   -0.00352022303657576   -0.0190998988117696   0
0.0893539251954412   0.0379041403453831   -0.00790029388080252   -0.00523629666434244   0
0.0894702823216089   0.0401366621847159   0.00011635712616774   0.00223252183933275   0
0.070918120152602   0.0381130497510695   -0.0185521621690069   -0.00202361243364635   0
0.0612622022759548   0.04934674396903   -0.00965591787664726   0.0112336942179605   0
0.0686720402436101   0.0371785608829538   0.00740983796765528   -0.0121681830860762   0
0.0390128618572132   0.0557828623442561   -0.0296591783863969   0.0186043014613023   0
0.0460851448999566   0.0260622283411262   0.00707228304274345   -0.0297206340031299   0
0.0500799032037803   0.0545472789652472   0.00399475830382361   0.028485050624121   0
0.0609453786583528   0.0360143324529624   0.0108654754545725   -0.0185329465122848   0
0.0496591089330044   0.0323287091066516   -0.0112862697253483   -0.00368562334631076   0
0.0333680165981213   0.0613505788809894   -0.0162910923348831   0.0290218697743378   0
0.0684070275034663   0.0193407868922113   0.035039010905345   -0.0420097919887781   0
0.0584412104607391   0.031043147534158   -0.00996581704272726   0.0117023606419467   0
0.0656754079645494   0.0685376616355927   0.00723419750381033   0.0374945141014347   0
0.0739811460382306   0.0822565062654165   0.00830573807368115   0.0137188446298238   0
0.0626299141827609   0.0979893879718615   -0.0113512318554696   0.015732881706445   0
0.0789387584953044   0.093620424153934   0.0163088443125435   -0.00436896381792758   0
0.0805637339984313   0.0989588833521908   0.00162497550312689   0.00533845919825683   0
0.0944129476072535   0.0895658362866982   0.0138492136088222   -0.00939304706549259   0
0.0949126774342079   0.0970099630145425   0.00049972982695437   0.00744412672784428   0
0.111295504328416   0.0774398948887135   0.0163828268942078   -0.0195700681258289   0
0.1071703142058   0.0868206551417922   -0.00412519012261524   0.00938076025307862   0
0.115327175323425   0.0904780453515934   0.00815686111762451   0.00365739020980128   0
0.110324138167986   0.0898246865242791   -0.00500303715543883   -0.00065335882731439   0
0.124140484371493   0.0901905590488273   0.0138163462035069   0.000365872524548227   0
0.143451712856674   0.088931328930625   0.0193112284851808   -0.00125923011820225   0
0.142240953402492   0.106386028284087   -0.00121075945418145   0.0174546993534617   0
0.15883093655724   0.101814078612265   0.0165899831547477   -0.0045719496718221   0
0.164606380692183   0.0961204094449249   0.00577544413494335   -0.00569366916733975   0
0.162154024605769   0.0928857515579758   -0.0024523560864142   -0.00323465788694909   0
0.161368122884749   0.101317167026237   -0.000785901721019722   0.00843141546826166   0
0.164045919645647   0.115955810106965   0.0026777967608976   0.0146386430807274   0
0.172054339792624   0.112321169453158   0.00800842014697659   -0.00363464065380704   0
0.164132081489944   0.120276848243968   -0.00792225830267973   0.00795567879081012   0
0.170652412423968   0.135498748868984   0.00652033093402388   0.0152219006250161   0
0.171669099513803   0.149161590259934   0.00101668708983521   0.0136628413909502   0
0.184831741199341   0.149211737443004   0.0131626416855375   5.0147183069893e-05   0
0.185106341341712   0.154403081208156   0.000274600142371711   0.00519134376515218   0
0.181441615318702   0.159844009948958   -0.0036647260230098   0.00544092874080146   0
0.181922905134328   0.164640124130511   0.000481289815625285   0.00479611418155301   0
0.17771973718436   0.170269395903881   -0.00420316794996739   0.00562927177337005   0
0.1934217147143   0.170566324893903   0.0157019775299395   0.00029692899002226   0
0.19203684374172   0.16469119122258   -0.00138487097258033   -0.00587513367132281   0
0.193391958445649   0.170420005804197   0.00135511470392938   0.00572881458161661   0
0.198817672492915   0.176639453966194   0.00542571404726611   0.00621944816199665   0
0.199514288711878   0.170810433866553   0.000696616218962526   -0.00582902009964079   0
0.198907103884415   0.178697989041567   -0.000607184827462165   0.00788755517501424   0
0.20403176751783   0.185078170318085   0.00512466363341504   0.00638018127651782   0
0.210251894159293   0.181793518311545   0.00622012664146226   -0.00328465200653996   0
0.222368675275853   0.17564214140644   0.01211678111656   -0.00615137690510448   0
0.227507422896885   0.18738361900383   0.00513874762103239   0.0117414775973896   0
0.230989571402088   0.189648403317587   0.00348214850520248   0.00226478431375671   0
0.232515855244519   0.18313327242705   0.00152628384243123   -0.00651513089053693   0
0.231686751382097   0.186275032226168   -0.000829103862421798   0.00314175979911849   0
0.217030383794428   0.196137661107575   -0.0146563675876685   0.00986262888140696   0
0.230256136345419   0.179799566244395   0.0132257525509901   -0.0163380948631804   0
0.243246166930745   0.174551621682785   0.0129900305853267   -0.00524794456161007   0
0.244294771252905   0.177203925339064   0.00104860432215984   0.00265230365627914   0
0.238711543438708   0.168730928514966   -0.00558322781419746   -0.00847299682409799   0
0.247455172618739   0.165112648965646   0.00874362918003155   -0.00361827954932026   0
0.257178884784988   0.138405992013036   0.00972371216624854   -0.0267066569526099   0
0.256436143576788   0.145443866640227   -0.000742741208199948   0.00703787462719085   0
0.336400826257502   0.0522475596124355   0.0799646826807142   -0.0931963070277911   0
0.329915696090168   0.0753829041989296   -0.00648513016733415   0.0231353445864941   0
0.332629358007753   0.0834055232511762   0.00271366191758532   0.00802261905224662   0
0.332219905470217   0.0723550689913982   -0.000409452537535937   -0.011050454259778   0
0.332771070676839   0.10867687112653   0.000551165206622184   0.0363218021351322   0
0.332285687373937   0.101584791785299   -0.000485383302902043   -0.00709207934123167   0
0.344345977347696   0.115475031466125   0.0120602899737587   0.013890239680826   0
0.344163877959803   0.117774883602617   -0.00018209938789332   0.00229985213649232   0
0.356981191742898   0.12512554229389   0.0128173137830957   0.00735065869127272   0
0.347353477504314   0.142813035273929   -0.00962771423858444   0.0176874929800393   0
0.347377834751744   0.140326953983367   2.43572474301068e-05   -0.00248608129056202   0
0.35976685130284   0.139527892609695   0.0123890165510962   -0.000799061373672333   0
0.370989710554902   0.130617105234881   0.0112228592520618   -0.0089107873748136   0
0.376862326496149   0.135414452357383   0.00587261594124688   0.0047973471225021   0
0.376138647054367   0.14082276915595   -0.000723679441781533   0.00540831679856685   0
0.357836966067188   0.128073140737041   -0.0183016809871792   -0.0127496284189087   0
0.375992515132004   0.118029271365083   0.0181555490648154   -0.0100438693719579   0
0.366143469687771   0.123045045384414   -0.00984904544423226   0.00501577401933057   0
0.375928437316679   0.134725440951412   0.00978496762890724   0.0116803955669984   0
0.38072545182429   0.146196018429881   0.00479701450761172   0.0114705774784683   0
0.381383923289066   0.169344318520729   0.000658471464775434   0.023148300090848   0
0.373569470832347   0.173729187284405   -0.00781445245671841   0.00438486876367677   0
0.372395185252508   0.181404238429674   -0.00117428557983906   0.00767505114526856   0
0.383218262567182   0.181407392888217   0.0108230773146741   3.15445854323637e-06   0
0.385107406365601   0.182749276869978   0.00188914379841837   0.00134188398176116   0
0.396643477495569   0.200501982551919   0.0115360711299678   0.0177527056819406   0
0.389302041855627   0.198699392823053   -0.007341435639942   -0.00180258972886571   0
0.389467380718193   0.203078774254598   0.000165338862566478   0.00437938143154484   0
0.382967014259831   0.189642711875516   -0.00650036645836161   -0.013436062379082   0
0.367581937323099   0.196978840281133   -0.0153850769367327   0.00733612840561665   0
0.362715289159749   0.186660370017982   -0.0048666481633502   -0.0103184702631506   0
0.38202568279723   0.18138320422382   0.0193103936374818   -0.00527716579416207   0
0.372048602022155   0.183508218705594   -0.0099770807750752   0.0021250144817736   0
0.367526410371676   0.189189922112675   -0.00452219165047862   0.00568170340708121   0
0.369382646431198   0.172412097454768   0.00185623605952179   -0.0167778246579066   0
0.443403007491311   0.102826693324691   0.0740203610601132   -0.0695854041300775   0
0.346631780263279   0.0891109428055977   -0.0967712272280327   -0.0137157505190931   0
0.327659774121222   0.0874945588796955   -0.0189720061420571   -0.00161638392590217   0
0.358844268548977   0.0770381593297276   0.0311844944277549   -0.0104563995499679   0
0.358291927564381   0.0736694780439803   -0.000552340984595057   -0.00336868128574731   0
0.356593323986919   0.0738713392268104   -0.00169860357746215   0.000201861182830082   0
0.367743434620185   0.0879890294411775   0.0111501106332653   0.0141176902143671   0
0.383149012364498   0.0876048700361744   0.0154055777443129   -0.000384159405003137   0
0.389332767709591   0.0821401450333611   0.00618375534509291   -0.00546472500281325   0
0.376038873922631   0.0935531029125304   -0.01329389378696   0.0114129578791693   0
0.375279410922382   0.0946561813602573   -0.000759463000248595   0.00110307844772697   0
0.367289079257429   0.0784282960244898   -0.00799033166495283   -0.0162278853357676   0
0.380646528101965   0.0872754362602107   0.0133574488445359   0.00884714023572093   0
0.382544016885142   0.0794912997013667   0.0018974887831773   -0.00778413655884401   0
0.384453822451566   0.0724074857910596   0.00190980556642334   -0.00708381391030705   0
0.367805982291439   0.102173413063881   -0.016647840160127   0.0297659272728216   0
0.360396240725011   0.14237416813631   -0.00740974156642765   0.0402007550724292   0
0.369989198488456   0.125191715328821   0.00959295776344499   -0.0171824528074896   0
0.373953466327617   0.130767779980429   0.00396426783916087   0.00557606465160865   0
0.36143739519387   0.144098868154169   -0.0125160711337464   0.0133310881737393   0
0.369080636260306   0.160735085698868   0.00764324106643582   0.0166362175446995   0
0.367369693301135   0.151835895732252   -0.00171094295917118   -0.00889918996661646   0
0.380905223508263   0.139210834547585   0.0135355302071283   -0.012625061184667   0
0.384094931861968   0.136499538862445   0.00318970835370497   -0.0027112956851402   0
0.386409286095831   0.15800665111148   0.00231435423386306   0.0215071122490356   0
0.385872202245782   0.158778252646742   -0.000537083850048914   0.000771601535261512   0
0.427777920619999   0.179798614951131   0.0419057183742164   0.0210203623043892   0
0.438314187970969   0.172797886557714   0.0105362673509702   -0.00700072839341706   0
0.427522659533726   0.189979992243315   -0.0107915284372428   0.0171821056856012   0
0.475395301955436   0.148623178322604   0.0478726424217097   -0.0413568139207111   0
0.454350845720551   0.167034252595402   -0.0210444562348848   0.0184110742727976   0
0.428785714101359   0.220315856802234   -0.0255651316191924   0.0532816042068325   0
0.442011896549901   0.220491027497175   0.0132261824485418   0.000175170694940996   0
0.447101318471831   0.221612101879167   0.00508942192193085   0.00112107438199241   0
0.438817609806808   0.226986028582157   -0.00828370866502343   0.00537392670299003   0
0.420806018651124   0.222330683274936   -0.0180115911556841   -0.00465534530722128   0
0.443994065458999   0.210677929257981   0.0231880468078752   -0.0116527540169557   0
0.460352992422999   0.197997496971073   0.0163589269640002   -0.0126804322869077   0
0.463154783967779   0.208188612839061   0.00280179154477972   0.0101911158679883   0
0.478585382913321   0.207707588893431   0.0154305989455419   -0.000481023945630238   0
0.488155233831913   0.205606558077734   0.00956985091859247   -0.00210103081569715   0
0.490876432342193   0.201786317272158   0.00272119851028002   -0.0038202408055758   0
0.477219271032887   0.203207112060214   -0.0136571613093064   0.00142079478805635   0
0.4754227404872   0.215484645894441   -0.00179653054568651   0.0122775338342264   0
0.499751109391105   0.226599167913345   0.0243283689039043   0.0111145220189039   0
0.500019435672465   0.22212325855592   0.000268326281359865   -0.00447590935742478   0
0.492370571594455   0.232835907966834   -0.00764886407800996   0.0107126494109142   0
0.48703906569454   0.237861841973765   -0.0053315058999151   0.00502593400693127   0
0.498462238250963   0.216949556997594   0.0114231725564236   -0.0209122849761708   0
0.497055701819474   0.225127022794266   -0.00140653643148908   0.00817746579667158   0
0.498678787418605   0.239732249459001   0.00162308559913071   0.0146052266647345   0
0.519085094773689   0.242005140098904   0.0204063073550845   0.00227289063990307   0
0.526098082574191   0.230254846176557   0.0070129878005013   -0.0117502939223465   0
0.511570701900813   0.244349862143203   -0.0145273806733781   0.0140950159666462   0
0.51826170734076   0.267181633861574   0.00669100543994794   0.0228317717183703   0
0.537527544356157   0.244250959514497   0.0192658370153962   -0.0229306743470766   0
0.541478439703974   0.248881076898812   0.00395089534781712   0.00463011738431521   0
0.538314629394595   0.265712825741796   -0.00316381030937896   0.0168317488429836   0
0.539970603246843   0.241979844253447   0.00165597385224858   -0.0237329814883488   0
0.540727323686542   0.209522566085971   0.000756720439698322   -0.0324572781674763   0
0.528894675012984   0.217895540944331   -0.0118326486735577   0.00837297485835992   0
0.528069625202056   0.22084748345691   -0.000825049810928014   0.00295194251257894   0
0.545931696431788   0.217890013952458   0.017862071229732   -0.0029574695044513   0
0.550482766047985   0.199664606185229   0.00455106961619645   -0.0182254077672296   0
0.550258568303929   0.22597762162228   -0.000224197744055243   0.0263130154370516   0
0.554845442670623   0.217806746710524   0.00458687436669414   -0.00817087491175666   0
0.547548834838875   0.222100742186592   -0.00729660783174801   0.00429399547606835   0
0.562170628817808   0.207314968337224   0.0146217939789328   -0.0147857738493679   0
0.559582181188822   0.206917629147331   -0.0025884476289858   -0.000397339189892876   0
0.587244853862509   0.239930180230987   0.0276626726736868   0.033012551083656   0
0.562271438807592   0.220498351612461   -0.0249734150549169   -0.0194318286185262   0
0.579110988008724   0.210244861235037   0.0168395492011313   -0.010253490377424   0
0.591887664187428   0.13194581813647   0.0127766761787048   -0.0782990430985668   0
0.617606664654649   0.175625989897032   0.0257190004672205   0.043680171760562   0
0.566443001711866   0.227068707045907   -0.051163662942783   0.0514427171488749   0
