1.63350035096415e-09   0.00543522268675811   0   0   0
0.301133281610203   0.0574108074598546   0.301133279976703   0.0519755847730965   1
0.397303928323859   0.0857983868382151   0.0961706467136555   0.0283875793783605   0
0.444852860667446   0.0859895125500343   0.047548932343587   0.000191125711819187   0
0.514553915807737   0.090694410462856   0.0697010551402915   0.00470489791282171   0
0.58119159057856   0.137205437820561   0.0666376747708229   0.0465110273577048   0
0.652567324424454   0.186728603404219   0.0713757338458932   0.0495231655836579   0
0.670554049240298   0.199658970396831   0.0179867248158445   0.012930366992612   0
0.694539012513163   0.20902874706892   0.0239849632728653   0.00936977667208924   0
0.748269970135111   0.231684407670699   0.0537309576219478   0.0226556606017788   0
0.769952784229533   0.245423087744633   0.021682814094422   0.0137386800739347   0
0.817196225851539   0.271175594122222   0.0472434416220062   0.0257525063775885   0
0.827901528500316   0.283630855520471   0.010705302648777   0.0124552613982493   0
0.827525042325155   0.272944970997251   -0.000376486175161062   -0.0106858845232206   0
0.831189600171946   0.284951617267041   0.00366455784679121   0.0120066462697909   0
0.863158418434878   0.306158396769238   0.0319688182629316   0.0212067795021966   0
0.87774484930474   0.313611421538199   0.0145864308698614   0.00745302476896104   0
0.910513080990053   0.340376285266692   0.032768231685314   0.026764863728493   0
0.907950767441715   0.341162500928355   -0.00256231354833814   0.000786215661663203   0
0.900014467547606   0.334069764274025   -0.00793629989410971   -0.00709273665433041   0
0.906174352281613   0.348429994890652   0.00615988473400697   0.0143602306166274   0
0.94319714187491   0.363690664318762   0.0370227895932979   0.0152606694281097   0
0.92851342715601   0.36444589450094   -0.0146837147189001   0.000755230182177546   0
0.948781280502519   0.37076596633045   0.0202678533465088   0.00632007182951061   0
0.986594335869612   0.400071923863072   0.0378130553670923   0.0293059575326222   0
0.981125133483492   0.407280127170247   -0.00546920238611959   0.00720820330717453   0
0.986055702226806   0.429121815328495   0.00493056874331432   0.0218416881582476   0
0.989469689014272   0.459955890425541   0.00341398678746574   0.0308340750970468   0
0.982781961764154   0.442745098599942   -0.00668772725011768   -0.0172107918255991   0
1.00489047972304   0.451496730131747   0.022108517958885   0.0087516315318053   0
1.02409923625448   0.458004626154914   0.0192087565314363   0.00650789602316654   0
1.03268051869734   0.440781469284667   0.00858128244286083   -0.0172231568702467   0
1.04436487346904   0.455122821138976   0.0116843547717016   0.0143413518543085   0
1.0645295546057   0.492148175120055   0.0201646811366571   0.0370253539810789   0
1.05868253884439   0.484689253111981   -0.00584701576130664   -0.00745892200807363   0
1.0630459797798   0.484703800940843   0.00436344093541363   1.45478288616774e-05   0
1.06292598795259   0.500146703519327   -0.000119991827207233   0.0154429025784846   0
1.06199081228088   0.496477480340498   -0.000935175671716193   -0.00366922317882895   0
1.05097950736492   0.513805318169732   -0.0110113049159632   0.017327837829234   0
1.09199640375644   0.518573658764596   0.0410168963915254   0.00476834059486386   0
1.14244407159082   0.534881360276744   0.0504476678343742   0.0163077015121477   0
1.16724928775476   0.552041712999117   0.0248052161639474   0.0171603527223735   0
1.12530772247639   0.549701022848785   -0.0419415652783723   -0.00234069015033267   0
1.16836592253326   0.56489590853205   0.0430582000568718   0.015194885683265   0
1.17774819501199   0.560268987215293   0.0093822724787278   -0.00462692131675679   0
1.20170189776042   0.561443317824916   0.0239537027484324   0.00117433060962346   0
1.18993264134446   0.558180549858646   -0.0117692564159635   -0.00326276796627079   0
1.20840519154007   0.558320411275193   0.018472550195614   0.000139861416546982   0
1.19281783619713   0.552857399520889   -0.015587355342944   -0.00546301175430342   0
1.18971597772115   0.56016303363262   -0.00310185847597522   0.00730563411173113   0
1.18929498221804   0.56236657831836   -0.000420995503116917   0.00220354468573958   0
1.21027446087447   0.576838517692993   0.0209794786564381   0.0144719393746335   0
1.21564013312822   0.588173526451378   0.00536567225374696   0.0113350087583846   0
1.22556009763903   0.587543076474823   0.00991996451081301   -0.000630449976554703   0
1.21955246753922   0.601807925575511   -0.00600763009981464   0.0142648491006879   0
1.24951003543149   0.603180653052011   0.0299575678922688   0.00137272747649941   0
1.24300920236336   0.599714333940127   -0.00650083306812732   -0.00346631911188389   0
1.24999182683728   0.603386187679168   0.0069826244739184   0.00367185373904122   0
1.24970881343455   0.60510823745116   -0.000283013402726073   0.00172204977199253   0
1.24327800036396   0.599914461827893   -0.00643081307059656   -0.00519377562326784   0
1.24135820239647   0.571544055096805   -0.00191979796748543   -0.0283704067310874   0
1.23057021659107   0.58161183014184   -0.0107879858053987   0.0100677750450344   0
1.17343949373881   0.568060269590516   -0.0571307228522606   -0.0135515605513234   0
1.20870545869041   0.571166205065874   0.0352659649515998   0.0031059354753582   0
1.23514465766079   0.585953971900415   0.0264391989703816   0.0147877668345406   0
1.22818761916085   0.600538408858759   -0.00695703849994267   0.014584436958344   0
1.24900644719753   0.610709502161955   0.0208188280366803   0.0101710933031957   0
1.23748037276274   0.609271179622843   -0.0115260744347956   -0.00143832253911214   0
1.25872210004433   0.600536943755563   0.0212417272815906   -0.00873423586727939   0
1.25276207697272   0.597801942875941   -0.00596002307160792   -0.00273500087962208   0
1.24707994397833   0.59525739409244   -0.00568213299438636   -0.00254454878350108   0
1.24685707308135   0.608717550693669   -0.0002228708969787   0.0134601566012293   0
1.27753054166897   0.610715166024271   0.0306734685876122   0.00199761533060128   0
1.26303562804301   0.588368710707206   -0.014494913625956   -0.0223464553170646   0
1.29646837421589   0.610562553252195   0.0334327461728832   0.0221938425449894   0
1.28438288368578   0.614261138979335   -0.0120854905301127   0.00369858572713933   0
1.19165703591512   0.5629914619135   -0.0927258477706641   -0.0512696770658345   0
1.18088385545108   0.604951365866092   -0.0107731804640394   0.0419599039525916   0
1.1998072327695   0.612279590882754   0.0189233773184212   0.00732822501666197   0
1.22301543637233   0.61665137286076   0.0232082036028316   0.00437178197800603   0
1.25232430389137   0.639360774404139   0.0293088675190385   0.0227094015433789   0
1.2775347457134   0.624956731610375   0.0252104418220314   -0.0144040427937635   0
1.24953902648177   0.633356830656219   -0.0279957192316331   0.00840009904584349   0
1.2739325700668   0.64215546833235   0.0243935435850329   0.00879863767613154   0
1.26161671727391   0.6391248943541   -0.0123158527928877   -0.0030305739782498   0
1.26419197178474   0.622314809281396   0.00257525451083307   -0.0168100850727048   0
1.29219404132584   0.649675693657851   0.028002069541093   0.0273608843764555   0
1.31191459831423   0.64988588618272   0.0197205569883974   0.000210192524869313   0
1.29889961312258   0.633108891647796   -0.0130149851916503   -0.0167769945349249   0
1.28393595190142   0.642100827617439   -0.0149636612211668   0.00899193596964321   0
1.27701825636324   0.65914723188705   -0.00691769553818156   0.0170464042696108   0
1.30829704944175   0.667130551743587   0.0312787930785181   0.00798331985653722   0
1.29791879757017   0.668321141623593   -0.0103782518715827   0.00119058988000609   0
1.28330812525636   0.656039618307584   -0.0146106723138089   -0.0122815233160093   0
1.27704768769612   0.671462771687882   -0.00626043756024552   0.0154231533802982   0
1.28689429930822   0.66552134995743   0.00984661161210498   -0.00594142173045187   0
1.3101055704885   0.680082232039928   0.0232112711802788   0.0145608820824976   0
1.31428278261491   0.693396169185524   0.00417721212641253   0.0133139371455966   0
1.2915498138655   0.701183958003469   -0.0227329687494167   0.0077877888179444   0
1.31577463284105   0.697742365060636   0.0242248189755534   -0.00344159294283242   0
1.30715148600535   0.696432514697225   -0.00862314683569809   -0.00130985036341158   0
1.29614014886547   0.697168769221091   -0.0110113371398832   0.000736254523865942   0
1.29787342244227   0.685890962343323   0.00173327357679698   -0.0112778068777674   0
1.2948431455296   0.684380547828472   -0.00303027691266156   -0.00151041451485068   0
1.30310340717228   0.695147787995474   0.00826026164267368   0.0107672401670013   0
1.30041226339073   0.678477051562173   -0.00269114378154844   -0.0166707364333003   0
1.30025451699158   0.681206077836399   -0.000157746399152225   0.00272902627422544   0
1.28662130353496   0.68661498295788   -0.0136332134566171   0.0054089051214814   0
1.29315389839763   0.676464229846073   0.00653259486267421   -0.0101507531118077   0
1.27935941582497   0.667925970879163   -0.0137944825726679   -0.00853825896690952   0
1.27566118617798   0.700490599242195   -0.00369822964699096   0.0325646283630323   0
1.1780733853449   0.597698736943253   -0.0975878008330728   -0.102791862298942   0
1.17283187453265   0.635511513850898   -0.00524151081225721   0.0378127769076448   0
1.24885978337442   0.646450738732202   0.0760279088417732   0.0109392248813045   0
1.23011700906093   0.651562550421717   -0.0187427743134922   0.00511181168951458   0
1.23129608146294   0.663684178376766   0.00117907240201709   0.0121216279550486   0
1.24267229420511   0.660038657696049   0.0113762127421697   -0.00364552068071622   0
1.21894246001237   0.662353598643974   -0.0237298341927468   0.00231494094792462   0
1.23919711174373   0.666401072505892   0.0202546517313622   0.00404747386191762   0
1.226630685718   0.651541892793503   -0.0125664260257332   -0.0148591797123889   0
1.2411000110257   0.650347620639831   0.0144693253077073   -0.00119427215367129   0
1.26109623938778   0.663964444482204   0.0199962283620769   0.0136168238423732   0
1.29809065591275   0.674851753936227   0.0369944165249729   0.0108873094540229   0
1.31919028239674   0.686725120211299   0.0210996264839909   0.0118733662750711   0
1.26415769487908   0.661807297676502   -0.0550325875176594   -0.0249178225347964   0
1.27131671509699   0.672761283976012   0.00715902021790549   0.0109539862995101   0
1.27454649913057   0.672633365740135   0.00322978403358354   -0.000127918235876989   0
1.24295994076438   0.64928099470245   -0.0315865583661896   -0.0233523710376855   0
1.26001491402324   0.65107712758152   0.0170549732588594   0.00179613287906999   0
1.27597269327991   0.652174658663582   0.0159577792566719   0.00109753108206256   0
1.28777983659164   0.66690988544649   0.0118071433117286   0.0147352267829075   0
1.26180490292636   0.680752994709316   -0.0259749336652837   0.0138431092628266   0
1.27374741066861   0.67686352569897   0.0119425077422548   -0.00388946901034648   0
1.22446024671649   0.653171537933469   -0.0492871639521277   -0.0236919877655013   0
1.25768666802229   0.673173774802977   0.0332264213057991   0.0200022368695089   0
1.23020238244851   0.650851561168484   -0.0274842855737718   -0.0223222136344937   0
1.26054671015318   0.673454363315045   0.0303443277046638   0.0226028021465612   0
1.26165230896392   0.677723468324021   0.00110559881074579   0.0042691050089757   0
1.24523413859081   0.677610999579532   -0.0164181703731126   -0.00011246874448867   0
1.24754578314104   0.669645412262527   0.00231164455023247   -0.00796558731700481   0
1.25372675035551   0.663115189869943   0.00618096721447126   -0.00653022239258449   0
1.25401618581275   0.676859750776636   0.000289435457235809   0.0137445609066935   0
1.27644012347544   0.683814201050439   0.0224239376626907   0.0069544502738027   0
1.25900409925504   0.679059885923362   -0.0174360242203992   -0.00475431512707647   0
1.22467527828115   0.646343411117629   -0.034328820973897   -0.0327164748057334   0
1.2520278466432   0.643793295032971   0.0273525683620515   -0.00255011608465805   0
1.27168316434441   0.519776059715384   0.0196553177012089   -0.124017235317587   0
1.11315403373437   0.385745184347844   -0.15852913061004   -0.134030875367539   1
1.14507528770153   0.433682268051739   0.0319212539671665   0.047937083703894   1
1.32417945416254   0.50209480762128   0.179104166461011   0.0684125395695412   0
1.42223864723787   0.527255883655413   0.0980591930753245   0.0251610760341329   0
1.42236539358155   0.542779342219746   0.000126746343686923   0.0155234585643331   0
1.42136734700697   0.545594671083076   -0.000998046574581801   0.00281532886333025   0
1.40497078014924   0.575685008758696   -0.0163965668577344   0.03009033767562   0
1.44881859495911   0.58031509435349   0.0438478148098718   0.00463008559479405   0
1.45589368339424   0.593688897098682   0.00707508843512716   0.0133738027451924   0
1.46317780436325   0.574475614101678   0.00728412096900888   -0.0192132829970045   0
1.43176113462267   0.580344238978255   -0.0314166697405747   0.00586862487657713   0
1.44007121064789   0.585852065317047   0.00831007602522216   0.00550782633879232   0
1.46889961477946   0.605159469948624   0.0288284041315676   0.019307404631577   0
1.46777318063442   0.615196268824836   -0.00112643414503855   0.0100367988762117   0
1.47139319140951   0.602282392672656   0.003620010775083   -0.0129138761521795   0
1.48177479939412   0.594483604419415   0.010381607984616   -0.0077987882532411   0
1.47319959298819   0.60668888256688   -0.00857520640593457   0.0122052781474651   0
1.46762917761414   0.602972713141109   -0.00557041537404612   -0.00371616942577158   0
1.47439097260759   0.615616018488392   0.00676179499345064   0.012643305347283   0
1.47625400308798   0.607236797334038   0.00186303048038994   -0.00837922115435352   0
1.42861258464795   0.588037780512655   -0.0476414184400336   -0.0191990168213829   0
1.40364831477696   0.581709418437376   -0.0249642698709847   -0.00632836207527954   0
1.44588000764718   0.604631935263305   0.0422316928702167   0.0229225168259295   0
1.43163755953899   0.590088810900741   -0.0142424481081882   -0.0145431243625648   0
1.44721856825819   0.57973157312803   0.0155810087191999   -0.010357237772711   0
1.45979795305424   0.59246201977342   0.012579384796052   0.0127304466453901   0
1.45968095947997   0.597624249468259   -0.000116993574275526   0.00516222969483937   0
1.45370134928605   0.598930845544375   -0.00597961019391557   0.00130659607611583   0
1.44964291999741   0.61636320225071   -0.00405842928864519   0.0174323567063353   0
1.44238561748739   0.607188793299498   -0.00725730251001355   -0.00917440895121258   0
1.47208203156376   0.612051609320856   0.0296964140763669   0.00486281602135863   0
1.43646791248033   0.612162783144524   -0.0356141190834263   0.000111173823668209   0
1.42869842008217   0.603790815446252   -0.00776949239816394   -0.00837196769827242   0
1.42136168332894   0.599780888502418   -0.00733673675322644   -0.00400992694383395   0
1.43877333431427   0.607465539408821   0.0174116509853286   0.00768465090640302   0
1.420788417154   0.561423016326593   -0.0179849171602757   -0.0460425230822279   0
1.2891735199305   0.450249940908658   -0.131614897223495   -0.111173075417935   0
0.952110611932773   0.418207323447055   -0.337062907997729   -0.0320426174616026   1
0.978105296847206   0.410821621328832   0.0259946849144325   -0.00738570211822365   0
1.2579622793545   0.487196739589357   0.279856982507291   0.0763751182605255   0
1.30206952167216   0.478714966985836   0.0441072423176605   -0.00848177260352123   0
1.26977305374602   0.42071545600352   -0.0322964679261382   -0.0579995109823157   0
