0.180008974805043   0.150176888398357   0   0   0
0.164623410453708   0.117838404880264   -0.0153855643513348   -0.0323384835180929   0
0.14577367004058   0.110516996595784   -0.0188497404131276   -0.00732140828448001   0
0.108709597428608   0.115771948425031   -0.0370640726119724   0.00525495182924753   0
0.106115708788332   0.109697775219749   -0.00259388864027632   -0.00607417320528272   0
0.132062401800853   0.103803626643352   0.0259466930125216   -0.00589414857639627   0
0.107370525390025   0.0938731680007791   -0.0246918764108282   -0.00993045864257328   0
0.0905296591421839   0.0770844790061689   -0.0168408662478411   -0.0167886889946102   0
0.125986810819228   0.0700110567882317   0.0354571516770443   -0.00707342221793728   0
0.0702505499698757   0.111370619123997   -0.0557362608493525   0.0413595623357658   0
0.0519397850025392   0.0997146253107336   -0.0183107649673364   -0.0116559938132638   0
0.0988286332594962   0.0862171990473044   0.046888848256957   -0.0134974262634293   0
0.127032728853237   0.0766187965566055   0.0282040955937407   -0.0095984024906989   0
0.111767585652505   0.0670724545261689   -0.0152651432007321   -0.00954634203043654   0
0.0996440525980352   0.064303902532428   -0.0121235330544696   -0.00276855199374093   0
0.107428680245361   0.0605470410335014   0.00778462764732576   -0.00375686149892662   0
0.104059838511743   0.0556130891191069   -0.00336884173361807   -0.00493395191439448   0
0.0831107348169898   0.0648576332228281   -0.0209491036947531   0.00924454410372125   0
0.0853771652232024   0.0394339870512763   0.00226643040621261   -0.0254236461715519   0
0.0944781827761309   0.034855289115447   0.00910101755292853   -0.00457869793582925   0
0.0669305526902326   0.0148230346049223   -0.0275476300858983   -0.0200322545105247   0
0.0602156145149246   0.0251945636938309   -0.00671493817530797   0.0103715290889085   0
0.0735507314782117   0.0330587232734251   0.0133351169632871   0.00786415957959427   0
0.085556942087127   0.0486073203566088   0.0120062106089153   0.0155485970831837   0
0.0855573316789391   0.0559013796726208   3.89591812130496e-07   0.00729405931601194   0
0.0843637313971567   0.0583406736199969   -0.00119360028178243   0.0024392939473761   0
0.100819288484297   0.0564211967071109   0.0164555570871408   -0.001919476912886   0
0.101312503341592   0.0564211967071109   0.000493214857294075   0   0
0.087863616261283   0.049094161483323   -0.0134488870803085   -0.00732703522378784   0
0.245107879565305   0.0544784714016693   0.157244263304022   0.00538430991834625   0
0.198370340128573   0.0745323144655558   -0.0467375394367323   0.0200538430638865   0
0.147176936119489   0.037495222417296   -0.0511934040090841   -0.0370370920482598   0
0.138166144526653   0.0655494127770227   -0.00901079159283538   0.0280541903597266   0
0.128169264024024   0.0585114979513856   -0.00999688050262904   -0.00703791482563709   0
0.110040071482892   0.0702012571693876   -0.018129192541132   0.0116897592180021   0
0.12502180625195   0.082104072410752   0.0149817347690574   0.0119028152413643   0
0.156559218350917   0.0640982109280165   0.0315374120989672   -0.0180058614827354   0
0.112085028440153   0.0873723263348442   -0.0444741899107632   0.0232741154068276   0
0.145675239986001   0.0912932785488203   0.0335902115458473   0.00392095221397618   0
0.14935334665015   0.0979218945484231   0.00367810666414972   0.00662861599960281   0
0.148603176667257   0.101851132239657   -0.000750169982893401   0.00392923769123339   0
0.175925157869669   0.104306562511953   0.0273219812024124   0.00245543027229668   0
0.159061834486372   0.0933943801705435   -0.0168633233832974   -0.0109121823414098   0
0.113407622457267   0.100860909794144   -0.0456542120291051   0.00746652962360077   0
0.0985349715208768   0.105109184172935   -0.0148726509363901   0.00424827437879094   0
0.0987664874133554   0.0963431998177479   0.000231515892478662   -0.00876598435518725   0
0.0666775343357866   0.120410496619896   -0.0320889530775689   0.0240672968021482   0
0.084228069959783   0.109368996011678   0.0175505356239964   -0.0110415006082178   0
0.0900932391338551   0.103834898296827   0.00586516917407212   -0.00553409771485082   0
0.0656944835950478   0.12994476977524   -0.0243987555388074   0.0261098714784121   0
0.0803650409198226   0.138425361369846   0.0146705573247748   0.00848059159460665   0
0.0801212721425465   0.136744735471096   -0.000243768777276027   -0.00168062589875023   0
0.098155150790279   0.135744076087099   0.0180338786477325   -0.0010006593839974   0
0.0539311366448919   0.150491527717875   -0.0442240141453872   0.0147474516307766   0
0.103030398534414   0.140395751963165   0.0490992618895217   -0.0100957757547104   0
0.184521575305328   0.135810219792041   0.0814911767709149   -0.00458553217112379   0
0.262960490591743   0.125845394804498   0.0784389152864143   -0.00996482498754295   0
0.141758179906381   0.14999661828438   -0.121202310685361   0.0241512234798819   0
0.134660371189374   0.165481482955798   -0.00709780871700699   0.0154848646714178   0
0.132385633825805   0.166157693056927   -0.00227473736356987   0.000676210101129338   0
0.123269660789344   0.178679907072676   -0.00911597303646026   0.0125222140157485   0
0.121276363490377   0.165549191149194   -0.00199329729896748   -0.0131307159234813   0
0.169022315619832   0.171997533205974   0.0477459521294549   0.00644834205677924   0
0.171272855966175   0.164751670731286   0.00225054034634295   -0.00724586247468786   0
0.174632776034999   0.177603631193875   0.00335992006882405   0.0128519604625893   0
0.204739607483652   0.170341343457783   0.0301068314486536   -0.00726228773609175   0
0.185903903633033   0.189578186176601   -0.0188357038506194   0.0192368427188177   0
0.164151381840178   0.201352102941117   -0.0217525217928547   0.0117739167645155   0
0.2103308250261   0.219164088702535   0.046179443185922   0.0178119857614182   0
0.248848856941317   0.257653249064513   0.0385180319152166   0.0384891603619784   0
0.262894637244657   0.264608560490302   0.0140457803033406   0.00695531142578926   0
0.291034727715182   0.250143914525719   0.0281400904705243   -0.0144646459645838   0
0.297047563973869   0.254772355545593   0.00601283625868759   0.00462844101987436   0
0.234928542180383   0.240055637595872   -0.0621190217934864   -0.0147167179497214   0
0.262931317465702   0.261409881346689   0.0280027752853194   0.0213542437508174   0
0.371493024099727   0.335818715176126   0.108561706634024   0.0744088338294372   0
0.307436262812375   0.297818552819766   -0.0640567612873511   -0.0380001623563597   0
0.363253346404627   0.313948429229054   0.0558170835922517   0.0161298764092881   0
0.301705156614443   0.289059601622334   -0.0615481897901841   -0.0248888276067203   0
0.28179606047076   0.301473260656186   -0.0199090961436834   0.0124136590338516   0
0.267290949322363   0.307789734720901   -0.0145051111483966   0.00631647406471508   0
0.218692455613128   0.312365590346748   -0.0485984937092349   0.00457585562584745   0
0.223247541195172   0.303482940237981   0.00455508558204384   -0.0088826501087671   0
0.254887864824483   0.311168075257469   0.0316403236293114   0.00768513501948742   0
0.23494978278505   0.307859759540763   -0.0199380820394329   -0.00330831571670598   0
0.255882210978114   0.302938741730028   0.0209324281930636   -0.00492101781073473   0
0.274405406861381   0.309511493150432   0.0185231958832668   0.00657275142040431   0
0.257333599859715   0.29959144258108   -0.0170718070016657   -0.00992005056935219   0
0.255767981301413   0.320032382589673   -0.00156561855830212   0.0204409400085926   0
0.298151872284244   0.308086892349873   0.0423838909828307   -0.0119454902397991   0
0.325219287416183   0.355353322420661   0.0270674151319396   0.0472664300707879   0
0.442890709121347   0.339764119460726   0.117671421705164   -0.0155892029599353   0
0.341674296550809   0.368095177488785   -0.101216412570539   0.0283310580280588   0
0.28323544949734   0.364308307131391   -0.0584388470534692   -0.00378687035739361   0
0.249676602081653   0.36106619694844   -0.0335588474156867   -0.00324211018295073   0
0.288095044959558   0.404248180417145   0.0384184428779056   0.0431819834687044   0
0.25885299901728   0.408625190801962   -0.0292420459422784   0.00437701038481725   0
0.258817907843043   0.386643958114895   -3.50911742368898e-05   -0.0219812326870673   0
0.268173145637086   0.420190649286654   0.00935523779404329   0.0335466911717593   0
0.270347161786933   0.415071639001634   0.00217401614984625   -0.00511901028502038   0
0.260312608288592   0.39923512491756   -0.0100345534983406   -0.0158365140840733   0
0.266627975755377   0.394639071221654   0.00631536746678507   -0.00459605369590599   0
0.310201929054286   0.421022835261714   0.0435739532989083   0.0263837640400598   0
0.259625978950489   0.425163769258709   -0.0505759501037961   0.00414093399699456   0
0.245309666896761   0.444707288851049   -0.0143163120537282   0.0195435195923399   0
0.311929533922327   0.555266435465219   0.0666198670255654   0.11055914661417   0
0.287230881331204   0.573011301050206   -0.0246986525911229   0.0177448655849874   0
0.288343947056012   0.566641448892287   0.00111306572480785   -0.00636985215791952   0
0.278112313663599   0.531054227706785   -0.0102316333924128   -0.0355872211855016   0
0.238829293416134   0.53221626573673   -0.0392830202474645   0.00116203802994519   0
0.235256061168719   0.521540305434057   -0.00357323224741546   -0.0106759603026728   0
0.239718739171993   0.52619357025932   0.00446267800327402   0.00465326482526263   0
0.218066536117053   0.488141007157768   -0.0216522030549399   -0.0380525631015523   0
0.210609628438255   0.470436709714229   -0.00745690767879764   -0.0177042974435386   0
0.219586295917209   0.485370678189361   0.00897666747895343   0.0149339684751315   0
0.227592498295199   0.497414812029407   0.0080062023779898   0.0120441338400459   0
0.221249523421317   0.494824969086545   -0.00634297487388141   -0.0025898429428618   0
0.217445928836596   0.462201141650743   -0.00380359458472118   -0.0326238274358021   0
0.249008383747395   0.453894118535645   0.0315624549107991   -0.0083070231150979   0
0.184778808832101   0.443716791925041   -0.0642295749152945   -0.010177326610604   0
0.221125069043381   0.433307454823074   0.0363462602112803   -0.0104093371019672   0
0.260825439445618   0.44699573720171   0.0397003704022375   0.0136882823786361   0
0.235404986269535   0.413951398377877   -0.0254204531760834   -0.0330443388238326   0
0.266463081699886   0.421372959818852   0.0310580954303507   0.007421561440975   0
0.324545860805526   0.425346510536116   0.0580827791056404   0.00397355071726346   0
0.319042300646795   0.4363717256096   -0.00550356015873105   0.0110252150734843   0
0.292285992627084   0.421743831781213   -0.0267563080197108   -0.0146278938283871   0
0.304974143917152   0.468749145802155   0.0126881512900681   0.0470053140209421   0
0.239603577437817   0.477540791490633   -0.0653705664793354   0.00879164568847768   0
0.276587034368931   0.46114543795125   0.0369834569311135   -0.0163953535393828   0
0.266103280567903   0.468032798746252   -0.0104837538010277   0.00688736079500257   0
0.212003978898982   0.484281894129339   -0.0540993016689209   0.0162490953830862   0
0.218483839425254   0.488708605935326   0.00647986052627167   0.00442671180598764   0
0.219953022420698   0.488336447079777   0.00146918299544418   -0.000372158855549087   0
0.233678337834297   0.487390219304307   0.0137253154135995   -0.000946227775470598   0
0.259131185745753   0.477228843560665   0.0254528479114558   -0.0101613757436413   0
0.273401317496826   0.46326752502226   0.0142701317510724   -0.0139613185384056   0
0.314448547190156   0.46567398828177   0.0410472296933308   0.00240646325951027   0
0.338678873634008   0.496868706981281   0.0242303264438511   0.0311947186995111   0
0.388547686913717   0.53517879408124   0.0498688132797097   0.0383100870999586   0
0.37908210760731   0.545942854619419   -0.0094655793064074   0.0107640605381792   0
0.389488426665029   0.526099822995598   0.0104063190577197   -0.0198430316238205   0
0.36544090898256   0.50786787211956   -0.024047517682469   -0.0182319508760381   0
0.355046965224321   0.504518099220682   -0.0103939437582397   -0.00334977289887828   0
0.386634224959832   0.521984890069626   0.0315872597355113   0.0174667908489444   0
0.389170648773016   0.545128126442078   0.00253642381318381   0.0231432363724514   0
0.336527815523472   0.527863290688034   -0.0526428332495438   -0.0172648357540437   0
0.346017460873003   0.560361551078632   0.00948964534953067   0.0324982603905976   0
0.28110250708994   0.540016707893839   -0.0649149537830623   -0.0203448431847926   0
0.397828718904254   0.562640799966995   0.116726211814314   0.0226240920731559   0
0.37402347371153   0.58068689662244   -0.0238052451927236   0.0180460966554447   0
0.393181348015137   0.567312824700799   0.0191578743036062   -0.0133740719216402   0
0.413958685814176   0.594754723385616   0.0207773377990397   0.0274418986848161   0
0.380713277692018   0.586574677829047   -0.0332454081221579   -0.00818004555656882   0
0.397314169047619   0.585538412893638   0.0166008913556006   -0.00103626493540909   0
0.435274403291763   0.644504242731186   0.0379602342441435   0.0589658298375487   0
0.388550505634724   0.630210424244157   -0.0467238976570382   -0.0142938184870296   0
0.503112699955984   0.683378511882141   0.11456219432126   0.0531680876379845   0
0.436115234524088   0.669458664326073   -0.0669974654318964   -0.013919847556068   0
0.470087124232306   0.681072231465944   0.0339718897082188   0.0116135671398704   0
0.453224550682109   0.677677468896709   -0.016862573550197   -0.00339476256923466   0
0.444332238265467   0.687234959691553   -0.00889231241664212   0.00955749079484369   0
0.433623604728802   0.704710660492127   -0.0107086335366657   0.0174757008005744   0
0.448140405401209   0.726250944005583   0.0145168006724074   0.0215402835134556   0
0.468309724739942   0.715664597060662   0.0201693193387327   -0.0105863469449204   0
