0.0595965961242754   0.10955701446279   0   0   0
0.0699081647713627   0.0927036548823779   0.0103115686470873   -0.0168533595804122   0
0.064162778483557   0.0992510944649982   -0.00574538628780577   0.00654743958262032   0
0.0475854793115505   0.0865624489155084   -0.0165772991720065   -0.0126886455494898   0
0.0454976281871924   0.083313978378481   -0.00208785112435814   -0.00324847053702737   0
0.0618690651424636   0.0854579297143701   0.0163714369552712   0.00214395133588911   0
0.0366822854905471   0.064397499280626   -0.0251867796519165   -0.0210604304337441   0
0.0487586170143289   0.0404710948639273   0.0120763315237818   -0.0239264044166987   0
0.040493558635788   0.0414528437964454   -0.00826505837854087   0.000981748932518109   0
0.0480327324281057   0.0431324047987415   0.00753917379231774   0.00167956100229614   0
0.0432553087366164   0.0554635874668237   -0.00477742369148937   0.0123311826680822   0
0.0398516329342977   0.0465562397454315   -0.00340367580231868   -0.00890734772139214   0
0.0365658023210212   0.0572915039120113   -0.00328583061327647   0.0107352641665797   0
0.0346683723888215   0.0389167292987078   -0.00189742993219973   -0.0183747746133035   0
0.0445011704944937   0.037235132201088   0.00983279810567225   -0.00168159709761978   0
0.0423316561004882   0.0388649343909265   -0.00216951439400553   0.00162980218983855   0
0.0362009008716634   0.0441409533317134   -0.0061307552288248   0.00527601894078684   0
0.0432757304988882   0.0396436184237766   0.00707482962722477   -0.00449733490793679   0
0.0557830507284247   0.0326734581910914   0.0125073202295365   -0.00697016023268517   0
0.0480720853600091   0.0376854426490605   -0.00771096536841558   0.00501198445796903   0
0.0370328301714843   0.033763918746015   -0.0110392551885248   -0.00392152390304551   0
0.0636922721656246   0.0337849909680689   0.0266594419941403   2.10722220539902e-05   0
0.0431063330862183   0.0210176338309049   -0.0205859390794063   -0.012767357137164   0
0.0553292448548686   0.0388493586720389   0.0122229117686503   0.017831724841134   0
0.0595964395055611   0.0304169779071245   0.0042671946506925   -0.00843238076491441   0
0.0482697853865128   0.0418652564432263   -0.0113266541190483   0.0114482785361018   0
0.0524910009686422   0.0317061827129189   0.00422121558212948   -0.0101590737303073   0
0.0519163466488157   0.0229191558243317   -0.000574654319826506   -0.0087870268885872   0
0.0490233712120046   0.0224906058576131   -0.00289297543681114   -0.000428549966718667   0
0.0424386363322386   0.0231540890521523   -0.00658473487976601   0.000663483194539238   0
0.0405152670486077   0.0350813885469917   -0.00192336928363083   0.0119272994948394   0
0.0526242328294675   0.0271407675928666   0.0121089657808597   -0.00794062095412505   0
0.0784752649859177   0.0319394984303135   0.0258510321564502   0.00479873083744688   0
0.0736527798960772   0.0270222891176821   -0.00482248508984046   -0.00491720931263143   0
0.0621319966262955   0.0265455884897962   -0.0115207832697817   -0.000476700627885903   0
0.0574413213944457   0.0280505680223485   -0.00469067523184988   0.00150497953255231   0
0.0678998113306657   0.0249568204350033   0.0104584899362201   -0.00309374758734517   0
0.0727991819394284   0.0283786083293314   0.00489937060876271   0.00342178789432811   0
0.0706945294793883   0.0468867432916011   -0.00210465246004012   0.0185081349622696   0
0.0681712285254571   0.0581712712401276   -0.00252330095393116   0.0112845279485265   0
0.0637748970863113   0.0493041364674659   -0.00439633143914582   -0.00886713477266175   0
0.0739655837832704   0.0300190346497435   0.0101906866969591   -0.0192851018177224   0
0.0743705773522029   0.0287867771524939   0.000404993568932491   -0.00123225749724963   0
0.0819308464624893   0.0416389633666594   0.0075602691102864   0.0128521862141655   0
0.0694156932068679   0.0298794030980373   -0.0125151532556215   -0.0117595602686221   0
0.0776076552800044   0.0411306995492722   0.00819196207313658   0.0112512964512349   0
0.0746592628557234   0.0417703675072787   -0.00294839242428105   0.000639667958006504   0
0.0800803743513353   0.0355555566615473   0.0054211114956119   -0.00621481084573142   0
0.068240841328782   0.0463985938409237   -0.0118395330225533   0.0108430371793764   0
0.0739980539085319   0.0613763780583581   0.00575721257974995   0.0149777842174344   0
0.0862473146634143   0.0653231073444344   0.0122492607548824   0.00394672928607632   0
0.0705385083194279   0.0510851328854406   -0.0157088063439864   -0.0142379744589938   0
0.0851523657842223   0.0512122770230684   0.0146138574647944   0.000127144137627794   0
0.0924268632479216   0.0515014711116343   0.00727449746369924   0.000289194088565876   0
0.0851161839809563   0.0383942966218291   -0.00731067926696531   -0.0131071744898051   0
0.0897665681162536   0.0455514912407366   0.00465038413529734   0.00715719461890744   0
0.0886162299811947   0.0505412692036419   -0.00115033813505887   0.00498977796290533   0
0.0876137808971853   0.0541831113993558   -0.00100244908400941   0.0036418421957139   0
0.0918143682208291   0.0507054716594274   0.0042005873236438   -0.00347763973992836   0
0.0942965235633319   0.0459367034323862   0.00248215534250273   -0.00476876822704127   0
0.0922772640481934   0.0514178809996398   -0.0020192595151385   0.00548117756725368   0
0.0870292247443926   0.0492215960171193   -0.00524803930380077   -0.0021962849825205   0
0.0936375471794301   0.0397300938078002   0.00660832243503752   -0.00949150220931919   0
0.0995563686366171   0.0561016116106525   0.00591882145718702   0.0163715178028523   0
0.091527150385555   0.0531628146475523   -0.00802921825106213   -0.00293879696310022   0
0.0874505433351331   0.0568526468339206   -0.00407660705042186   0.00368983218636829   0
0.0961928906082981   0.0519829591272873   0.00874234727316495   -0.00486968770663326   0
0.0941041925802459   0.0475172823821946   -0.00208869802805223   -0.00446567674509269   0
0.0976113833176234   0.0586023153573142   0.00350719073737751   0.0110850329751195   0
0.092607203834799   0.0531525978678655   -0.00500417948282442   -0.00544971748944863   0
0.103640288093512   0.0540941338725605   0.0110330842587128   0.000941536004694987   0
0.10054347586117   0.0499256056551395   -0.00309681223234209   -0.00416852821742101   0
0.0908075259232455   0.0703620005898301   -0.00973594993792411   0.0204363949346906   0
0.0747578334557129   0.0722750963715892   -0.0160496924675327   0.00191309578175906   0
0.114795284138069   0.0638016963312301   0.0400374506823561   -0.00847340004035907   0
0.111257458777439   0.0447142458358911   -0.00353782536062971   -0.019087450495339   0
0.123572979019889   0.0597942555949357   0.01231552024245   0.0150800097590447   0
0.119231371572963   0.0878685843071345   -0.0043416074469262   0.0280743287121988   0
0.107574623833226   0.0967311716707831   -0.0116567477397375   0.00886258736364859   0
0.116673601395731   0.0908285619693084   0.00909897756250572   -0.00590260970147463   0
0.121297251563463   0.093285493268407   0.00462365016773153   0.00245693129909853   0
0.116279121566255   0.0995561814118164   -0.00501812999720749   0.00627068814340946   0
0.113935965191023   0.0991828315912084   -0.00234315637523239   -0.000373349820608049   0
0.119903873456949   0.0912716140406205   0.00596790826592584   -0.00791121755058784   0
0.125076399179621   0.0896550581313319   0.00517252572267256   -0.00161655590928865   0
0.12942602803737   0.08543391460117   0.00434962885774828   -0.00422114353016192   0
0.128132808327805   0.0877019321969163   -0.00129321970956475   0.00226801759574631   0
0.14186944522243   0.0744331070680581   0.0137366368946248   -0.0132688251288582   0
0.132824861771658   0.0846004873898195   -0.00904458345077197   0.0101673803217614   0
0.124597732447505   0.0879428207370704   -0.00822712932415297   0.00334233334725095   0
0.124863279346652   0.0895393788520029   0.000265546899146998   0.00159655811493246   0
0.131452305648475   0.0791070398947843   0.00658902630182284   -0.0104323389572185   0
0.1191978792136   0.0737771057271834   -0.0122544264348745   -0.00532993416760091   0
0.121315512509572   0.0846160103661535   0.00211763329597139   0.0108389046389701   0
0.114016955626828   0.0847133205085245   -0.00729855688274379   9.73101423709793e-05   0
0.124246511985246   0.0877769431870494   0.0102295563584188   0.0030636226785249   0
0.133320102986196   0.0848910299701918   0.00907359100094986   -0.00288591321685762   0
0.135739604290016   0.092203430382931   0.00241950130381918   0.0073124004127392   0
0.118987666074262   0.0855980016974842   -0.0167519382157539   -0.00660542868544683   0
0.113189214001379   0.0892721563719618   -0.00579845207288254   0.00367415467447764   0
0.127874694362176   0.0879311087674464   0.0146854803607972   -0.00134104760451535   0
0.126079089291801   0.0851793775308319   -0.00179560507037502   -0.0027517312366145   0
0.128616753019892   0.0855390212500266   0.00253766372809117   0.000359643719194627   0
0.12182550411954   0.0860585209135766   -0.00679124890035267   0.000519499663550013   0
0.121756394761384   0.0903083839304109   -6.91093581556695e-05   0.00424986301683432   0
0.124500795171276   0.0836936211885649   0.00274440040989184   -0.006614762741846   0
0.105689299762511   0.086113014683917   -0.0188114954087645   0.00241939349535207   0
0.128744755150414   0.0630502247653012   0.0230554553879024   -0.0230627899186158   0
0.156929286359685   0.0768942705849077   0.0281845312092712   0.0138440458196065   0
0.146132602508441   0.070414794848597   -0.010796683851244   -0.00647947573631071   0
0.20367295131902   0.0611674266434963   0.0575403488105794   -0.0092473682051007   0
0.108895479347216   0.106929457531461   -0.0947774719718041   0.0457620308879646   0
0.107295291294306   0.0914207923202375   -0.00160018805291015   -0.0155086652112234   0
0.091584392662178   0.107330769620412   -0.0157108986321281   0.0159099773001747   0
0.121427106532026   0.099012945251164   0.029842713869848   -0.0083178243692482   0
0.135418087645632   0.0765778541157951   0.0139909811136057   -0.0224350911353689   0
0.145467638068953   0.102137486377236   0.0100495504233216   0.0255596322614405   0
0.106278729321017   0.0872781274769057   -0.0391889087479363   -0.01485935890033   0
0.160026607418079   0.0881829361419487   0.0537478780970621   0.000904808665043   0
0.136206274200493   0.0870447653675538   -0.0238203332175857   -0.00113817077439486   0
0.148271366926491   0.0818881556166855   0.0120650927259972   -0.00515660975086833   0
0.140459120825029   0.0949061610634947   -0.00781224610146192   0.0130180054468092   0
0.145583523165776   0.0745953935110775   0.00512440234074726   -0.0203107675524172   0
0.149565752518583   0.0896163097059347   0.00398222935280704   0.0150209161948572   0
0.127072116422526   0.0820657318974857   -0.022493636096057   -0.00755057780844899   0
0.138540767949474   0.100881805193206   0.011468651526948   0.0188160732957205   0
0.121169500072211   0.0693514284042153   -0.0173712678772627   -0.0315303767889909   0
0.142528863041982   0.0910891157167529   0.0213593629697705   0.0217376873125376   0
0.129526769350471   0.080945745701025   -0.0130020936915112   -0.0101433700157279   0
0.161261793047454   0.0937118537182597   0.0317350236969838   0.0127661080172347   0
0.124439594028468   0.0843859993583059   -0.0368221990189861   -0.00932585435995381   0
0.140463068380482   0.0858788750786245   0.0160234743520138   0.00149287572031866   0
0.124028016169291   0.0906487584275841   -0.0164350522111908   0.00476988334895957   0
0.131150710067807   0.0958584564351654   0.00712269389851573   0.00520969800758128   0
0.127778629888804   0.0911595455211356   -0.00337208017900292   -0.00469891091402976   0
0.116392893608588   0.0778067454001901   -0.0113857362802165   -0.0133528001209455   0
0.13479548102622   0.0865426576540148   0.0184025874176322   0.00873591225382467   0
0.103128972696668   0.0589312337023628   -0.0316665083295523   -0.027611423951652   0
0.137955309687739   0.0758426688382767   0.0348263369910715   0.0169114351359139   0
0.115806855574659   0.084065608097307   -0.0221484541130798   0.0082229392590303   0
0.111072333952474   0.0686379981116145   -0.00473452162218488   -0.0154276099856924   0
0.15094745096609   0.0916977760950068   0.0398751170136151   0.0230597779833922   0
0.133237938787757   0.0751920425867824   -0.0177095121783328   -0.0165057335082244   0
0.127747427365212   0.0865465149559472   -0.00549051142254514   0.0113544723691648   0
0.121746209372941   0.0843028718331262   -0.00600121799227048   -0.00224364312282103   0
0.133520067447781   0.0769452930715876   0.01177385807484   -0.00735757876153864   0
0.116164462094911   0.0753351786725332   -0.0173556053528701   -0.00161011439905437   0
0.168756854762495   0.0714685053882128   0.0525923926675846   -0.0038666732843204   0
0.141392995065668   0.0935621774000718   -0.0273638596968275   0.022093672011859   0
0.239725028922639   0.0989740426496261   0.0983320338569708   0.0054118652495543   0
0.159223101142297   0.134091342613944   -0.0805019277803422   0.0351172999643175   0
0.150566381174185   0.161072679014785   -0.00865671996811149   0.0269813364008415   0
0.112142329374148   0.131409783273126   -0.0384240518000366   -0.0296628957416589   0
0.147291167253709   0.139659861689472   0.0351488378795603   0.00825007841634601   0
0.1483932158172   0.130403291040228   0.00110204856349094   -0.00925657064924387   0
0.135941851061474   0.130273281940312   -0.0124513647557256   -0.000130009099916395   0
0.145663838548797   0.101828076321673   0.00972198748732298   -0.0284452056186387   0
0.144194305779112   0.114989559340185   -0.0014695327696852   0.0131614830185121   0
0.137899471898807   0.0906888934629263   -0.00629483388030433   -0.024300665877259   0
0.184822045699208   0.112016545555389   0.0469225738004002   0.0213276520924625   0
0.154582724189736   0.0893730125806443   -0.0302393215094716   -0.0226435329747446   0
0.171098978233448   0.102131230851733   0.0165162540437122   0.0127582182710889   0
0.136340614092097   0.0821399704284096   -0.0347583641413517   -0.0199912604233235   0
0.154858544380509   0.0798907692721913   0.0185179302884122   -0.00224920115621831   0
0.14050772689162   0.0902784091803793   -0.014350817488889   0.0103876399081881   0
0.141109971215255   0.0829277588296736   0.000602244323634926   -0.00735065035070578   0
0.143408101518185   0.0869610093401347   0.00229813030293016   0.00403325051046118   0
0.138701202675463   0.0932894644001133   -0.00470689884272135   0.00632845505997853   0
0.151430505558755   0.0948927845785047   0.0127293028832911   0.00160332017839145   0
0.157572357950625   0.0914544104090257   0.00614185239187079   -0.00343837416947905   0
0.143922889172397   0.0866498575984692   -0.0136494687782286   -0.00480455281055642   0
0.157091249378984   0.0936566920288801   0.0131683602065868   0.00700683443041089   0
0.132990816152771   0.0915332052232959   -0.024100433226213   -0.00212348680558426   0
0.131855307331522   0.0727059667231136   -0.00113550882124894   -0.0188272385001823   0
0.159993649779921   0.0932154927542895   0.0281383424483994   0.0205095260311759   0
0.132542898121438   0.0847592783104747   -0.0274507516584826   -0.00845621444381484   0
0.150130127702004   0.0871264348521303   0.0175872295805655   0.00236715654165559   0
0.143049810133848   0.0857586883360077   -0.0070803175681558   -0.00136774651612258   0
0.141144680345559   0.0745545158359975   -0.00190512978828919   -0.0112041725000102   0
0.152310176770727   0.085082812498001   0.0111654964251677   0.0105282966620035   0
0.138011797697262   0.0805267060696326   -0.0142983790734645   -0.00455610642836844   0
0.150766339155794   0.0780365716235824   0.0127545414585322   -0.00249013444605022   0
0.156014720830119   0.0937677914559285   0.00524838167432476   0.0157312198323462   0
0.151337442307084   0.0834859653965264   -0.00467727852303501   -0.0102818260594022   0
0.159530034649435   0.0901452241113749   0.00819259234235115   0.0066592587148485   0
0.144459830740175   0.0957989609989195   -0.0150702039092603   0.00565373688754463   0
0.151854222622389   0.0818125797575776   0.00739439188221377   -0.0139863812413419   0
0.164172521774382   0.0952233538189162   0.0123182991519935   0.0134107740613386   0
0.14116312214665   0.0992852068840066   -0.0230093996277323   0.00406185306509046   0
