0   0   0   0   0
0.0647157405456354   0.0454760295686915   0.0647157405456354   0.0454760295686915   0
0.0819664026335791   0.0352362444103369   0.0172506620879437   -0.0102397851583545   0
0.0511383763827128   0.0551647616519368   -0.0308280262508663   0.0199285172415999   0
0.069149319413932   0.0564960269895371   0.0180109430312192   0.00133126533760024   0
0.0597704030437306   0.0763055663365393   -0.00937891637020144   0.0198095393470022   0
0.0810337729010565   0.102528384070473   0.0212633698573259   0.0262228177339341   0
0.107645976930791   0.111042393204983   0.0266122040297345   0.00851400913450936   0
0.0981568329288817   0.149695305621953   -0.00948914400190931   0.0386529124169705   0
0.0923158809985043   0.147781726515332   -0.00584095193037748   -0.00191357910662085   0
0.123100679397696   0.167687088900286   0.0307847983991921   0.0199053623849538   0
0.127223443714355   0.210527067922043   0.00412276431665848   0.0428399790217568   0
0.130174166057056   0.206259912692705   0.00295072234270125   -0.00426715522933749   0
0.134713332733809   0.236339778579004   0.00453916667675319   0.0300798658862982   0
0.1283608073762   0.265964036036308   -0.00635252535760894   0.0296242574573042   0
0.135816182080156   0.299662319349063   0.00745537470395538   0.0336982833127554   0
0.152036160825542   0.304497363473955   0.0162199787453861   0.00483504412489194   0
0.173758149178132   0.314906077942154   0.0217219883525903   0.0104087144681988   0
0.162229130277549   0.342939780797227   -0.0115290189005829   0.0280337028550728   0
0.19307520623902   0.365200600933925   0.0308460759614706   0.0222608201366982   0
0.208584513484199   0.38621177507813   0.0155093072451793   0.0210111741442047   0
0.218575062363573   0.390970239469068   0.00999054887937437   0.00475846439093774   0
0.223172962482376   0.454415774096256   0.00459790011880262   0.0634455346271889   0
0.256329172442799   0.463948593985907   0.0331562099604227   0.00953281988965038   0
0.296347245809709   0.462251686370369   0.0400180733669102   -0.00169690761553781   0
0.319859980205402   0.471218395523244   0.0235127343956929   0.00896670915287445   0
0.363221246611483   0.505147734942462   0.0433612664060816   0.0339293394192186   0
0.389658393937562   0.549947694261463   0.0264371473260783   0.0447999593190013   0
0.394960094964036   0.527327162765915   0.00530170102647398   -0.0226205314955482   0
0.400897862186867   0.580295592229727   0.00593776722283113   0.0529684294638121   0
0.404308017186155   0.615085883292122   0.00341015499928804   0.0347902910623947   0
0.462967707787487   0.62633976662152   0.0586596906013322   0.0112538833293978   0
0.434198518705442   0.671090789787418   -0.0287691890820451   0.044751023165898   0
0.462777798704735   0.695206895158916   0.0285792799992929   0.0241161053714982   0
0.484897875098458   0.698262045086943   0.0221200763937234   0.00305514992802725   0
0.532033039869706   0.663301519374108   0.0471351647712476   -0.0349605257128354   0
0.664751598449376   0.621208184509026   0.13271855857967   -0.0420933348650818   0
0.737504298469507   0.682660576243055   0.0727527000201316   0.0614523917340291   0
0.665640961265155   0.914349097984052   -0.071863337204352   0.231688521740997   0
0.503875324877097   1.06034096058638   -0.161765636388058   0.145991862602329   0
0.487666868101207   1.1560004518747   -0.01620845677589   0.095659491288314   0
0.613921225467893   1.23212864402596   0.126254357366686   0.0761281921512642   0
0.723138397477965   1.26869918923646   0.109217172010072   0.0365705452105003   0
0.711742995667678   1.33264751851953   -0.0113954018102878   0.063948329283066   0
0.69688275182128   1.34421151142826   -0.0148602438463975   0.0115639929087352   0
0.709956182499314   1.32511593212339   0.0130734306780342   -0.0190955793048677   0
0.673021926026188   1.34044185486923   -0.0369342564731262   0.0153259227458322   0
0.68290182356617   1.35008143211104   0.00987989753998142   0.00963957724181563   0
0.676868447738554   1.38272831254453   -0.00603337582761532   0.0326468804334912   0
0.684053633618008   1.35847503199212   0.00718518587945371   -0.0242532805524094   0
0.706228580184206   1.4018352367815   0.0221749465661982   0.0433602047893791   0
0.728117786432937   1.41915992834573   0.0218892062487306   0.0173246915642251   0
0.773208018900477   1.43838557524539   0.0450902324675398   0.0192256468996588   0
0.776776153996117   1.47193585451515   0.00356813509564069   0.0335502792697659   0
0.827825605064859   1.51599430253093   0.0510494510687417   0.0440584480157811   0
0.85164502105807   1.5139524633575   0.0238194159932106   -0.00204183917343048   0
0.851157111145763   1.5337965135731   -0.000487909912307072   0.0198440502155985   0
0.825659323615981   1.56412981684673   -0.0254977875297812   0.0303333032736337   0
0.834350411755756   1.57256301689598   0.00869108813977471   0.00843320004924952   0
0.86868448612658   1.57101351915483   0.0343340743708236   -0.00154949774115232   0
0.848861826719166   1.600900923757   -0.0198226594074133   0.0298874046021631   0
0.870710366599594   1.63823271748094   0.0218485398804279   0.0373317937239495   0
0.882849924069771   1.63794418489581   0.0121395574701766   -0.000288532585134282   0
0.902449100673273   1.61840794660408   0.0195991766035024   -0.0195362382917257   0
0.906313353992426   1.64517429206938   0.00386425331915241   0.0267663454652995   0
0.90235824495873   1.6813486546348   -0.00395510903369534   0.0361743625654156   0
0.938400791440949   1.70659090172894   0.0360425464822189   0.0252422470941414   0
0.925163962548261   1.72298346726688   -0.0132368288926885   0.0163925655379387   0
0.948669722017626   1.7687597149006   0.0235057594693653   0.0457762476337196   0
0.950542437268847   1.81582675369933   0.0018727152512209   0.0470670387987313   0
0.968240908525352   1.8207359774852   0.0176984712565055   0.004909223785873   0
0.958457835302628   1.83689459867299   -0.00978307322272443   0.0161586211877851   0
0.962644074107351   1.87020528273964   0.00418623880472335   0.0333106840666495   0
0.982064067422284   1.9186002693826   0.0194199933149324   0.0483949866429658   0
0.950042150249661   1.89537551716672   -0.0320219171726226   -0.0232247522158866   0
0.763561414419299   1.62383295391306   -0.186480735830363   -0.271542563253662   0
0.944126110711911   1.43375351163694   0.180564696292613   -0.190079442276118   0
1.02854766918505   1.52012028142258   0.0844215584731393   0.0863667697856381   0
0.809034059014427   1.76102446214732   -0.219513610170623   0.240904180724743   0
0.882518214866413   1.92048994135748   0.0734841558519855   0.15946547921016   0
0.967370462173618   1.92758115021657   0.0848522473072055   0.00709120885909598   0
0.935205907995667   1.97233197375271   -0.0321645541779512   0.0447508235361331   0
0.966975151536481   2.01503268852518   0.0317692435408137   0.0427007147724694   0
0.99891634469459   2.01666486711972   0.0319411931581087   0.0016321785945439   0
0.977985775645024   2.04997227813573   -0.0209305690495654   0.0333074110160108   0
0.964043708376856   2.07377527135898   -0.0139420672681686   0.0238029932232462   0
0.982707305007447   2.05766580232918   0.0186635966305917   -0.0161094690297947   0
0.964303356304954   2.08354387406409   -0.0184039487024928   0.0258780717349083   0
1.00856282857292   2.07464730599565   0.0442594722679609   -0.00889656806844341   0
0.999732842830523   2.07721982121537   -0.00882998574239191   0.00257251521971913   0
1.02051031785328   2.09167767897566   0.0207774750227552   0.0144578577602918   0
1.04421889971883   2.08891815984973   0.0237085818655496   -0.0027595191259242   0
1.04654884178809   2.08588994046906   0.00232994206926529   -0.00302821938067854   0
1.05900252840161   2.10905269641372   0.0124536866135152   0.0231627559446683   0
1.04855524929257   2.13370583585226   -0.0104472791090404   0.0246531394385379   0
1.0472770226707   2.14520528987904   -0.00127822662187116   0.0114994540267741   0
1.07284738937698   2.14566120324831   0.0255703667062821   0.000455913369277194   0
1.08522905355275   2.17809441623865   0.0123816641757719   0.0324332129903397   0
1.0641781824812   2.20767492632521   -0.0210508710715465   0.0295805100865523   0
1.1089395399899   2.21653815828309   0.0447613575086905   0.00886323195788652   0
1.10995599808506   2.22681847829476   0.00101645809516393   0.0102803200116703   0
1.09721955152239   2.25221824065187   -0.0127364465626667   0.0253997623571069   0
1.0869674667183   2.28122166129247   -0.0102520848040919   0.0290034206406058   0
1.14528043827265   2.29049571463253   0.0583129715543527   0.00927405334005815   0
1.18554141638578   2.30819865282973   0.0402609781131262   0.0177029381972016   0
1.15404258466748   2.32488039224602   -0.0314988317182983   0.0166817394162839   0
1.16632517708999   2.33205863265163   0.0122825924225103   0.00717824040561377   0
1.14290162698152   2.33334607472831   -0.0234235501084739   0.00128744207667486   0
1.16452079948879   2.32382489621099   0.0216191725072681   -0.00952117851732126   0
1.16536694027375   2.34292673697877   0.000846140784963367   0.019101840767787   0
1.14722386764746   2.3209416511623   -0.0181430726262877   -0.0219850858164699   0
1.0411153151904   1.95629300319507   -0.106108552457064   -0.36464864796723   0
1.13031371918463   1.81417808136529   0.0891984039942371   -0.142114921829782   0
0.967758774450018   1.71335934933393   -0.162554944734617   -0.100818732031358   0
1.08517974586563   1.95765717482658   0.117420971415616   0.24429782549265   0
1.17596620273288   2.02783327671434   0.0907864568672518   0.0701761018877525   0
1.23634759581964   2.10573552984462   0.0603813930867534   0.0779022531302833   0
1.27203410422559   2.12820048394177   0.0356865084059519   0.0224649540971549   0
1.28633252380129   2.14595288301025   0.0142984195757012   0.0177523990684754   0
1.30826306346239   2.18176187801281   0.0219305396610996   0.0358089950025646   0
1.30772184385404   2.2145737228302   -0.000541219608354959   0.0328118448173838   0
1.27558377565882   2.22555060230609   -0.0321380681952204   0.010976879475892   0
1.27612748497711   2.22104405022728   0.000543709318292507   -0.0045065520788099   0
1.26623452346909   2.25705274259376   -0.00989296150801566   0.0360086923664773   0
1.32709414561779   2.22833906784291   0.0608596221486928   -0.0287136747508487   0
1.32752439155068   2.25531948230179   0.000430245932893536   0.0269804144588783   0
1.31860123165421   2.25786405863484   -0.00892315989646852   0.00254457633305494   0
1.32979382821173   2.24574869247429   0.0111925965575166   -0.0121153661605478   0
1.36331133727627   2.24949555398538   0.0335175090645388   0.00374686151108827   0
1.36491462902447   2.26025863928777   0.00160329174820184   0.0107630853023877   0
1.3976925854139   2.27579142282416   0.032777956389435   0.0155327835363868   0
1.42913811377802   2.26050241942472   0.0314455283641184   -0.0152890033994395   0
1.43321783147748   2.27954544122288   0.00407971769945559   0.0190430217981601   0
1.41173824193651   2.31286496346523   -0.0214795895409625   0.0333195222423481   0
1.4103227389151   2.32622799016992   -0.00141550302141025   0.013363026704698   0
1.4607885979518   2.33182712692751   0.0504658590367011   0.00559913675758539   0
1.48786106523459   2.35349707597014   0.027072467282782   0.0216699490426313   0
1.50239659777304   2.36586532747006   0.0145355325384513   0.0123682514999173   0
1.521260702552   2.37137268950391   0.0188641047789602   0.00550736203385105   0
1.53263462004484   2.38769111909916   0.0113739174928444   0.0163184295952519   0
1.5502557184626   2.3800405799114   0.0176210984177598   -0.00765053918775882   0
1.54411453022922   2.4250534398287   -0.00614118823338416   0.0450128599172963   0
1.55356862748769   2.46570979928194   0.00945409725847646   0.0406563594532452   0
1.56403995732622   2.45900192610742   0.0104713298385237   -0.00670787317452337   0
1.58362630633019   2.45790098554641   0.0195863490039712   -0.00110094056101229   0
1.57765747866417   2.45073553539034   -0.00596882766601525   -0.00716545015606229   0
1.50554367647073   2.44035050579317   -0.0721138021934453   -0.0103850295971708   0
1.17010539623788   2.15414402771727   -0.335438280232852   -0.2862064780759   0
1.23791009680227   2.33866368468192   0.0678047005643905   0.184519656964643   0
1.38431317596886   2.43559927351566   0.146403079166595   0.0969355888337415   0
1.42575789527851   2.46603841010232   0.0414447193096448   0.0304391365866663   0
1.51093641004974   2.48575803239173   0.0851785147712336   0.0197196222894047   0
1.54291357841617   2.51095354117216   0.0319771683664318   0.025195508780429   0
1.52836251784614   2.54027103688268   -0.0145510605700307   0.0293174957105204   0
1.61271491942407   2.5391814998243   0.0843524015779324   -0.001089537058375   0
1.62354882651801   2.55583541863028   0.0108339070939329   0.0166539188059733   0
1.6363524942695   2.56252454763364   0.012803667751488   0.00668912900336505   0
1.64989377283933   2.56376302867972   0.0135412785698346   0.00123848104607616   0
1.672558193529   2.56309623174784   0.022664420689672   -0.000666796931873215   0
1.69326012215991   2.5766840002414   0.0207019286309096   0.0135877684935508   0
1.69754136740169   2.58848858924953   0.00428124524177842   0.0118045890081304   0
1.69333711697376   2.63144950583324   -0.00420425042793182   0.0429609165837133   0
1.709954801224   2.61670336410148   0.0166176842502388   -0.0147461417317598   0
1.71588905690898   2.56717921082168   0.00593425568498596   -0.0495241532798039   0
1.82104904312459   2.62764036025671   0.105159986215611   0.0604611494350324   0
1.62277811515962   2.73447910679072   -0.198270927964977   0.106838746534017   0
1.56966185992334   2.80415734128365   -0.0531162552362772   0.0696782344929274   0
1.62754942149386   2.80858547784289   0.0578875615705203   0.00442813655924246   0
1.7125062756323   2.80371881867637   0.0849568541384362   -0.00486665916652784   0
1.74045593889073   2.82521775046632   0.0279496632584297   0.0214989317899579   0
1.77531188004869   2.83882888494974   0.0348559411579599   0.0136111344834182   0
1.76105897019833   2.84654151148372   -0.0142529098503568   0.00771262653397375   0
1.80528634955178   2.82405388652997   0.0442273793534529   -0.0224876249537513   0
1.76175546339383   2.83266595990862   -0.0435308861579549   0.008612073378651   0
1.756145939921   2.8316744943849   -0.00560952347283106   -0.000991465523712876   0
1.76082371166508   2.83790180839207   0.00467777174408668   0.00622731400717003   0
1.76891179683725   2.86298015886419   0.0080880851721703   0.0250783504721124   0
1.75983643120149   2.83997912005089   -0.0090753656357625   -0.0230010388133004   0
1.80479363729957   2.78778913505846   0.0449572060980759   -0.0521899849924248   0
1.79060160000599   2.80427696786088   -0.0141920372935802   0.0164878328024178   0
1.83684317097378   2.82072539710533   0.0462415709677906   0.0164484292444476   0
1.8317108026883   2.84452425317926   -0.00513236828548158   0.0237988560739297   0
1.83468116590704   2.83171713377237   0.00297036321874034   -0.0128071194068871   0
1.71118100623634   2.74437433810514   -0.1235001596707   -0.0873427956672335   0
1.61317812656259   2.70300804070206   -0.0980028796737422   -0.0413662974030733   0
1.68849519577789   2.70367186839491   0.0753170692152914   0.000663827692843899   0
1.69150187303118   2.71484292382174   0.00300667725329751   0.0111710554268392   0
1.66779924053496   2.72635365545723   -0.0237026324962195   0.011510731635485   0
1.66331424250771   2.72638637359968   -0.00448499802725255   3.27181424477629e-05   0
