0.243528375906613   0.233987172865074   0   0   0
0.214215523147623   0.271950661145014   -0.0293128527589893   0.0379634882799397   0
0.16453042774952   0.240975854593406   -0.0496850953981035   -0.0309748065516073   0
0.14798824398894   0.24789098550026   -0.0165421837605801   0.00691513090685345   0
0.182831883187288   0.289086167681113   0.0348436391983478   0.0411951821808531   0
0.189724676400436   0.264716148068285   0.00689279321314792   -0.0243700196128283   0
0.212385918864733   0.232225214943495   0.0226612424642973   -0.0324909331247895   0
0.195039451155632   0.20858850596534   -0.0173464677091013   -0.0236367089781555   0
0.178653383527993   0.210572085846041   -0.016386067627639   0.0019835798807015   0
0.192307867512371   0.172922935766766   0.0136544839843784   -0.0376491500792746   0
0.103940741424619   0.146217903495742   -0.0883671260877515   -0.0267050322710249   0
0.150197348001954   0.106619175794624   0.0462566065773343   -0.0395987277011173   0
0.128757357828514   0.104681053533925   -0.0214399901734397   -0.00193812226069917   0
0.115918818186608   0.0907176747022596   -0.0128385396419055   -0.0139633788316655   0
0.102959127129129   0.090052406760869   -0.0129596910574797   -0.000665267941390643   0
0.0862130940016654   0.0677415334845802   -0.0167460331274633   -0.0223108732762888   0
0.105215862325958   0.0782980873783308   0.0190027683242923   0.0105565538937506   0
0.133114601436694   0.0483036847995057   0.0278987391107366   -0.0299944025788251   0
0.137128619146005   0.062549166730401   0.00401401770931029   0.0142454819308953   0
0.110096475837149   0.0485243910618413   -0.0270321433088554   -0.0140247756685597   0
0.0798481607359243   0.0348337765278903   -0.030248315101225   -0.013690614533951   0
0.105690541345051   0.0606368380242829   0.025842380609127   0.0258030614963927   0
0.121858603630683   0.052710226672108   0.0161680622856321   -0.00792661135217499   0
0.0992418675171422   0.0798493500981223   -0.0226167361135412   0.0271391234260143   0
0.120937620516446   0.0393115969227431   0.0216957529993042   -0.0405377531753792   0
0.103624363056474   0.0395160087146792   -0.0173132574599721   0.00020441179193606   0
0.0963177612250721   0.0407821403257296   -0.00730660183140223   0.00126613161105042   0
0.0956598523590168   0.0648784392408988   -0.000657908866055254   0.0240962989151692   0
0.0921031433632425   0.0382132898746627   -0.00355670899577434   -0.0266651493662361   0
0.074076390794976   0.031853983671238   -0.0180267525682665   -0.00635930620342468   0
0.0597552807060598   0.0814218261312193   -0.0143211100889162   0.0495678424599812   0
0.0982202118222619   0.0655136053164723   0.0384649311162022   -0.015908220814747   0
0.103056815147908   0.0555045886097098   0.00483660332564569   -0.0100090167067625   0
0.083484464244912   0.0729681668078108   -0.0195723509029956   0.017463578198101   0
0.0985014287071005   0.0679916357244772   0.0150169644621885   -0.00497653108333362   0
0.0780779861325201   0.0783356489027346   -0.0204234425745804   0.0103440131782574   0
0.0979718497424643   0.0577295304274597   0.0198938636099442   -0.0206061184752748   0
0.0964005093984467   0.0675321931128777   -0.00157134034401761   0.00980266268541791   0
0.0912898904607734   0.0497655483320801   -0.0051106189376733   -0.0177666447807976   0
0.0318520258923055   0.0732623126675653   -0.0594378645684679   0.0234967643354852   0
0.102692266699056   0.040833045863216   0.0708402408067503   -0.0324292668043493   0
0.0783715083754294   0.0351521664065065   -0.0243207583236264   -0.00568087945670946   0
0.0652552092116024   0.0844878131311848   -0.013116299163827   0.0493356467246783   0
0.0907707187842533   0.0827555042152031   0.0255155095726509   -0.00173230891598167   0
0.148671031421457   0.062338357299118   0.0579003126372042   -0.0204171469160851   0
0.210988332677828   0.0652698360158858   0.0623173012563709   0.00293147871676781   0
0.169397190850144   0.0323368864579601   -0.0415911418276848   -0.0329329495579258   0
0.129362778578191   0.0309331607004926   -0.040034412271953   -0.00140372575746745   0
0.123820682645752   0.0436816920501312   -0.00554209593243883   0.0127485313496386   0
0.104291568408381   0.0324398648410023   -0.0195291142373709   -0.0112418272091289   0
0.0859490127932834   0.0913226432747788   -0.0183425556150975   0.0588827784337765   0
0.0719719911564214   0.0994608374202379   -0.013977021636862   0.00813819414545912   0
0.0974070416760513   0.0778367469592769   0.0254350505196299   -0.021624090460961   0
0.142332960886296   0.0541279919325482   0.0449259192102451   -0.0237087550267287   0
0.160855440067658   0.069494535211218   0.0185224791813618   0.0153665432786699   0
0.185171208671894   0.0320152266200007   0.0243157686042355   -0.0374793085912174   0
0.165757131405831   0.082540690743672   -0.0194140772660625   0.0505254641236714   0
0.125561402111795   0.0755954145549517   -0.0401957292940358   -0.00694527618872036   0
0.128504185542651   0.0920452346835647   0.00294278343085524   0.016449820128613   0
0.138773333950655   0.067421620914585   0.0102691484080042   -0.0246236137689797   0
0.13555397287435   0.0650927640435748   -0.00321936107630499   -0.0023288568710102   0
0.148077437612386   0.0732592141973452   0.0125234647380358   0.0081664501537704   0
0.127003238503   0.0985737489027885   -0.0210741991093854   0.0253145347054433   0
0.134369134161086   0.0682033861882238   0.00736589565808585   -0.0303703627145647   0
0.11756812893731   0.0626312415801411   -0.016801005223776   -0.00557214460808267   0
0.131650351856841   0.056112867499799   0.0140822229195306   -0.00651837408034214   0
0.147474938247317   0.0795237632340327   0.0158245863904763   0.0234108957342337   0
0.175293896354579   0.0690260596218921   0.0278189581072622   -0.0104977036121407   0
0.173601976187168   0.0669967901543984   -0.00169192016741146   -0.00202926946749364   0
0.15254143694531   0.0552261072502173   -0.0210605392418578   -0.0117706829041812   0
0.127209388400424   0.0821831500924308   -0.0253320485448858   0.0269570428422135   0
0.155412343557936   0.0725703044936641   0.0282029551575119   -0.00961284559876664   0
0.132440731727953   0.0845959888644846   -0.0229716118299833   0.0120256843708205   0
0.136754039766683   0.0893947504285067   0.00431330803873034   0.00479876156402212   0
0.140863188993328   0.0734369526284452   0.00410914922664457   -0.0159577978000615   0
0.149770566884485   0.104427338232728   0.00890737789115714   0.0309903856042825   0
0.164304066537868   0.0999617619158071   0.0145334996533825   -0.00446557631692056   0
0.165528461961712   0.0778095635757745   0.00122439542384467   -0.0221521983400326   0
0.17007760221443   0.0604642871842131   0.00454914025271813   -0.0173452763915614   0
0.158408553220178   0.0437964566598144   -0.0116690489942522   -0.0166678305243988   0
0.141625753487175   0.0539673861657668   -0.0167827997330033   0.0101709295059524   0
0.151143397867489   0.0585347715354088   0.00951764438031399   0.00456738536964194   0
0.164634545394853   0.0660262339348914   0.0134911475273645   0.00749146239948262   0
0.169586963907872   0.072073787995446   0.00495241851301909   0.00604755406055466   0
0.167501397812824   0.0598085335797702   -0.00208556609504812   -0.0122652544156758   0
0.165777070878816   0.0646857124738742   -0.00172432693400815   0.004877178894104   0
0.169172257998911   0.0586822646495089   0.00339518712009459   -0.00600344782436533   0
0.15636355283422   0.0664214683886543   -0.0128087051646904   0.0077392037391454   0
0.164678645110713   0.076404924654583   0.00831509227649221   0.00998345626592871   0
0.154998256764165   0.0981320845730162   -0.00968038834654758   0.0217271599184332   0
0.164632914020253   0.0739535095462176   0.00963465725608803   -0.0241785750267986   0
0.135718923836766   0.0998908227463044   -0.0289139901834866   0.0259373132000868   0
0.127742442868805   0.101634441147114   -0.00797648096796105   0.00174361840080922   0
0.152624510430173   0.0736111821977037   0.0248820675613677   -0.0280232589494099   0
0.142658299493195   0.0721382248606354   -0.0099662109369785   -0.00147295733706823   0
0.138435379378719   0.084937152398995   -0.00422292011447506   0.0127989275383596   0
0.137815552994065   0.138055410929574   -0.000619826384654271   0.0531182585305792   0
0.13131426031536   0.0822924203113118   -0.00650129267870572   -0.0557629906182625   0
0.130604899829907   0.072737215937535   -0.00070936048545267   -0.00955520437377673   0
0.134979083850091   0.0665712998486856   0.00437418402018452   -0.00616591608884948   0
0.114575572373085   0.0846491467451533   -0.0204035114770065   0.0180778468964678   0
0.139642204523561   0.0844822460227295   0.025066632150476   -0.000166900722423771   0
0.14269942523255   0.0782364189697484   0.00305722070898873   -0.00624582705298118   0
0.157334356680447   0.0756670909157343   0.0146349314478971   -0.00256932805401405   0
0.144460704148845   0.0820743160673453   -0.0128736525316021   0.00640722515161102   0
0.15144495844438   0.0899945779265757   0.00698425429553548   0.00792026185923035   0
0.147154573892965   0.0849931008697323   -0.00429038455141539   -0.00500147705684333   0
0.140322736391292   0.0877738064789975   -0.00683183750167274   0.00278070560926512   0
0.144451753206045   0.074289857649093   0.00412901681475264   -0.0134839488299045   0
0.141620242419896   0.0656382779678139   -0.00283151078614896   -0.00865157968127911   0
0.160990834876896   0.0819253039047918   0.0193705924570004   0.016287025936978   0
0.184847188603938   0.0809931977539626   0.0238563537270425   -0.000932106150829184   0
0.159775156859695   0.0768976403470223   -0.0250720317442439   -0.0040955574069403   0
0.164680872184143   0.0797521197305752   0.00490571532444831   0.00285447938355285   0
0.169719994574505   0.0720157262415648   0.00503912239036211   -0.00773639348901044   0
0.163605281367809   0.0743832118965698   -0.00611471320669579   0.00236748565500501   0
0.16257947687565   0.0614691729489059   -0.00102580449215922   -0.0129140389476639   0
0.148682477833334   0.0437939581032304   -0.0138969990423154   -0.0176752148456755   0
0.157775447798572   0.0553864377260119   0.00909296996523778   0.0115924796227815   0
0.136040441169712   0.0672827402062743   -0.0217350066288598   0.0118963024802623   0
0.150149564272262   0.0602955068637166   0.014109123102549   -0.00698723334255767   0
0.157694667297059   0.054257702066279   0.00754510302479708   -0.00603780479743759   0
0.158986403326354   0.054725883693596   0.00129173602929508   0.000468181627316988   0
0.180087992912493   0.0534487550000465   0.0211015895861389   -0.0012771286935495   0
0.157660729157327   0.070542532175029   -0.0224272637551657   0.0170937771749824   0
0.165023256469535   0.0575754633751653   0.00736252731220827   -0.0129670687998637   0
0.1542617392377   0.0518994394456327   -0.0107615172318357   -0.00567602392953253   0
0.160319224272325   0.0433701712714583   0.00605748503462536   -0.00852926817417447   0
0.146680115382318   0.0423262738963342   -0.0136391088900073   -0.0010438973751241   0
0.142616546048486   0.0520997726345317   -0.00406356933383134   0.00977349873819754   0
0.177273587953592   0.0670613453290716   0.034657041905106   0.0149615726945399   0
0.162349667112563   0.0579193135081468   -0.0149239208410293   -0.00914203182092481   0
0.158822046994238   0.0668196684027243   -0.00352762011832478   0.00890035489457743   0
0.139241847120361   0.062400267160877   -0.0195801998738771   -0.00441940124184727   0
0.146489095412901   0.0761043457112667   0.00724724829253995   0.0137040785503897   0
0.173646369126711   0.0874325257619063   0.0271572737138101   0.0113281800506395   0
0.11328538215017   0.0747800814071668   -0.0603609869765413   -0.0126524443547394   0
0.131678222477409   0.0717342169224004   0.0183928403272392   -0.0030458644847664   0
0.124477068189165   0.0758782021549503   -0.00720115428824405   0.00414398523254984   0
0.151079675507263   0.0507869363391069   0.0266026073180985   -0.0250912658158434   0
0.155461737921265   0.0515379390634705   0.00438206241400133   0.000751002724363584   0
0.150924498534367   0.0808171528119031   -0.00453723938689821   0.0292792137484326   0
0.140637292063841   0.0799553167608165   -0.0102872064705259   -0.00086183605108664   0
0.126524259031579   0.0726609912701616   -0.014113033032262   -0.00729432549065488   0
0.119932618518692   0.0866026717386508   -0.00659164051288703   0.0139416804684892   0
0.129124448207533   0.0897576713067607   0.00919182968884193   0.00315499956810997   0
0.134601125769512   0.0999225027371337   0.00547667756197853   0.010164831430373   0
0.149884172983608   0.0873253676841959   0.0152830472140955   -0.0125971350529379   0
0.1305461589127   0.114978947125724   -0.0193380140709073   0.027653579441528   0
0.13701331995401   0.107042642613785   0.00646716104131001   -0.00793630451193884   0
0.137540215760519   0.100574184020068   0.000526895806508249   -0.00646845859371702   0
0.111317233594713   0.0899852269351753   -0.0262229821658051   -0.0105889570848927   0
0.0251845356353636   0.11414180814097   -0.0861326979593498   0.0241565812057947   0
0.0931062853490032   0.094501819112622   0.0679217497136395   -0.019639989028348   0
0.0913686009148657   0.10642203879142   -0.00173768443413745   0.011920219678798   0
0.118787389382964   0.10288408279988   0.0274187884680987   -0.00353795599154028   0
0.134734102817104   0.103251057300168   0.0159467134341398   0.000366974500287956   0
0.120871001476698   0.0949940700532144   -0.0138631013404059   -0.00825698724695327   0
0.14070249980011   0.0878250997800878   0.0198314983234119   -0.00716897027312662   0
0.127441503928508   0.105955090394115   -0.0132609958716018   0.0181299906140269   0
0.104055551104638   0.115213932959087   -0.02338595282387   0.00925884256497199   0
0.101290198367167   0.101654074423913   -0.00276535273747153   -0.0135598585351733   0
0.0936873635200073   0.0961500088163933   -0.00760283484715947   -0.00550406560752001   0
0.087316147823051   0.113142404366411   -0.00637121569695628   0.0169923955500179   0
0.0962749772883899   0.116301476858647   0.00895882946533891   0.00315907249223625   0
0.118661326343843   0.111693548992646   0.022386349055453   -0.00460792786600191   0
0.103576907269236   0.10059505618937   -0.0150844190746065   -0.0110984928032756   0
0.121707937561894   0.112606503044107   0.018131030292658   0.0120114468547371   0
0.126277226618658   0.099795227076754   0.00456928905676392   -0.0128112759673531   0
0.119096616611976   0.110746540314224   -0.00718061000668237   0.0109513132374698   0
0.107150993471876   0.115551936534194   -0.0119456231401001   0.0048053962199706   0
0.0985018019700147   0.121393152333647   -0.00864919150186121   0.00584121579945246   0
0.106969324370775   0.112916282433536   0.0084675224007599   -0.00847686990011121   0
0.100005043274327   0.122698189826093   -0.0069642810964477   0.00978190739255749   0
0.111721404178295   0.131163159772323   0.0117163609039683   0.00846496994623008   0
0.124268852496915   0.120571350749256   0.0125474483186197   -0.0105918090230677   0
0.0967800546055849   0.123356468547306   -0.02748879789133   0.00278511779805049   0
0.150344809200983   0.125383168846779   0.0535647545953982   0.00202670029947341   0
0.13337819511948   0.123902178705865   -0.0169666140815034   -0.00148099014091488   0
0.0876925965261698   0.12928830304111   -0.04568559859331   0.00538612433524585   0
0.102383845171509   0.132494078455614   0.0146912486453396   0.00320577541450395   0
0.108028377976311   0.120689144824141   0.00564453280480214   -0.0118049336314733   0
0.152029630959626   0.118422331779969   0.0440012529833143   -0.0022668130441723   0
0.134506400875795   0.133494181495534   -0.017523230083831   0.015071849715565   0
0.0854335109528457   0.134443533446165   -0.0490728899229491   0.000949351950630922   0
0.0672602338810355   0.137981821360714   -0.0181732770718101   0.00353828791454935   0
0.0516286582890743   0.133096364234565   -0.0156315755919612   -0.00488545712614899   0
0.0927952740060613   0.131791663069767   0.041166615716987   -0.00130470116479797   0
0.0998367912996506   0.123894337490712   0.00704151729358933   -0.00789732557905483   0
