0.234969022184819   0.0879244361556132   0   0   0
0.235261193217432   0.0758608261506556   0.00029217103261317   -0.0120636100049575   0
0.264949696571217   0.0765443797839038   0.0296885033537848   0.000683553633248166   0
0.236668928140578   0.0795024497876795   -0.0282807684306393   0.00295807000377571   0
0.282951593495442   0.0517829285299219   0.0462826653548644   -0.0277195212577576   0
0.201220415211777   0.0576181467518949   -0.0817311782836651   0.00583521822197303   0
0.224200720129307   0.0369183622346997   0.0229803049175302   -0.0206997845171952   0
0.188365092467208   0.0666036018939104   -0.0358356276620989   0.0296852396592107   0
0.130509942973744   0.0487361581612154   -0.0578551494934641   -0.017867443732695   0
0.149105965225952   0.0837570522598098   0.0185960222522079   0.0350208940985944   0
0.170702521380734   0.028479157956241   0.0215965561547819   -0.0552778943035687   0
0.155806111358765   0.0473445432075654   -0.0148964100219688   0.0188653852513244   0
0.139311527024507   0.0490891323670069   -0.0164945843342582   0.00174458915944153   0
0.109033110131831   0.0321925464723203   -0.0302784168926762   -0.0168965858946866   0
0.121565299162261   0.036857538601609   0.0125321890304299   0.00466499212928876   0
0.139392638384887   0.0442505205551079   0.0178273392226265   0.00739298195349885   0
0.143098344799512   0.0426688219790367   0.00370570641462445   -0.00158169857607118   0
0.162714106856474   0.0373191677607905   0.0196157620569619   -0.00534965421824619   0
0.131398864860736   0.0317846560979445   -0.0313152419957377   -0.00553451166284601   0
0.181349497758407   0.0416270445996881   0.0499506328976708   0.00984238850174363   0
0.0659577867659308   0.0400068833189431   -0.115391710992476   -0.00162016128074506   0
0.164000563928948   0.0458140509656593   0.098042777163017   0.0058071676467162   0
0.0886915990915149   0.0239313018921981   -0.075308964837433   -0.0218827490734612   0
0.163003774826072   0.0322172779271888   0.0743121757345575   0.00828597603499066   0
0.0871907254267907   0.0346987778714615   -0.0758130493992817   0.00248149994427271   0
0.156758471965377   0.0329977508507777   0.0695677465385867   -0.00170102702068379   0
0.102479199647977   0.0330200559057389   -0.0542792723174   2.23050549612441e-05   0
0.155845964554556   0.0363913442479541   0.0533667649065789   0.00337128834221514   0
0.0777235854204501   0.0357461282160894   -0.0781223791341062   -0.000645216031864716   0
0.171532350013553   0.0248826380903538   0.0938087645931031   -0.0108634901257356   0
0.110007775607909   0.0412781263978639   -0.0615245744056444   0.0163954883075101   0
0.136045712611019   0.018055361557374   0.0260379370031104   -0.0232227648404898   0
0.0919685428811939   0.0181268317922603   -0.0440771697298252   7.14702348863019e-05   0
0.129625394828251   0.0201967053930833   0.0376568519470572   0.00206987360082297   0
0.0754632290905975   0.0376140707607609   -0.0541621657376537   0.0174173653676776   0
0.146490989505191   0.0147505535623422   0.0710277604145936   -0.0228635171984187   0
0.0925717319074241   0.0288308311603312   -0.053919257597767   0.014080277597989   0
0.166717414073905   0.0161818097148465   0.0741456821664812   -0.0126490214454847   0
0.0835685609646355   0.0210033598432614   -0.0831488531092698   0.00482155012841491   0
0.143905050546706   0.0152831176838374   0.0603364895820705   -0.00572024215942394   0
0.0718265833241426   0.0435025855100076   -0.0720784672225634   0.0282194678261702   0
0.109861426520868   0.0149617647380164   0.038034843196725   -0.0285408207719913   0
0.0856042501706545   0.0419550743762066   -0.0242571763502131   0.0269933096381902   0
0.0942718108879319   0.0156787303411708   0.00866756071727742   -0.0262763440350358   0
0.118175487402422   0.0510240393092611   0.0239036765144901   0.0353453089680903   0
0.0762902798051626   0.0303599333267549   -0.0418852075972594   -0.0206641059825063   0
0.0953281123013038   0.0568768815593383   0.0190378324961413   0.0265169482325835   0
0.0838599140579097   0.0218563976566416   -0.0114681982433942   -0.0350204839026967   0
0.0721833019818988   0.047948032405616   -0.0116766120760109   0.0260916347489743   0
0.123131800948009   0.0317677980324892   0.0509484989661097   -0.0161802343731268   0
0.012099959785148   0.0784878335087834   -0.11103184116286   0.0467200354762942   0
0.124875547578417   0.0281659355415478   0.112775587793269   -0.0503218979672356   0
0.0996552189877179   0.0298524370446602   -0.0252203285906996   0.00168650150311239   0
0.148089973130912   0.0429384776685844   0.0484347541431936   0.0130860406239243   0
0.101156257402694   0.0154134443842746   -0.0469337157282179   -0.0275250332843099   0
0.114736652966696   0.0590860406308506   0.0135803955640023   0.043672596246576   0
0.118946988171748   0.0246880700686734   0.0042103352050523   -0.0343979705621772   0
0.134235822798313   0.0440252486053458   0.0152888346265645   0.0193371785366724   0
0.11497564737739   0.0343832258854518   -0.0192601754209224   -0.00964202271989401   0
0.140806516558826   0.0466677781422147   0.0258308691814356   0.0122845522567629   0
0.107254878332922   0.0255404965951624   -0.0335516382259034   -0.0211272815470523   0
0.138995774705174   0.0474099450221259   0.0317408963722519   0.0218694484269635   0
0.116718900635458   0.0290017127365889   -0.0222768740697161   -0.018408232285537   0
0.125197006679077   0.0400547378863518   0.00847810604361886   0.0110530251497629   0
0.12124936196962   0.0534891209731007   -0.00394764470945691   0.0134343830867488   0
0.128316918301407   0.0525145680287147   0.00706755633178685   -0.000974552944386017   0
0.134944710688118   0.0241784786960429   0.00662779238671132   -0.0283360893326718   0
0.142109909320049   0.0649688164987057   0.00716519863193035   0.0407903378026628   0
0.128064976894309   0.047148105657094   -0.0140449324257395   -0.0178207108416117   0
0.13096599035681   0.0521540558069142   0.00290101346250043   0.00500595014982023   0
0.131689787051274   0.0417432028330509   0.000723796694464596   -0.0104108529738634   0
0.126665935365354   0.0501701456599939   -0.00502385168592057   0.008426942826943   0
0.123467149400559   0.0451396671480307   -0.00319878596479467   -0.00503047851196318   0
0.124024180265422   0.0710415954749047   0.00055703086486325   0.025901928326874   0
0.15538672804075   0.0290773912805482   0.0313625477753275   -0.0419642041943565   0
0.113677700745089   0.073186986691983   -0.041709027295661   0.0441095954114348   0
0.153926585779195   0.0237228642955846   0.0402488850341064   -0.0494641223963984   0
0.134802239102027   0.065861676470008   -0.0191243466771686   0.0421388121744233   0
0.123257304067061   0.0404351346158662   -0.0115449350349655   -0.0254265418541417   0
0.119223054711536   0.0747277716189831   -0.00403424935552485   0.0342926370031169   0
0.156324966341273   0.0539548324243065   0.0371019116297361   -0.0207729391946766   0
0.114686795703211   0.0827254724477346   -0.0416381706380618   0.0287706400234281   0
0.157077629333174   0.0341098179376642   0.0423908336299632   -0.0486156545100704   0
0.110833977936597   0.0936693825998255   -0.0462436513965773   0.0595595646621613   0
0.120131029280865   0.105550984602276   0.00929705134426811   0.0118816020024509   0
0.119194812386865   0.121322926195979   -0.0009362168939996   0.0157719415937027   0
0.120355483321601   0.113067682184212   0.00116067093473547   -0.00825524401176701   0
0.122919726169806   0.107086422967032   0.00256424284820495   -0.00598125921718039   0
0.143747567660397   0.113044026531746   0.0208278414905913   0.00595760356471385   0
0.120635011373564   0.14000027581355   -0.0231125562868326   0.0269562492818041   0
0.139299583283978   0.10615863255135   0.0186645719104139   -0.0338416432621999   0
0.124528896430106   0.136420865358942   -0.0147706868538725   0.030262232807592   0
0.13340294844656   0.161522903099878   0.00887405201645451   0.025102037740936   0
0.0637475052591127   0.146510222138534   -0.0696554431874475   -0.015012680961344   0
0.117876160982872   0.158044083221969   0.0541286557237595   0.0115338610834348   0
0.0948943921600012   0.152027535935212   -0.022981768822871   -0.00601654728675674   0
0.0764586897294109   0.15178572527182   -0.0184357024305903   -0.00024181066339149   0
0.132505711189971   0.196375247635426   0.05604702146056   0.044589522363606   0
0.134629215773769   0.195845867903468   0.00212350458379787   -0.000529379731958601   0
0.100576755931875   0.18392555468565   -0.0340524598418936   -0.0119203132178175   0
0.146332374759663   0.191471199843247   0.0457556188277879   0.00754564515759648   0
0.118863959721397   0.207652545225913   -0.0274684150382657   0.0161813453826667   0
0.143992211309952   0.193766564363069   0.025128251588555   -0.0138859808628443   0
0.084025406268878   0.236736769537319   -0.0599668050410745   0.0429702051742498   0
0.165509908842975   0.212551194423169   0.0814845025740973   -0.0241855751141502   0
0.0826449245044123   0.205542280031282   -0.0828649843385631   -0.0070089143918862   0
0.178589488034347   0.204732441213664   0.0959445635299343   -0.000809838817618425   0
0.104560154189682   0.209780428879811   -0.0740293338446649   0.00504798766614686   0
0.167774164045004   0.238383035540827   0.0632140098553226   0.0286026066610158   0
0.100167390138208   0.240307620157627   -0.0676067739067961   0.00192458461680059   0
0.208658161330464   0.226407608284422   0.108490771192256   -0.0139000118732048   0
0.120087176636392   0.208322429562961   -0.0885709846940722   -0.0180851787214611   0
0.231995008583504   0.189911792123113   0.111907831947112   -0.0184106374398483   0
0.128269057498291   0.200382678443484   -0.103725951085212   0.0104708863203707   0
0.170620802001544   0.200623365201221   0.0423517445032523   0.00024068675773728   0
0.092637302193177   0.180779583956104   -0.0779834998083667   -0.0198437812451169   0
0.170826444518903   0.188339926898262   0.0781891423257264   0.00756034294215743   0
0.0695887491979846   0.196288400960512   -0.101237695320919   0.00794847406225013   0
0.163940487108269   0.207632428329349   0.0943517379102841   0.011344027368837   0
0.0654843215255377   0.232189859581012   -0.098456165582731   0.0245574312516632   0
0.182839500590026   0.238892368190933   0.117355179064488   0.00670250860992153   0
0.0716779005641906   0.231256923156951   -0.111161600025835   -0.00763544503398228   0
0.161592577858545   0.209880395952896   0.0899146772943546   -0.0213765272040547   0
0.102563844864114   0.25875479533897   -0.0590287329944315   0.048874399386074   0
0.201046655804691   0.247612558397136   0.0984828109405775   -0.0111422369418346   0
0.0815954148671358   0.232860088215461   -0.119451240937555   -0.0147524701816744   0
0.165695097943814   0.220624650335111   0.0840996830766779   -0.0122354378803504   0
0.111629710787496   0.250265567634493   -0.0540653871563176   0.029640917299382   0
0.157307409999434   0.273572399940423   0.0456776992119379   0.0233068323059295   0
0.123428057146906   0.244275868889274   -0.0338793528525275   -0.0292965310511481   0
0.098212910105393   0.277246309671563   -0.0252151470415135   0.0329704407822882   0
0.10928417107218   0.237266950270134   0.0110712609667875   -0.0399793594014292   0
0.114183159983817   0.279707997915423   0.00489898891163677   0.0424410476452891   0
0.227583009513646   0.313896084857967   0.113399849529829   0.0341880869425444   0
0.20340795436504   0.320158598628111   -0.0241750551486068   0.0062625137701437   0
0.1958157353582   0.294724287562817   -0.00759221900683904   -0.0254343110652937   0
0.15041639011052   0.362151859670018   -0.0453993452476809   0.0674275721072012   0
0.281201834152002   0.336031596967536   0.130785444041482   -0.0261202627024822   0
0.152632182326795   0.372844418405053   -0.128569651825207   0.0368128214375174   0
0.32382820486965   0.365045194346608   0.171196022542855   -0.00779922405844585   0
0.20069388196268   0.378238384570974   -0.12313432290697   0.0131931902243664   0
0.336458065292259   0.362553754672062   0.135764183329579   -0.0156846298989116   0
0.198254461388288   0.417977698525364   -0.138203603903971   0.0554239438533015   0
0.265855547997404   0.375636836429483   0.0676010866091165   -0.042340862095881   0
0.240176662592351   0.387615573174582   -0.0256788854050531   0.0119787367450994   0
0.278342976119715   0.348263425959919   0.0381663135273636   -0.0393521472146632   0
0.264275612910026   0.374853122855673   -0.0140673632096884   0.0265896968957541   0
0.303855584986273   0.359221544429326   0.0395799720762471   -0.0156315784263474   0
0.293287574029041   0.420501846995575   -0.0105680109572327   0.0612803025662494   0
0.375071463200335   0.462231999687116   0.0817838891712941   0.0417301526915408   0
0.309326333203302   0.502508167597801   -0.0657451299970331   0.0402761679106854   0
0.33389143154548   0.474802082194255   0.0245650983421784   -0.0277060854035465   0
0.350780114232549   0.485413761519616   0.0168886826870687   0.0106116793253609   0
0.341789228450869   0.434581882688524   -0.00899088578168028   -0.0508318788310914   0
0.270877803608934   0.462443881916663   -0.0709114248419349   0.0278619992281385   0
0.391303479520193   0.474902730666765   0.120425675911259   0.0124588487501022   0
0.27384092864771   0.489469415061094   -0.117462550872483   0.0145666843943293   0
0.449177956620758   0.513036270052615   0.175337027973049   0.0235668549915207   0
0.194624635422549   0.537167285441184   -0.25455332119821   0.0241310153885684   0
0.33797574205555   0.473053756675972   0.143351106633002   -0.0641135287652114   0
0.28949857695956   0.483665074069857   -0.0484771650959909   0.0106113173938845   0
0.365533459717725   0.45177058990958   0.0760348827581658   -0.0318944841602766   0
0.270814200951501   0.465255340082263   -0.0947192587662243   0.0134847501726833   0
0.34425348109277   0.450853358185064   0.0734392801412687   -0.014401981897199   0
0.366687942619007   0.4926785123875   0.022434461526237   0.0418251542024355   0
0.397485952196854   0.512843068957015   0.0307980095778476   0.0201645565695154   0
0.409890074255281   0.575482159715877   0.0124041220584269   0.0626390907588614   0
0.478472520755633   0.600175499146916   0.0685824465003521   0.0246933394310395   0
0.408129776376338   0.584388144012394   -0.070342744379295   -0.0157873551345227   0
0.49667790118446   0.585741101970188   0.0885481248081214   0.00135295795779433   0
0.348854210179611   0.597325591040807   -0.147823691004849   0.0115844890706195   0
0.493725473109298   0.557233415777446   0.144871262929687   -0.0400921752633614   0
0.286587718769053   0.556076956693271   -0.207137754340245   -0.00115645908417494   0
0.518114579625974   0.621487494208049   0.231526860856921   0.0654105375147782   0
0.376954885732179   0.608875726018044   -0.141159693893795   -0.0126117681900053   0
0.517492672355851   0.643838625633978   0.140537786623672   0.0349628996159344   0
0.420785966530789   0.641993828049772   -0.0967067058250622   -0.00184479758420653   0
0.574088692421302   0.661800627020895   0.153302725890513   0.0198067989711235   0
0.552385289607978   0.677207225304042   -0.0217034028133234   0.0154065982831471   0
0.63504905815299   0.741060220223701   0.082663768545012   0.0638529949196585   0
0.638780490586555   0.739585657525381   0.00373143243356477   -0.00147456269831991   0
0.605569277138463   0.774001868954462   -0.0332112134480925   0.0344162114290811   0
0.688617673654256   0.772352448983785   0.0830483965157939   -0.00164941997067714   0
0.529002392323787   0.723235653530023   -0.159615281330469   -0.0491167954537615   0
0.654729405929656   0.670568892437608   0.125727013605869   -0.0526667610924156   0
0.514832248117928   0.665360354316554   -0.139897157811728   -0.00520853812105393   0
0.666952449651398   0.679169292162308   0.152120201533469   0.0138089378457539   0
0.507469108730334   0.717765008672232   -0.159483340921063   0.0385957165099248   0
0.754731484683129   0.796530435497288   0.247262375952794   0.0787654268250559   0
0.559896987013942   0.771203169282421   -0.194834497669187   -0.0253272662148678   0
0.769161492819941   0.800650951517108   0.209264505805999   0.0294477822346871   0
0.536912648836373   0.767991533689011   -0.232248843983568   -0.0326594178280963   0
0.729380845639642   0.726325250180661   0.19246819680327   -0.0416662835083502   0
0.52698249367793   0.728788874455421   -0.202398351961712   0.00246362427476021   0
0.672259271443689   0.818523595257034   0.145276777765759   0.0897347208016122   0
0.513187197789082   0.749287242056743   -0.159072073654608   -0.0692363532002906   0
0.620693638661619   0.740341267191354   0.107506440872537   -0.00894597486538895   0
0.513222097666585   0.719955794627872   -0.107471540995033   -0.0203854725634824   0
0.612991363503598   0.763871037323873   0.0997692658370126   0.0439152426960018   0
0.635032823540642   0.790199424488528   0.022041460037044   0.0263283871646542   0
0.623049515112563   0.84212913325214   -0.0119833084280786   0.0519297087636121   0
0.575989401013387   0.793088120933765   -0.0470601140991765   -0.0490410123183748   0
0.62650194924198   0.754344646441035   0.050512548228593   -0.03874347449273   0
0.549621340417164   0.742698148129508   -0.0768806088248157   -0.0116464983115274   0
0.622626170048288   0.801565248747412   0.0730048296311244   0.0588671006179043   0
0.488351315957068   0.800700511890838   -0.13427485409122   -0.000864736856573844   0
0.486997158346946   0.780333440777082   -0.00135415761012236   -0.0203670711137559   0
0.427960333018143   0.838361429182695   -0.0590368253288024   0.0580279884056124   0
0.523841192299727   0.790847172465705   0.0958808592815843   -0.0475142567169899   0
0.501658679459451   0.839969189934964   -0.0221825128402767   0.0491220174692598   0
0.469037745508824   0.864056290062893   -0.0326209339506271   0.0240871001279285   0
0.530032468374344   0.879933797662074   0.0609947228655204   0.0158775075991814   0
0.450650829766239   0.92153699447784   -0.0793816386081047   0.0416031968157654   0
0.619354320654987   0.960898093294627   0.168703490888747   0.0393610988167874   0
0.405092026437203   0.996444781835526   -0.214262294217783   0.0355466885408992   0
0.670509496900678   1.00498957233906   0.265417470463474   0.0085447905035354   0
0.501408137774009   0.998342418787387   -0.169101359126668   -0.00664715355167489   0
0.646251314914717   0.972845535088176   0.144843177140707   -0.0254968836992104   0
0.489200332016445   1.00622371199326   -0.157050982898272   0.0333781769050862   0
0.659070569943007   0.991632537460324   0.169870237926562   -0.0145911745329388   0
0.461235658784097   1.00395892473796   -0.19783491115891   0.012326387277636   0
0.722143495442561   1.03614897743001   0.260907836658464   0.0321900526920478   0
0.53735551509778   1.05844817777915   -0.184787980344781   0.0222992003491411   0
0.711356970988547   1.05939489009953   0.174001455890767   0.00094671232038368   0
0.558299261589159   1.12994743008259   -0.153057709399388   0.070552539983058   0
0.719960446344798   1.07352364910793   0.161661184755639   -0.0564237809746631   0
0.545619535817771   1.07363472018536   -0.174340910527026   0.000111071077434577   0
0.759533577330851   1.04695852066498   0.21391404151308   -0.0266761995203835   0
0.517086886535522   1.03847170681608   -0.242446690795329   -0.0084868138488996   0
0.682976555379465   0.971399994017011   0.165889668843943   -0.0670717127990672   0
0.477765381376675   1.00700349452298   -0.20521117400279   0.0356035005059716   0
0.677967061068604   0.993409058596206   0.200201679691929   -0.0135944359267772   0
0.545495743341779   1.0797015904823   -0.132471317726825   0.0862925318860903   0
0.743905210758064   1.11921871899151   0.198409467416285   0.0395171285092153   0
0.583042972211311   1.17240769854187   -0.160862238546753   0.0531889795503611   0
0.787155079674266   1.15772235882842   0.204112107462955   -0.0146853397134488   0
0.627187989396321   1.20892423847568   -0.159967090277945   0.0512018796472551   0
0.775788790982443   1.1574981238866   0.148600801586121   -0.0514261145890784   0
0.574010180340035   1.17485134333711   -0.201778610642407   0.0173532194505048   0
0.761254836950807   1.12652347444072   0.187244656610772   -0.0483278688963817   0
0.556382400805417   1.15661751517777   -0.20487243614539   0.0300940407370469   0
0.733796136199285   1.15638774512099   0.177413735393868   -0.000229770056783707   0
0.589932375888118   1.16639303974057   -0.143863760311167   0.0100052946195845   0
0.716777086477379   1.11495738635037   0.126844710589261   -0.0514356533902007   0
0.549433673611292   1.16702528549171   -0.167343412866087   0.0520678991413361   0
