0.203504465788444   0.191201489296396   0   0   0
0.193702038439093   0.177348936483793   -0.00980242734935069   -0.0138525528126033   0
0.16259638484582   0.174707229283371   -0.0311056535932734   -0.00264170720042178   0
0.59792797556107   0.220284479115779   0.43533159071525   0.0455772498324075   1
0.364842592127907   0.0733413181889138   -0.233085383433164   -0.146943160926865   1
0.0826498350812632   0.0826871436550749   -0.282192757046643   0.00934582546616115   1
0.0656973972109761   0.0659796597521539   -0.0169524378702871   -0.016707483902921   0
0.0440370198933806   0.0613649542562569   -0.0216603773175955   -0.00461470549589704   0
0.0716336593594101   0.0406553625856725   0.0275966394660295   -0.0207095916705844   0
0.0439536105566994   0.0683402055009531   -0.0276800488027106   0.0276848429152806   0
0.0627998562869375   0.0495915864950901   0.018846245730238   -0.018748619005863   0
0.0545812427339283   0.0500846050252221   -0.00821861355300917   0.000493018530132006   0
0.0580046525370164   0.0449430909865913   0.00342340980308807   -0.00514151403863077   0
0.0765296555072607   0.0410214207199117   0.0185250029702443   -0.00392167026667962   0
0.0656570936688489   0.0503934889882612   -0.0108725618384118   0.00937206826834949   0
0.0748640306364144   0.0477272352531709   0.00920693696756553   -0.00266625373509023   0
0.0559565234047828   0.0406204336799907   -0.0189075072316317   -0.00710680157318023   0
0.060383366308529   0.0399958381094361   0.00442684290374628   -0.000624595570554581   0
0.0708416591707168   0.0413418898463559   0.0104582928621877   0.00134605173691976   0
0.0452984333438807   0.0423523402048992   -0.0255432258268361   0.00101045035854335   0
0.0606604895234122   0.0243703617073839   0.0153620561795315   -0.0179819784975153   0
0.0587928311040555   0.0413376646898318   -0.00186765841935665   0.0169673029824479   0
0.0659467443097838   0.0425207193230947   0.00715391320572825   0.00118305463326288   0
0.0715222053147832   0.0417426814477101   0.00557546100499941   -0.000778037875384621   0
0.0647354881439076   0.0398297133276543   -0.0067867171708756   -0.00191296812005576   0
0.0686931008137644   0.0312959638114087   0.00395761266985681   -0.00853374951624568   0
0.0533594529535302   0.032408599661229   -0.0153336478602342   0.00111263584982031   0
0.0586828801205258   0.0449076318471916   0.00532342716699561   0.0124990321859627   0
0.0471033462256133   0.0604303640214503   -0.0115795338949125   0.0155227321742587   0
0.058635991870011   0.0482939941438374   0.0115326456443977   -0.012136369877613   0
0.0782724307156741   0.0375085953464336   0.019636438845663   -0.0107853987974038   0
0.0709451552764528   0.0487024773734378   -0.00732727543922126   0.0111938820270042   0
0.0697778974600124   0.0604937625059394   -0.00116725781644045   0.0117912851325016   0
0.0819819225571101   0.0528144413083619   0.0122040250970978   -0.00767932119757754   0
0.0967059845421678   0.0363993272398025   0.0147240619850577   -0.0164151140685594   0
0.0832513009524776   0.043939819672912   -0.0134546835896902   0.00754049243310955   0
0.0843661885518126   0.0493705566420982   0.00111488759933501   0.00543073696918618   0
0.0941425905959147   0.048784399252015   0.00977640204410203   -0.000586157390083199   0
0.10381495815652   0.0472009261226409   0.00967236756060534   -0.00158347312937412   0
0.174369727209542   0.0719210429246024   0.0705547690530217   0.0247201168019615   0
0.077334385631102   0.0590113105645659   -0.0970353415784397   -0.0129097323600365   0
0.0648008483628108   0.0652624506366027   -0.0125335372682912   0.00625114007203673   0
0.074155320944825   0.064038710311674   0.00935447258201419   -0.00122374032492867   0
0.0760820208810202   0.0593849626047285   0.00192669993619525   -0.00465374770694549   0
0.0722230591297544   0.0748263692224372   -0.00385896175126585   0.0154414066177087   0
0.0577857158953664   0.0670854044802593   -0.014437343234388   -0.00774096474217789   0
0.0627493576639124   0.0816532088604147   0.004963641768546   0.0145678043801553   0
0.0872825762821538   0.0635317453842959   0.0245332186182414   -0.0181214634761188   0
0.0866814750267899   0.0582530786496516   -0.000601101255363917   -0.00527866673464423   0
0.10213263866042   0.0684749103913251   0.0154511636336305   0.0102218317416735   0
0.0650605579063844   0.0836819147458995   -0.037072080754036   0.0152070043545744   0
0.0678465368538439   0.0779877113665993   0.00278597894745951   -0.00569420337930024   0
0.0792132436501624   0.0704952495313159   0.0113667067963185   -0.00749246183528335   0
0.0814483397154908   0.0755171033762551   0.00223509606532839   0.00502185384493915   0
0.0703689756967515   0.0796150333563957   -0.0110793640187394   0.00409792998014061   0
0.0753472489059083   0.068488770776639   0.00497827320915682   -0.0111262625797567   0
0.0741177039690923   0.0804988559389045   -0.001229544936816   0.0120100851622655   0
0.0547522765891063   0.0888183079363287   -0.019365427379986   0.00831945199742416   0
0.0474278885037063   0.0944215203563785   -0.00732438808539999   0.00560321242004984   0
0.0687606093083097   0.0808670938964051   0.0213327208046033   -0.0135544264599734   0
0.0445985366379885   0.102374094622785   -0.0241620726703212   0.0215070007263803   0
0.0284642355278058   0.0971243895496389   -0.0161343011101827   -0.00524970507314655   0
0.048513817054835   0.0888209598063571   0.0200495815270292   -0.0083034297432818   0
0.0663789419924723   0.0863906157884154   0.0178651249376373   -0.00243034401794172   0
0.0660686012307662   0.0868782608391766   -0.000310340761706079   0.00048764505076121   0
0.0361440454544037   0.111934527991154   -0.0299245557763625   0.0250562671519777   0
0.0520746968436687   0.0933957338686302   0.015930651389265   -0.0185387941225241   0
0.0489044654646015   0.103281945581319   -0.00317023137906722   0.00988621171268859   0
0.046879046291067   0.0949028362849209   -0.00202541917353452   -0.00837910929639789   0
0.0835880792771912   0.10319199002138   0.0367090329861242   0.00828915373645865   0
0.0838010744822523   0.105051522010892   0.000212995205061114   0.00185953198951279   0
0.0567409287757083   0.120878318484551   -0.027060145706544   0.0158267964736585   0
0.0726864002221874   0.124687093667919   0.0159454714464791   0.00380877518336858   0
0.0815898108979914   0.12250103701909   0.00890341067580405   -0.00218605664882922   0
0.137769232024026   0.134989137456501   0.0561794211260349   0.0124881004374104   0
0.10812537691273   0.145993043015421   -0.029643855111296   0.0110039055589203   0
0.10814562683003   0.130979700168786   2.02499172991671e-05   -0.0150133428466351   0
0.0878722904020374   0.15227877420757   -0.0202733364279921   0.021299074038784   0
0.0429372526672644   0.152667903465537   -0.0449350377347731   0.000389129257967191   0
0.0449177619332264   0.155980624946057   0.00198050926596201   0.00331272148052009   0
0.0339626125667623   0.15636357999388   -0.0109551493664641   0.000382955047822958   0
0.0433217539304447   0.156720944725498   0.0093591413636824   0.000357364731617738   0
0.0529836569004066   0.149203673896833   0.00966190296996187   -0.00751727082866463   0
0.0442139781712175   0.166339004694637   -0.00876967872918903   0.017135330797804   0
0.0527787730805492   0.171736770231043   0.00856479490933162   0.00539776553640572   0
0.0617549166992078   0.178001796316779   0.00897614361865869   0.00626502608573593   0
0.0912043482097756   0.178286473682919   0.0294494315105678   0.000284677366139741   0
0.0784448775346746   0.175971368075292   -0.012759470675101   -0.00231510560762621   0
0.0507063745039024   0.180214810585735   -0.0277385030307723   0.00424344251044312   0
0.0506129377253445   0.182723348928122   -9.34367785578663e-05   0.00250853834238707   0
0.0626571132159789   0.184262453228513   0.0120441754906344   0.00153910430039067   0
0.0623050293806399   0.194310040694093   -0.000352083835339023   0.0100475874655796   0
0.0785522766123936   0.184043170208032   0.0162472472317537   -0.0102668704860611   0
0.0778441271962767   0.204577976763142   -0.000708149416116938   0.0205348065551102   0
0.0903629930928032   0.208356103280993   0.0125188658965266   0.00377812651785153   0
0.0806671160006356   0.201306511346976   -0.00969587709216761   -0.00704959193401786   0
0.0751997798086377   0.204350128549629   -0.00546733619199787   0.00304361720265367   0
0.0928021204322401   0.207262449080266   0.0176023406236024   0.00291232053063711   0
0.0824377509130374   0.211956920502207   -0.0103643695192027   0.00469447142194068   0
0.0836939825808881   0.21764699075051   0.00125623166785069   0.00569007024830279   0
0.0783288837669611   0.221169857362028   -0.00536509881392701   0.0035228666115186   0
0.0976125431340665   0.21804852132209   0.0192836593671054   -0.00312133603993825   0
0.0963169905158254   0.22639273748637   -0.00129555261824114   0.00834421616428002   0
0.086558093165968   0.242540757694088   -0.00975889734985737   0.0161480202077182   0
0.0909719863215045   0.254529717013063   0.00441389315553646   0.0119889593189747   0
0.0912397399002759   0.252498975621293   0.000267753578771429   -0.00203074139176984   0
0.0829703334818536   0.255757076257085   -0.0082694064184223   0.00325810063579191   0
0.0774212662470073   0.260395181865415   -0.00554906723484626   0.00463810560832978   0
0.0880283083357848   0.264497184570762   0.0106070420887775   0.0041020027053475   0
0.0774480155418459   0.256719673724084   -0.0105802927939389   -0.00777751084667883   0
0.201054050867054   0.322099254063868   0.123606035325209   0.0653795803397841   0
0.132035862149986   0.28498111808855   -0.0690181887170688   -0.0371181359753178   0
0.119217638289852   0.265006290851538   -0.0128182238601335   -0.0199748272370118   0
0.0913974812246486   0.289042774652996   -0.0278201570652034   0.0240364838014577   0
0.0615936987179695   0.292293894189992   -0.0298037825066791   0.00325111953699569   0
0.0731710006876358   0.297113221547464   0.0115773019696663   0.00481932735747259   0
0.0837663660846046   0.307178189027704   0.0105953653969688   0.0100649674802402   0
0.0941769801884197   0.310645631360542   0.0104106141038151   0.00346744233283813   0
0.116228926326496   0.304625789943272   0.0220519461380761   -0.00601984141727036   0
0.116801036426266   0.305509555779864   0.000572110099770526   0.000883765836592221   0
0.14589347424897   0.293260603779727   0.0290924378227037   -0.0122489520001373   0
0.0249311234159013   0.30061016804297   -0.120962350833069   0.00734956426324274   0
0.0349310349663448   0.291354666178444   0.0099999115504435   -0.00925550186452573   0
0.063174926663686   0.30558414667077   0.0282438916973412   0.0142294804923258   0
0.0717351168241441   0.300629823699862   0.00856019016045811   -0.00495432297090792   0
0.0910315719920292   0.31137209192349   0.0192964551678851   0.0107422682236278   0
0.0932633363783432   0.310086217368476   0.00223176438631403   -0.00128587455501317   0
0.0858142836647257   0.311682812738804   -0.00744905271361758   0.00159659537032775   0
0.0710895550464342   0.332715124184297   -0.0147247286182914   0.0210323114454933   0
0.0940278229173153   0.345541939302728   0.0229382678708811   0.0128268151184303   0
0.0817965145874199   0.33534035269137   -0.0122313083298954   -0.0102015866113576   0
0.0627940285856068   0.344774203785931   -0.0190024860018131   0.00943385109456052   0
0.0926157852819917   0.351332529333479   0.029821756696385   0.00655832554754843   0
0.0892431653461485   0.345536087645346   -0.00337261993584324   -0.00579644168813281   0
0.0976994072889391   0.360938062792685   0.00845624194279058   0.0154019751473384   0
0.0830916464515062   0.36774428940162   -0.0146077608374329   0.00680622660893543   0
0.0894687348790068   0.38380248779862   0.00637708842750055   0.0160581983970001   0
0.0944746583742434   0.398494865443047   0.00500592349523668   0.0146923776444272   0
0.100440778725028   0.405875724556264   0.00596612035078439   0.00738085911321679   0
0.09703902166159   0.397198279648245   -0.00340175706343787   -0.00867744490801947   0
0.0980050708461557   0.400356754053252   0.000966049184565776   0.00315847440500738   0
0.107530263971172   0.397902574170186   0.0095251931250166   -0.00245417988306651   0
0.0971824970424531   0.391649530044069   -0.0103477669287193   -0.00625304412611677   0
0.0978282973572274   0.398523582816889   0.000645800314774306   0.00687405277282038   0
0.0904048968614914   0.403978197075254   -0.00742340049573598   0.00545461425836435   0
0.101985308025274   0.396791240400869   0.0115804111637825   -0.0071869566743849   0
0.0851810875139546   0.418914188761505   -0.0168042205113193   0.0221229483606365   0
0.480012937215905   0.514690663522518   0.39483184970195   0.0957764747610131   1
0.388150779354647   0.407677459088677   -0.0918621578612575   -0.107013204433841   1
0.184483373917137   0.400474578229446   -0.203667405437511   -0.00720288085923138   0
0.139003273919646   0.404495965540993   -0.045480099997491   0.00402138731154705   0
0.0931680221716448   0.393871497952061   -0.0458352517480007   -0.0106244675889323   0
0.0981003043695869   0.393462318497591   0.00493228219794213   -0.000409179454469166   0
0.110864838111369   0.40965492448401   0.0127645337417818   0.0161926059864188   0
0.103785327954297   0.412445292827424   -0.00707951015707214   0.0027903683434144   0
0.095453026947441   0.413486969025821   -0.00833230100685559   0.00104167619839618   0
0.130344978229504   0.423092760548736   0.0348919512820635   0.0096057915229153   0
0.108228419510866   0.434424287905675   -0.0221165587186385   0.0113315273569387   0
0.125523389494747   0.429759986362737   0.0172949699838812   -0.00466430154293745   0
0.0998588898705068   0.441729203243186   -0.0256644996242404   0.0119692168804488   0
0.1088368774768   0.443406847697712   0.00897798760629334   0.00167764445452639   0
0.0964519519874015   0.449835606959409   -0.0123849254893986   0.00642875926169673   0
0.0944504523706478   0.469962784547734   -0.00200149961675372   0.0201271775883249   0
0.0798841541752806   0.467514044951058   -0.0145662981953672   -0.00244873959667591   0
0.08042503157294   0.472514953736768   0.000540877397659442   0.0050009087857098   0
0.112673979851872   0.471523146334567   0.0322489482789317   -0.000991807402200506   0
0.0966500156511627   0.486670261176764   -0.016023964200709   0.0151471148421968   0
0.0878905113878057   0.487167195187394   -0.00875950426335703   0.000496934010629835   0
0.0849800173461791   0.483967111920025   -0.0029104940416266   -0.00320008326736909   0
0.115433560996575   0.51010598224879   0.0304535436503959   0.0261388703287646   0
0.104774119779362   0.509153000662757   -0.0106594412172134   -0.000952981586032076   0
0.0899530960323218   0.504808589894724   -0.0148210237470398   -0.00434441076803305   0
0.103416159724748   0.513013932021597   0.0134630636924263   0.00820534212687296   0
0.111565437785425   0.508107728424851   0.0081492780606772   -0.00490620359674609   0
0.114589569732862   0.504105622323707   0.00302413194743695   -0.00400210610114382   0
0.108428371830439   0.520047277090653   -0.00616119790242296   0.0159416547669455   0
0.117665617405237   0.521756237682093   0.00923724557479767   0.00170896059143977   0
0.0858230309074178   0.521535803584231   -0.0318425864978191   -0.000220434097861322   0
0.104930629464994   0.518371843967967   0.0191075985575763   -0.00316395961626481   0
0.100625610082253   0.521599325602576   -0.00430501938274107   0.00322748163460973   0
0.106598349465083   0.540762498274587   0.00597273938283013   0.0191631726720105   0
0.120368623492046   0.525174996237007   0.0137702740269631   -0.0155875020375802   0
0.119416319307873   0.526215417960508   -0.000952304184172831   0.00104042172350172   0
0.406865436200336   0.612852760316049   0.287449116892463   0.0866373423555402   1
0.499868733843116   0.518269366972909   0.0930032976427798   -0.0945833933431395   1
0.553874019166823   0.648244681543245   0.0540052853237067   0.129975314570335   1
0.0651269885781617   0.560130151739085   -0.488747030588661   -0.08811452980416   1
0.150340537388856   0.504044196126193   0.0852135488106943   -0.0560859556128916   1
0.367601072078041   0.498320336487986   0.217260534689185   -0.00572385963820643   1
