0.0694650509111596   0.0915713030792125   0   0   0
0.0830709228785861   0.0715375198186413   0.0136058719674265   -0.0200337832605712   0
0.0976285831950485   0.0724002039911664   0.0145576603164624   0.000862684172525038   0
0.0752093669123734   0.0799173161859493   -0.0224192162826751   0.00751711219478297   0
0.0774914531625908   0.0679205130867141   0.00228208625021743   -0.0119968030992353   0
0.112466432151198   0.0973735440014894   0.0349749789886071   0.0294530309147753   0
0.0743213342430584   0.0828303690999865   -0.0381450979081396   -0.0145431749015029   0
0.0822952952677734   0.069833696073332   0.00797396102471501   -0.0129966730266546   0
0.0648074022652505   0.0709446085535751   -0.0174878930025228   0.00111091248024313   0
0.0558593480566333   0.0782292103442346   -0.00894805420861725   0.00728460179065951   0
0.0732227013802414   0.0782497744816239   0.0173633533236081   2.05641373892951e-05   0
0.0367360594269445   0.07479410744671   -0.0364866419532968   -0.00345566703491389   0
0.0705916244502845   0.0522666289022604   0.03385556502334   -0.0225274785444496   0
0.0757444899961707   0.0451915348716991   0.00515286554588618   -0.00707509403056123   0
0.0534500083544427   0.0465607187223844   -0.0222944816417279   0.00136918385068528   0
0.0747115135388114   0.030080151221445   0.0212615051843687   -0.0164805675009394   0
0.0648903829518797   0.0421355227180404   -0.0098211305869317   0.0120553714965954   0
0.0625801126405186   0.0449247830163374   -0.00231027031136108   0.002789260298297   0
0.0827814687505   0.0386943665289371   0.0202013561099813   -0.00623041648740037   0
0.0747947323908576   0.0402037279836709   -0.00798673635964238   0.00150936145473381   0
0.0600515730643253   0.0278651791742472   -0.0147431593265323   -0.0123385488094237   0
0.0627671831430247   0.0214965533490494   0.00271561007869936   -0.00636862582519785   0
0.0725987328936945   0.0345814833015141   0.00983154975066983   0.0130849299524648   0
0.0613670639002715   0.0402138373975302   -0.011231668993423   0.0056323540960161   0
0.0630554091822422   0.0517070162383694   0.00168834528197079   0.0114931788408392   0
0.08467565971234   0.0349890406829767   0.0216202505300978   -0.0167179755553927   0
0.0621718027968467   0.0565759885770713   -0.0225038569154933   0.0215869478940946   0
0.062955633038752   0.0577640168286019   0.000783830241905252   0.0011880282515306   0
0.0796433681453139   0.044737225384125   0.0166877351065619   -0.0130267914444769   0
0.0598819524134776   0.0668380183203018   -0.0197614157318362   0.0221007929361768   0
0.0658582316381939   0.0748065822484392   0.00597627922471623   0.0079685639281374   0
0.0864675326517994   0.0640421813645116   0.0206093010136056   -0.0107644008839276   0
0.0748477665056881   0.062493885192253   -0.0116197661461114   -0.00154829617225862   0
0.0780770778178205   0.0695282435091309   0.00322931131213246   0.00703435831687785   0
0.0597788532015294   0.0800189234733885   -0.0182982246162911   0.0104906799642576   0
0.0722789021637711   0.0846970943109768   0.0125000489622417   0.00467817083758831   0
0.0857767172686155   0.0713058253782957   0.0134978151048444   -0.0133912689326811   0
0.0575241789635836   0.10109031691934   -0.0282525383050318   0.0297844915410438   0
0.0788074297220763   0.0856209973492046   0.0212832507584927   -0.0154693195701349   0
0.0675572357162429   0.0775798237382794   -0.0112501940058335   -0.00804117361092518   0
0.0687787123947636   0.0786571076262343   0.0012214766785207   0.00107728388795486   0
0.0824473058037071   0.0926430837587054   0.0136685934089436   0.0139859761324711   0
0.0771805400330653   0.0950667337689162   -0.00526676577064179   0.00242365001021086   0
0.0808436317289148   0.0896040608812458   0.00366309169584945   -0.00546267288767045   0
0.0966546454524044   0.0953021085852905   0.0158110137234896   0.00569804770404472   0
0.107687486605548   0.0700028701123925   0.0110328411531432   -0.025299238472898   0
0.0916243753386619   0.0985505866590986   -0.0160631112668857   0.028547716546706   0
0.0978628450992209   0.0975314141229507   0.00623846976055896   -0.00101917253614793   0
0.101490498837527   0.0855411142915791   0.00362765373830577   -0.0119902998313716   0
0.0979472190128949   0.102552043299683   -0.00354327982463175   0.0170109290081036   0
0.113085897254769   0.104115166995028   0.0151386782418738   0.00156312369534496   0
0.103837525878461   0.102034574882733   -0.00924837137630795   -0.00208059211229492   0
0.569489673753001   0.135943933395683   0.465652147874541   0.0339093585129506   1
0.587645141095415   0.128756663420044   0.0181554673424135   -0.00718726997563937   0
0.432002782132581   0.110838588168122   -0.155642358962834   -0.0179180752519223   0
0.448651746887327   0.135276792911793   0.0166489647547461   0.0244382047436708   0
0.409655058726729   0.111238966935254   -0.0389966881605976   -0.0240378259765387   0
0.422228087666098   0.141692561384014   0.0125730289393686   0.0304535944487599   0
0.44152943596826   0.13795987386088   0.0193013483021623   -0.00373268752313344   0
0.435711290204672   0.141779890194881   -0.00581814576358847   0.00382001633400067   0
0.462284267526608   0.179010024733952   0.0265729773219368   0.0372301345390708   0
0.438991458430856   0.179339313406326   -0.0232928090957524   0.0003292886723745   0
0.404700865224575   0.143863228207941   -0.0342905932062806   -0.0354760851983856   0
0.408404935840521   0.173040894525687   0.00370407061594541   0.0291776663177466   0
0.396681905404166   0.173729282354969   -0.0117230304363546   0.000688387829281684   0
0.380661768075453   0.179953508929119   -0.0160201373287133   0.00622422657415012   0
0.391625097999924   0.208552391203991   0.0109633299244709   0.028598882274872   0
0.358618288335788   0.178494787999265   -0.0330068096641364   -0.0300576032047261   0
0.368567440175499   0.172877953958573   0.00994915183971146   -0.00561683404069183   0
0.391651974477009   0.186426021216433   0.0230845343015104   0.0135480672578602   0
0.400045767068594   0.186282955509629   0.00839379259158501   -0.00014306570680403   0
0.409046867992324   0.217873893950497   0.00900110092372991   0.031590938440868   0
0.435935454701679   0.234649753281678   0.0268885867093552   0.0167758593311812   0
0.422979051288702   0.201441203768997   -0.0129564034129779   -0.0332085495126815   0
0.427171018662233   0.23968865474017   0.00419196737353167   0.0382474509711733   0
0.437358881734726   0.23913529601703   0.0101878630724928   -0.000553358723140274   0
0.423684838285875   0.21867608857566   -0.0136740434488509   -0.0204592074413696   0
0.443756411968886   0.252129541083849   0.0200715736830113   0.0334534525081892   0
0.435477226948058   0.245093624322421   -0.00827918502082886   -0.00703591676142851   0
0.422885852070804   0.222876735245068   -0.0125913748772534   -0.0222168890773532   0
0.437795940468399   0.258039382335507   0.0149100883975949   0.0351626470904394   0
0.451970763544327   0.264700704396947   0.0141748230759275   0.00666132206144004   0
0.429197273824863   0.25204529524701   -0.022773489719464   -0.012655409149937   0
0.4381645920366   0.280913749082988   0.00896731821173724   0.028868453835978   0
0.445668879698729   0.276544668059741   0.00750428766212891   -0.00436908102324679   0
0.42270264984785   0.265065633554979   -0.0229662298508787   -0.0114790345047622   0
0.441532131761071   0.284386587703082   0.0188294819132208   0.0193209541481024   0
0.434653841034138   0.242966473522897   -0.00687829072693241   -0.0414201141801848   0
0.447587263526041   0.275621894005289   0.012933422491903   0.0326554204823918   0
0.465718063659259   0.28606602887552   0.0181308001332181   0.0104441348702317   0
0.438048450331255   0.261116076621399   -0.0276696133280043   -0.0249499522541209   0
0.454674505593749   0.289049064596138   0.0166260552624938   0.0279329879747389   0
0.464016518943983   0.296378663398957   0.00934201335023388   0.00732959880281914   0
0.437257470920324   0.296300950852596   -0.0267590480236584   -7.77125463614636e-05   0
0.470515707316812   0.312684470251006   0.0332582363964876   0.0163835193984104   0
0.462256909063532   0.289845830372217   -0.00825879825328052   -0.0228386398787894   0
0.436040393847588   0.285989989393252   -0.0262165152159431   -0.0038558409789648   0
0.468146016700986   0.31409048110919   0.0321056228533978   0.0281004917159378   0
0.466497736294529   0.295797320486769   -0.00164828040645698   -0.0182931606224208   0
0.437714435090257   0.287261126592431   -0.0287833012042726   -0.00853619389433857   0
0.471751532524124   0.323464338978642   0.0340370974338678   0.0362032123862116   0
0.454777486952521   0.283252389543588   -0.0169740455716039   -0.0402119494350543   0
0.454436804558665   0.301286531078644   -0.000340682393855929   0.0180341415350557   0
0.472249164519155   0.317620664981677   0.0178123599604905   0.016334133903033   0
0.447704626032826   0.306446774212264   -0.0245445384863293   -0.0111738907694124   0
0.455814151123141   0.329838784500569   0.00810952509031515   0.0233920102883042   0
0.460245164693139   0.324692110498396   0.00443101356999837   -0.00514667400217272   0
0.430049721075741   0.295117970954197   -0.0301954436173981   -0.0295741395441985   0
0.426254603870356   0.300091407574263   -0.00379511720538528   0.00497343662006577   0
0.479820691100318   0.32767354111509   0.0535660872299621   0.0275821335408268   0
0.460890374437327   0.314701535749367   -0.0189303166629906   -0.0129720053657231   0
0.459156576908673   0.341020653515476   -0.0017337975286546   0.0263191177661095   0
0.479915673957634   0.354648587090661   0.020759097048961   0.0136279335751852   0
0.45953380974554   0.337189398892151   -0.020381864212094   -0.0174591881985107   0
0.481801764682405   0.364480576798891   0.0222679549368656   0.0272911779067405   0
0.480940457290567   0.352037796715083   -0.000861307391838095   -0.0124427800838084   0
0.468132512396148   0.360326870036027   -0.012807944894419   0.00828907332094431   0
0.465290833044925   0.373267631140178   -0.00284167935122359   0.0129407611041509   0
0.467422456920889   0.352953804025768   0.00213162387596388   -0.0203138271144104   0
0.460068721874733   0.337606855570799   -0.00735373504615611   -0.0153469484549683   0
0.479485327804428   0.376031999060585   0.0194166059296957   0.038425143489786   0
0.463618039380286   0.332469813836535   -0.0158672884241426   -0.0435621852240506   0
0.466524359946325   0.353585581471035   0.00290632056603962   0.0211157676345005   0
0.494881349054387   0.349536285369563   0.0283569891080618   -0.0040492961014722   0
0.480986634155503   0.34421915655546   -0.0138947148988836   -0.00531712881410268   0
0.47943812656688   0.351686619841671   -0.00154850758862296   0.00746746328621078   0
0.499882484400311   0.366430961731866   0.0204443578334311   0.0147443418901946   0
0.473770758721863   0.329457263193589   -0.0261117256784482   -0.0369736985382763   0
0.479324407421665   0.361502916880421   0.00555364869980152   0.0320456536868316   0
0.496207600442526   0.379333797787216   0.0168831930208617   0.0178308809067951   0
0.489712286613783   0.362743085573113   -0.00649531382874335   -0.0165907122141034   0
0.486578222666628   0.380865101919384   -0.00313406394715526   0.018122016346271   0
0.512194998236336   0.366561088475714   0.025616775569708   -0.0143040134436699   0
0.500003640939184   0.343315993205826   -0.0121913572971521   -0.0232450952698881   0
0.503375488293997   0.377465376869816   0.00337184735481344   0.0341493836639907   0
0.473940887307647   0.324090638034331   -0.0294346009863499   -0.0533747388354849   0
0.444813218912894   0.310473835276827   -0.0291276683947534   -0.0136168027575041   0
0.499398866194834   0.35777678950639   0.0545856472819405   0.0473029542295631   0
0.507279033882268   0.351226095839276   0.00788016768743344   -0.0065506936671148   0
0.496144764192438   0.364114639770996   -0.0111342696898296   0.0128885439317208   0
0.509919378370088   0.382463986409116   0.0137746141776496   0.0183493466381196   0
0.507271841698413   0.360653674097884   -0.0026475366716745   -0.0218103123112324   0
0.495008740554397   0.356973074491396   -0.0122631011440166   -0.00368059960648737   0
0.521954833542463   0.374806802518514   0.0269460929880661   0.0178337280271179   0
0.524850254049856   0.364117553246888   0.00289542050739322   -0.0106892492716266   0
0.514992348470596   0.358596739286277   -0.00985790557926014   -0.00552081396061077   0
0.51589188844567   0.367915629614349   0.000899539975074526   0.00931889032807171   0
0.510987694075525   0.357569490995107   -0.00490419437014489   -0.0103461386192414   0
0.507125982469021   0.37537911601465   -0.00386171160650428   0.0178096250195428   0
0.519064620096304   0.376159688408397   0.0119386376272824   0.000780572393747347   0
0.490705225133634   0.331986667260935   -0.02835939496267   -0.0441730211474627   0
0.524568904355338   0.382388391505943   0.0338636792217046   0.0504017242450084   0
0.530341656752909   0.368698960941715   0.00577275239757047   -0.0136894305642284   0
0.513426153430546   0.355509817982626   -0.0169155033223624   -0.0131891429590885   0
0.539617092582233   0.382456404369246   0.026190939151687   0.0269465863866203   0
0.541586709242812   0.395430672479769   0.0019696166605786   0.0129742681105227   0
0.515942410673588   0.370237913507413   -0.0256442985692243   -0.0251927589723563   0
0.518511701691264   0.399498681238449   0.002569291017676   0.0292607677310363   0
0.521354097558502   0.384729130016964   0.00284239586723845   -0.0147695512214851   0
0.510057757903132   0.365020704306564   -0.01129633965537   -0.0197084257104001   0
0.521652337408623   0.388271846836804   0.0115945795054911   0.0232511425302399   0
0.544129916179822   0.406250695419039   0.0224775787711987   0.0179788485822347   0
0.519441741796903   0.401096114072351   -0.0246881743829193   -0.00515458134668806   0
0.525738839950493   0.418096918818097   0.00629709815359025   0.017000804745746   0
0.522178646667191   0.383832883715361   -0.00356019328330137   -0.0342640351027353   0
