0.0940263420555112   0.100777533074292   0   0   0
0.0714298775848209   0.12441774670038   -0.0225964644706903   0.0236402136260884   0
0.0480565970493972   0.107882446372197   -0.0233732805354237   -0.0165353003281832   0
0.0488021561303028   0.10826486867978   0.000745559080905643   0.000382422307582786   0
0.065905389094747   0.105962226998587   0.0171032329644442   -0.00230264168119333   0
0.113851171347027   0.0920192433340576   0.0479457822522795   -0.013942983664529   0
0.0783647798992634   0.0793222316349584   -0.0354863914477631   -0.0126970116990992   0
0.0825080724017959   0.0788667688741906   0.00414329250253251   -0.000455462760767814   0
0.05653006887613   0.0785977861599804   -0.0259780035256659   -0.000268982714210247   0
0.0494269126997064   0.0873849105972536   -0.00710315617642356   0.0087871244372732   0
0.0750405722958587   0.0579418374026489   0.0256136595961523   -0.0294430731946047   0
0.0514940411727415   0.0509540476602693   -0.0235465311231172   -0.00698778974237954   0
0.0604545281868116   0.0456757411213119   0.00896048701407008   -0.00527830653895747   0
0.138661296832245   0.0493009239772441   0.0782067686454335   0.00362518285593221   0
0.0834291626459837   0.0483397063403885   -0.0552321341862615   -0.000961217636855541   0
0.0998911994796338   0.0307366473260341   0.0164620368336501   -0.0176030590143544   0
0.0746520202101055   0.0592112135122436   -0.0252391792695283   0.0284745661862095   0
0.0456134327945179   0.0393148567612169   -0.0290385874155876   -0.0198963567510267   0
0.0694710655433613   0.0203154168343164   0.0238576327488434   -0.0189994399269005   0
0.0553201661375849   0.0395771456598947   -0.0141508994057763   0.0192617288255784   0
0.0391716884766281   0.0360196772451656   -0.0161484776609568   -0.00355746841472914   0
0.0919890721020166   0.0225685080008626   0.0528173836253885   -0.013451169244303   0
0.0716542305507498   0.0229608090834687   -0.0203348415512668   0.000392301082606111   0
0.0570357872680828   0.0458962059644912   -0.0146184432826669   0.0229353968810225   0
0.0601810620556002   0.0502635359999921   0.00314527478751735   0.00436733003550085   0
0.0775411832567056   0.0446064239515734   0.0173601212011054   -0.0056571120484187   0
0.0377480324336249   0.0539038852776402   -0.0397931508230807   0.00929746132606685   0
0.0651686030298333   0.0438266432849357   0.0274205705962084   -0.0100772419927045   0
0.082029696741485   0.0408332384637197   0.0168610937116517   -0.00299340482121598   0
0.0519707459409618   0.063513668273707   -0.0300589508005232   0.0226804298099873   0
0.0540855590169871   0.0619036157826019   0.00211481307602531   -0.00161005249110512   0
0.0615708159995464   0.0623141477551848   0.00748525698255926   0.000410531972582867   0
0.0427329277073313   0.0504641588564102   -0.0188378882922151   -0.0118499888987746   0
0.0500551912182942   0.0557939889273692   0.00732226351096296   0.00532983007095907   0
0.088979306606143   0.0514225774628956   0.0389241153878487   -0.00437141146447361   0
0.0594354286680773   0.0649063274166125   -0.0295438779380657   0.0134837499537169   0
0.0803111373239727   0.0841994098434336   0.0208757086558954   0.0192930824268211   0
0.104980524481925   0.0578570737544036   0.024669387157952   -0.02634233608903   0
0.0505570693424767   0.0668899429012688   -0.054423455139448   0.00903286914686519   0
0.0657297949567774   0.067833111574271   0.0151727256143007   0.000943168673002204   0
0.0774623449929706   0.0585872819730955   0.0117325500361932   -0.00924582960117551   0
0.0581662867832355   0.0671269267863694   -0.0192960582097351   0.00853964481327392   0
0.0818004369191877   0.0448181270368084   0.0236341501359521   -0.022308799749561   0
0.0661042644640268   0.0532650795900757   -0.0156961724551608   0.00844695255326727   0
0.0699251016145847   0.050127827804474   0.00382083715055791   -0.00313725178560168   0
0.104189778731409   0.0387240945157211   0.0342646771168244   -0.011403733288753   0
0.0688877598929592   0.0415900201069094   -0.0353020188384499   0.00286592559118828   0
0.0825472813176788   0.0390092591169712   0.0136595214247196   -0.00258076098993817   0
0.0733989864522665   0.055118017638813   -0.00914829486541227   0.0161087585218418   0
0.069628441826383   0.0604522320296158   -0.00377054462588351   0.00533421439080277   0
0.0607309228629864   0.0660654593454666   -0.00889751896339663   0.00561322731585085   0
0.0770606391317928   0.0660141945375576   0.0163297162688065   -5.12648079090128e-05   0
0.0737465692626443   0.0639121652219278   -0.00331406986914848   -0.00210202931562978   0
0.0827226887523006   0.0719449171089418   0.00897611948965625   0.00803275188701394   0
0.0960626989339775   0.0692138958227862   0.0133400101816769   -0.00273102128615556   0
0.0927304468481631   0.0772596528237896   -0.00333225208581441   0.00804575700100341   0
0.0720323683354227   0.0713867173803538   -0.0206980785127404   -0.00587293544343585   0
0.0960255409562998   0.0620659650888673   0.0239931726208771   -0.00932075229148641   0
0.0979754883486171   0.0593152855970955   0.00194994739231732   -0.00275067949177189   0
0.102406630386016   0.0698985567554832   0.00443114203739894   0.0105832711583877   0
0.0731942139522681   0.0843832314640326   -0.0292124164337479   0.0144846747085494   0
0.0911215619688233   0.072532481888272   0.0179273480165552   -0.0118507495757606   0
0.0860876502321907   0.0619193389457002   -0.00503391173663259   -0.0106131429425718   0
0.104186895064084   0.0769209997654899   0.0180992448318932   0.0150016608197898   0
0.1205326006591   0.0818545368727507   0.0163457055950162   0.00493353710726073   0
0.103905494283469   0.0821644294368129   -0.0166271063756307   0.000309892564062192   0
0.0851261110394831   0.0810819086222229   -0.0187793832439864   -0.00108252081459   0
0.106693684323216   0.0830091557456917   0.0215675732837331   0.00192724712346883   0
0.106598352792574   0.076939522875259   -9.53315306424923e-05   -0.00606963287043272   0
0.0912504047560338   0.0856393488768452   -0.0153479480365399   0.0086998260015862   0
0.087582795532468   0.103591012812524   -0.00366760922356579   0.0179516639356793   0
0.11892813058958   0.064511716238495   0.0313453350571116   -0.0390792965740294   0
0.0901660257410184   0.100648963638989   -0.0287621048485612   0.0361372474004938   0
0.0582155049320196   0.0750816512693681   -0.0319505208089988   -0.0255673123696208   0
0.064745972625639   0.0809466550005156   0.00653046769361942   0.00586500373114755   0
0.102018893898599   0.0684074113542877   0.03727292127296   -0.012539243646228   0
0.123742146655778   0.0510395946262066   0.0217232527571787   -0.017367816728081   0
0.0995007418558274   0.0607443014879289   -0.0242414047999503   0.00970470686172226   0
0.0839107655055655   0.0804479861744531   -0.0155899763502619   0.0197036846865242   0
0.119510914673431   0.0514500558082788   0.0356001491678651   -0.0289979303661743   0
0.0922368328816639   0.0663979778816863   -0.0272740817917667   0.0149479220734075   0
0.0873140059708069   0.0830116452046639   -0.00492282691085703   0.0166136673229776   0
0.107643023359436   0.0673983205384051   0.0203290173886287   -0.0156133246662588   0
0.116010483027785   0.0665949202820305   0.00836745966834941   -0.000803400256374598   0
0.0821189008981665   0.0839270267236663   -0.0338915821296185   0.0173321064416358   0
0.115813569682011   0.070005582818051   0.0336946687838444   -0.0139214439056153   0
0.118979883933251   0.0749465419885401   0.00316631425124057   0.00494095917048905   0
0.0971117211505903   0.0842934146178988   -0.0218681627826612   0.00934687262935874   0
0.125144453915026   0.0718936048503099   0.0280327327644354   -0.0123998097675889   0
0.13759627197606   0.098272664937715   0.0124518180610347   0.0263790600874051   0
0.106470114814159   0.110720667621765   -0.0311261571619019   0.0124480026840502   0
0.11089057083977   0.0936276510117643   0.00442045602561122   -0.0170930166100009   0
0.136480500545023   0.0723982761740155   0.0255899297052532   -0.0212293748377487   0
0.0948384874508071   0.104458650931211   -0.0416420130942158   0.0320603747571952   0
0.115521142151599   0.102821686090788   0.0206826547007921   -0.00163696484042293   0
0.132798427378866   0.0852891690241382   0.017277285227267   -0.0175325170666495   0
0.120603015467981   0.0996273253461624   -0.0121954119108855   0.0143381563220242   0
0.125354182864913   0.0975278811973914   0.00475116739693207   -0.00209944414877099   0
0.127813738086209   0.0860916338284441   0.00245955522129609   -0.0114362473689474   0
0.156153609620655   0.0996516074635151   0.0283398715344464   0.013559973635071   0
0.152663414321212   0.10480326759721   -0.00349019529944342   0.00515166013369532   0
0.12871779215664   0.123568591376217   -0.0239456221645718   0.0187653237790066   0
0.128594158673946   0.120666317033597   -0.000123633482694091   -0.00290227434262019   0
0.14630911006612   0.117224542598127   0.0177149513921739   -0.00344177443547024   0
0.129260198986386   0.124667365484557   -0.0170489110797343   0.00744282288642995   0
0.13513234190378   0.133762479579514   0.00587214291739405   0.00909511409495785   0
0.158729682385778   0.135504735949606   0.0235973404819985   0.00174225637009182   0
0.159260151548025   0.146963656451825   0.000530469162247194   0.0114589205022186   0
0.183599044554595   0.141506423264317   0.0243388930065692   -0.00545723318750799   0
0.170422298319087   0.156177653967717   -0.0131767462355072   0.0146712307034003   0
0.1846855119067   0.129100468859296   0.0142632135876131   -0.0270771851084214   0
0.148466292454632   0.119186407265143   -0.0362192194520682   -0.00991406159415292   0
0.163491016128655   0.119463406356936   0.0150247236740223   0.000276999091793503   0
0.161867595969669   0.13813397195111   -0.00162342015898562   0.0186705655941735   0
0.15747348484872   0.128372931179046   -0.00439411112094915   -0.00976104077206413   0
0.166839249990073   0.123507401069572   0.00936576514135296   -0.00486553010947414   0
0.191642347089572   0.127677901118635   0.0248030970994992   0.00417050004906371   0
0.182741915459727   0.128457769779303   -0.00890043162984508   0.000779868660668093   0
0.18201020122191   0.12655124386458   -0.000731714237817427   -0.00190652591472296   0
0.195703253148459   0.136337280812146   0.0136930519265499   0.00978603694756577   0
0.183067298951397   0.152608952655144   -0.0126359541970629   0.0162716718429979   0
0.17651929888964   0.151827575013311   -0.00654800006175674   -0.000781377641833308   0
0.17296480717513   0.163232946856969   -0.00355449171450956   0.0114053718436581   0
0.182210581764342   0.143714901655413   0.00924577458921183   -0.0195180452015559   0
0.203391079865957   0.143985777034539   0.0211804981016147   0.000270875379126151   0
0.186195590824165   0.160261046352787   -0.0171954890417914   0.0162752693182475   0
0.17314267396009   0.162873443896818   -0.0130529168640754   0.00261239754403167   0
0.208470291035821   0.161194332697283   0.0353276170757313   -0.00167911119953482   0
0.177660835188879   0.169175208339934   -0.0308094558469423   0.00798087564265032   0
0.222698773755605   0.158933584798218   0.0450379385667257   -0.0102416235417153   0
0.186990910309673   0.167610479617743   -0.0357078634459321   0.00867689481952499   0
0.195704015187246   0.148081222824975   0.0087131048775739   -0.0195292567927681   0
0.223318042508907   0.160128419480467   0.0276140273216606   0.012047196655492   0
0.219209282507402   0.171020801914241   -0.00410876000150498   0.0108923824337735   0
0.196105364030385   0.175271184121271   -0.0231039184770166   0.00425038220703022   0
0.235915714710911   0.170076189143432   0.0398103506805256   -0.00519499497783893   0
0.206380150710382   0.176897533163446   -0.0295355640005291   0.00682134402001394   0
0.213408326610304   0.167341356150385   0.00702817589992155   -0.00955617701306105   0
0.249112021436622   0.183499084529195   0.0357036948263184   0.0161577283788096   0
0.231554836904782   0.200377416113474   -0.0175571845318404   0.0168783315842799   0
0.202220156014899   0.186462710571987   -0.0293346808898828   -0.0139147055414877   0
0.234009582075948   0.181502056767658   0.0317894260610496   -0.00496065380432914   0
0.230280461965317   0.200418896718105   -0.00372912011063092   0.0189168399504475   0
0.224860173221138   0.193080106271102   -0.00542028874417985   -0.00733879044700322   0
0.218988062466793   0.205889238432731   -0.00587211075434466   0.0128091321616292   0
0.163314498743069   0.166803909528292   -0.0556735637237236   -0.0390853289044395   0
0.217874801358487   0.16475789280539   0.0545603026154173   -0.00204601672290125   0
0.185054576836186   0.163724477834226   -0.0328202245223003   -0.00103341497116421   0
0.214167440740861   0.1744247477922   0.0291128639046742   0.0107002699579736   0
0.231330089063312   0.172521627324837   0.0171626483224518   -0.00190312046736257   0
0.232523162102187   0.177987486578383   0.00119307303887481   0.00546585925354562   0
0.211186998220085   0.175640641218967   -0.0213361638821026   -0.00234684535941548   0
0.219312128335393   0.177941532641315   0.00812513011530872   0.00230089142234718   0
0.238521154198113   0.175048945735214   0.0192090258627197   -0.00289258690610023   0
0.230613679345112   0.191828627963275   -0.00790747485300131   0.0167796822280605   0
0.227478036312981   0.164487670411676   -0.00313564303213049   -0.0273409575515993   0
0.248712170555464   0.187406340405388   0.0212341342424824   0.022918669993712   0
0.243463273660916   0.188417519454143   -0.00524889689454774   0.00101117904875586   0
0.229729955279759   0.186530488873729   -0.013733318381157   -0.00188703058041398   0
0.228301523082611   0.153315045367708   -0.00142843219714775   -0.033215443506021   0
0.238526418268585   0.169357371005376   0.010224895185974   0.0160423256376673   0
0.232324052741532   0.186724645119096   -0.00620236552705339   0.0173672741137207   0
0.258985318480102   0.161901290808628   0.0266612657385706   -0.0248233543104683   0
0.374170912231349   0.12735181611313   0.115185593751247   -0.0345494746954981   0
0.253880900898433   0.138448553808418   -0.120290011332916   0.0110967376952882   0
0.26259830424045   0.160710060873767   0.00871740334201704   0.022261507065349   0
0.254744339519861   0.17322540686127   -0.00785396472058952   0.0125153459875026   0
0.271738262645528   0.168939076255088   0.0169939231256675   -0.00428633060618178   0
0.289493333386177   0.172134865384268   0.0177550707406485   0.00319578912917967   0
0.29085859366278   0.186509371429487   0.00136526027660311   0.0143745060452196   0
0.339237215285352   0.178407110603593   0.0483786216225719   -0.00810226082589491   0
0.311814896595095   0.198340395184447   -0.0274223186902563   0.0199332845808542   0
0.32106824922949   0.198203925324204   0.00925335263439481   -0.000136469860243071   0
0.346802180286183   0.199746312062757   0.0257339310566926   0.00154238673855381   0
0.31878734884592   0.20889084100246   -0.0280148314402632   0.00914452893970222   0
0.324960538541605   0.200742554570725   0.00617318969568553   -0.0081482864317344   0
0.333635530348852   0.205474852740159   0.00867499180724723   0.00473229816943366   0
0.314795953302151   0.21733190582839   -0.0188395770467014   0.0118570530882307   0
0.347914142889147   0.218875559268067   0.0331181895869963   0.00154365343967724   0
0.346232814498337   0.224603131577144   -0.00168132839081003   0.0057275723090775   0
0.324240001130089   0.217169823598814   -0.0219928133682484   -0.00743330797833028   0
0.364152244676262   0.210015261948983   0.0399122435461729   -0.00715456164983094   0
0.338680465339544   0.2222559799436   -0.0254717793367178   0.012240717994617   0
0.323093113538559   0.226209120411092   -0.0155873518009851   0.00395314046749207   0
0.347267928456243   0.230465389020477   0.0241748149176838   0.00425626860938524   0
0.315461361296471   0.247849410091168   -0.0318065671597717   0.0173840210706906   0
0.364808201484575   0.227493328791156   0.0493468401881038   -0.020356081300012   0
0.355024809537249   0.25466598513261   -0.00978339194732558   0.0271726563414535   0
0.341066076808058   0.247658904623279   -0.0139587327291913   -0.00700708050933035   0
0.367986839834321   0.252851650927599   0.0269207630262629   0.00519274630431998   0
0.36996198696608   0.260971512231838   0.00197514713175939   0.00811986130423903   0
0.370157979754915   0.258677831067068   0.000195992788834809   -0.00229368116477036   0
0.39625678669884   0.269458725846024   0.0260988069439252   0.0107808947789557   0
0.400364748747239   0.26967130389406   0.00410796204839908   0.000212578048036483   0
0.390929727976282   0.274396986716732   -0.00943502077095698   0.00472568282267211   0
0.397505730098875   0.277815128779014   0.00657600212259329   0.00341814206228164   0
0.427093824028913   0.271358105177923   0.0295880939300374   -0.00645702360109124   0
0.415304107317289   0.291519409652775   -0.0117897167116243   0.0201613044748525   0
0.40847907851229   0.281955174257363   -0.00682502880499808   -0.00956423539541196   0
0.369234639522635   0.239265427533419   -0.0392444389896558   -0.0426897467239437   0
0.313131797078419   0.221425377092374   -0.056102842444216   -0.0178400504410455   0
0.346069315671138   0.238401725735412   0.0329375185927196   0.0169763486430378   0
0.374746460300574   0.240209859498419   0.0286771446294361   0.00180813376300684   0
0.35213878648885   0.249026682274209   -0.0226076738117243   0.00881682277579071   0
0.366500574321255   0.244264305172184   0.0143617878324053   -0.00476237710202498   0
0.38825432988943   0.256355328648051   0.0217537555681742   0.0120910234758662   0
0.360691617953842   0.256626505782723   -0.027562711935588   0.000271177134672507   0
0.380618140775778   0.248050436779499   0.0199265228219365   -0.00857606900322452   0
0.407911274758237   0.250400646173787   0.0272931339824591   0.00235020939428829   0
0.376153946679082   0.264569434472314   -0.0317573280791547   0.0141687882985271   0
0.361720590938033   0.260758375249003   -0.0144333557410492   -0.00381105922331065   0
0.38134762433082   0.246726749813432   0.0196270333927864   -0.014031625435571   0
0.379183096189967   0.255519793715673   -0.00216452814085238   0.00879304390224059   0
0.376197865815265   0.266276800424859   -0.0029852303747025   0.0107570067091858   0
0.384562724286026   0.259437992218276   0.00836485847076113   -0.00683880820658311   0
0.398960130504553   0.245727753697563   0.0143974062185271   -0.0137102385207129   0
0.377293013399148   0.242363728929269   -0.0216671171054046   -0.003364024768294   0
0.368138786943199   0.26794984601647   -0.00915422645594949   0.0255861170872014   0
0.409519774238375   0.236653751475124   0.0413809872951765   -0.0312960945413455   0
0.396689299984055   0.261002328080613   -0.0128304742543199   0.0243485766054886   0
0.406667456342944   0.259740209314519   0.00997815635888821   -0.00126211876609444   0
0.434932028807307   0.257163850144708   0.0282645724643631   -0.00257635916981036   0
0.426548803806188   0.279198221492813   -0.00838322500111871   0.0220343713481049   0
0.404333422207329   0.27256586302626   -0.0222153815988594   -0.00663235846655308   0
0.410822242773733   0.269529026419234   0.00648882056640421   -0.00303683660702636   0
0.423441520271324   0.275817858417924   0.0126192774975909   0.00628883199869029   0
0.39658031131003   0.267074360511731   -0.0268612089612943   -0.00874349790619317   0
0.404832366523182   0.261915965829691   0.00825205521315253   -0.0051583946820396   0
0.446165821507262   0.287236450262671   0.0413334549840799   0.0253204844329799   0
0.419512207883823   0.292627644275537   -0.026653613623439   0.00539119401286542   0
0.42024110042547   0.299456263223029   0.000728892541646986   0.00682861894749232   0
0.442201712075168   0.281624646626498   0.0219606116496982   -0.0178316165965307   0
0.427476519675514   0.294787906998829   -0.0147251923996544   0.0131632603723304   0
0.432808495839962   0.287745044684961   0.00533197616444769   -0.00704286231386797   0
0.472029577274147   0.313139822185314   0.0392210814341856   0.0253947775003532   0
0.452751060992418   0.315896723627755   -0.0192785162817294   0.00275690144244084   0
0.424382749678507   0.322009227525393   -0.0283683113139112   0.00611250389763784   0
0.454240283678143   0.310780597107509   0.0298575339996366   -0.0112286304178832   0
0.438379742324346   0.319541795001061   -0.0158605413537972   0.00876119789355151   0
0.419149065814073   0.295961381870169   -0.0192306765102731   -0.0235804131308918   0
0.473859284624043   0.31184300875681   0.0547102188099703   0.0158816268866412   0
0.455114705995544   0.310435146008389   -0.0187445786284997   -0.00140786274842092   0
0.424130114097372   0.303750009967078   -0.0309845918981713   -0.00668513604131127   0
0.454618028139459   0.311843888491502   0.0304879140420869   0.0080938785244235   0
0.429933797741652   0.335500421343998   -0.0246842303978068   0.0236565328524962   0
