0.112845912990236   0.093951974649871   0   0   0
0.115198708256169   0.0892450779864778   0.00235279526593288   -0.0047068966633932   1
0.289320909866121   0.295432903522103   0.174122201609952   0.206187825535625   1
0.410874530771865   0.404219788197584   0.121553620905744   0.108786884675482   1
0.698423408631899   0.301379580411435   0.287548877860034   -0.10284020778615   1
0.29073914966141   0.402180057879058   -0.407684258970488   0.100800477467623   1
0.135349183774635   0.36712159656493   -0.155389965886775   -0.035058461314128   0
0.217301459002212   0.349050826419893   0.0819522752275767   -0.0180707701450373   0
0.109742143448221   0.344550302559499   -0.107559315553991   -0.00450052386039346   0
0.505900426454693   0.435681663108513   0.396158283006471   0.0911313605490141   1
0.185868891858912   0.304182541243334   -0.320031534595781   -0.131499121865179   0
0.19194081101475   0.283997579606099   0.00607191915583785   -0.020184961637235   0
0.346578197920772   0.323156502829237   0.154637386906022   0.0391589232231379   0
0.247156108346527   0.274553104010722   -0.0994220895742457   -0.0486033988185145   0
0.262979146566795   0.269410114513728   0.0158230382202687   -0.00514298949699438   0
0.471754649661251   0.303080642908736   0.208775503094456   0.0336705283950077   0
0.304964917648391   0.286706960385862   -0.16678973201286   -0.016373682522874   0
0.31782614627535   0.279158852733081   0.0128612286269585   -0.00754810765278058   0
0.535053315810677   0.365454591795274   0.217227169535327   0.0862957390621926   0
0.33585653558073   0.28964224805391   -0.199196780229947   -0.075812343741364   0
0.353242679026756   0.270893167335391   0.0173861434460266   -0.0187490807185189   0
0.380592389064732   0.286706195160638   0.0273497100379753   0.0158130278252476   0
0.478207269581344   0.313153837923508   0.0976148805166123   0.0264476427628694   0
0.399204604074414   0.371864418318034   -0.0790026655069295   0.0587105803945267   0
0.452742045562371   0.36172526240401   0.0535374414879566   -0.0101391559140243   0
0.589296742595783   0.420607429700487   0.136554697033412   0.0588821672964767   0
0.426911658901464   0.326104272118446   -0.162385083694319   -0.0945031575820407   0
0.522991855552034   0.373284594821234   0.0960801966505704   0.0471803227027874   0
0.394705033821726   0.331559419320749   -0.128286821730308   -0.0417251755004842   0
0.667966349779126   0.423955205734344   0.2732613159574   0.0923957864135947   0
0.477110237244235   0.357235878284447   -0.190856112534892   -0.0667193274498973   0
0.691569035039164   0.447253314778661   0.214458797794929   0.0900174364942142   0
0.445062917617274   0.363330360018799   -0.24650611742189   -0.083922954759862   0
0.642909589829052   0.444936098612205   0.197846672211779   0.0816057385934064   0
0.478226801666573   0.393346411614813   -0.164682788162479   -0.051589686997392   0
0.62650376706973   0.490937532966517   0.148276965403157   0.0975911213517038   0
0.547184963402285   0.429048110425276   -0.079318803667445   -0.0618894225412409   0
0.595030318975638   0.469121921971517   0.0478453555733533   0.0400738115462407   0
0.606227403803226   0.43652126032245   0.0111970848275879   -0.0326006616490671   0
0.573299398933088   0.443296025820783   -0.0329280048701382   0.00677476549833284   0
0.763187903844132   0.515724225745698   0.189888504911044   0.0724281999249157   0
0.624710926811954   0.458816187203002   -0.138476977032178   -0.0569080385426965   0
0.6483439650881   0.475439922320371   0.0236330382761468   0.0166237351173687   0
0.842610287621531   0.54185751314483   0.194266322533431   0.0664175908244599   0
0.543003746566264   0.429866303207462   -0.299606541055267   -0.111991209937368   0
0.811603211458875   0.537222655894649   0.268599464892611   0.107356352687186   0
0.667219469597103   0.487193913716346   -0.144383741861772   -0.0500287421783031   0
0.79906149001473   0.529629266080293   0.131842020417626   0.0424353523639475   0
0.814832958576934   0.496732685912906   0.0157714685622046   -0.0328965801673868   0
0.730940906624906   0.466673729429352   -0.0838920519520281   -0.0300589564835543   0
0.869109037784679   0.560805550321366   0.138168131159772   0.0941318208920141   0
0.600332854561534   0.424148411620567   -0.268776183223145   -0.136657138700799   0
0.795367916448897   0.568257435458173   0.195035061887363   0.144109023837606   0
0.543153749003742   0.468151356591808   -0.252214167445155   -0.100106078866366   0
0.633767252443363   0.506076429604758   0.0906135034396214   0.0379250730129507   0
0.77295023654049   0.572393363748437   0.139182984097127   0.0663169341436781   0
0.559991065202982   0.468898039526185   -0.212959171337509   -0.103495324222251   0
0.797279430364487   0.581134689480416   0.237288365161506   0.112236649954231   0
0.597511666742701   0.514344478781731   -0.199767763621787   -0.0667902106986858   0
0.816684599762968   0.605359098492374   0.219172933020268   0.0910146197106436   0
0.780784110120717   0.565624820263618   -0.0359004896422516   -0.0397342782287563   0
0.735795139214503   0.552261621052242   -0.0449889709062137   -0.013363199211376   0
0.847411813460398   0.579892019022723   0.111616674245894   0.0276303979704809   0
0.734668903468196   0.554738460859034   -0.112742909992202   -0.0251535581636888   0
0.843999433778246   0.590809907906934   0.10933053031005   0.0360714470479001   0
0.657382451602421   0.547023613443698   -0.186616982175825   -0.0437862944632362   0
0.854135707596872   0.598525876851828   0.196753255994451   0.0515022634081304   0
0.710154921020759   0.536756020902887   -0.143980786576114   -0.0617698559489416   0
0.897304111172595   0.605616285572185   0.187149190151837   0.0688602646692981   0
0.866008965921832   0.577418539911042   -0.0312951452507637   -0.0281977456611424   0
0.833435979020584   0.566319207292363   -0.0325729869012473   -0.0110993326186797   0
0.931162417039847   0.604545496977895   0.097726438019263   0.0382262896855323   0
0.797433607704742   0.541983762069723   -0.133728809335105   -0.0625617349081721   0
0.857845485725611   0.619200145469137   0.0604118780208694   0.0772163833994137   0
0.641835282413518   0.501942894854335   -0.216010203312094   -0.117257250614802   0
0.870451484117719   0.594379166696857   0.228616201704202   0.0924362718425219   0
0.761640970443423   0.569324060543949   -0.108810513674296   -0.0250551061529081   0
0.898430766208888   0.640291018772128   0.136789795765465   0.0709669582281794   0
0.793013222720466   0.578105547544088   -0.105417543488422   -0.0621854712280402   0
0.78180341239655   0.567669284008083   -0.0112098103239164   -0.0104362635360048   0
0.460292241176288   0.463425040774125   -0.321511171220262   -0.104244243233958   1
0.716328212504464   0.542977264448752   0.256035971328176   0.0795522236746266   0
0.530529615611607   0.448522953674614   -0.185798596892856   -0.094454310774138   0
0.614605411662825   0.498009237482097   0.0840757960512174   0.0494862838074833   0
0.736183524187414   0.560275281036251   0.121578112524589   0.0622660435541536   0
0.576725531139588   0.475537828920844   -0.159457993047825   -0.0847374521154069   0
0.874205689981277   0.57162488449966   0.297480158841689   0.0960870555788163   0
0.493316182857414   0.478132177970956   -0.380889507123862   -0.0934927065287043   0
0.487870314378729   0.514460752240626   -0.00544586847868533   0.0363285742696703   0
0.791270103505219   0.56400800132046   0.30339978912649   0.0495472490798335   1
0.617148964148243   0.480317455854719   -0.174121139356975   -0.0836905454657408   0
0.852625464896663   0.547768958392815   0.235476500748419   0.0674515025380964   0
0.693218515994055   0.476745317891534   -0.159406948902608   -0.0710236405012813   0
0.735569677495538   0.482600742161935   0.0423511615014831   0.00585542427040037   0
0.742614940914873   0.484449661887332   0.00704526341933476   0.00184891972539714   0
1.06173748055581   0.618015347269589   0.319122539640938   0.133565685382257   0
0.893074163059799   0.50993448816147   -0.168663317496012   -0.108080859108119   0
0.901728914104039   0.517792588766487   0.00865475104424052   0.00785810060501724   0
0.871747878621273   0.537896239063121   -0.0299810354827662   0.020103650296634   0
0.74621258097642   0.513048262933177   -0.125535297644853   -0.024847976129944   0
0.792797235866776   0.484554389437605   0.0465846548903559   -0.0284938734955719   0
0.950615572734374   0.537011340328349   0.157818336867599   0.0524569508907443   0
0.818253492201048   0.522074576623876   -0.132362080533327   -0.0149367637044727   0
0.938330811071452   0.567611715947839   0.120077318870405   0.0455371393239623   0
0.615372085298391   0.490878846609324   -0.322958725773062   -0.0767328693385151   0
0.787685770573165   0.536944086907799   0.172313685274774   0.0460652402984754   0
0.731302511684877   0.506567963088123   -0.0563832588882873   -0.030376123819676   0
0.7089114390488   0.529860860433426   -0.0223910726360775   0.0232928973453025   0
0.810667108810398   0.58245834913258   0.101755669761598   0.052597488699154   0
0.827866036983037   0.536596315411316   0.0171989281726391   -0.045862033721264   0
0.730165935378391   0.541164630889021   -0.0977001016046467   0.00456831547770509   0
0.949546996583766   0.598787883206566   0.219381061205375   0.0576232523175453   0
0.784374653587965   0.626125805293353   -0.165172342995801   0.0273379220867872   0
0.831194804398277   0.574460890185746   0.046820150810312   -0.0516649151076068   0
0.733672297065277   0.565202058405664   -0.0975225073329999   -0.00925883178008202   0
1.03129890532728   0.663040147523135   0.297626608262005   0.0978380891174704   0
0.727066675375574   0.534545688956753   -0.304232229951709   -0.128494458566381   0
1.01045008234857   0.64941564972385   0.283383406973   0.114869960767096   0
0.809455893149219   0.58091177749401   -0.200994189199355   -0.0685038722298398   0
1.12689616281645   0.715610481555609   0.317440269667231   0.134698704061599   0
0.720788055603798   0.66105546864087   -0.406108107212652   -0.0545550129147389   1
0.541090486188068   0.583440592911138   -0.17969756941573   -0.0776148757297319   0
0.413502527229145   0.536999019093492   -0.127587958958923   -0.046441573817646   0
0.562132450279514   0.57052137437983   0.148629923050368   0.033522355286338   0
0.632557868886667   0.561884915955883   0.0704254186071532   -0.00863645842394667   0
0.590886328556424   0.51845936801113   -0.0416715403302431   -0.0434255479447534   0
0.733746223936451   0.57374932656235   0.142859895380027   0.0552899585512203   0
0.73366819423105   0.539755477700088   -7.80297054003842e-05   -0.0339938488622622   0
1.02377586990171   0.64708968785034   0.290107675670658   0.107334210150252   1
1.12281784236576   0.765681933609674   0.0990419724640468   0.118592245759335   1
1.0086449950638   0.696502660821371   -0.114172847301957   -0.0691792727883033   0
1.25226818389102   0.740765992239452   0.24362318882722   0.044263331418081   0
1.35269335522139   0.74056910667675   0.100425171330367   -0.000196885562701699   0
1.24303134461042   0.707638936041008   -0.109662010610961   -0.0329301706357423   0
1.42498779708545   0.769790655560978   0.181956452475024   0.0621517195199697   0
1.36804518037513   0.705387163182036   -0.0569426167103233   -0.0644034923789419   0
1.50987136775827   0.779061853093354   0.141826187383148   0.0736746899113176   0
1.47055732714484   0.70605923390853   -0.0393140406134358   -0.0730026191848236   0
1.47973187554133   0.781787331546918   0.00917454839649134   0.0757280976383877   0
1.5229049925435   0.803268679421929   0.0431731170021747   0.0214813478750115   0
1.41321423989407   0.735421574366873   -0.109690752649436   -0.0678471050550562   0
1.48853297436334   0.813477560350622   0.0753187344692672   0.0780559859837491   0
1.47805107265871   0.736223209531763   -0.0104819017046269   -0.0772543508188591   0
1.50689966856486   0.763615377751784   0.0288485959061529   0.0273921682200212   0
1.66402620486429   0.850883094633011   0.157126536299428   0.0872677168812271   0
1.45384502909073   0.735175199441943   -0.210181175773554   -0.115707895191069   0
1.67311576893816   0.789027968254136   0.219270739847428   0.0538527688121936   0
1.50211311440518   0.802593470395193   -0.171002654532979   0.0135655021410572   0
1.54411719962766   0.761614350320423   0.0420040852224746   -0.0409791200747703   0
1.71995252367035   0.85243974467422   0.175835324042696   0.0908253943537973   0
1.61406633503679   0.817418566235194   -0.105886188633569   -0.0350211784390266   0
1.56260645973805   0.790004665467395   -0.051459875298733   -0.0274139007677991   0
1.71955149587031   0.805251872066902   0.156945036132258   0.0152472065995073   0
1.39407134116192   0.780399593077162   -0.325480154708388   -0.0248522789897399   0
1.62225630369043   0.801853721337159   0.228184962528506   0.0214541282599969   0
1.58588511293821   0.840112430496657   -0.0363711907522146   0.0382587091594979   0
1.7425302656844   0.829736073153536   0.156645152746191   -0.0103763573431208   0
1.7637916441984   0.839531540273503   0.0212613785139986   0.00979546711996671   0
1.7560121391021   0.820560856492223   -0.00777950509630077   -0.0189706837812801   0
1.68011310592063   0.856638259902627   -0.0758990331814766   0.0360774034104039   0
1.72397193992813   0.873441621249526   0.0438588340075043   0.0168033613468993   0
1.67926631386686   0.93080643925429   -0.044705626061267   0.057364818004764   0
1.8549141486763   0.955636327830964   0.17564783480944   0.0248298885766742   0
1.6306471860792   0.880115021799566   -0.224266962597104   -0.0755213060313985   0
2.09091258269492   0.91625275601035   0.460265396615721   0.0361377342107847   1
1.87005921566111   0.830788422122583   -0.220853367033812   -0.0854643338877673   1
1.99154855318444   0.760832884134172   0.121489337523335   -0.069955537988411   1
1.96706791502124   0.683551588881234   -0.0244806381632057   -0.0772812952529377   0
2.12442647741737   0.828067396289221   0.157358562396131   0.144515807407987   0
2.1188122587475   0.795157254868721   -0.00561421866986711   -0.0329101414205002   0
2.04210990247907   0.792264194248839   -0.0767023562684281   -0.0028930606198817   0
2.27939015100202   0.843570717652201   0.237280248522945   0.0513065234033622   0
2.11209470110492   0.820835695042102   -0.167295449897096   -0.0227350226100997   0
2.06320509736168   0.726354266467135   -0.0488896037432371   -0.0944814285749664   0
2.34503887627753   0.839844685162233   0.281833778915849   0.113490418695098   0
2.09297290575728   0.822340758757366   -0.25206597052025   -0.0175039264048673   0
2.309813388111   0.857289276755081   0.216840482353714   0.0349485179977154   0
2.10013061824922   0.77986742079215   -0.209682769861781   -0.0774218559629311   0
2.1979999233162   0.808505514809423   0.0978693050669777   0.028638094017273   0
2.10312861535998   0.775606016330134   -0.0948713079562125   -0.0328994984792891   0
2.24232369581312   0.822970154195308   0.139195080453135   0.0473641378651745   1
3.11659575956796   0.341321580660013   0.874272063754846   -0.481648573535295   1
4.21539590626409   1.20003946721806   1.09880014669612   0.858717886558044   1
3.01178128182808   0.300083761884115   -1.203614624436   -0.899955705333942   1
2.38292770757201   0.584949585258636   -0.628853574256068   0.28486582337452   1
2.48559433410004   0.50920645075205   0.102666626528025   -0.0757431345065859   1
2.81222631754808   0.638610990394191   0.326631983448037   0.129404539642141   1
2.73828108637225   0.554234383740534   -0.0739452311758235   -0.084376606653657   1
2.56931241215797   0.545878080064129   -0.168968674214284   -0.00835630367640505   1
2.74803193385903   0.558622825196259   0.178719521701062   0.0127447451321294   0
2.7512090606815   0.543243577921774   0.00317712682247295   -0.0153792472744853   0
2.83989734687788   0.564957983443238   0.0886882861963736   0.0217144055214643   0
3.02108295161586   0.563035807904124   0.181185604737984   -0.00192217553911356   0
2.87151347863735   0.613961038004041   -0.149569472978507   0.0509252300999171   0
3.20611090488598   0.654910432506614   0.334597426248628   0.0409493945025724   0
3.24110561044693   0.579635533667925   0.0349947055609481   -0.075274898838689   0
3.46922127196522   0.590586158101847   0.228115661518293   0.0109506244339224   0
3.16256131913675   0.646377283297069   -0.30665995282847   0.0557911251952222   0
3.15060998418735   0.683458496674268   -0.0119513349494054   0.0370812133771983   0
3.52119171368516   0.631449674667942   0.370581729497808   -0.0520088220063255   0
3.58713841710059   0.750113107180677   0.0659467034154297   0.118663432512735   0
3.69993954926272   0.762785399082861   0.112801132162137   0.0126722919021842   0
3.72818191006753   0.771516656363458   0.0282423608048115   0.00873125728059643   0
3.75096265025116   0.68601140102698   0.0227807401836309   -0.0855052553364777   0
3.72205440094666   0.712907684526019   -0.0289082493045036   0.0268962834990389   0
3.82157239252538   0.61610644658898   0.0995179915787192   -0.0968012379370389   0
3.70145056231864   0.710658883297746   -0.120121830206738   0.0945524367087661   0
3.82264619192653   0.624222617905063   0.121195629607889   -0.0864362653926835   0
3.63244189231575   0.769302669947271   -0.190204299610784   0.145080052042208   0
3.88274578845862   0.656901627861813   0.250303896142874   -0.112401042085458   0
3.88221075684647   0.679220560217372   -0.000535031612151293   0.0223189323555583   0
3.8321471104133   0.663333632955544   -0.0500636464331707   -0.0158869272618278   0
3.95677255397801   0.67112033791303   0.124625443564714   0.00778670495748657   0
3.75273590032289   0.78971231784888   -0.204036653655124   0.11859197993585   0
3.98187719595618   0.634802567995751   0.229141295633289   -0.154909749853129   0
3.58754016141037   0.740801486213581   -0.394337034545806   0.10599891821783   0
3.9112661540209   0.620493691027556   0.323725992610528   -0.120307795186025   0
3.76513171687823   0.722586530849074   -0.146134437142665   0.102092839821518   0
3.8631676171372   0.657473958737911   0.0980359002589655   -0.0651125721111635   0
3.67301540905105   0.794123803132263   -0.19015220808615   0.136649844394353   0
3.95955881078305   0.719979264277799   0.286543401731995   -0.0741445388544649   0
3.84735481691377   0.766986431466359   -0.112203993869272   0.0470071671885606   0
4.01723767559198   0.725379812436216   0.169882858678212   -0.0416066190301431   0
4.06883842801837   0.814326458695313   0.0516007524263866   0.0889466462590973   0
4.05769682224894   0.80204543947413   -0.0111416057694296   -0.0122810192211834   0
4.15989131765714   0.915185850158589   0.102194495408196   0.113140410684459   0
4.16547008612873   0.871483724229546   0.005578768471592   -0.043702125929043   0
4.25738324508286   0.941918185004674   0.0919131589541324   0.070434460775128   0
4.19780445444818   0.783542714242281   -0.059578790634685   -0.158375470762394   0
4.19484091774216   0.844786546977343   -0.00296353670601768   0.0612438327350625   0
5.16070969006987   0.53643606588354   0.965868772327705   -0.308350481093803   1
4.73106598567743   0.345636868807716   -0.42964370439243   -0.190799197075824   1
3.2386449965572   0.744286114703674   -1.49242098912023   0.398649245895957   1
3.14416719637289   0.982128125504   -0.0944778001843125   0.237842010800326   1
3.45637247985938   0.9330966961623   0.312205283486491   -0.0490314293416995   0
3.39601060985857   1.0061970202197   -0.0603618700008073   0.0731003240573982   0
3.87499284812379   0.880918046519313   0.478982238265221   -0.125278973700385   1
2.65142760184747   1.00616314247355   -1.22356524627632   0.125245095954237   1
2.65857437614042   0.971881118170453   0.00714677429295074   -0.0342820243030973   1
3.08628812961302   1.06451470146506   0.4277137534726   0.0926335832946091   1
3.0567606531436   1.0496545509938   -0.0295274764694224   -0.0148601504712602   1
3.02262237487821   1.08479130445918   -0.0341382782653872   0.0351367534653784   0
3.14799699669885   1.06118742086683   0.125374621820641   -0.0236038835923476   0
3.05958252690228   1.07695285804394   -0.0884144697965699   0.0157654371771023   0
3.48479727604793   1.03224783076124   0.425214749145642   -0.044705027282693   0
