0.189751888181277   0.0642698604446906   0   0   0
0.172377366998136   0.0791292623378355   -0.0173745211831415   0.014859401893145   0
0.20626077559672   0.0680188212042263   0.033883408598584   -0.0111104411336093   0
0.165091976023216   0.0738562604293637   -0.0411687995735042   0.00583743922513749   0
0.173056225499617   0.0761269784110732   0.0079642494764017   0.00227071798170944   0
0.17457429268048   0.0584480888348156   0.00151806718086295   -0.0176788895762576   0
0.173897041820728   0.0614622254650977   -0.000677250859752371   0.00301413663028203   0
0.161115698103847   0.0575008651866213   -0.0127813437168808   -0.00396136027847634   0
0.119712495230448   0.0619669567749418   -0.0414032028733993   0.00446609158832043   0
0.128000092061256   0.0582443044664884   0.00828759683080812   -0.00372265230845335   0
0.0990385675646614   0.0620979671897961   -0.0289615244965946   0.00385366272330775   0
0.115503147453889   0.0486635530508203   0.0164645798892279   -0.0134344141389759   0
0.105684919362935   0.0498962898844443   -0.00981822809095466   0.00123273683362404   0
0.120463640302209   0.0441555833108906   0.0147787209392744   -0.00574070657355374   0
0.0847683634785997   0.0454623737309008   -0.0356952768236093   0.00130679042001023   0
0.0722984403890568   0.0439993254500535   -0.0124699230895429   -0.00146304828084733   0
0.058311556629856   0.0387014117522091   -0.0139868837592008   -0.00529791369784443   0
0.0505042839836385   0.0342548818312441   -0.00780727264621751   -0.00444652992096492   0
0.062847059657155   0.0214185843065374   0.0123427756735165   -0.0128362975247067   0
0.0663553813050607   0.028960871673729   0.0035083216479057   0.00754228736719163   0
0.0463639019214302   0.0200608835753812   -0.0199914793836305   -0.0088999880983478   0
0.0754170796505009   0.0356898801458537   0.0290531777290707   0.0156289965704724   0
0.0656126389873933   0.0187533628016417   -0.00980444066310765   -0.0169365173442119   0
0.0774742824770259   0.0366068894861568   0.0118616434896326   0.0178535266845151   0
0.0538658697404024   0.0346300362243245   -0.0236084127366235   -0.00197685326183237   0
0.0637749844953333   0.0384716384247802   0.00990911475493086   0.00384160220045574   0
0.0518206130755899   0.0329288590457459   -0.0119543714197434   -0.00554277937903434   0
0.0561599018493622   0.0319226053777762   0.00433928877377233   -0.00100625366796969   0
0.0628519481420425   0.0303456493066589   0.00669204629268027   -0.00157695607111734   0
0.0498392664474508   0.02701025870689   -0.0130126816945917   -0.00333539059976889   0
0.0839426876751632   0.0323810333084697   0.0341034212277124   0.00537077460157975   0
0.0587518957029473   0.0316945040573769   -0.0251907919722159   -0.000686529251092798   0
0.0970777717411149   0.0279868057406521   0.0383258760381675   -0.00370769831672477   0
0.0737086058661402   0.0366172598564601   -0.0233691658749746   0.00863045411580796   0
0.0970400547113407   0.0283669308164895   0.0233314488452005   -0.00825032903997064   0
0.0928634116507142   0.0319924447228631   -0.00417664306062653   0.00362551390637359   0
0.0849090194852113   0.0236812413161768   -0.00795439216550284   -0.00831120340668625   0
0.110910126342097   0.0391734578397478   0.026001106856886   0.015492216523571   0
0.0857358229279337   0.0391864392821356   -0.0251743034141637   1.29814423877744e-05   0
0.109556392484464   0.0260260486855957   0.0238205695565307   -0.0131603905965398   0
0.094200716682796   0.0412764970869925   -0.0153556758016684   0.0152504484013967   0
0.11613706884772   0.0337573809440987   0.0219363521649238   -0.00751911614289376   0
0.103012031772313   0.0454542476744198   -0.0131250370754069   0.0116968667303211   0
0.11140699474068   0.0341084457787983   0.00839496296836753   -0.0113458018956215   0
0.0962053814904863   0.0472944425342103   -0.0152016132501941   0.013185996755412   0
0.113843350521451   0.0459682704015686   0.0176379690309649   -0.00132617213264179   0
0.124704385691964   0.0418872984943434   0.0108610351705124   -0.00408097190722514   0
0.118182653181505   0.0522729187010992   -0.00652173251045808   0.0103856202067558   0
0.135929257315855   0.0507775054287329   0.0177466041343498   -0.00149541327236628   0
0.123421374112509   0.0569902400913001   -0.0125078832033459   0.00621273466256716   0
0.140039386889153   0.0515454744818107   0.0166180127766441   -0.00544476560948934   0
0.123439128696739   0.0602104090224855   -0.0166002581924148   0.00866493454067475   0
0.13476291209847   0.0424886924035678   0.0113237834017316   -0.0177217166189177   0
0.140440051674193   0.0565606320153656   0.0056771395757228   0.0140719396117978   0
0.128848919984647   0.0360470273061455   -0.0115911316895458   -0.0205136047092201   0
0.143941833903317   0.0447181590362908   0.0150929139186695   0.00867113173014533   0
0.12796340627699   0.0395158883317761   -0.0159784276263266   -0.00520227070451472   0
0.147180957629749   0.0481756654667323   0.0192175513527591   0.00865977713495615   0
0.163354007192967   0.0322852553198147   0.0161730495632182   -0.0158904101469175   0
0.159922196433922   0.0395728467783782   -0.00343181075904506   0.0072875914585635   0
0.158751484011615   0.0441502070344523   -0.00117071242230737   0.00457736025607407   0
0.146227745010207   0.0352295807859674   -0.0125237390014082   -0.00892062624848494   0
0.164076914314019   0.0459484346783707   0.0178491693038126   0.0107188538924034   0
0.168279211610496   0.0226632060718116   0.00420229729647648   -0.0232852286065591   0
0.173594704574016   0.0498663204592288   0.0053154929635206   0.0272031143874171   0
0.168778713648908   0.0241527212768044   -0.00481599092510854   -0.0257135991824244   0
0.169907057686725   0.0369696654384311   0.00112834403781698   0.0128169441616267   0
0.180184753189608   0.0380338747050902   0.0102776955028834   0.00106420926665913   0
0.171933037493061   0.0268111109068069   -0.0082517156965469   -0.0112227637982833   0
0.172989487074909   0.0417373955539577   0.00105644958184745   0.0149262846471508   0
0.171478431149372   0.0457039277511944   -0.00151105592553641   0.00396653219723676   0
0.186043863760673   0.0469851479287096   0.0145654326113011   0.00128122017751519   0
0.168091463516218   0.0329651633750043   -0.0179524002444552   -0.0140199845537053   0
0.193731734222868   0.0488746363693123   0.0256402707066499   0.0159094729943079   0
0.196325734297892   0.0398892938241153   0.00259400007502369   -0.00898534254519699   0
0.189898977947329   0.0413223823625284   -0.00642675635056314   0.00143308853841315   0
0.187209531005262   0.0381909725255852   -0.00268944694206705   -0.00313140983694327   0
0.196385385631136   0.037389451599181   0.00917585462587439   -0.000801520926404134   0
0.183627328085691   0.0442052274281741   -0.012758057545445   0.00681577582899313   0
0.176216541514013   0.028620231343737   -0.0074107865716776   -0.0155849960844372   0
0.193258763173213   0.0543001235339525   0.0170422216591995   0.0256798921902155   0
0.175511229367924   0.033438840716658   -0.0177475338052887   -0.0208612828172945   0
0.200006988199138   0.0548715078855593   0.0244957588312135   0.0214326671689013   0
0.195067790113488   0.0426722983561236   -0.00493919808564922   -0.0121992095294358   0
0.183250768301145   0.0376226377441162   -0.0118170218123433   -0.00504966061200731   0
0.190172594315821   0.0504973719159225   0.00692182601467625   0.0128747341718063   0
0.176958159954719   0.0323075687977678   -0.0132144343611022   -0.0181898031181547   0
0.19692129562089   0.0578586032849696   0.0199631356661709   0.0255510344872018   0
0.181547308195853   0.0190590092306762   -0.0153739874250372   -0.0387995940542935   0
0.205654225721331   0.0492506271388243   0.0241069175254777   0.0301916179081481   0
0.187476827301963   0.0313148906727937   -0.0181773984193677   -0.0179357364660306   0
0.190620648682691   0.0569401485458855   0.00314382138072838   0.0256252578730917   0
0.194005194634164   0.0388534734449187   0.00338454595147314   -0.0180866751009668   0
0.183247499493472   0.0360492208852355   -0.0107576951406924   -0.00280425255968316   0
0.195905352931996   0.0419981805963366   0.0126578534385242   0.00594895971110106   0
0.184830230736452   0.0316584370870898   -0.0110751221955445   -0.0103397435092467   0
0.190104449076922   0.0505856578589722   0.00527421834047018   0.0189272207718824   0
0.180222519415555   0.0375807776291617   -0.00988192966136719   -0.0130048802298105   0
0.19878246452703   0.0615947324655891   0.0185599451114755   0.0240139548364274   0
0.176269754285101   0.0451210893456153   -0.0225127102419289   -0.0164736431199738   0
0.176935309974861   0.0601235754107738   0.000665555689759262   0.0150024860651585   0
0.158000281220288   0.0464663177969537   -0.0189350287545729   -0.01365725761382   0
0.175867707343475   0.060873556152138   0.0178674261231868   0.0144072383551843   0
0.185795449930939   0.0565733068698923   0.00992774258746434   -0.00430024928224575   0
0.163338027961678   0.05166879059621   -0.0224574219692605   -0.00490451627368226   0
0.17199527597722   0.0625052405955893   0.00865724801554149   0.0108364499993793   0
0.161257209665181   0.0492404848558074   -0.0107380663120392   -0.0132647557397818   0
0.186263956004939   0.0627254547795988   0.0250067463397588   0.0134849699237914   0
0.23329245077861   0.0772475702140851   0.0470284947736703   0.0145221154344862   0
0.210662967535825   0.0499876713118845   -0.0226294832427848   -0.0272598989022006   0
0.192460497350002   0.0718677061801926   -0.0182024701858232   0.0218800348683081   0
0.191404480931681   0.0633435570756561   -0.00105601641832023   -0.00852414910453655   0
0.208140044220232   0.0876798058015071   0.0167355632885502   0.024336248725851   0
0.170915207362628   0.0547517122744577   -0.037224836857604   -0.0329280935270494   0
0.182166633853513   0.0754533743762497   0.0112514264908857   0.020701662101792   0
0.23905783489568   0.0880717851516023   0.0568912010421662   0.0126184107753526   0
0.961726578276799   0.178207234154677   0.722668743381119   0.090135449003075   1
0.556699545942234   0.134704931929792   -0.405027032334565   -0.0435023022248849   0
0.463207035914439   0.0826004932328645   -0.0934925100277959   -0.0521044386969279   0
0.35205695187688   0.099839858344263   -0.111150084037558   0.0172393651113985   0
0.303463337348616   0.0660885952513367   -0.0485936145282641   -0.0337512630929263   0
0.297536809863402   0.0794750062184332   -0.00592652748521455   0.0133864109670966   0
0.292156351362006   0.080387104597597   -0.0053804585013954   0.000912098379163756   0
0.273957087711725   0.0811783933192817   -0.0181992636502808   0.000791288721684713   0
0.284258913534827   0.092207113416821   0.0103018258231012   0.0110287200975393   0
0.274947393183205   0.0820161281071138   -0.00931152035162142   -0.0101909853097073   0
0.297458745300924   0.0999900110989218   0.0225113521177189   0.017973882991808   0
0.269456596006203   0.0868679538309727   -0.0280021492947212   -0.0131220572679491   0
0.260624573795795   0.0894984539215902   -0.00883202221040741   0.00263050009061751   0
0.265553394315268   0.0717289951733084   0.00492882051947224   -0.0177694587482818   0
0.256324257806318   0.082068298336279   -0.00922913650894919   0.0103393031629706   0
0.257285883613326   0.0779092255972295   0.000961625807007649   -0.00415907273904954   0
0.248499316220166   0.0733819949974788   -0.00878656739316025   -0.0045272305997507   0
0.25688859533831   0.0764275368951695   0.00838927911814419   0.00304554189769075   0
0.240986246968764   0.072495612538604   -0.0159023483695463   -0.00393192435656553   0
0.256826384479652   0.0782454678200917   0.0158401375108882   0.00574985528148765   0
0.241781912555592   0.0664526813432498   -0.0150444719240598   -0.0117927864768419   0
0.239484935359805   0.0675541500974218   -0.00229697719578711   0.00110146875417204   0
0.278184216131757   0.0640147112796152   0.0386992807719518   -0.00353943881780659   0
0.23853442192038   0.0669555182895704   -0.0396497942113765   0.00294080700995518   0
0.212969216218706   0.0470556359929924   -0.0255652057016742   -0.0198998822965781   0
0.180572217814508   0.0780597120604157   -0.0323969984041985   0.0310040760674233   0
0.202266446963529   0.0543672166143118   0.0216942291490212   -0.0236924954461039   0
0.167471822992765   0.0744840636081471   -0.0347946239707639   0.0201168469938353   0
0.199491576583674   0.0419306762775477   0.0320197535909094   -0.0325533873305994   0
0.178867436058216   0.0615146781934401   -0.0206241405254583   0.0195840019158925   0
0.169381260393823   0.103393712206933   -0.00948617566439319   0.0418790340134924   0
0.204110469262995   0.0684163384316933   0.0347292088691721   -0.0349773737752392   0
0.167740770646167   0.0987720973842562   -0.036369698616828   0.0303557589525629   0
0.203384292542566   0.0731625677267071   0.0356435218963988   -0.0256095296575491   0
0.165341675495623   0.102968285333082   -0.0380426170469425   0.029805717606375   0
0.20120163495618   0.0631943815992174   0.0358599594605569   -0.0397739037338647   0
0.172058421191292   0.0986513434593772   -0.0291432137648883   0.0354569618601598   0
0.195499927974641   0.0817494227129464   0.0234415067833496   -0.0169019207464307   0
0.162088866802689   0.100371977581108   -0.033411061171952   0.0186225548681618   0
0.182248087951589   0.0723659525413885   0.0201592211488992   -0.0280060250397197   0
0.171398093374722   0.0867485681779388   -0.0108499945768665   0.0143826156365503   0
0.207372483483224   0.0782493239576867   0.0359743901085017   -0.00849924422025214   0
0.221570532332258   0.0653262604497035   0.0141980488490336   -0.0129230635079832   0
0.191144966592924   0.105658174157339   -0.0304255657393336   0.0403319137076351   0
0.205743717352438   0.0828428359777265   0.0145987507595143   -0.0228153381796121   0
0.186893029261152   0.100140187165543   -0.0188506880912858   0.0172973511878166   0
0.170555054979939   0.131094501442929   -0.0163379742812135   0.0309543142773855   0
0.187344495197911   0.09323943366677   0.0167894402179718   -0.0378550677761586   0
0.17213290910773   0.0936801160037844   -0.0152115860901809   0.0004406823370144   0
0.189360237011259   0.074389737044501   0.0172273279035286   -0.0192903789592834   0
0.162845172290983   0.121475454797348   -0.0265150647202753   0.0470857177528469   0
0.195611576552233   0.0802908553726296   0.0327664042612495   -0.0411845994247182   0
0.155198441576647   0.134921115959669   -0.0404131349755854   0.0546302605870396   0
0.491892654440987   0.0516353994303569   0.336694212864339   -0.0832857165293123   1
0.301194488493   0.0508751093950175   -0.190698165947987   -0.000760290035339367   1
0.216931016767912   0.0728658457588499   -0.0842634717250884   0.0219907363638324   0
0.18295058396947   0.0996439393857259   -0.033980432798442   0.0267780936268761   0
0.192651817983454   0.113353935133   0.00970123401398454   0.013709995747274   0
0.205230148667027   0.0819005953668989   0.0125783306835727   -0.031453339766101   0
0.183816146967153   0.122220383300004   -0.0214140016998739   0.0403197879331055   0
0.204048148075399   0.0931090927477682   0.0202320011082461   -0.0291112905522362   0
0.187663158153432   0.111648356892791   -0.0163849899219672   0.0185392641450227   0
0.203377928786877   0.095529692301373   0.0157147706334451   -0.0161186645914179   0
0.197605174702638   0.101453150348486   -0.00577275408423919   0.005923458047113   0
0.187710409156638   0.120943355856306   -0.00989476554599994   0.0194902055078197   0
0.200873858801513   0.10292413249836   0.0131634496448747   -0.0180192233579455   0
0.175187086331156   0.124003174298211   -0.0256867724703563   0.0210790417998508   0
0.213315544544602   0.0910926231595622   0.0381284582134455   -0.0329105511386489   0
0.170596307162904   0.144234218763267   -0.0427192373816975   0.053141595603705   0
0.194769027076304   0.117529279153165   0.0241727199133995   -0.0267049396101025   0
0.178995298682116   0.132751755728587   -0.0157737283941876   0.0152224765754226   0
0.181249977133819   0.134150489806747   0.00225467845170302   0.00139873407815927   0
0.17362556176439   0.125302835334162   -0.00762441536942926   -0.00884765447258498   0
0.176699471487212   0.148776991716671   0.00307390972282187   0.0234741563825099   0
0.190979281260167   0.134540153673355   0.0142798097729552   -0.0142368380433163   0
0.187202212620471   0.150575381164261   -0.00377706863969615   0.016035227490906   0
0.199313513699523   0.122047428832975   0.0121113010790523   -0.0285279523312865   0
0.186046649377757   0.160695076654022   -0.0132668643217663   0.0386476478210474   0
0.184551735861465   0.15235106995165   -0.00149491351629169   -0.00834400670237218   0
0.186329287099828   0.150628346717085   0.00177755123836251   -0.00172272323456441   0
0.194966836479464   0.148173338859332   0.00863754937963618   -0.00245500785775321   0
0.189877708317755   0.115228328481856   -0.00508912816170873   -0.0329450103774763   0
0.176357269349154   0.148836302554929   -0.0135204389686013   0.0336079740730735   0
0.198727681236673   0.108882920245329   0.0223704118875196   -0.0399533823096007   0
0.175978339313678   0.148681180107437   -0.0227493419229954   0.0397982598621078   0
0.187739649136404   0.143261372284158   0.0117613098227258   -0.005419807823279   0
0.189162804458725   0.150400236850121   0.00142315532232162   0.00713886456596344   0
0.184110284876348   0.15891380313627   -0.00505251958237751   0.00851356628614849   0
0.183615646331161   0.146603264907581   -0.000494638545186943   -0.0123105382286881   0
0.176497045035887   0.190828409355165   -0.00711860129527375   0.0442251444475837   0
0.187298286847104   0.171549597451648   0.0108012418112166   -0.0192788119035171   0
0.186194581574599   0.202128729430875   -0.00110370527250486   0.0305791319792272   0
0.218698052734815   0.176032209295174   0.0325034711602162   -0.0260965201357012   0
0.206788253658785   0.198068989994244   -0.0119097990760302   0.0220367806990701   0
0.209635230950716   0.167797509727767   0.00284697729193098   -0.0302714802664774   0
0.187451201799962   0.188199499518921   -0.0221840291507541   0.0204019897911546   0
0.187436576195923   0.188783486068273   -1.46256040388926e-05   0.000583986549352045   0
0.209505264624186   0.172338004645928   0.0220686884282626   -0.0164454814223452   0
0.198720341311603   0.192239548867656   -0.0107849233125825   0.019901544221728   0
0.213206467426976   0.194080575372936   0.0144861261153726   0.00184102650528004   0
0.278719192116887   0.252917393249382   0.0655127246899111   0.0588368178764456   0
0.417129572534255   0.215274845529389   0.138410380417368   -0.0376425477199924   0
0.288896259129467   0.126903285201763   -0.128233313404788   -0.0883715603276265   0
0.217538549818187   0.097224439709931   -0.0713577093112794   -0.029678845491832   0
0.202356998481792   0.100952800789527   -0.0151815513363953   0.0037283610795964   0
0.186006228520042   0.102111925625218   -0.0163507699617503   0.00115912483569038   0
0.184592223394161   0.0859915520866818   -0.00141400512588033   -0.016120373538536   0
0.180550001686569   0.115408518198398   -0.00404222170759261   0.0294169661117164   0
0.183820487852796   0.123287839993012   0.00327048616622738   0.00787932179461413   0
0.184788746956193   0.131432228672537   0.000968259103396985   0.00814438867952486   0
0.197217051599019   0.163124294717717   0.0124283046428255   0.0316920660451796   0
0.199679214844235   0.18494248918113   0.00246216324521592   0.0218181944634136   0
0.234771148659711   0.162656571582552   0.0350919338154761   -0.0222859175985779   0
0.220953474156529   0.251553954859092   -0.0138176745031816   0.0888973832765393   0
0.22061540974737   0.221501642404159   -0.000338064409159095   -0.0300523124549326   0
0.203780184021141   0.196134517996553   -0.0168352257262293   -0.0253671244076066   0
0.204068257239606   0.232219800453154   0.00028807321846519   0.0360852824566011   0
0.214177575422825   0.244634503341357   0.0101093181832193   0.0124147028882035   0
0.171256454202141   0.232281408753997   -0.0429211212206843   -0.0123530945873598   0
0.179214476923071   0.197551618914807   0.00795802272093019   -0.0347297898391902   0
0.174356221662148   0.200864208761039   -0.00485825526092334   0.00331258984623206   0
0.178272284361872   0.23639214474229   0.00391606269972378   0.0355279359812512   0
0.209647874706041   0.216638718580388   0.0313755903441698   -0.0197534261619026   0
0.195987249503737   0.242983179114363   -0.0136606252023045   0.0263444605339749   0
0.210334291509968   0.207086208099676   0.0143470420062307   -0.0358969710146863   0
0.206577213862541   0.204798921338688   -0.0037570776474265   -0.00228728676098874   0
0.199035629972224   0.230943752743043   -0.0075415838903172   0.0261448314043558   0
0.204093746823316   0.237839842713374   0.00505811685109264   0.0068960899703305   0
0.189688352487679   0.214269957462712   -0.0144053943356373   -0.0235698852506618   0
