0.0618967348033804   0.0956834010199784   0   0   0
0.0987936977165548   0.0475908995891021   0.0368969629131744   -0.0480925014308763   0
0.0851939134326062   0.0518074924582584   -0.0135997842839486   0.00421659286915627   0
0.0830271738310416   0.054565094859924   -0.0021667396015646   0.00275760240166557   0
0.102331610989273   0.0433912210647572   0.0193044371582319   -0.0111738737951668   0
0.0722753889664386   0.0419819820570697   -0.0300562220228349   -0.00140923900768742   0
0.0298508795652657   0.0547932614149997   -0.0424245094011729   0.01281127935793   0
0.0725528139320592   0.0464312943036536   0.0427019343667934   -0.0083619671113461   0
0.0787183167546791   0.046116688591035   0.00616550282261998   -0.000314605712618619   0
0.0868461988354701   0.0464674178776377   0.0081278820807909   0.000350729286602632   0
0.0926808859376625   0.0490664478572425   0.00583468710219241   0.00259902997960487   0
0.104061588219573   0.0267729752990772   0.0113807022819107   -0.0222934725581653   0
0.0965704185640717   0.0261806612168696   -0.00749116965550144   -0.000592314082207644   0
0.083440013599112   0.0283945116697752   -0.0131304049649597   0.00221385045290561   0
0.0793357312937871   0.0201214490161618   -0.00410428230532489   -0.00827306265361337   0
0.0841165378580812   0.0242704731075643   0.00478080656429401   0.00414902409140243   0
0.0686668569670259   0.0363212730728839   -0.0154496808910552   0.0120507999653196   0
0.051215245009372   0.035105257438915   -0.017451611957654   -0.00121601563396884   0
0.0439582885514211   0.0266280229961295   -0.00725695645795085   -0.00847723444278557   0
0.045017822426679   0.0301924628278321   0.00105953387525785   0.00356443983170265   0
0.0279912145526056   0.0395707860013217   -0.0170266078740734   0.0093783231734896   0
0.0436778812275516   0.043715569421139   0.0156866666749459   0.00414478341981724   0
0.0434212275641765   0.0195289867180148   -0.000256653663375073   -0.0241865827031241   0
0.0336064047220169   0.0414466903949218   -0.00981482284215958   0.0219177036769069   0
0.0356356284114999   0.0465170994165049   0.00202922368948302   0.00507040902158314   0
0.0379614754748034   0.0640989314566553   0.00232584706330348   0.0175818320401504   0
0.0348677466551826   0.0522969631395889   -0.00309372881962076   -0.0118019683170664   0
0.0428641472574691   0.0598382337934554   0.00799640060228651   0.00754127065386643   0
0.0358075025512476   0.0539863137054803   -0.00705664470622158   -0.00585192008797512   0
0.0369467148674087   0.056737247747181   0.00113921231616115   0.00275093404170079   0
0.0343024238809738   0.0530918114945254   -0.00264429098643494   -0.00364543625265559   0
0.0458036776904432   0.0602808777413388   0.0115012538094694   0.00718906624681339   0
0.0371356133426069   0.0624205703381153   -0.0086680643478363   0.00213969259677647   0
0.0240303179203356   0.0533731191047984   -0.0131052954222713   -0.00904745123331687   0
0.0604024691438189   0.0522222500477048   0.0363721512234834   -0.00115086905709367   0
0.053249353709693   0.0458092066300542   -0.0071531154341259   -0.00641304341765058   0
0.0477769085200162   0.0564905335189067   -0.0054724451896768   0.0106813268888526   0
0.0600088212037197   0.0468935981148842   0.0122319126837035   -0.00959693540402248   0
0.0968069925289491   0.0350819044134579   0.0367981713252293   -0.0118116937014263   0
0.173504303990564   0.369615201907758   0.0766973114616148   0.3345332974943   0
0.094187523587575   0.133754817884789   -0.0793167804029889   -0.235860384022969   0
0.0759453789892446   0.108319215819394   -0.0182421445983304   -0.0254356020653951   0
0.0807063782642983   0.092274457645602   0.00476099927505366   -0.0160447581737917   0
0.0622723329199324   0.0915935446905649   -0.0184340453443659   -0.000680912955037152   0
0.0718072971953694   0.0781290416600159   0.00953496427543692   -0.013464503030549   0
0.102791449308831   0.0536920398002814   0.0309841521134618   -0.0244370018597345   0
0.0916181239682957   0.0466961239108237   -0.0111733253405354   -0.0069959158894577   0
0.0545525176046899   0.073121827734952   -0.0370656063636058   0.0264257038241283   0
0.0647881872767714   0.0598526136198329   0.0102356696720815   -0.0132692141151192   0
0.0725711805844441   0.0467017090911564   0.00778299330767275   -0.0131509045286765   0
0.0831332962370072   0.0426792601417539   0.0105621156525631   -0.00402244894940253   0
0.0790140626017926   0.0453715698200194   -0.00411923363521462   0.00269230967826559   0
0.0809269942205319   0.0661512649865632   0.00191293161873929   0.0207796951665437   0
0.0965924085730343   0.0394795296391687   0.0156654143525025   -0.0266717353473945   0
0.0862984119764669   0.0598613998840864   -0.0102939965965675   0.0203818702449177   0
0.0909955008822964   0.0507725869540099   0.0046970889058295   -0.00908881293007648   0
0.119853735208461   0.0827053022965426   0.0288582343261651   0.0319327153425327   0
0.113361865023561   0.0710552657737096   -0.00649187018490076   -0.0116500365228331   0
0.115374913625883   0.0789853949469141   0.00201304860232245   0.00793012917320454   0
0.126123320201658   0.0802262954745512   0.010748406575775   0.00124090052763713   0
0.130178035951615   0.0822771144181813   0.00405471574995692   0.00205081894363009   0
0.128430969950398   0.0813017290048157   -0.00174706600121724   -0.000975385413365587   0
0.11552988140412   0.0728965352453908   -0.012901088546278   -0.00840519375942494   0
0.131334331297647   0.0829581553808907   0.0158044498935268   0.0100616201354999   0
0.120596763838712   0.0686411540209844   -0.0107375674589349   -0.0143170013599063   0
0.123204067930649   0.0721771476112765   0.00260730409193739   0.00353599359029215   0
0.115213279273441   0.0830666648364433   -0.0079907886572077   0.0108895172251667   0
0.124447731527899   0.0751400791780426   0.00923445225445749   -0.00792658565840071   0
0.129124505706779   0.0839036654960616   0.00467677417888014   0.00876358631801906   0
0.121687234243449   0.0937854949798342   -0.00743727146333013   0.00988182948377254   0
0.120710867362554   0.0884350544618761   -0.000976366880895335   -0.00535044051795801   0
0.126299704683938   0.102341909502632   0.00558883732138464   0.0139068550407563   0
0.133764636011018   0.104496440379864   0.00746493132707932   0.00215453087723172   0
0.13533984971844   0.104734625056915   0.00157521370742278   0.000238184677050543   0
0.26058787875427   0.180629649871983   0.125248029035829   0.0758950248150679   0
0.201366158563573   0.100243438655867   -0.0592217201906969   -0.0803862112161159   0
0.174621789121318   0.116427079854731   -0.026744369442255   0.0161836411988647   0
0.187728577621682   0.11986286395815   0.0131067885003644   0.00343578410341872   0
0.190373708464063   0.108378901495356   0.00264513084238055   -0.0114839624627945   0
0.230163055869703   0.0947899898224491   0.0397893474056401   -0.0135889116729066   0
0.225734781666384   0.09110309072419   -0.00442827420331904   -0.00368689909825903   0
0.223539247469544   0.0938482961664861   -0.00219553419683996   0.0027452054422961   0
0.209766381115969   0.0770460773818012   -0.0137728663535748   -0.0168022187846849   0
0.215675789344104   0.0855149577642561   0.00590940822813504   0.00846888038245486   0
0.214119259131191   0.0874470281954167   -0.00155653021291344   0.00193207043116062   0
0.208048732349827   0.101839919112068   -0.00607052678136361   0.014392890916651   0
0.203020238452451   0.0879363991926694   -0.00502849389737631   -0.0139035199193984   0
0.20986358127286   0.0836545118243033   0.00684334282040935   -0.00428188736836606   0
0.19347330526252   0.095378988139173   -0.0163902760103405   0.0117244763148697   0
0.179084478108796   0.0913493146682147   -0.0143888271537232   -0.00402967347095828   0
0.182273925675424   0.0967647235999385   0.00318944756662756   0.00541540893172385   0
0.190103817606192   0.103037546614681   0.00782989193076819   0.00627282301474216   0
0.171762209151267   0.109533635887441   -0.0183416084549252   0.00649608927276027   0
0.160883322726938   0.105597478104226   -0.0108788864243293   -0.00393615778321492   0
0.173794559371144   0.110080072439384   0.012911236644206   0.00448259433515781   0
0.182052969850606   0.125063936596487   0.00825841047946216   0.0149838641571026   0
0.174712322680345   0.123386273549127   -0.00734064717026109   -0.0016776630473595   0
0.185127962465669   0.134569386619515   0.0104156397853238   0.011183113070388   0
0.196364620994338   0.131685368345386   0.0112366585286694   -0.00288401827412896   0
0.178557399086005   0.14144902042167   -0.0178072219083329   0.00976365207628391   0
0.195444397275338   0.132084042216887   0.0168869981893325   -0.00936497820478255   0
0.189944580438927   0.131852181794652   -0.00549981683641068   -0.000231860422235275   0
0.194389557569743   0.131328774927698   0.00444497713081596   -0.000523406866953957   0
0.18269231165618   0.124350216098566   -0.0116972459135627   -0.00697855882913241   0
0.194823418592427   0.142185084113419   0.0121311069362467   0.0178348680148531   0
0.207395108351137   0.142014036095064   0.0125716897587105   -0.000171048018355352   0
0.222619954912313   0.137716700608614   0.0152248465611759   -0.00429733548644998   0
0.220282664064944   0.146226875731592   -0.00233729084736944   0.00851017512297861   0
0.226163869072272   0.154190497422904   0.00588120500732858   0.0079636216913116   0
0.241608795344168   0.155262109807166   0.0154449262718955   0.00107161238426234   0
0.395285975020326   0.208726245487121   0.153677179676158   0.0534641356799552   0
0.252350436661996   0.0918278935792524   -0.14293553835833   -0.116898351907869   0
0.23534594304245   0.138370284260205   -0.0170044936195462   0.0465423906809529   0
0.276057473617868   0.149560434642655   0.0407115305754185   0.0111901503824502   0
0.26124144510351   0.158709818254102   -0.0148160285143586   0.00914938361144632   0
0.26154830537742   0.146924288404002   0.000306860273910137   -0.0117855298500993   0
0.261673470933777   0.154174223123947   0.000125165556356832   0.00724993471994423   0
0.257932464505285   0.165256248606248   -0.00374100642849173   0.0110820254823011   0
0.24676292273877   0.160723103321862   -0.0111695417665151   -0.00453314528438561   0
0.269738559317759   0.165700826670117   0.022975636578989   0.0049777233482543   0
0.263357788460224   0.175591958572994   -0.0063807708575348   0.00989113190287733   0
0.247401900996051   0.170423356936219   -0.0159558874641725   -0.0051686016367746   0
0.265272042957508   0.171605239052338   0.0178701419614568   0.0011818821161185   0
0.25372792504555   0.164741336204396   -0.0115441179119586   -0.00686390284794128   0
0.243863483460436   0.171900352347399   -0.0098644415851134   0.00715901614300274   0
0.244549182573015   0.170947959251961   0.000685699112579236   -0.00095239309543857   0
0.257668851076823   0.1787164925501   0.0131196685038077   0.00776853329813951   0
0.242737979161729   0.184088130715046   -0.014930871915094   0.00537163816494621   0
0.248796419813268   0.183967840944172   0.00605844065153924   -0.000120289770874804   0
0.256786018824487   0.194793340931255   0.00798959901121918   0.0108254999870831   0
0.237017353240222   0.181102724776327   -0.0197686655842658   -0.0136906161549278   0
0.231265164769578   0.178891069428186   -0.00575218847064374   -0.00221165534814105   0
0.239342613707004   0.184848613219467   0.00807744893742582   0.00595754379128091   0
0.258259665856246   0.185259773159637   0.0189170521492426   0.000411159940169853   0
0.260998181989013   0.200119633853878   0.00273851613276677   0.0148598606942409   0
0.264267986067779   0.192088529095727   0.0032698040787662   -0.00803110475815041   0
0.262130320047434   0.199717933010934   -0.00213766602034565   0.00762940391520708   0
0.270133738832712   0.21197027271686   0.00800341878527866   0.0122523397059258   0
0.265456199576145   0.203673046612242   -0.00467753925656755   -0.00829722610461806   0
0.270842831149008   0.20503999117638   0.00538663157286318   0.00136694456413808   0
0.27017193676287   0.209307382999645   -0.000670894386138376   0.00426739182326477   0
0.268379804646419   0.222729688408191   -0.00179213211645057   0.0134223054085465   0
0.265380847723606   0.213836019833329   -0.00299895692281249   -0.00889366857486201   0
0.262598649999614   0.221172239720902   -0.00278219772399207   0.00733621988757238   0
0.272104841582431   0.243399917011433   0.00950619158281685   0.0222276772905314   0
0.278039092748142   0.249472959383622   0.00593425116571095   0.00607304237218934   0
0.371947769470943   0.0814901213731763   0.0939086767228012   -0.167982838010446   0
0.354643340622998   0.0693814217294695   -0.017304428847945   -0.0121086996437068   0
0.320419300501468   0.133033796408478   -0.0342240401215305   0.063652374679009   0
0.338528035717945   0.166642280708626   0.0181087352164767   0.0336084843001475   0
0.337137680139272   0.182798145540402   -0.00139035557867279   0.016155864831776   0
0.297070593282893   0.183861046287686   -0.0400670868563789   0.00106290074728368   0
0.29749408924061   0.182689552788501   0.000423495957717013   -0.00117149349918466   0
0.297642641866887   0.179364108121755   0.00014855262627711   -0.00332544466674634   0
0.295448195086178   0.197595272158274   -0.00219444678070951   0.0182311640365197   0
0.302081984430734   0.194465864286158   0.00663378934455605   -0.00312940787211616   0
0.296605487247775   0.205162444548369   -0.00547649718295862   0.0106965802622106   0
0.295387599335416   0.204005223640383   -0.00121788791235938   -0.00115722090798626   0
0.260442124187697   0.211294217995051   -0.0349454751477182   0.00728899435466815   0
0.280182705192701   0.2150285787253   0.0197405810050036   0.00373436073024924   0
0.278917371041336   0.222877255008923   -0.00126533415136548   0.00784867628362307   0
0.298382788748279   0.246484917746548   0.0194654177069433   0.0236076627376249   0
0.283899129902171   0.243774247143874   -0.0144836588461074   -0.0027106706026741   0
0.288112085619347   0.248197373513218   0.00421295571717573   0.00442312636934447   0
0.311841449609076   0.284502621638641   0.023729363989729   0.0363052481254232   0
0.319832199161842   0.310966506565402   0.00799074955276569   0.0264638849267602   0
0.31871414804067   0.276223394882788   -0.00111805112117197   -0.034743111682614   0
0.318379213127302   0.27184771064385   -0.000334934913367835   -0.00437568423893753   0
0.333543616777536   0.284279689540846   0.0151644036502344   0.0124319788969962   0
0.328540035862054   0.276800355125874   -0.00500358091548198   -0.00747933441497228   0
0.327526684342207   0.285552994329866   -0.00101335151984694   0.00875263920399194   0
0.335368600602874   0.283683607530383   0.00784191626066649   -0.00186938679948279   0
0.299708468334096   0.27305149184755   -0.0356601322687776   -0.0106321156828335   0
0.320235082412296   0.265883701526255   0.0205266140781997   -0.00716779032129505   0
0.323723827200362   0.267503525186496   0.00348874478806632   0.00161982366024171   0
0.319723914870455   0.277604972760418   -0.00399991232990721   0.0101014475739217   0
0.329534551118164   0.281667131548234   0.00981063624770917   0.00406215878781557   0
0.320961413156488   0.272110533263856   -0.00857313796167591   -0.00955659828437783   0
0.324203000783244   0.274533254698429   0.00324158762675547   0.00242272143457312   0
0.329556151591956   0.29273858741787   0.00535315080871179   0.0182053327194411   0
0.33040654770045   0.265729540511706   0.000850396108494744   -0.027009046906164   0
0.349991975134188   0.287114334520344   0.0195854274337375   0.0213847940086379   0
0.369074907661859   0.287352419658009   0.0190829325276715   0.00023808513766499   0
0.354872180582601   0.275026172696023   -0.0142027270792586   -0.0123262469619863   0
0.369991517353101   0.283502291441026   0.0151193367705001   0.00847611874500337   0
0.373288528004867   0.295444147583025   0.00329701065176569   0.0119418561419985   0
0.346713219987715   0.292613461601718   -0.0265753080171511   -0.00283068598130676   0
0.349215733043931   0.28352409214386   0.00250251305621541   -0.00908936945785782   0
0.392602843439219   0.323613423347503   0.0433871103952883   0.0400893312036427   0
