0.200733503723843   0.14771002613313   0   0   0
0.177388846609053   0.141800311850856   -0.0233446571147901   -0.00590971428227421   0
0.159717871499623   0.161786362584467   -0.0176709751094299   0.0199860507336107   0
0.157558916126508   0.132198048153377   -0.00215895537311472   -0.0295883144310899   0
0.127909651614641   0.150886525246831   -0.0296492645118668   0.0186884770934541   0
0.136001726373638   0.148256657104125   0.00809207475899712   -0.00262986814270608   0
0.116200370504917   0.169256919256415   -0.0198013558687213   0.02100026215229   0
0.134204678143685   0.159085657679134   0.0180043076387676   -0.0101712615772811   0
0.119508531687993   0.158693469192844   -0.0146961464556918   -0.000392188486290052   0
0.104154791158802   0.13653895229191   -0.0153537405291912   -0.0221545169009335   0
0.106097715521777   0.127958378142514   0.00194292436297566   -0.0085805741493965   0
0.0829870681372857   0.137794427518859   -0.0231106473844917   0.00983604937634511   0
0.116804192894647   0.113016291673203   0.0338171247573617   -0.0247781358456557   0
0.0999150239884373   0.0867581061878514   -0.0168891689062101   -0.0262581854853516   0
0.114619266606492   0.054386646432948   0.0147042426180543   -0.0323714597549034   0
0.0667548411060951   0.0801570734352403   -0.0478644255003965   0.0257704270022922   0
0.0698779802579468   0.0737861678584559   0.00312313915185171   -0.00637090557678439   0
0.0587204527730747   0.0637122081922774   -0.011157527484872   -0.0100739596661785   0
0.0679976017058955   0.0519326950882014   0.00927714893282074   -0.011779513104076   0
0.0742085100987751   0.0454294938133543   0.00621090839287958   -0.00650320127484708   0
0.0408243828056224   0.041262657449745   -0.0333841272931526   -0.00416683636360929   0
0.0689152071636587   0.0379385879368306   0.0280908243580363   -0.00332406951291449   0
0.0373738801444022   0.0621128930836022   -0.0315413270192565   0.0241743051467717   0
0.0768618564756928   0.0492774274021585   0.0394879763312906   -0.0128354656814437   0
0.0451471408359378   0.0723977478566495   -0.031714715639755   0.0231203204544911   0
0.0843843029910777   0.0397786834161841   0.0392371621551399   -0.0326190644404654   0
0.0600157425376876   0.0620355638376891   -0.0243685604533901   0.022256880421505   0
0.0888617751078606   0.0657756040577926   0.0288460325701731   0.00374004022010347   0
0.0786589729198138   0.0856617559622145   -0.0102028021880468   0.019886151904422   0
0.0943573757613044   0.0697159472626959   0.0156984028414906   -0.0159458086995186   0
0.0944128137435274   0.0733170777829081   5.54379822230028e-05   0.0036011305202122   0
0.0876912701772582   0.0848644400274491   -0.00672154356626918   0.0115473622445409   0
0.105967433174396   0.0757042664330254   0.0182761629971374   -0.00916017359442364   0
0.108924900467517   0.0790662459203213   0.002957467293121   0.0033619794872959   0
0.124513969067491   0.0922051178243377   0.015589068599974   0.0131388719040164   0
0.108059753417654   0.0980660285359436   -0.0164542156498362   0.00586091071160585   0
0.125339677006645   0.107248894779853   0.0172799235889902   0.00918286624390952   0
0.126158621551539   0.110832801040576   0.000818944544894229   0.00358390626072337   0
0.144401582039568   0.132482968076089   0.0182429604880289   0.0216501670355125   0
0.125583818526632   0.120007795569663   -0.0188177635129359   -0.012475172506426   0
0.178155812449328   0.155813978662859   0.0525719939226958   0.0358061830931965   0
0.146509029832567   0.14102407930031   -0.0316467826167607   -0.0147898993625498   0
0.179368101409476   0.166679312245101   0.0328590715769088   0.0256552329447918   0
0.153185199183864   0.16406064746535   -0.0261829022256121   -0.00261866477975098   0
0.187708806160393   0.182480857320021   0.0345236069765293   0.0184202098546709   0
0.168774865717648   0.175017737890335   -0.0189339404427454   -0.00746311942968639   0
0.172623300017698   0.176986776213648   0.00384843430004986   0.00196903832331324   0
0.170766607459538   0.196485644077373   -0.00185669255815932   0.0194988678637245   0
0.18648931296085   0.193490371242344   0.0157227055013122   -0.00299527283502904   0
0.188836272996715   0.210945242212879   0.00234696003586493   0.0174548709705348   0
0.169134590607126   0.212626803659017   -0.0197016823895897   0.00168156144613804   0
0.20146992437086   0.225750962654094   0.0323353337637343   0.0131241589950771   0
0.181684058742997   0.209539534594906   -0.0197858656278626   -0.0162114280591872   0
0.191676133516304   0.227838750938575   0.00999207477330669   0.0182992163436685   0
0.193441037082374   0.217775141789071   0.00176490356607004   -0.0100636091495039   0
0.193296767860226   0.217677580412522   -0.000144269222148302   -9.75613765490102e-05   0
0.197102058025633   0.227844267861296   0.00380529016540754   0.010166687448774   0
0.19443099101807   0.220827064142962   -0.00267106700756306   -0.0070172037183337   0
0.197136803258955   0.230629741480799   0.00270581224088498   0.00980267733783627   0
0.190768344921605   0.231810566875197   -0.00636845833735034   0.00118082539439801   0
0.193518780042558   0.229118124464216   0.00275043512095327   -0.00269244241098054   0
0.206224720059187   0.242318628552367   0.0127059400166288   0.0132005040881509   0
0.185530171196736   0.243438703883544   -0.0206945488624513   0.00112007533117742   0
0.203261602199259   0.240080722089988   0.0177314310025239   -0.00335798179355645   0
0.189542132527415   0.237003975249889   -0.0137194696718449   -0.00307674684009895   0
0.198473907106224   0.228939714010042   0.00893177457880931   -0.00806426123984658   0
0.216997756979191   0.245829490700872   0.018523849872967   0.0168897766908294   0
0.193896188245179   0.252804056788059   -0.0231015687340116   0.00697456608718688   0
0.228371183002782   0.247799655032548   0.0344749947576024   -0.00500440175551028   0
0.210933109273912   0.251718446125825   -0.0174380737288699   0.00391879109327689   0
0.244429503094369   0.280028412562904   0.0334963938204569   0.0283099664370788   0
0.239683942749931   0.280484185675414   -0.00474556034443788   0.000455773112509716   0
0.2414116159052   0.275624399099572   0.00172767315526956   -0.00485978657584202   0
0.253826668939653   0.299285321555368   0.0124150530344522   0.0236609224557962   0
0.255323193983939   0.282560982910327   0.00149652504428616   -0.0167243386450411   0
0.281585891720892   0.30439334873893   0.0262626977369534   0.0218323658286034   0
0.256133143310081   0.292421738978568   -0.0254527484108112   -0.0119716097603618   0
0.285065245057496   0.288566073179523   0.0289321017474146   -0.00385566579904512   0
0.266439547103092   0.286928742168243   -0.0186256979544033   -0.00163733101128044   0
0.258160474658322   0.27790110450932   -0.00827907244477044   -0.00902763765892295   0
0.282789607395127   0.287948704839508   0.0246291327368051   0.0100476003301879   0
0.268257665067259   0.284287461429888   -0.0145319423278681   -0.00366124340961987   0
0.287861437676185   0.297460664370098   0.019603772608926   0.0131732029402099   0
0.283541601262721   0.292060319914825   -0.0043198364134634   -0.00540034445527271   0
0.281055212964767   0.293595354672464   -0.00248638829795461   0.001535034757639   0
0.304453130333866   0.322570328976876   0.0233979173690992   0.0289749743044119   0
0.280709685184249   0.309676943566194   -0.0237434451496173   -0.0128933854106815   0
0.281754909048077   0.30333524442974   0.00104522386382805   -0.00634169913645466   0
0.267871759581502   0.303698583538844   -0.0138831494665748   0.000363339109103855   0
0.279006819172955   0.310860785380691   0.0111350595914531   0.00716220184184729   0
0.272806594103313   0.322277951762915   -0.00620022506964157   0.0114171663822244   0
0.284414596195413   0.328161193326161   0.0116080020920999   0.00588324156324566   0
0.286076186076804   0.318683379222623   0.00166158988139037   -0.00947781410353826   0
0.285786065025851   0.319932237852799   -0.000290121050952552   0.00124885863017637   0
0.291986800252223   0.317001719915287   0.00620073522637193   -0.00293051793751226   0
0.273117259159865   0.310315428546503   -0.018869541092358   -0.00668629136878357   0
0.29996416166509   0.329804716120767   0.0268469025052245   0.0194892875742642   0
0.288252539392266   0.323829099591513   -0.0117116222728234   -0.00597561652925449   0
0.296716354053311   0.321965477997642   0.00846381466104518   -0.0018636215938711   0
0.314949080722608   0.333709969190314   0.018232726669297   0.0117444911926717   0
0.299943162303142   0.334586498310228   -0.0150059184194665   0.000876529119914149   0
0.318933646510697   0.346517590573336   0.0189904842075548   0.0119310922631082   0
0.299123798797772   0.343093974328463   -0.0198098477129247   -0.00342361624487292   0
0.327868583622478   0.36628946360563   0.0287447848247062   0.0231954892771669   0
0.333293888879709   0.383823867685752   0.00542530525723112   0.0175344040801226   0
0.323811644788206   0.377171616025782   -0.00948224409150283   -0.00665225165997041   0
0.348168809519764   0.391475327397845   0.0243571647315574   0.014303711372063   0
0.325061727782586   0.381339862002715   -0.0231070817371779   -0.0101354653951297   0
0.341167453521009   0.384608641346954   0.0161057257384233   0.00326877934423875   0
0.364329188568701   0.390478561859995   0.0231617350476922   0.00586992051304097   0
0.353557600498264   0.399200787156664   -0.0107715880704375   0.00872222529666872   0
0.397965202084567   0.397913398991854   0.0444076015863027   -0.00128738816481028   0
0.379693386640181   0.399652868944413   -0.0182718154443857   0.00173946995255936   0
0.381595735221033   0.410652965400531   0.00190234858085159   0.0110000964561185   0
0.386654214826279   0.403244021508379   0.00505847960524652   -0.00740894389215241   0
0.378711500610636   0.399597018751704   -0.0079427142156428   -0.00364700275667457   0
0.367304643933491   0.387614394952316   -0.0114068566771455   -0.0119826237993884   0
0.398137477143044   0.394307718878606   0.0308328332095535   0.0066933239262903   0
0.374918612144356   0.38137458933344   -0.0232188649986884   -0.0129331295451662   0
0.388120167477806   0.388377587340271   0.0132015553334498   0.00700299800683118   0
0.400969625720705   0.394640466656361   0.0128494582428996   0.00626287931608932   0
0.391723097692758   0.401779900266925   -0.00924652802794745   0.00713943361056418   0
0.382431647662115   0.398539716568813   -0.00929145003064302   -0.00324018369811147   0
0.40042597682819   0.405787776626527   0.0179943291660749   0.0072480600577135   0
0.381996496874526   0.394170625344216   -0.0184294799536635   -0.0116171512823112   0
0.401560932814986   0.415322895233335   0.0195644359404596   0.0211522698891197   0
0.384369952819221   0.411360011306702   -0.0171909799957652   -0.00396288392663335   0
0.403572156432656   0.418707558748346   0.0192022036134356   0.00734754744164451   0
0.405859685815973   0.434660240630829   0.00228752938331628   0.0159526818824823   0
0.407861537198594   0.430599174500486   0.00200185138262127   -0.00406106613034279   0
0.4110934583431   0.451195708517379   0.00323192114450604   0.0205965340168934   0
0.420506348461423   0.460443626442478   0.00941289011832347   0.00924791792509827   0
0.42748234527434   0.457434586767605   0.00697599681291655   -0.0030090396748722   0
0.427128980526597   0.466847904010235   -0.000353364747743057   0.00941331724262984   0
0.41770457720596   0.454484805744372   -0.0094244033206366   -0.0123630982658628   0
0.423810572795547   0.459249003889502   0.00610599558958713   0.00476419814512974   0
0.407814586328101   0.46763109353902   -0.0159959864674465   0.00838208964951814   0
0.417069389495513   0.467280054024351   0.00925480316741223   -0.000351039514669749   0
0.416395941594067   0.460471075211299   -0.00067344790144569   -0.00680897881305131   0
0.411054332804083   0.472546543325364   -0.00534160878998419   0.0120754681140646   0
0.428407204312019   0.460206787288334   0.0173528715079358   -0.0123397560370297   0
0.412098139477831   0.476556768338778   -0.0163090648341879   0.0163499810504441   0
0.418181610117773   0.46994925686876   0.00608347063994158   -0.00660751147001792   0
0.420238090167039   0.466741245340767   0.00205648004926579   -0.00320801152799333   0
0.424203655645776   0.472563597617823   0.00396556547873739   0.00582235227705624   0
0.442381583364814   0.474732049309397   0.0181779277190383   0.00216845169157392   0
0.449647211192519   0.494319002022732   0.00726562782770512   0.0195869527133352   0
0.47511631381467   0.498514507818479   0.0254691026221508   0.00419550579574623   0
0.473799817050408   0.491862383255215   -0.00131649676426221   -0.00665212456326347   0
0.459051454236069   0.495674442933061   -0.0147483628143386   0.00381205967784565   0
0.46675945850908   0.482984718282318   0.00770800427301122   -0.0126897246507428   0
0.469551929085208   0.496911097896797   0.0027924705761273   0.013926379614479   0
0.46407848728603   0.487443334329746   -0.00547344179917758   -0.00946776356705131   0
0.481021907916105   0.483768984384334   0.0169434206300751   -0.00367434994541149   0
0.464907654570894   0.492711885992209   -0.0161142533452109   0.00894290160787542   0
0.469004152718385   0.493372800957349   0.00409649814749036   0.000660914965139647   0
0.45811746363924   0.502834944872818   -0.0108866890791451   0.00946214391546912   0
0.478794658795616   0.515993615621599   0.0206771951563759   0.0131586707487804   0
0.481382480895763   0.522237272200099   0.0025878221001478   0.00624365657850001   0
0.471615509408257   0.512214345969048   -0.00976697148750616   -0.0100229262310503   0
0.463471656031693   0.517257188094569   -0.00814385337656415   0.00504284212552053   0
0.479955482091839   0.531501508671895   0.0164838260601464   0.0142443205773257   0
0.494350485870865   0.554231114266648   0.0143950037790253   0.0227296055947532   0
0.51344888970511   0.552339031410962   0.0190984038342451   -0.00189208285568554   0
0.507409600845944   0.561725442398241   -0.00603928885916605   0.0093864109872791   0
0.521325058143583   0.560487094554817   0.013915457297639   -0.00123834784342469   0
0.536855803287587   0.582039460650436   0.0155307451440039   0.0215523660956189   0
0.523627294967862   0.590528921088544   -0.0132285083197249   0.0084894604381085   0
0.517225487803569   0.577641694139628   -0.00640180716429262   -0.0128872269489158   0
0.522147411418461   0.575463915148031   0.00492192361489219   -0.00217777899159755   0
0.527595433206818   0.600328726772674   0.00544802178835668   0.0248648116246434   0
0.537350519769442   0.626322235211636   0.00975508656262447   0.0259935084389619   0
0.54084862193539   0.624888664596542   0.00349810216594715   -0.00143357061509375   0
0.557877126136249   0.644894912880773   0.0170285042008591   0.0200062482842308   0
0.548838709391712   0.647580460188732   -0.00903841674453687   0.00268554730795889   0
0.564176615627979   0.642063916709427   0.0153379062362667   -0.00551654347930508   0
0.583438724325228   0.674704070597807   0.0192621086972499   0.0326401538883797   0
0.578705872511667   0.678588342526786   -0.0047328518135612   0.003884271928979   0
0.590477607501665   0.66233092759077   0.0117717349899974   -0.0162574149360154   0
0.586384556435527   0.673170000555023   -0.00409305106613744   0.0108390729642529   0
0.592268625310543   0.668227991924351   0.00588406887501547   -0.00494200863067262   0
0.619484603091344   0.684614186614256   0.0272159777808013   0.0163861946899059   0
0.609024397792436   0.694824516446599   -0.0104602052989076   0.0102103298323425   0
0.658594812014751   0.655478562245364   0.0495704142223148   -0.0393459542012347   0
0.628396731882726   0.654854512002094   -0.0301980801320256   -0.000624050243270724   0
0.658839231372123   0.717521795009392   0.0304424994893975   0.0626672830072986   0
0.682498421544849   0.722130623388179   0.0236591901727257   0.00460882837878673   0
0.687381845221591   0.779839325124894   0.00488342367674266   0.0577087017367149   0
0.701091984487349   0.755416217790894   0.013710139265758   -0.0244231073339994   0
