0   0   0   0   0
0.105105131513214   0.0924819633358446   0.105105131513214   0.0924819633358446   0
0.0992569803334254   0.0325977647330687   -0.00584815117978853   -0.0598841986027759   0
0.115357813296018   0.0498938628988341   0.0161008329625924   0.0172960981657653   0
0.0823130101151088   0.0350969764601885   -0.033044803180909   -0.0147968864386456   0
0.0843580081958648   0.0349068915494065   0.00204499808075607   -0.000190084910782019   0
0.0826490157219068   0.0421218647133769   -0.00170899247395802   0.00721497316397041   0
0.092458652670802   0.0622732488649984   0.00980963694889517   0.0201513841516215   0
0.0610881000847956   0.0387729407060456   -0.0313705525860064   -0.0235003081589528   0
0.114031487210638   0.0789045255245382   0.0529433871258429   0.0401315848184926   0
0.0972692239448887   0.0793855889596626   -0.0167622632657498   0.000481063435124385   0
0.0827705937689225   0.08416777447732   -0.0144986301759661   0.00478218551765743   0
0.128714360545551   0.0949450543051085   0.0459437667766281   0.0107772798277885   0
0.108472392567689   0.0819746420559555   -0.0202419679778613   -0.012970412249153   0
0.16333651307794   0.112827370752003   0.0548641205102505   0.0308527286960478   0
0.171267293006166   0.103008748063914   0.00793077992822638   -0.00981862268808878   0
0.160576033848517   0.0987135436388797   -0.0106912591576495   -0.00429520442503481   0
0.210591079281388   0.133481627711869   0.0500150454328716   0.0347680840729894   0
0.187635973133672   0.12815918458703   -0.0229551061477166   -0.00532244312483873   0
0.163375167236414   0.0997299787390222   -0.0242608058972573   -0.0284292058480081   0
0.216419851838956   0.138063478868617   0.0530446846025413   0.0383335001295946   0
0.187582826799707   0.135185887734787   -0.0288370250392488   -0.00287759113382954   0
0.170622973180285   0.131981777904772   -0.0169598536194225   -0.0032041098300154   0
0.219431947266912   0.150113295694888   0.0488089740866276   0.0181315177901163   0
0.183974081025711   0.12638121246285   -0.0354578662412013   -0.0237320832320382   0
0.204708695230346   0.151728167576541   0.020734614204635   0.0253469551136914   0
0.246196362192052   0.150310558030882   0.0414876669617061   -0.00141760954565978   0
0.209367834970926   0.138613692094838   -0.0368285272211255   -0.0116968659360437   0
0.227583689420046   0.165157609120621   0.0182158544491197   0.0265439170257837   0
0.236141142062284   0.177014372558377   0.00855745264223839   0.011856763437755   0
0.196922295197163   0.150606311174654   -0.0392188468651218   -0.0264080613837225   0
0.235796374959663   0.172601712046499   0.0388740797625005   0.0219954008718448   0
0.225081550110732   0.172285674755785   -0.0107148248489312   -0.000316037290713944   0
0.216907750877269   0.161645112842958   -0.00817379923346262   -0.0106405619128273   0
0.257111336451032   0.195509046642278   0.0402035855737622   0.0338639337993206   0
0.216787586958295   0.163314949590581   -0.0403237494927365   -0.0321940970516971   0
0.20424263360121   0.178801265509289   -0.0125449533570852   0.0154863159187078   0
0.238641578891245   0.19830956350176   0.0343989452900346   0.0195082979924715   0
0.20659109956138   0.186827645182351   -0.0320504793298646   -0.0114819183194092   0
0.401050510531865   0.275694122283191   0.194459410970485   0.0888664771008403   0
0.353238159270474   0.268998789162212   -0.0478123512613908   -0.00669533312097931   0
0.36389033012052   0.31419199243591   0.0106521708500456   0.0451932032736976   0
0.289275302020115   0.255238734882926   -0.0746150281004045   -0.0589532575529834   0
0.320780981615616   0.29728854497672   0.0315056795955006   0.0420498100937932   0
0.33454249382554   0.303782285529102   0.0137615122099243   0.00649374055238272   0
0.305124189746366   0.278607048631715   -0.0294183040791746   -0.0251752368973869   0
0.343512746161249   0.309491337995448   0.0383885564148838   0.0308842893637324   0
0.323457031657511   0.279254174229522   -0.0200557145037378   -0.0302371637659254   0
0.339575176387573   0.310530084564805   0.016118144730062   0.0312759103352827   0
0.372692168266222   0.320188713725351   0.0331169918786487   0.00965862916054622   0
0.33844456837529   0.289434084053645   -0.0342475998909322   -0.0307546296717063   0
0.362721102226082   0.302411189163406   0.0242765338507923   0.0129771051097604   0
0.321313877615409   0.292339338266017   -0.0414072246106734   -0.0100718508973889   0
0.239763966315563   0.229589208171056   -0.081549911299846   -0.0627501300949606   0
0.322137245830714   0.294684842273542   0.0823732795151515   0.0650956341024863   0
0.291536955182867   0.265771818706692   -0.0306002906478476   -0.0289130235668508   0
0.294560254951568   0.281235246869849   0.00302329976870147   0.0154634281631577   0
0.327704956131476   0.308643628039743   0.0331447011799081   0.0274083811698934   0
0.285656978080229   0.265819218809805   -0.0420479780512475   -0.0428244092299377   0
0.316821580660729   0.281963320419155   0.0311646025805002   0.01614410160935   0
0.296114963203781   0.276095443659607   -0.0207066174569479   -0.00586787675954831   0
0.287102478071861   0.268082882262133   -0.00901248513191999   -0.00801256139747392   0
0.358399771588574   0.321033300981351   0.0712972935167128   0.052950418719218   0
0.319091601698399   0.275872326639176   -0.0393081698901749   -0.0451609743421743   0
0.37418502550144   0.329286534668478   0.0550934238030412   0.053414208029302   0
0.287738777414174   0.240386954547005   -0.0864462480872664   -0.0888995801214731   0
0.393821391804278   0.282007975584845   0.106082614390104   0.0416210210378396   0
0.137671853428542   0.130078161526465   -0.256149538375736   -0.15192981405838   0
0.210453203925518   0.150034200138135   0.0727813504969756   0.0199560386116706   0
0.183285552164018   0.164715818435639   -0.0271676517615   0.0146816182975042   0
0.177847798854883   0.166453471194625   -0.0054377533091349   0.00173765275898607   0
0.15013815362078   0.137158832653023   -0.027709645234103   -0.0292946385416023   0
0.208483609454466   0.16962738692241   0.0583454558336866   0.0324685542693869   0
0.179618895081307   0.129451199137986   -0.0288647143731594   -0.040176187784424   0
1.04568027665555   0.362051626414082   0.866061381574245   0.232600427276096   1
0.668672165654987   0.380966863053894   -0.377008111000565   0.0189152366398121   1
0.319333128690651   0.274925671112469   -0.349339036964336   -0.106041191941425   1
0.28417750954919   0.229877852495347   -0.0351556191414609   -0.0450478186171221   0
0.24404351175985   0.216030380656344   -0.0401339977893403   -0.0138474718390027   0
0.260579285338455   0.236127504534805   0.0165357735786052   0.0200971238784608   0
0.18226329588661   0.205146526603802   -0.0783159894518449   -0.0309809779310029   0
0.241394628506601   0.215901843029361   0.059131332619991   0.0107553164255592   0
0.20560672320469   0.214336957282412   -0.0357879053019112   -0.00156488574694957   0
0.187729332630199   0.173939041208346   -0.0178773905744907   -0.0403979160740663   0
0.179688122877529   0.179090717473603   -0.0080412097526702   0.00515167626525775   0
0.149789086075855   0.158795259499251   -0.0298990368016737   -0.0202954579743518   0
0.16360281733546   0.182427659344033   0.013813731259605   0.0236323998447814   0
0.160090854408395   0.179076874102589   -0.0035119629270651   -0.00335078524144386   0
0.13639255885381   0.168795040575375   -0.0236982955545853   -0.010281833527214   0
0.185819287409165   0.192675522459393   0.0494267285553554   0.0238804818840178   0
0.126946967804119   0.1658214946248   -0.0588723196050465   -0.0268540278345926   0
0.176434118080064   0.178402643463752   0.0494871502759452   0.0125811488389515   0
0.138050096856648   0.167924731190025   -0.0383840212234157   -0.0104779122737271   0
0.139039990772152   0.150600901220652   0.00098989391550322   -0.0173238299693728   0
0.188807274007756   0.188968803077259   0.0497672832356048   0.0383679018566076   0
0.127572748650995   0.156529231692941   -0.0612345253567612   -0.032439571384318   0
0.170127115222589   0.175486819563952   0.0425543665715936   0.0189575878710106   0
0.114452029907774   0.144879587387527   -0.0556750853148148   -0.0306072321764252   0
0.170029837660453   0.152745132541801   0.055577807752679   0.00786554515427471   0
0.148954964939374   0.152313498663694   -0.0210748727210795   -0.000431633878107851   0
0.155526867990775   0.145502537319947   0.00657190305140165   -0.00681096134374687   0
0.176610471485017   0.149240552963094   0.0210836034942418   0.00373801564314705   0
0.139509092942933   0.1353567234628   -0.0371013785420837   -0.0138838295002935   0
0.159187406801072   0.157012112335825   0.0196783138581388   0.0216553888730244   0
0.143180357334133   0.141061083574642   -0.0160070494669391   -0.0159510287611824   0
0.141476660909459   0.129916789172789   -0.00170369642467416   -0.0111442944018534   0
0.182421175213296   0.157175259880367   0.0409445143038371   0.027258470707578   0
0.126629578776209   0.125716381601971   -0.0557915964370874   -0.0314588782783956   0
0.188005989727056   0.15209727608446   0.0613764109508478   0.0263808944824887   0
0.164221259345829   0.141230621219416   -0.0237847303812274   -0.0108666548650439   0
0.170254749642205   0.152682083575456   0.00603349029637637   0.0114514623560397   0
0.187654211213071   0.122088051526849   0.0173994615708661   -0.030594032048607   0
0.142778109645632   0.0634741613333609   -0.0448761015674398   -0.058613890193488   0
0.164249994943075   0.0693331107212638   0.0214718852974429   0.00585894938790292   0
0.13019002338217   0.066228513538634   -0.0340599715609044   -0.00310459718262981   0
0.157550531253468   0.0701745434630679   0.0273605078712979   0.00394602992443387   0
0.148218440880411   0.0554082593959333   -0.00933209037305666   -0.0147662840671346   0
0.19312062490353   0.100947770093237   0.0449021840231188   0.0455395106973037   0
0.130660054091103   0.064372477341326   -0.062460570812427   -0.036575292751911   0
0.181731184154206   0.059566872709764   0.051071130063103   -0.00480560463156199   0
0.213565682106583   0.0444888332991819   0.0318344979523767   -0.015078039410582   0
0.222134243520107   0.0720217924454987   0.00856856141352369   0.0275329591463168   0
0.258696898466932   0.050094183428468   0.0365626549468252   -0.0219276090170307   0
0.250551937539026   0.0711155599821867   -0.00814496092790573   0.0210213765537187   0
0.244737426075396   0.047910629827054   -0.00581451146362991   -0.0232049301551327   0
0.244287978077105   0.0471688883341022   -0.000449447998291441   -0.000741741492951864   0
0.249701819270525   0.0453250812923179   0.00541384119342045   -0.00184380704178429   0
0.289208393937814   0.0464430856589076   0.0395065746672892   0.00111800436658967   0
0.259375905866852   0.0482531618584536   -0.0298324880709624   0.00181007619954608   0
0.265588305069632   0.0398969272017282   0.00621239920278027   -0.00835623465672545   0
0.247454089160899   0.0513153296636346   -0.0181342159087335   0.0114184024619064   0
0.258064653380137   0.0463902980248564   0.0106105642192378   -0.00492503163877818   0
0.293422839189215   0.0443672685800425   0.0353581858090786   -0.00202302944481396   0
0.259171443727584   0.0536337829060658   -0.0342513954616316   0.00926651432602335   0
0.278878125614936   0.0512518321392758   0.0197066818873524   -0.00238195076679008   0
0.257578519316538   0.0445536235812532   -0.0212996062983982   -0.00669820855802258   0
0.261064528468346   0.0453529907019647   0.00348600915180858   0.000799367120711554   0
0.288628297153207   0.0477704289149114   0.0275637686848607   0.00241743821294663   0
0.264620431060869   0.045948407552221   -0.0240078660923383   -0.00182202136269038   0
0.315319012195285   0.0762179397322244   0.0506985811344158   0.0302695321800035   0
0.321680080911082   0.0518079258406954   0.006361068715797   -0.024410013891529   0
0.349133082796245   0.0806696967417908   0.0274530018851639   0.0288617709010954   0
0.33698812481227   0.0869817829551826   -0.0121449579839756   0.0063120862133918   0
0.34355121986976   0.116578654217067   0.00656309505748981   0.0295968712618845   0
0.37494700063673   0.134547943216656   0.0313957807669703   0.0179692889995889   0
0.493401783476671   0.155056364276833   0.118454782839941   0.0205084210601772   0
0.389627663974326   0.201048951742362   -0.103774119502346   0.0459925874655286   0
0.542305710805262   0.342733717234754   0.152678046830936   0.141684765492393   0
0.60326276426636   0.280109144297866   0.0609570534610985   -0.0626245729368887   0
0.50218165896281   0.323537456880204   -0.10108110530355   0.0434283125823386   0
0.43154192121612   0.301589752841625   -0.0706397377466899   -0.0219477040385792   0
0.426219761436949   0.298490276339636   -0.00532215977917083   -0.00309947650198866   0
0.396104538983082   0.278791717748667   -0.0301152224538672   -0.0196985585909693   0
0.447622321425608   0.318403815776605   0.0515177824425255   0.0396120980279384   0
0.435149729219771   0.289827593678557   -0.0124725922058367   -0.0285762220980489   0
0.501041813315266   0.32718052035415   0.0658920840954952   0.0373529266755936   0
0.444689826047606   0.296016730922515   -0.0563519872676602   -0.0311637894316354   0
0.552448068928157   0.383894189631365   0.107758242880551   0.0878774587088504   0
0.478016381834608   0.302736799577921   -0.074431687093549   -0.0811573900534438   0
0.48759995772425   0.327512824114934   0.00958357588964132   0.0247760245370132   0
0.469449140158953   0.322433858722998   -0.0181508175652969   -0.00507896539193603   0
0.423040922875672   0.280912251749016   -0.046408217283281   -0.0415216069739825   0
0.436536600133299   0.276320530311123   0.0134956772576276   -0.00459172143789344   0
0.408195962493225   0.263874409932926   -0.0283406376400747   -0.0124461203781963   0
0.460708742989582   0.310058437759824   0.0525127804963575   0.0461840278268975   0
0.385329586784729   0.254262064656925   -0.0753791562048532   -0.0557963731028984   0
0.461327770548154   0.313145212536153   0.0759981837634248   0.0588831478792278   0
0.431295044739735   0.291755401241558   -0.0300327258084188   -0.0213898112945952   0
0.428816879093361   0.273861352515105   -0.00247816564637426   -0.0178940487264532   0
0.456493646584977   0.297512539716337   0.0276767674916163   0.0236511872012322   0
0.398209220106278   0.244736925344573   -0.0582844264786992   -0.0527756143717641   0
0.482158063992504   0.324819320022921   0.0839488438862266   0.0800823946783478   0
0.437139495006994   0.283313499492612   -0.0450185689855102   -0.0415058205303091   0
0.421816640696168   0.259707941025515   -0.0153228543108264   -0.0236055584670963   0
0.496960442568481   0.317659820228499   0.0751438018723127   0.0579518792029841   0
0.409833243972777   0.260194981087664   -0.0871271985957033   -0.0574648391408351   0
0.500894536447873   0.311815297645016   0.0910612924750961   0.0516203165573518   0
0.457290176009424   0.27309329994896   -0.0436043604384495   -0.0387219976960564   0
0.453273582282687   0.280562722580781   -0.00401659372673674   0.00746942263182077   0
0.490282355291204   0.300645136276558   0.0370087730085164   0.0200824136957773   0
0.440834059185653   0.264728317753674   -0.0494482961055504   -0.0359168185228842   0
0.50122740901102   0.312694634749703   0.0603933498253665   0.0479663169960291   0
0.437059597037681   0.263798725397527   -0.0641678119733388   -0.0488959093521755   0
0.440576444390312   0.292829685685946   0.00351684735263141   0.0290309602884189   0
0.425836340040114   0.264113980353606   -0.0147401043501978   -0.0287157053323401   0
0.397856632227113   0.232737159716197   -0.0279797078130017   -0.0313768206374092   0
0.425511155149909   0.278653003242963   0.0276545229227964   0.0459158435267658   0
0.413335830982084   0.260300189011572   -0.012175324167825   -0.0183528142313907   0
0.545188585074761   0.368187087439266   0.131852754092677   0.107886898427694   0
