0.351013875414933   0.120769603202296   0   0   0
0.29957125415006   0.123214789273768   -0.0514426212648725   0.00244518607147244   0
0.285276624285797   0.0845719067644755   -0.0142946298642629   -0.0386428825092928   0
0.199279105465776   0.0819776914108968   -0.0859975188200211   -0.00259421535357868   0
0.191886265578676   0.0743208144873722   -0.00739283988710077   -0.00765687692352457   0
0.218485963966224   0.0443514484381852   0.0265996983875481   -0.029969366049187   0
0.15439469056681   0.0560252844011892   -0.0640912733994141   0.011673835963004   0
0.17345472979576   0.0426443661662945   0.0190600392289501   -0.0133809182348947   0
0.159088711690333   0.0494153766753376   -0.0143660181054264   0.0067710105090431   0
0.156053298223428   0.0516445195750042   -0.00303541346690581   0.00222914289966667   0
0.134821571823837   0.0755426334895013   -0.0212317263995906   0.0238981139144971   0
0.0947648168807918   0.0433282827613789   -0.0400567549430451   -0.0322143507281225   0
0.114727382887696   0.0650148598646927   0.0199625660069042   0.0216865771033138   0
0.152918504937401   0.0137307451258711   0.0381911220497052   -0.0512841147388216   0
0.113444727138858   0.0784349030583269   -0.039473777798543   0.0647041579324558   0
0.101776622178671   0.0388426683805966   -0.011668104960187   -0.0395922346777303   0
0.104626225941826   0.0466757545025573   0.00284960376315463   0.00783308612196067   0
0.127331454557976   0.0673125505184444   0.0227052286161505   0.0206367960158871   0
0.0886759000971516   0.0345037281758638   -0.0386555544608248   -0.0328088223425805   0
0.0982414044812573   0.0283745571769504   0.00956550438410574   -0.00612917099891348   0
0.0793495922024178   0.0300256823822644   -0.0188918122788395   0.00165112520531408   0
0.121176442417864   0.0307195426783379   0.0418268502154466   0.000693860296073479   0
0.117456992575879   0.0304717206918644   -0.00371944984198577   -0.000247821986473537   0
0.116516105711485   0.0460179095330611   -0.000940886864393392   0.0155461888411967   0
0.0823401423603943   0.0342112230153059   -0.0341759633510909   -0.0118066865177552   0
0.0662065658202417   0.057097990887469   -0.0161335765401526   0.0228867678721631   0
0.0542276581420994   0.0698569414732709   -0.0119789076781423   0.0127589505858019   0
0.0761532186218022   0.0365267346304114   0.0219255604797028   -0.0333302068428595   0
0.140138667250014   0.0713267289191997   0.0639854486282113   0.0347999942887883   0
0.101834013270763   0.0599088731104375   -0.0383046539792502   -0.0114178558087622   0
0.235625373713783   0.0737366013149847   0.13379136044302   0.0138277282045472   0
0.212534912689398   0.0954141377207887   -0.0230904610243853   0.021677536405804   0
0.358280925345445   0.0390161399285183   0.145746012656047   -0.0563979977922704   0
0.334531152573329   0.0570897438608722   -0.0237497727721156   0.0180736039323539   0
0.207724537104599   0.0526883662197121   -0.12680661546873   -0.00440137764116014   0
0.218068206797598   0.0604591049620527   0.0103436696929989   0.00777073874234054   0
0.194522196697103   0.0759053957673959   -0.0235460101004951   0.0154462908053432   0
0.163920461746208   0.0450156869367502   -0.030601734950895   -0.0308897088306457   0
0.228006217938114   0.0786885057195935   0.0640857561919064   0.0336728187828433   0
0.068961443385489   0.073201558318676   -0.159044774552625   -0.00548694740091751   0
0.158211614756092   0.0177078652945697   0.0892501713706029   -0.0554936930241063   0
0.10761960346238   0.021076503619315   -0.0505920112937114   0.00336863832474537   0
0.17541322620387   0.0322148760982023   0.0677936227414894   0.0111383724788872   0
0.107812363448029   0.0627825211347872   -0.0676008627558403   0.0305676450365849   0
0.205231382899034   0.0360777199643409   0.0974190194510048   -0.0267048011704463   0
0.129643442188334   0.0902480330803996   -0.0755879407106999   0.0541703131160587   0
0.17136041762595   0.0297402334655803   0.0417169754376156   -0.0605077996148193   0
0.121815621308435   0.0860554950570243   -0.0495447963175152   0.0563152615914439   0
0.112179614310268   0.0302271116554741   -0.0096360069981672   -0.0558283834015501   0
0.208401604054791   0.101493282396864   0.0962219897445237   0.0712661707413896   0
0.108842083857072   0.0608391008997259   -0.0995595201977188   -0.0406541814971378   0
0.120898552202249   0.100370077747987   0.0120564683451768   0.0395309768482615   0
0.14546857926494   0.056126155664828   0.0245700270626902   -0.0442439220831594   0
0.141450410108349   0.0483501830876833   -0.00401816915659098   -0.00777597257714463   0
0.117737231058446   0.0940125980572551   -0.0237131790499022   0.0456624149695717   0
0.129468999537534   0.0796752651574189   0.0117317684790877   -0.0143373328998362   0
0.151966013895476   0.0615914118816292   0.0224970143579419   -0.0180838532757896   0
0.124027417596111   0.0885969385302874   -0.0279385962993654   0.0270055266486582   0
0.157515050565621   0.0725666362855031   0.03348763296951   -0.0160303022447843   0
0.10331911256815   0.0825716880201229   -0.0541959379974708   0.0100050517346197   0
0.135563343268599   0.0701041564956743   0.0322442307004492   -0.0124675315244485   0
0.129898138136772   0.0749967435517005   -0.00566520513182661   0.0048925870560261   0
0.158406630469215   0.0884918362899228   0.0285084923324425   0.0134950927382223   0
0.106661382802681   0.0889505624358975   -0.0517452476665341   0.000458726145974711   0
0.118005709903669   0.109419263340031   0.0113443271009883   0.0204687009041332   0
0.116747997986175   0.0994606919699286   -0.00125771191749374   -0.00995857137010214   0
0.205098498821152   0.0375848032475497   0.0883505008349764   -0.0618758887223789   0
0.154887282754298   0.119142663359111   -0.0502112160668533   0.0815578601115615   0
0.104462270124529   0.0895783826987685   -0.0504250126297698   -0.0295642806603427   0
0.18628537619   0.052764401555495   0.0818231060654718   -0.0368139811432735   0
0.0887857297567013   0.0953951522914032   -0.0974996464332991   0.0426307507359081   0
0.0836937259359983   0.10090062137638   -0.00509200382070302   0.0055054690849765   0
0.0797718006750506   0.0886767003046037   -0.00392192526094776   -0.012223921071776   0
0.117919277729513   0.104286712534675   0.0381474770544624   0.0156100122300716   0
0.0759743830179416   0.0920005968572487   -0.0419448947115713   -0.0122861156774266   0
0.0939407306774862   0.111791955769769   0.0179663476595446   0.0197913589125204   0
0.0863383680163582   0.094198476480992   -0.00760236266112804   -0.0175934792887771   0
0.129032129237838   0.0514063203268774   0.0426937612214793   -0.0427921561541146   0
0.144080388442598   0.100833327986547   0.0150482592047607   0.0494270076596693   0
0.121074462555115   0.0629466148537157   -0.023005925887483   -0.037886713132831   0
0.0891271094832369   0.110968059791724   -0.0319473530718783   0.0480214449380078   0
0.149155530378528   0.0451993014612176   0.0600284208952911   -0.0657687583305059   0
0.106656397741673   0.0959187568656934   -0.0424991326368548   0.0507194554044758   0
0.122803584252456   0.0604253357105693   0.0161471865107825   -0.0354934211551241   0
0.178077964801404   0.0920110169667877   0.055274380548948   0.0315856812562184   0
0.163122513046973   0.0519728198929212   -0.0149554517544304   -0.0400381970738665   0
0.143065857425313   0.111814705639495   -0.0200566556216603   0.0598418857465743   0
0.121876584627155   0.079244191774161   -0.0211892727981584   -0.0325705138653345   0
0.106584201384868   0.105841236770644   -0.0152923832422871   0.0265970449964831   0
0.143252927391555   0.0586707217024772   0.036668726006687   -0.0471705150681669   0
0.147896600820878   0.114448291720825   0.00464367342932298   0.0557775700183476   0
0.123200320927561   0.095491876755385   -0.0246962798933163   -0.0189564149654398   0
0.150934837217423   0.0874441367746003   0.0277345162898618   -0.00804773998078469   0
0.134817591351685   0.0797831862688656   -0.0161172458657378   -0.00766095050573469   0
0.132242103127181   0.101081637691321   -0.00257548822450415   0.0212984514224556   0
0.114338793276866   0.0638727647757047   -0.0179033098503146   -0.0372088729156165   0
0.255436198935488   0.147807232004063   0.141097405658621   0.0839344672283587   0
0.137822979801374   0.0986005440914857   -0.117613219134113   -0.0492066879125777   0
0.174287697750243   0.0263146058162007   0.0364647179488686   -0.072285938275285   0
0.139359894138522   0.11171431372623   -0.034927803611721   0.0853997079100291   0
0.140739160986676   0.0797044300328377   0.00137926684815456   -0.0320098836933921   0
0.0985164227130177   0.116323388160494   -0.0422227382736586   0.0366189581276565   0
0.149976636604039   0.0887494767258658   0.0514602138910213   -0.0275739114346285   0
0.0671736854516553   0.128079027161212   -0.0828029511523838   0.0393295504353463   0
0.103280345409037   0.114534244700373   0.0361066599573818   -0.0135447824608387   0
0.0795162795161469   0.104505429840318   -0.0237640658928902   -0.0100288148600558   0
0.109773427916368   0.104184614619122   0.0302571484002209   -0.000320815221195384   0
0.1224451629729   0.0532405706927762   0.012671735056532   -0.0509440439263459   0
0.164238733329413   0.0860151937462186   0.0417935703565131   0.0327746230534424   0
0.143539395271821   0.0960777730629853   -0.0206993380575921   0.0100625793167667   0
0.196961328621052   0.0911012998075973   0.0534219333492312   -0.004976473255388   0
0.200384930247811   0.0786986473480485   0.00342360162675887   -0.0124026524595488   0
0.154240487197752   0.0738805161618407   -0.0461444430500585   -0.00481813118620784   0
0.145619125811756   0.0657038282578915   -0.0086213613859964   -0.00817668790394918   0
0.191184686909622   0.104257289673658   0.0455655610978656   0.0385534614157665   0
0.158309564843979   0.0732851957536445   -0.0328751220656425   -0.0309720939200134   0
0.209539630084359   0.102112636085548   0.05123006524038   0.0288274403319033   0
0.18096779104371   0.105870583332883   -0.0285718390406487   0.00375794724733554   0
0.262609688342319   0.127821883492458   0.0816418972986088   0.0219513001595747   0
0.206881893777126   0.0718014531537663   -0.0557277945651933   -0.0560204303386917   0
0.194045715654456   0.10424003671517   -0.0128361781226699   0.0324385835614037   0
0.17614512582737   0.120056743710183   -0.017900589827086   0.0158167069950127   0
0.214736270176093   0.113382808649901   0.038591144348723   -0.00667393506028201   0
0.238726369854044   0.085444368411587   0.0239900996779514   -0.0279384402383138   0
0.200395489619543   0.0944493817487177   -0.0383308802345013   0.00900501333713069   0
0.214663316484529   0.100115980461925   0.0142678268649855   0.0056665987132071   0
0.311907119995745   0.106124933989659   0.0972438035112163   0.00600895352773446   0
0.220880619037434   0.0635381169149865   -0.091026500958311   -0.0425868170746727   0
0.260980857056777   0.098875655666309   0.0401002380193433   0.0353375387513225   0
0.204045948624054   0.0678752302938451   -0.0569349084327235   -0.0310004253724639   0
0.237632049685243   0.0949089268715146   0.0335861010611896   0.0270336965776695   0
0.202099936056422   0.0491415570036196   -0.0355321136288211   -0.0457673698678949   0
0.291681998952986   0.0966289068656896   0.0895820628965641   0.04748734986207   0
0.214780845822806   0.049109080334598   -0.0769011531301804   -0.0475198265310916   0
0.258682333143375   0.0857589750555882   0.0439014873205688   0.0366498947209902   0
0.248799112934914   0.0518030199562728   -0.00988322020846108   -0.0339559550993154   0
0.298143709628847   0.0872858108190558   0.0493445966939327   0.035482790862783   0
0.246551345620182   0.0768056399017188   -0.0515923640086646   -0.010480170917337   0
0.268111064176173   0.0803730714145758   0.0215597185559911   0.00356743151285698   0
0.237055255813956   0.0783038760503751   -0.0310558083622173   -0.00206919536420073   0
0.236750777708818   0.0814020415011964   -0.00030447810513809   0.00309816545082134   0
0.219942469453196   0.0456169232841826   -0.0168083082556218   -0.0357851182170138   0
0.294345830963392   0.106700656494759   0.0744033615101966   0.0610837332105761   0
0.21535192736832   0.0449701056852216   -0.0789939035950729   -0.0617305508095371   0
0.257053755596101   0.0449266804833442   0.0417018282277813   -4.34252018774103e-05   0
0.269879573716593   0.0844760548400551   0.0128258181204922   0.0395493743567109   0
0.284166022925912   0.0588520967592491   0.014286449209319   -0.025623958080806   0
0.336537507888868   0.0883070706467636   0.0523714849629561   0.0294549738875145   0
0.302590574353614   0.0584596131401201   -0.0339469335352542   -0.0298474575066435   0
0.292224979710787   0.0892549957446361   -0.0103655946428268   0.030795382604516   0
0.356034438155093   0.0857742513732559   0.0638094584443055   -0.0034807443713801   0
0.33766196807436   0.0646074148854448   -0.0183724700807329   -0.0211668364878111   0
0.383077769841582   0.0514259682553717   0.0454158017672221   -0.0131814466300731   0
0.522322131434233   0.04993375847976   0.139244361592651   -0.00149220977561175   0
0.240354110289381   0.0508347132365768   -0.281968021144852   0.000900954756816869   1
0.251808687297897   0.0550394043613074   0.0114545770085157   0.00420469112473053   0
0.153712438434142   0.0688430990641945   -0.0980962488637545   0.0138036947028871   0
0.285072544545086   0.0692730781435508   0.131360106110944   0.000429979079356324   0
0.193465886204287   0.0713278317058636   -0.0916066583407992   0.00205475356231276   0
0.22192201681135   0.0864854893220533   0.0284561306070628   0.0151576576161897   0
0.215816578626605   0.0848891734994664   -0.00610543818474446   -0.00159631582258694   0
0.206614572378378   0.0947851878862014   -0.00920200624822703   0.00989601438673503   0
0.192949759014231   0.0867256514568931   -0.0136648133641465   -0.00805953642930833   0
0.322721096329958   0.0985321584056058   0.129771337315726   0.0118065069487128   0
0.261121734655222   0.0586679791698589   -0.0615993616747361   -0.0398641792357469   0
0.256563931521249   0.0626447513811213   -0.00455780313397314   0.00397677221126239   0
0.225920781090939   0.0439928830887807   -0.0306431504303097   -0.0186518682923406   0
0.26856908393406   0.0770968128183001   0.0426483028431207   0.0331039297295194   0
0.180682307325455   0.0307942392468644   -0.0878867766086052   -0.0463025735714357   0
0.260015741229603   0.0838221857773943   0.0793334339041487   0.0530279465305299   0
0.249727766477599   0.0720208522267857   -0.0102879747520047   -0.0118013335506086   0
0.251062462230199   0.0641869287363284   0.00133469575260023   -0.00783392349045729   0
0.258125000243312   0.0593439862463123   0.00706253801311357   -0.00484294249001612   0
0.27868630260438   0.0793383700099928   0.0205613023610676   0.0199943837636805   0
0.225727478447818   0.0677068736865025   -0.0529588241565622   -0.0116314963234903   0
0.335374411168309   0.0936781305845447   0.109646932720491   0.0259712568980422   0
0.383417519642752   0.0566917028656972   0.0480431084744428   -0.0369864277188475   0
0.330495608666076   0.0444126518772804   -0.0529219109766759   -0.0122790509884168   0
0.300731212537126   0.0318627990675647   -0.02976439612895   -0.0125498528097158   0
0.304194252624552   0.0369100243353008   0.00346304008742648   0.00504722526773617   0
0.24417192191454   0.0328793581977644   -0.0600223307100129   -0.00403066613753639   0
0.376751447634432   0.0737819769354448   0.132579525719892   0.0409026187376803   0
0.264606193154374   0.035965551972026   -0.112145254480058   -0.0378164249634188   0
0.276079203834914   0.0399507538368252   0.0114730106805398   0.00398520186479921   0
0.304990464134618   0.0377042296624994   0.0289112602997045   -0.00224652417432575   0
0.314487434676968   0.0622031554555515   0.0094969705423491   0.0244989257930521   0
0.254021459671599   0.0464035208148584   -0.0604659750053682   -0.015799634640693   0
0.407329481413033   0.115364933545218   0.153308021741433   0.0689614127303593   0
0.247411371397908   0.0659004316817993   -0.159918110015124   -0.0494645018634184   0
0.25494348456356   0.0640822964679403   0.00753211316565158   -0.00181813521385898   0
0.287463916450413   0.0625609329638313   0.0325204318868533   -0.00152136350410899   0
0.304059730996461   0.0623847919001899   0.0165958145460476   -0.000176141063641444   0
0.238938125185266   0.0677244577686858   -0.0651216058111943   0.00533966586849585   0
0.269272615400861   0.0739797196851948   0.0303344902155947   0.00625526191650903   0
0.522358585055324   0.0641421048817779   0.253085969654463   -0.00983761480341687   0
0.206599966321778   0.0847876494439049   -0.315758618733545   0.0206455445621269   1
0.295571519762713   0.0612914295104144   0.0889715534409348   -0.0234962199334904   0
0.1900920279083   0.0587082797496869   -0.105479491854413   -0.00258314976072752   0
0.142233080376999   0.0895258346095276   -0.0478589475313007   0.0308175548598407   0
0.138606901071916   0.044157258951785   -0.00362617930508319   -0.0453685756577426   0
0.298741134670202   0.0755050282679405   0.160134233598286   0.0313477693161555   0
0.222340450385529   0.0725368869715609   -0.0764006842846731   -0.00296814129637965   0
0.175740143916709   0.0687455051066068   -0.0466003064688202   -0.00379138186495409   0
0.321754384222873   0.0700783343177833   0.146014240306164   0.00133282921117647   0
0.218268574538915   0.0442561679963935   -0.103485809683957   -0.0258221663213898   0
0.197929910368544   0.0486741567370458   -0.0203386641703709   0.00441798874065233   0
0.278390175033962   0.0794009716276508   0.0804602646654176   0.030726814890605   0
0.222106587189574   0.0480980573895662   -0.0562835878443876   -0.0313029142380846   0
0.331205004282604   0.080652811203454   0.10909841709303   0.0325547538138879   0
0.280235690777925   0.0695750980355759   -0.0509693135046793   -0.0110777131678781   0
0.229459902292318   0.04523028114969   -0.0507757884856074   -0.0243448168858859   0
0.346363000899346   0.0869843622303026   0.116903098607028   0.0417540810806127   0
0.287476449654733   0.0728978687019362   -0.058886551244613   -0.0140864935283665   0
0.292521953565352   0.0881340689890266   0.00504550391061953   0.0152362002870904   0
0.271620206765053   0.0786078386264691   -0.0209017468002994   -0.00952623036255755   0
0.257207710926714   0.0722817069571894   -0.0144124958383389   -0.00632613166927967   0
0.242474839660551   0.0740510499869009   -0.0147328712661627   0.00176934302971153   0
0.432067800210673   0.0989956110517153   0.189592960550122   0.0249445610648144   0
0.252163234566421   0.0788166032164068   -0.179904565644252   -0.0201790078353086   0
0.252220675434906   0.0967290330600901   5.74408684843597e-05   0.0179124298436833   0
0.266839015385756   0.0935405778977899   0.0146183399508509   -0.00318845516230017   0
0.339818822018749   0.0933342103243634   0.0729798066329922   -0.000206367573426527   0
0.241822612325254   0.0766119440098098   -0.0979962096934949   -0.0167222663145536   0
0.334965263396729   0.108365344253825   0.0931426510714751   0.0317534002440152   0
0.260396257591406   0.102727224446395   -0.0745690058053227   -0.00563811980743006   0
0.266943851839465   0.0918300039614504   0.00654759424805834   -0.0108972204849445   0
0.262178995638495   0.0898168891394597   -0.00476485620096956   -0.00201311482199069   0
0.314510199565944   0.0895100309242629   0.0523312039274491   -0.00030685821519684   0
0.239391937391989   0.0829413426070648   -0.0751182621739551   -0.0065686883171981   0
0.30378276278558   0.107618441490306   0.0643908253935911   0.0246770988832416   0
0.302218391407207   0.110714887974698   -0.00156437137837273   0.00309644648439195   0
0.262367387504621   0.0695873389049689   -0.0398510039025863   -0.0411275490697294   0
0.292230293533644   0.0965641486487092   0.0298629060290234   0.0269768097437403   0
0.240615088467037   0.0667395058193234   -0.0516152050666075   -0.0298246428293858   0
0.293751211212822   0.227475384827216   0.0531361227457851   0.160735879007893   0
0.182680062186217   0.122998069618755   -0.111071149026605   -0.104477315208461   1
0.181742368548008   0.0816974816496812   -0.000937693638208587   -0.0413005879690734   0
0.304757908750536   0.0905488141682292   0.123015540202528   0.00885133251854794   0
0.214720594734087   0.0788144846832897   -0.090037314016449   -0.0117343294849395   0
0.226176928755433   0.081557792019785   0.0114563340213456   0.00274330733649529   0
0.22645700107888   0.0759419564625017   0.000280072323447816   -0.00561583555728327   0
0.397637316371653   0.0883963250023721   0.171180315292773   0.0124543685398704   0
0.33181854215821   0.0796896389881828   -0.0658187742134426   -0.00870668601418935   0
0.491758604865233   0.104583936536939   0.159940062707022   0.0248942975487563   0
0.160910529396587   0.122035474299863   -0.330848075468645   0.0174515377629238   0
