0.114718476652586   0.0450859027511372   0   0   0
0.0888774866188845   0.0453156156092742   -0.0258409900337018   0.000229712858137068   0
0.0949082789723847   0.0408727231240163   0.00603079235350017   -0.00444289248525791   0
0.107200729726341   0.0414338437195368   0.0122924507539563   0.000561120595520465   0
0.0639812773736263   0.0491239871383879   -0.0432194523527147   0.0076901434188511   0
0.137675058783971   0.0367673403268104   0.0736937814103452   -0.0123566468115775   0
0.0673485788853781   0.055666234300294   -0.0703264798985934   0.0188988939734836   0
0.130034981853807   0.0343708103036097   0.0626864029684292   -0.0212954239966842   0
0.0690501698846571   0.0391465595435014   -0.0609848119691503   0.00477574923989166   0
0.152480566308661   0.0310434756968449   0.083430396424004   -0.0081030838466565   0
0.0814207276136544   0.0385245594437172   -0.0710598386950067   0.0074810837468723   0
0.160557964424472   0.0450271496519045   0.0791372368108176   0.00650259020818725   0
0.064478762888334   0.0405356532219169   -0.0960792015361379   -0.00449149642998758   0
0.115000243431264   0.0447466892189802   0.0505214805429301   0.00421103599706334   0
0.0624838811829899   0.0478718295618101   -0.0525163622482742   0.00312514034282994   0
0.125938679975494   0.0361652482373963   0.0634547987925045   -0.0117065813244138   0
0.0797989569474439   0.0334498965931137   -0.0461397230280506   -0.00271535164428265   0
0.169346195379997   0.0328045914758133   0.0895472384325528   -0.000645305117300446   0
0.0604079505463478   0.0302070320692881   -0.108938244833649   -0.00259755940652515   0
0.169855158488626   0.0497786377782855   0.109447207942278   0.0195716057089974   0
0.0320537543869669   0.0420924908575746   -0.137801404101659   -0.00768614692071089   0
0.141218392835353   0.035677572900209   0.109164638448386   -0.00641491795736562   0
0.0656286728649148   0.0357397132462926   -0.075589719970438   6.21403460836639e-05   0
0.0848494648976645   0.0386075671535999   0.0192207920327497   0.00286785390730725   0
0.0916014716302091   0.0349170472055875   0.00675200673254461   -0.0036905199480124   0
0.0685236086212628   0.0394717390302888   -0.0230778630089463   0.00455469182470133   0
0.12875562606796   0.0332182549899859   0.0602320174466975   -0.00625348404030288   0
0.0554171242918649   0.0270943877428929   -0.0733385017760954   -0.00612386724709303   0
0.13898921087052   0.0410433573124778   0.0835720865786556   0.0139489695695849   0
0.0830193011517803   0.0375652108973479   -0.0559699097187401   -0.00347814641512991   0
0.132710868196277   0.051626156172305   0.0496915670444966   0.0140609452749571   0
0.071171199100724   0.051345964146559   -0.061539669095553   -0.000280192025745973   0
0.0642900820180687   0.0635478328234773   -0.00688111708265532   0.0122018686769183   0
0.101785820354851   0.0470131068286079   0.0374957383367823   -0.0165347259948694   0
0.0828098475263057   0.0266343544240911   -0.0189759728285453   -0.0203787524045168   0
0.0994302449501202   0.038146610276807   0.0166203974238145   0.011512255852716   0
0.0516607392073517   0.061218556009126   -0.0477695057427685   0.023071945732319   0
0.119697001986503   0.0446211750447587   0.0680362627791513   -0.0165973809643673   0
0.0415758686024718   0.0624486523827977   -0.0781211333840312   0.0178274773380389   0
0.121875966534178   0.0426436338061732   0.0803000979317059   -0.0198050185766244   0
0.0571981971984861   0.0701780951597612   -0.0646777693356916   0.027534461353588   0
0.101337676935728   0.0491466302396016   0.044139479737242   -0.0210314649201596   0
0.0639687588240541   0.0587653933080942   -0.037368918111674   0.00961876306849255   0
0.106402672613137   0.0624214496881681   0.0424339137890828   0.00365605638007391   0
0.105812624805786   0.0376531090744841   -0.000590047807351127   -0.024768340613684   0
0.10057976424996   0.0767360146425718   -0.00523286055582546   0.0390829055680877   0
0.0884783292072132   0.0489769529379636   -0.0121014350427471   -0.0277590617046083   0
0.108446949048366   0.0794378239660428   0.0199686198411528   0.0304608710280792   0
0.0714659026147407   0.0654821662886545   -0.0369810464336253   -0.0139556576773883   0
0.103268423873323   0.0715508042100332   0.0318025212585828   0.00606863792137866   0
0.078422328001214   0.0620514879149767   -0.0248460958721094   -0.00949931629505645   0
0.0999684612838214   0.0783325120299675   0.0215461332826074   0.0162810241149908   0
0.0771511790000056   0.0761175549750188   -0.0228172822838159   -0.00221495705494872   0
0.0260852848972366   0.095181671181956   -0.0510658941027689   0.0190641162069373   0
0.154567496395102   0.0814136346888529   0.128482211497866   -0.0137680364931031   0
0.0418258094780005   0.0808343346846035   -0.112741686917102   -0.000579300004249397   0
0.136025279894474   0.0669390050623327   0.0941994704164735   -0.0138953296222709   0
0.0790242696442681   0.0623095905485793   -0.0570010102502059   -0.00462941451375341   0
0.114813593297005   0.0799038353513459   0.0357893236527365   0.0175942448027667   0
0.078924755900161   0.0807069659324088   -0.0358888373968437   0.000803130581062905   0
0.118513618444508   0.0847062529112225   0.0395888625443469   0.0039992869788137   0
0.0738875170204683   0.0797881824725629   -0.0446261014240395   -0.00491807043865959   0
0.0381071044448407   0.103597713494314   -0.0357804125756276   0.0238095310217512   0
0.114017418098113   0.0915943804376256   0.0759103136532727   -0.0120033330566885   0
0.0473796778770181   0.10684470596754   -0.0666377402210953   0.015250325529914   0
0.13113397249205   0.0958892132230732   0.0837542946150314   -0.0109554927444664   0
0.0594313737117021   0.09856494205047   -0.0717025987803474   0.00267572882739674   0
0.135039618559518   0.101368155256175   0.0756082448478154   0.00280321320570506   0
0.0537606065907147   0.108677285808362   -0.0812790119688028   0.00730913055218745   0
0.126387879338804   0.109259404691644   0.072627272748089   0.000582118883281788   0
0.0733057165536904   0.09874621502302   -0.0530821627851133   -0.0105131896686243   0
0.0614759727610715   0.115088525452681   -0.0118297437926189   0.0163423104296614   0
0.0789715195016533   0.100934113381465   0.0174955467405818   -0.0141544120712161   0
0.0825203000646508   0.108388982499849   0.00354878056299751   0.00745486911838331   0
0.0903196945720035   0.104034695135854   0.00779939450735274   -0.00435428736399507   0
0.0823002307987043   0.114984967478406   -0.00801946377329918   0.010950272342552   0
0.115885365516315   0.102015320422339   0.033585134717611   -0.0129696470560666   0
0.0811945127237672   0.117939568332685   -0.0346908527925481   0.0159242479103457   0
0.112971208839819   0.116918107729342   0.0317766961160518   -0.00102146060334278   0
0.101874333505452   0.116163487795488   -0.0110968753343673   -0.000754619933853853   0
0.101331168595354   0.114965758138684   -0.000543164910097996   -0.00119772965680356   0
0.0913549098254166   0.11557061745367   -0.00997625876993712   0.00060485931498537   0
0.0864405922358819   0.132596652960548   -0.00491431758953476   0.0170260355068781   0
0.116287484506502   0.134350687378303   0.0298468922706204   0.00175403441775501   0
0.117699132383852   0.140807305712452   0.00141164787735013   0.00645661833414929   0
0.123857864821173   0.133169695107042   0.0061587324373208   -0.00763761060541041   0
0.124619209495005   0.132842359725729   0.000761344673832084   -0.000327335381312827   0
0.125828511124188   0.139852177394562   0.00120930162918316   0.00700981766883282   0
0.110759486946819   0.144464389975523   -0.0150690241773697   0.00461221258096117   0
0.129511322418792   0.144808848708392   0.0187518354719737   0.000344458732869063   0
0.110781227430869   0.157599157534233   -0.0187300949879231   0.0127903088258409   0
0.118181487866525   0.17445981754834   0.00740026043565568   0.0168606600141067   0
0.102090559906949   0.159251401382374   -0.0160909279595757   -0.0152084161659657   0
0.122204204792357   0.171873816962474   0.0201136448854082   0.0126224155800999   0
0.124437022599104   0.158473354392781   0.00223281780674683   -0.0134004625696928   0
0.12118618426021   0.171235411795429   -0.00325083833889421   0.0127620574026474   0
0.137111279655301   0.168233508939212   0.0159250953950907   -0.00300190285621635   0
0.132322884203095   0.175556424529266   -0.00478839545220572   0.00732291559005413   0
0.14389379841932   0.175418586487436   0.0115709142162253   -0.000137838041830568   0
0.119513734140347   0.17375633416224   -0.0243800642789732   -0.00166225232519582   0
0.0938800088177755   0.187368922501839   -0.0256337253225717   0.0136125883395986   0
0.142729932242899   0.182532464088583   0.048849923425124   -0.00483645841325514   0
0.113029024143049   0.193199084082327   -0.0297009080998503   0.0106666199937434   0
0.137892032903645   0.199244758742231   0.0248630087605961   0.00604567465990458   0
0.109326590652961   0.199513311486352   -0.0285654422506848   0.000268552744120326   0
0.140301983345574   0.218980587471521   0.030975392692613   0.0194672759851694   0
0.159590723795902   0.222189223050219   0.0192887404503288   0.00320863557869794   0
0.0961062249755446   0.224957814591208   -0.0634844988203577   0.00276859154098938   0
0.159210118357628   0.227296846205513   0.0631038933820837   0.00233903161430432   0
0.0897344610492028   0.234865000953212   -0.0694756573084254   0.00756815474769973   0
0.163596675720046   0.229981103940085   0.0738622146708435   -0.00488389701312786   0
0.0765731966879404   0.225798584302255   -0.087023479032106   -0.00418251963782976   0
0.184372860266065   0.224824495071984   0.107799663578125   -0.00097408923027098   0
0.0549664397525663   0.226346445451707   -0.129406420513499   0.00152195037972297   0
0.173893641395682   0.236615397905678   0.118927201643116   0.0102689524539715   0
0.077320188397727   0.242136368735414   -0.0965734529979548   0.00552097082973588   0
0.166859419097664   0.252060535747611   0.0895392306999373   0.00992416701219637   0
0.0643816004003473   0.23974794719324   -0.102477818697317   -0.0123125885543708   0
0.186744423278527   0.241877403850587   0.12236282287818   0.00212945665734729   0
0.0841656941758464   0.239856908731274   -0.10257872910268   -0.00202049511931349   0
0.171874393983513   0.24997808818587   0.0877086998076671   0.0101211794545962   0
0.0951797843001338   0.265583045962558   -0.0766946096833796   0.0156049577766878   0
0.176397703336098   0.283794843128359   0.0812179190359641   0.0182117971658016   0
0.108103006129504   0.26389055444682   -0.0682946972065938   -0.0199042886815393   0
0.156845092505107   0.276751542583777   0.0487420863756033   0.0128609881369569   0
0.0860088411981582   0.263114700786558   -0.0708362513069492   -0.0136368417972187   0
0.172314909266466   0.269707211328785   0.0863060680683077   0.00659251054222709   0
0.0598840559913872   0.261219610074072   -0.112430853275079   -0.00848760125471359   0
0.199511564395959   0.277348619245707   0.139627508404572   0.0161290091716351   0
0.0809387144264257   0.262608939626015   -0.118572849969533   -0.0147396796196917   0
0.203887287358114   0.284826042374552   0.122948572931688   0.0222171027485368   0
0.0931328626236459   0.278121963824327   -0.110754424734468   -0.00670407855022526   0
0.188540097310148   0.294683626424595   0.0954072346865021   0.016561662600268   0
0.131890780163356   0.286608750644934   -0.0566493171467924   -0.00807487577966048   0
0.113693689644758   0.297430522741867   -0.0181970905185979   0.0108217720969325   0
0.175178716720849   0.286633946170896   0.0614850270760916   -0.0107965765709707   0
0.0872221540017214   0.295907208067833   -0.087956562719128   0.0092732618969375   0
0.209163003943623   0.307631297188696   0.121940849941902   0.011724089120863   0
0.092945736755146   0.288284844916447   -0.116217267188477   -0.0193464522722491   0
0.239531393558798   0.308323094280172   0.146585656803652   0.0200382493637251   0
0.114119401758213   0.292137216195147   -0.125411991800585   -0.0161858780850253   0
0.19864271550223   0.328187416195762   0.084523313744017   0.0360502000006146   0
0.20763341291991   0.331142830783787   0.0089906974176801   0.00295541458802578   0
0.103152252087145   0.373986784340704   -0.104481160832765   0.0428439535569164   0
0.197227938673048   0.357400021816242   0.0940756865859026   -0.0165867625244621   0
0.0942443995501589   0.361366816957607   -0.102983539122889   0.00396679514136516   0
0.209356642058116   0.375204497909743   0.115112242507957   0.0138376809521364   0
0.125389742749158   0.374048555989196   -0.0839668993089578   -0.00115594192054752   0
0.220209949706116   0.372409797505033   0.0948202069569578   -0.00163875848416228   0
0.136626407555707   0.357731100844353   -0.0835835421504088   -0.0146786966606807   0
0.231909238386421   0.38842524925969   0.0952828308307145   0.0306941484153374   0
0.115650203634494   0.377612637432757   -0.116259034751927   -0.0108126118269337   0
0.197081190378585   0.368921776147736   0.0814309867440905   -0.00869086128502083   0
0.100494488182139   0.3736271912552   -0.0965867021964462   0.00470541510746458   0
0.188614925157714   0.3978061246867   0.0881204369755752   0.0241789334314993   0
0.164302788009851   0.388889957066263   -0.024312137147863   -0.0089161676204364   0
0.121302137029197   0.413063890587461   -0.0430006509806542   0.0241739335211978   0
0.201316054610356   0.400419539477424   0.0800139175811598   -0.0126443511100368   0
0.136146257269526   0.401482177546526   -0.0651697973408303   0.00106263806910156   0
0.194865716348002   0.405384754295968   0.0587194590784759   0.00390257674944244   0
0.170581424392839   0.411535570290406   -0.0242842919551626   0.00615081599443812   0
0.153097860488153   0.432478852432116   -0.0174835639046863   0.0209432821417098   0
0.135510167092658   0.429598167998014   -0.0175876933954955   -0.00288068443410189   0
0.151093462108723   0.403055310181494   0.015583295016065   -0.0265428578165206   0
0.132088402874174   0.408422820788702   -0.019005059234549   0.00536751060720819   0
