0.124964843737029   0.163208382124211   0   0   0
0.182248218922326   0.0883670904879186   0.0572833751852971   -0.0748412916362924   0
0.114298877652845   0.13543186913046   -0.067949341269481   0.0470647786425412   0
0.165313485543588   0.0350086554893929   0.0510146078907429   -0.100423213641067   0
0.0829301029621548   0.154692314211704   -0.0823833825814329   0.119683658722311   0
0.246135978606562   0.209721555074967   0.163205875644407   0.0550292408632634   0
0.179250920132005   0.177924701513372   -0.0668850584745572   -0.0317968535615953   0
0.167669740852625   0.203317400853819   -0.0115811792793799   0.025392699340447   0
0.183585988215332   0.130497844164015   0.015916247362707   -0.0728195566898039   0
0.137035622571213   0.15428908071782   -0.0465503656441187   0.023791236553805   0
0.175569557969997   0.106993306721215   0.0385339353987834   -0.047295773996605   0
0.204797413702542   0.0778553931047972   0.029227855732545   -0.0291379136164179   0
0.152512652153059   0.0619852975076905   -0.0522847615494826   -0.0158700955971067   0
0.0939945716150672   0.0617931287043713   -0.0585180805379919   -0.000192168803319147   0
0.12576391145273   0.0522947561453345   0.0317693398376623   -0.00949837255903685   0
0.154967833918397   0.0637237107697951   0.0292039224656679   0.0114289546244606   0
0.146255183091746   0.05852692907737   -0.00871265082665187   -0.00519678169242508   0
0.0314617603808799   0.0845755170708707   -0.114793422710866   0.0260485879935006   0
0.0885106016493505   0.0187036330627642   0.0570488412684706   -0.0658718840081065   0
0.0786361141988845   0.0243407631478555   -0.00987448745046599   0.00563713008509132   0
0.0661306854101029   0.0431836334951391   -0.0125054287887816   0.0188428703472836   0
0.118640129518641   0.0300522902226686   0.0525094441085385   -0.0131313432724706   0
0.0869635875513361   0.0424092463228979   -0.0316765419673053   0.0123569561002293   0
0.108860104144769   0.0756115718668704   0.0218965165934331   0.0332023255439725   0
0.0966922936997049   0.0301505810714064   -0.0121678104450643   -0.045460990795464   0
0.0804969009625836   0.0263360330898562   -0.0161953927371213   -0.00381454798155022   0
0.108067011585451   0.0613169277208382   0.0275701106228673   0.034980894630982   0
0.113845649311381   0.0306768746082962   0.00577863772593025   -0.0306400531125421   0
0.0891766378637926   0.0897331589849037   -0.0246690114475887   0.0590562843766075   0
0.108156308764907   0.0618648466550472   0.0189796709011149   -0.0278683123298565   0
0.0840298436105292   0.0654883385537456   -0.0241264651543782   0.00362349189869841   0
0.0907317196329927   0.0609947708995206   0.0067018760224635   -0.00449356765422503   0
0.110832404534549   0.0885571770679825   0.0201006849015566   0.0275624061684619   0
0.102560248115388   0.0660693959451916   -0.00827215641916113   -0.0224877811227909   0
0.10466220134786   0.0825972256535442   0.00210195323247181   0.0165278297083526   0
0.10597364052183   0.105465660310596   0.00131143917396971   0.0228684346570517   0
0.10267364497791   0.0697215945593117   -0.0032999955439193   -0.0357440657512842   0
0.149632022243803   0.0643421750203162   0.0469583772658927   -0.00537941953899551   0
0.201078836782989   0.123630860956478   0.051446814539186   0.0592886859361618   0
0.178772809555145   0.131661416152531   -0.0223060272278446   0.00803055519605318   0
0.198167263792408   0.0868069137322921   0.0193944542372639   -0.0448545024202391   0
0.211007625965414   0.148239431892766   0.0128403621730054   0.0614325181604739   0
0.191457496315631   0.151670209252839   -0.0195501296497825   0.00343077736007316   0
0.187210795942568   0.141716210661342   -0.00424670037306296   -0.00995399859149668   0
0.214233741993973   0.169475119257223   0.0270229460514041   0.0277589085958807   0
0.23511365166234   0.178872423532108   0.0208799096683672   0.00939730427488536   0
0.225151771032453   0.139342520619192   -0.00996188062988701   -0.0395299029129163   0
0.261198643452603   0.144962440999419   0.0360468724201502   0.00561992038022671   0
0.240633739650116   0.164371972028384   -0.0205649038024865   0.0194095310289656   0
0.203479530032114   0.192237049783594   -0.0371542096180024   0.0278650777552095   0
0.22844519553313   0.112846952167526   0.0249656655010159   -0.0793900976160676   0
0.257016926520901   0.136913975974734   0.0285717309877705   0.0240670238072074   0
0.261454443003767   0.151458625302424   0.00443751648286639   0.0145446493276899   0
0.308486172039267   0.12231425073907   0.0470317290354997   -0.0291443745633541   0
0.30916963796602   0.110997389687956   0.000683465926753613   -0.0113168610511135   0
0.31900687122269   0.132791389190536   0.0098372332566698   0.0217939995025802   0
0.331962365902055   0.171498166775187   0.0129554946793651   0.038706777584651   0
0.32371654343796   0.134418549428492   -0.00824582246409478   -0.0370796173466952   0
0.331914543676908   0.141374569074153   0.00819800023894751   0.00695601964566098   0
0.343405136785052   0.164460592958131   0.0114905931081437   0.0230860238839777   0
0.357785437990425   0.14610081113488   0.0143803012053731   -0.0183597818232505   0
0.355938363688153   0.109136676301828   -0.00184707430227155   -0.0369641348330523   0
0.390135171872211   0.123578636739891   0.0341968081840583   0.0144419604380632   0
0.402495560496013   0.151879362928905   0.0123603886238019   0.0283007261890136   0
0.36501325830475   0.130725257318823   -0.0374823021912635   -0.0211541056100818   0
0.390232671120051   0.141473844209804   0.0252194128153014   0.0107485868909813   0
0.391555934725806   0.146090068692228   0.00132326360575519   0.00461622448242396   0
0.371366724206262   0.166564152268728   -0.0201892105195443   0.0204740835764996   0
0.425462317927087   0.159587498890891   0.0540955937208252   -0.0069766533778374   0
0.453206885832685   0.159743566951067   0.0277445679055972   0.000156068060176345   0
0.428116951279718   0.206832051909273   -0.025089934552967   0.0470884849582056   0
0.407936252674312   0.198884685388921   -0.0201806986054057   -0.00794736652035175   0
0.447354986681003   0.188229639442092   0.0394187340066907   -0.0106550459468286   0
0.455058584310295   0.205611054983067   0.00770359762929257   0.0173814155409754   0
0.453293240840364   0.200270614817177   -0.0017653434699314   -0.00534044016589069   0
0.577027937689814   0.077234349348525   0.12373469684945   -0.123036265468652   0
0.518134098035142   0.232348174084175   -0.0588938396546721   0.15511382473565   0
0.540507000241745   0.311682557247755   0.0223729022066034   0.07933438316358   0
0.551956238394359   0.312327889507966   0.0114492381526133   0.000645332260210796   0
0.549542733219174   0.362543290634719   -0.0024135051751849   0.050215401126753   0
0.568215246037591   0.333613699555339   0.0186725128184173   -0.0289295910793796   0
0.578035726663854   0.321938392569914   0.00982048062626328   -0.0116753069854251   0
0.563011758133878   0.306609349699663   -0.0150239685299767   -0.0153290428702513   0
0.644583414968063   0.302823285105356   0.0815716568341853   -0.00378606459430625   0
0.649511407650828   0.327459768935437   0.00492799268276511   0.0246364838300809   0
0.667820998091554   0.369672973158033   0.0183095904407263   0.0422132042225959   0
0.644548109406303   0.332394010179937   -0.023272888685251   -0.0372789629780964   0
0.67088322139628   0.317052945630537   0.0263351119899767   -0.0153410645494003   0
0.672767429246311   0.344345096434885   0.00188420785003085   0.027292150804348   0
0.709656660450031   0.344997704936569   0.0368892312037197   0.000652608501684471   0
0.781934522008716   0.384198635358066   0.0722778615586859   0.0392009304214967   0
0.834048521143105   0.387689814047584   0.0521139991343882   0.00349117868951782   0
0.820069406986537   0.416668502507689   -0.0139791141565679   0.0289786884601053   0
0.884704860598544   0.444246170960145   0.0646354536120077   0.0275776684524557   0
0.874064497128353   0.433176800228556   -0.0106403634701919   -0.011069370731589   0
0.884083024133051   0.441189203692985   0.010018527004698   0.00801240346442911   0
0.961770849082779   0.505633301983513   0.0776878249497287   0.0644440982905278   0
0.943602776544325   0.416306443516372   -0.0181680725384538   -0.0893268584671408   0
0.95428467871369   0.402821166416314   0.0106819021693642   -0.0134852771000574   0
0.911534588966628   0.423094151925136   -0.0427500897470615   0.0202729855088216   0
0.974347694548799   0.415479884614767   0.062813105582171   -0.00761426731036913   0
0.955255742858718   0.392531225288511   -0.0190919516900814   -0.0229486593262555   0
0.995548686625621   0.445358405020889   0.0402929437669037   0.0528271797323774   0
0.971103173686833   0.407682559608882   -0.0244455129387882   -0.0376758454120063   0
1.00291715583253   0.402199442869455   0.0318139821456961   -0.00548311673942742   0
0.97080477130317   0.424067529609082   -0.0321123845293593   0.0218680867396274   0
1.0051577220389   0.402375139960522   0.0343529507357349   -0.02169238964856   0
1.04413799778815   0.368042633518523   0.0389802757492419   -0.0343325064419991   0
1.05193569182626   0.437056106939086   0.00779769403811681   0.069013473420563   0
1.0945082397221   0.380588801898125   0.0425725478958319   -0.0564673050409615   0
1.05965322695274   0.337762333477995   -0.0348550127693534   -0.0428264684201302   0
0.692916440333898   0.421937813885033   -0.366736786618844   0.0841754804070385   0
0.749497142694354   0.476012006216492   0.0565807023604559   0.0540741923314594   0
0.821231502146624   0.454990116066547   0.07173435945227   -0.0210218901499454   0
0.872939272113043   0.393055956868103   0.0517077699664196   -0.0619341591984441   0
0.879201820219908   0.402635228188307   0.00626254810686533   0.00957927132020403   0
0.902612759150346   0.436558381120154   0.0234109389304372   0.0339231529318474   0
0.874487998986264   0.433351832501318   -0.0281247601640817   -0.00320654861883685   0
0.898367819889498   0.369902256108962   0.0238798209032343   -0.0634495763923557   0
0.913369502250321   0.381078975748138   0.0150016823608231   0.0111767196391762   0
0.883607452886744   0.401873591409351   -0.0297620493635771   0.020794615661213   0
0.919324086155693   0.349558122082226   0.0357166332689486   -0.0523154693271249   0
0.930312764432478   0.369377849015801   0.0109886782767853   0.0198197269335749   0
0.899879050133961   0.439607323889741   -0.0304337142985172   0.0702294748739404   0
0.961311679143658   0.481485330094739   0.0614326290096974   0.0418780062049978   0
0.960219991727937   0.473098052192672   -0.00109168741572097   -0.0083872779020675   0
0.911412214023539   0.401063946829633   -0.0488077777043979   -0.0720341053630391   0
0.976290408924742   0.384456924611682   0.0648781949012024   -0.0166070222179507   0
1.04651588837724   0.412392872165608   0.0702254794524965   0.0279359475539266   0
1.02295640861329   0.472021343551592   -0.0235594797639485   0.0596284713859835   0
0.832456922110688   0.411417546380684   -0.190499486502602   -0.0606037971709077   0
0.908157759441607   0.41509056297459   0.0757008373309193   0.00367301659390618   0
0.990976067844728   0.409738807963222   0.0828183084031213   -0.00535175501136792   0
1.03396837757496   0.373222282910684   0.0429923097302339   -0.0365165250525386   0
1.01961632014548   0.387045724462269   -0.0143520574294873   0.0138234415515849   0
1.09051842178159   0.380457799678036   0.0709021016361102   -0.00658792478423287   0
1.11572090063062   0.362977080155077   0.0252024788490341   -0.0174807195229592   0
1.09738827563994   0.361642287133063   -0.0183326249906799   -0.00133479302201411   0
1.11295296489115   0.333081956997088   0.0155646892512096   -0.0285603301359745   0
1.10754526788615   0.352825290290921   -0.00540769700500077   0.0197433332938326   0
1.09219329386744   0.348480932686016   -0.015351974018712   -0.0043443576049047   0
1.10997644802626   0.355100044933199   0.0177831541588269   0.00661911224718315   0
1.07194112935459   0.338147264188977   -0.0380353186716704   -0.0169527807442219   0
1.10603793402396   0.355314360354166   0.0340968046693719   0.0171670961651885   0
1.10482290539118   0.385991914749717   -0.00121502863278833   0.0306775543955509   0
1.0645269332605   0.357640846045516   -0.0402959721306788   -0.0283510687042006   0
1.11457409735827   0.334400973944862   0.0500471640977713   -0.0232398721006536   0
0.98697315089976   0.348647547357523   -0.127600946458509   0.0142465734126604   0
1.02016895793246   0.444608067234233   0.0331958070326995   0.0959605198767099   0
1.04576150558624   0.385348058368976   0.0255925476537808   -0.0592600088652563   0
1.01805121280857   0.371248910539644   -0.0277102927776702   -0.0140991478293325   0
1.04138451914651   0.360118466503125   0.0233333063379364   -0.0111304440365186   0
1.04476268645516   0.363431191124022   0.00337816730865237   0.00331272462089705   0
1.02310154778204   0.367533033301892   -0.0216611386731214   0.00410184217787019   0
0.996338802932517   0.402932340604229   -0.0267627448495208   0.0353993073023366   0
1.05263694346389   0.400478750557008   0.0562981405313733   -0.00245359004722079   0
1.04194331283664   0.392413005059851   -0.010693630627246   -0.00806574549715683   0
1.06283932796872   0.375282722390762   0.0208960151320761   -0.0171302826690891   0
1.02928227487167   0.384297386562571   -0.0335570530970499   0.00901466417180907   0
1.09866302466862   0.408069830604101   0.0693807497969499   0.0237724440415299   0
1.11924071165456   0.351828934871053   0.0205776869859378   -0.0562408957330479   0
1.14500026103272   0.372141670240313   0.0257595493781639   0.0203127353692597   0
1.15960051753352   0.386015326322298   0.0146002565007952   0.0138736560819845   0
1.1618425564374   0.403764979356494   0.00224203890388641   0.0177496530341962   0
1.15560604029834   0.410524250862845   -0.00623651613906695   0.00675927150635092   0
1.12314702379386   0.419170326905555   -0.0324590165044785   0.00864607604271028   0
1.11358790083451   0.397617240105846   -0.00955912295935257   -0.0215530867997091   0
1.10350961948005   0.457571918434316   -0.0100782813544573   0.0599546783284696   0
1.15339706391685   0.464715073335159   0.0498874444367978   0.00714315490084366   0
1.065088320427   0.451255449050823   -0.0883087434898493   -0.0134596242843363   0
1.08190837974294   0.464229275461676   0.0168200593159467   0.0129738264108528   0
1.10139968257894   0.506513753380755   0.0194913028360015   0.0422844779190788   0
1.10269481307114   0.498529389395974   0.00129513049219732   -0.00798436398478092   0
1.00934512691051   0.488700375026201   -0.0933496861606284   -0.00982901436977235   0
1.03277660066493   0.445821954632029   0.0234314737544126   -0.0428784203941728   0
1.08615124191339   0.459043069809631   0.0533746412484644   0.0132211151776027   0
1.18179109749989   0.450888656306435   0.0956398555865021   -0.0081544135031964   0
1.1489407209208   0.461712428799098   -0.0328503765790955   0.0108237724926635   0
1.12278107958097   0.47743603840767   -0.0261596413398306   0.0157236096085715   0
1.12776709320852   0.492405725530786   0.00498601362755613   0.0149696871231163   0
1.1731038698909   0.516259420183235   0.0453367766823751   0.0238536946524489   0
1.19849061942261   0.56239246020217   0.0253867495317162   0.0461330400189354   0
1.18043726134725   0.551883454323954   -0.0180533580753619   -0.0105090058782162   0
1.14079430972021   0.592407826361462   -0.0396429516270462   0.0405243720375081   0
1.07864027069872   0.611537128401173   -0.062154039021489   0.0191293020397103   0
1.06730579472661   0.627398809882518   -0.0113344759721068   0.0158616814813453   0
1.01559506661563   0.551405427008623   -0.0517107281109828   -0.0759933828738945   0
1.0603118202958   0.598955115854312   0.0447167536801762   0.0475496888456886   0
1.06055635652708   0.521149497482728   0.000244536231279069   -0.077805618371584   0
