0.347327958444407   0.189090451682264   0   0   0
0.34286461163627   0.21198937119936   -0.00446334680813781   0.0228989195170962   0
0.349050624532117   0.197578863447612   0.00618601289584736   -0.0144105077517482   0
0.285482102957734   0.17542052163088   -0.0635685215743833   -0.0221583418167318   0
0.331816284165455   0.114916597426525   0.0463341812077215   -0.0605039242043549   0
0.293440399754328   0.0993986595275937   -0.0383758844111268   -0.0155179378989312   0
0.227471901032955   0.0956206808186519   -0.0659684987213734   -0.00377797870894185   0
0.187814021988775   0.0883746404170337   -0.03965787904418   -0.00724604040161823   0
0.222961882212095   0.0779883612521445   0.0351478602233199   -0.0103862791648891   0
0.218866323607173   0.0850852778472868   -0.00409555860492122   0.00709691659514231   0
0.211335452675716   0.0593233042934646   -0.00753087093145699   -0.0257619735538222   0
0.235724456337818   0.045696523810406   0.0243890036621018   -0.0136267804830587   0
0.237266983616284   0.0368313205055154   0.00154252727846579   -0.00886520330489056   0
0.204416132438291   0.0416832545426521   -0.0328508511779933   0.00485193403713667   0
0.171379753783228   0.0428339414533907   -0.0330363786550623   0.0011506869107386   0
0.199804443388654   0.0458444147218066   0.028424689605426   0.00301047326841595   0
0.178938748251601   0.0233296243406109   -0.0208656951370529   -0.0225147903811957   0
0.154005704849561   0.0450472072954861   -0.0249330434020408   0.0217175829548752   0
0.160946673319333   0.0332857358197547   0.00694096846977205   -0.0117614714757315   0
0.132154739427877   0.0268163940480912   -0.028791933891456   -0.0064693417716635   0
0.0721749369001456   0.0174745699067245   -0.0599798025277311   -0.00934182414136673   0
0.104639747238466   0.0537824338951623   0.0324648103383201   0.0363078639884378   0
0.0961475688675486   0.0724081589858146   -0.00849217837091715   0.0186257250906523   0
0.0765888253591214   0.0609009884414654   -0.0195587435084272   -0.0115071705443492   0
0.079845273622676   0.0713359503304556   0.00325644826355459   0.0104349618889902   0
0.0766378390939489   0.0882954034711037   -0.00320743452872711   0.0169594531406482   0
0.0573181572473549   0.107506858948685   -0.019319681846594   0.0192114554775815   0
0.0516393719571607   0.111293643542983   -0.00567878529019413   0.0037867845942975   0
0.0967292027182588   0.109651209672762   0.045089830761098   -0.0016424338702208   0
0.117905873506963   0.138832575683447   0.0211766707887044   0.0291813660106849   0
0.188945745560095   0.125763835373131   0.0710398720531314   -0.0130687403103159   0
0.101357961713227   0.107075351336318   -0.0875877838468676   -0.0186884840368126   0
0.0945624880546192   0.111214345810595   -0.00679547365860782   0.00413899447427621   0
0.0866582812177232   0.135689312254724   -0.00790420683689599   0.0244749664441294   0
0.115943775365174   0.149004579479813   0.0292854941474511   0.0133152672250894   0
0.0861231864856381   0.155888090717059   -0.0298205888795362   0.00688351123724554   0
0.113994039711995   0.135898893986324   0.0278708532263574   -0.0199891967307353   0
0.140618943331153   0.167117215578486   0.0266249036191575   0.031218321592162   0
0.128707166537415   0.159712931619378   -0.0119117767937375   -0.00740428395910789   0
0.119578979097624   0.160059640092967   -0.00912818743979145   0.000346708473588864   0
0.0975214686787478   0.168164019787647   -0.0220575104188762   0.00810437969468   0
0.11966190390166   0.162372493420414   0.0221404352229117   -0.00579152636723224   0
0.0834737065104336   0.151708578844903   -0.036188197391226   -0.0106639145755118   0
0.0799920898941264   0.139855674510868   -0.00348161661630716   -0.011852904334034   0
0.0461451156203991   0.150144859621467   -0.0338469742737273   0.0102891851105984   0
0.0864049655772745   0.137581052219128   0.0402598499568755   -0.0125638074023386   0
0.118851550585552   0.148890724080246   0.0324465850082773   0.0113096718611179   0
0.0926760948304362   0.152151190049109   -0.0261754557551157   0.00326046596886256   0
0.108155216270414   0.138053305740111   0.0154791214399777   -0.0140978843089979   0
0.162329263988629   0.1395355270945   0.0541740477182151   0.00148222135438941   0
0.110029509985004   0.163818831547849   -0.0522997540036254   0.0242833044533487   0
0.117740039643657   0.169219961599866   0.00771052965865375   0.00540113005201673   0
0.164546349248624   0.160589619662231   0.0468063096049662   -0.00863034193763471   0
0.127809144258656   0.172362094004163   -0.0367372049899673   0.0117724743419323   0
0.0694567726565236   0.185339166898851   -0.0583523716021327   0.0129770728946874   0
0.0844834994978901   0.168030962344742   0.0150267268413666   -0.0173082045541089   0
0.122929749372233   0.168833597531712   0.0384462498743428   0.000802635186969991   0
0.0894282174932499   0.191379332745049   -0.0335015318789831   0.0225457352133369   0
0.0554025765372875   0.185836016676134   -0.0340256409559624   -0.00554331606891417   0
0.124460544006645   0.200179099957544   0.0690579674693574   0.0143430832814099   0
0.110299857799274   0.168478062037948   -0.0141606862073712   -0.0317010379195967   0
0.055021806529139   0.162474049014304   -0.0552780512701347   -0.00600401302364342   0
0.0737515103029762   0.188144920557432   0.0187297037738372   0.0256708715431281   0
0.0698092289218267   0.198084367298539   -0.00394228138114951   0.00993944674110675   0
0.0267140480494514   0.204297060884543   -0.0430951808723752   0.0062126935860036   0
0.034549753938487   0.211554176755181   0.00783570588903559   0.00725711587063874   0
0.0594655593144469   0.185166058292712   0.0249158053759598   -0.0263881184624694   0
0.0300670173895999   0.191430828237605   -0.029398541924847   0.00626476994489347   0
0.0504649496190177   0.181819317362732   0.0203979322294179   -0.00961151087487302   0
0.0960279464687754   0.179117453445002   0.0455629968497577   -0.00270186391773031   0
0.133051365876379   0.187077329063579   0.0370234194076033   0.00795987561857658   0
0.104423446307139   0.181703947187045   -0.0286279195692395   -0.0053733818765335   0
0.0910474357714944   0.175848335435262   -0.0133760105356449   -0.00585561175178295   0
0.122562567279851   0.182877163148116   0.031515131508357   0.00702882771285337   0
0.13740900326023   0.180662900614577   0.014846435980379   -0.00221426253353868   0
0.112924636376302   0.194855662313442   -0.0244843668839285   0.0141927616988647   0
0.11711591356434   0.193666848864493   0.00419127718803831   -0.00118881344894828   0
0.128102307275865   0.189731806390896   0.0109863937115244   -0.00393504247359722   0
0.0953531417914171   0.182686695574972   -0.0327491654844474   -0.0070451108159241   0
0.0883831028523552   0.191650808880637   -0.00697003893906194   0.00896411330566507   0
0.0646464613288307   0.212134400806075   -0.0237366415235245   0.0204835919254379   0
0.0844658374788293   0.228423830241839   0.0198193761499986   0.016289429435764   0
0.0726840122597122   0.247077725272438   -0.011781825219117   0.0186538950305993   0
0.0756293785351578   0.255182906543723   0.00294536627544557   0.00810518127128471   0
0.103556508488033   0.248244700068506   0.0279271299528754   -0.00693820647521706   0
0.130897215640288   0.258033571864404   0.0273407071522545   0.00978887179589796   0
0.081949569329351   0.272001190941124   -0.0489476463109368   0.0139676190767204   0
0.0602475939318742   0.272579276161271   -0.0217019753974768   0.000578085220146796   0
0.0795825879421523   0.28143934147406   0.0193349940102781   0.00886006531278877   0
0.0641791119750032   0.291876728726255   -0.0154034759671491   0.0104373872521953   0
0.0676263828056772   0.30818004205432   0.00344727083067405   0.0163033133280649   0
0.175067554897645   0.288546869994253   0.107441172091968   -0.0196331720600667   0
0.178379734033337   0.185455293329828   0.00331217913569154   -0.103091576664426   0
0.150047263069474   0.250183720288108   -0.0283324709638625   0.0647284269582804   0
0.132639924508611   0.30407853451569   -0.0174073385608633   0.0538948142275822   0
0.0603135461844319   0.303681922446171   -0.072326378324179   -0.00039661206951902   0
0.111598580228693   0.308909686309935   0.051285034044261   0.00522776386376361   0
0.218906714577603   0.344993013099541   0.10730813434891   0.0360833267896059   0
0.151077856716992   0.319345830293903   -0.0678288578606106   -0.0256471828056376   0
0.126406648198819   0.302928683198047   -0.0246712085181731   -0.0164171470958566   0
0.117341182347759   0.340305178361671   -0.00906546585106016   0.0373764951636239   0
0.227056038552689   0.266524731553448   0.10971485620493   -0.0737804468082224   0
0.322902191548215   0.0785393650437951   0.0958461529955263   -0.187985366509653   0
0.303932801798259   0.151282382084696   -0.0189693897499554   0.0727430170409011   0
0.350058325812671   0.2200810426458   0.0461255240144114   0.068798660561104   0
0.326964356821322   0.291618471568285   -0.0230939689913486   0.0715374289224846   0
0.188372363754328   0.333875256831889   -0.138591993066994   0.0422567852636045   0
0.231270030438987   0.318011004093416   0.0428976666846587   -0.0158642527384735   0
0.281757991007052   0.301578728270099   0.050487960568065   -0.0164322758233171   0
0.331801699500786   0.333346341696502   0.0500437084937342   0.0317676134264033   0
0.401991613700846   0.369212173557888   0.0701899142000596   0.035865831861386   0
0.393790865676567   0.364268144822602   -0.00820074802427884   -0.00494402873528621   0
0.397019137119573   0.361771669276963   0.00322827144300564   -0.00249647554563909   0
0.425776352655206   0.347853190343297   0.028757215535633   -0.0139184789336657   0
0.427774925777214   0.191419346970206   0.0019985731220083   -0.156433843373091   0
0.388963724593297   0.170271608565323   -0.0388112011839172   -0.0211477384048829   0
0.423377085216383   0.278720631695633   0.0344133606230858   0.10844902313031   0
0.481653507570795   0.3080528394042   0.0582764223544126   0.0293322077085676   0
0.355998405678509   0.310064825423475   -0.125655101892287   0.00201198601927471   0
0.520965494714621   0.355469202463536   0.164967089036113   0.0454043770400612   0
0.537166909357985   0.377055117154273   0.016201414643364   0.0215859146907367   0
0.505631570197154   0.378028875427407   -0.0315353391608307   0.000973758273134062   0
0.572373484980751   0.404131657286818   0.0667419147835966   0.0261027818594108   0
0.547835667788288   0.418996686564691   -0.0245378171924626   0.0148650292778733   0
0.540398986674142   0.45598722265455   -0.00743668111414597   0.0369905360898587   0
0.604286483814589   0.489145468560195   0.0638874971404469   0.033158245905645   0
0.646241731429502   0.506476551810891   0.0419552476149122   0.0173310832506959   0
0.644969879885131   0.564392657284581   -0.00127185154437082   0.0579161054736897   0
0.712090945418491   0.58728661179551   0.0671210655333599   0.0228939545109293   0
0.63891169764217   0.52361425456795   -0.0731792477763206   -0.0636723572275597   0
0.589497787207043   0.528178379777372   -0.0494139104351272   0.00456412520942195   0
0.634197274307451   0.587306456432119   0.0446994871004078   0.0591280766547467   0
0.660264913429451   0.6386852393175   0.0260676391219998   0.0513787828853814   0
0.612954507789934   0.647256611397219   -0.0473104056395168   0.00857137207971825   0
0.624710962174508   0.695293707459661   0.0117564543845746   0.048037096062442   0
0.703646311017829   0.753208483068433   0.0789353488433211   0.0579147756087726   0
0.69930824682825   0.739804385129272   -0.00433806418957994   -0.0134040979391613   0
0.786732442888941   0.770791008034117   0.087424196060691   0.030986622904845   0
0.799931719419851   0.7329837373783   0.0131992765309109   -0.0378072706558172   0
0.788839321201092   0.750577632545102   -0.0110923982187593   0.0175938951668023   0
0.748150240815974   0.777558676839197   -0.0406890803851181   0.026981044294095   0
0.72752750800846   0.785048700978673   -0.020622732807514   0.00749002413947653   0
0.810704119595429   0.820977911132181   0.0831766115869692   0.0359292101535079   0
0.873140284502439   0.853248661907682   0.0624361649070097   0.0322707507755006   0
0.884555814527269   0.64275047880383   0.01141553002483   -0.210498183103852   0
0.837296999505552   0.698850787563053   -0.047258815021717   0.0561003087592236   0
0.883652205403234   0.75780970406096   0.0463552058976824   0.0589589164979066   0
0.788859063832064   0.733770414852009   -0.0947931415711705   -0.0240392892089507   0
0.860881739926571   0.805881329397977   0.0720226760945071   0.0721109145459672   0
0.916323126183117   0.859383695577825   0.0554413862565458   0.0535023661798487   0
0.966721434331007   0.864840594078469   0.0503983081478908   0.00545689850064424   0
0.664079588965811   0.7461863726322   -0.302641845365197   -0.11865422144627   0
0.809908990172353   0.801357423255223   0.145829401206542   0.0551710506230231   0
0.846382427284499   0.871402122804965   0.0364734371121462   0.0700446995497425   0
0.944960339483621   0.896048503030946   0.0985779121991218   0.0246463802259811   0
1.00180189183042   0.947970365008975   0.056841552346795   0.0519218619780289   0
1.04346821589975   0.955587115272726   0.0416663240693309   0.00761675026375042   0
0.970647878018079   0.98872303638342   -0.0728203378816674   0.0331359211106943   0
1.0888912607515   0.95807752126185   0.118243382733425   -0.0306455151215705   0
0.877896100372931   0.934906688008087   -0.210995160378573   -0.0231708332537629   0
1.05401849965216   1.05218402615702   0.176122399279233   0.117277338148935   0
1.12313872207666   1.07689805758252   0.0691202224244984   0.0247140314254963   0
1.19551291471485   1.05061587110383   0.0723741926381885   -0.0262821864786924   0
0.944888999009937   0.923783395556556   -0.250623915704915   -0.12683247554727   0
1.03578081386508   1.02851709565082   0.0908918148551398   0.104733700094265   0
1.15543092193562   1.06649746264689   0.119650108070545   0.037980366996067   0
1.12827700706697   1.1095164470098   -0.027153914868651   0.0430189843629121   0
1.08995523095492   1.12542643182307   -0.0383217761120471   0.0159099848132667   0
1.18002850200493   1.16533195298207   0.0900732710500074   0.0399055211590009   0
1.14786477115207   1.19323581232598   -0.032163730852858   0.027903859343916   0
1.15179899437923   1.20734030603109   0.00393422322715509   0.0141044937051078   0
1.15933000846955   1.16427716116052   0.00753101409031931   -0.0430631448705712   0
1.20353647577462   1.2062376952418   0.0442064673050762   0.0419605340812799   0
1.23624247675203   1.20372548198458   0.0327060009774094   -0.00251221325722417   0
1.2115146376982   1.19796658117923   -0.0247278390538328   -0.00575890080534713   0
1.21185443088062   1.18364315863312   0.000339793182423831   -0.0143234225461044   0
1.2782263820345   1.17462669501048   0.0663719511538734   -0.00901646362264152   0
1.2232579635498   1.21015262574861   -0.0549684184846986   0.0355259307381246   0
1.25945273027613   1.27040351167661   0.036194766726332   0.0602508859279975   0
1.33406851400743   1.31114682386604   0.0746157837313024   0.0407433121894332   0
1.17984339821266   1.31182627460966   -0.154225115794772   0.000679450743618082   0
1.2242101762561   1.35251732036451   0.0443667780434425   0.0406910457548557   0
1.25133968334182   1.3422688817004   0.027129507085714   -0.0102484386641088   0
1.23858896489271   1.34326261928969   -0.0127507184491051   0.000993737589287447   0
1.34478194013082   1.38856211078439   0.106192975238103   0.0452994914946991   0
1.31172797235479   1.45166599749254   -0.0330539677760286   0.0631038867081464   0
1.28354262670665   1.45222616257042   -0.0281853456481393   0.000560165077881258   0
1.3598485381446   1.44712237497464   0.0763059114379505   -0.00510378759577468   0
1.29333656082127   1.45078361111857   -0.0665119773233243   0.00366123614393143   0
1.16024042456941   1.44429327540185   -0.133096136251866   -0.00649033571672564   0
1.27842952989205   1.41158153879124   0.118189105322639   -0.0327117366106064   0
1.244023766027   1.44668888325384   -0.0344057638650466   0.0351073444626004   0
1.30833130318968   1.45307163036755   0.0643075371626776   0.00638274711370412   0
1.30800693349424   1.44720411145802   -0.000324369695439808   -0.00586751890952564   0
1.3746360523615   1.45553328871251   0.0666291188672592   0.00832917725448734   0
1.42351223913003   1.48592693287019   0.0488761867685359   0.0303936441576784   0
1.32051299687053   1.5053482671598   -0.102999242259499   0.019421334289609   0
1.38443039119777   1.52050964497015   0.0639173943272322   0.0151613778103534   0
1.42407371356472   1.50171371022409   0.0396433223669492   -0.01879593474606   0
1.24212955542085   1.41903181600528   -0.181944158143865   -0.0826818942188068   0
1.39814829281911   1.47696944317274   0.156018737398262   0.0579376271674599   0
1.41132273879967   1.49143521233609   0.0131744459805565   0.0144657691633485   0
1.4107252127686   1.50244687897776   -0.000597526031073992   0.0110116666416653   0
1.44255298102912   1.49228996382238   0.0318277682605241   -0.010156915155376   0
1.42224890536151   1.49498712996208   -0.0203040756676143   0.00269716613969773   0
1.23214426028448   1.45462414371376   -0.190104645077021   -0.0403629862483141   0
1.32601405831952   1.47754865145653   0.0938697980350343   0.0229245077427627   0
1.36443915202914   1.51041017583106   0.0384250937096215   0.0328615243745292   0
1.38366059513885   1.53837786540084   0.0192214431097111   0.027967689569786   0
1.4445479440427   1.53879713314199   0.0608873489038515   0.00041926774114609   0
1.21692966890696   1.36246279350199   -0.227618275135745   -0.176334339639996   0
1.28181518455275   1.43516851429161   0.0648855156457915   0.0727057207896231   0
1.34717171510576   1.47694249981169   0.0653565305530119   0.0417739855200741   0
1.40582310625662   1.50393317676426   0.0586513911508539   0.026990676952575   0
1.35771969845215   1.51422631052206   -0.0481034078044649   0.0102931337577963   0
1.3395458802654   1.54716388006862   -0.0181738181867528   0.0329375695465643   0
1.41212442197917   1.59141316877555   0.0725785417137703   0.0442492887069299   0
1.32590293247771   1.577417282775   -0.0862214895014548   -0.0139958860005587   0
1.22202395816449   1.59231858724754   -0.103878974313227   0.0149013044725441   0
1.38509324051271   1.64194229818499   0.163069282348223   0.0496237109374484   0
1.48672232284311   1.64606085279038   0.101629082330396   0.0041185546053939   0
1.51538365433477   1.62154806438354   0.0286613314916635   -0.0245127884068435   0
1.60598554426495   1.63080112228745   0.0906018899301844   0.00925305790390962   0
1.54284197515235   1.62404710538026   -0.0631435691126052   -0.00675401690718846   0
1.59249365168122   1.62731122034178   0.0496516765288757   0.00326411496151935   0
1.60483322045781   1.6640083624415   0.0123395687765901   0.0366971420997233   0
1.51336423259042   1.69205815520929   -0.0914689878673913   0.028049792767783   0
1.60970251960572   1.73633086726443   0.096338287015296   0.0442727120551454   0
1.58731040934154   1.67669727620022   -0.0223921102641813   -0.0596335910642065   0
1.50790306628941   1.64919763704574   -0.0794073430521294   -0.0274996391544846   0
1.55654377986936   1.66431085638508   0.0486407135799534   0.015113219339344   0
1.4792737292594   1.67023980366511   -0.0772700506099659   0.00592894728002191   0
1.5301718886795   1.7112607203551   0.0508981594201081   0.0410209166899929   0
1.56220962436448   1.71361858102846   0.0320377356849728   0.00235786067336385   0
1.67427461451878   1.73450804872455   0.1120649901543   0.0208894676960889   0
1.61928086099385   1.72498380764871   -0.0549937535249221   -0.00952424107583871   0
1.67631794295265   1.60077456319753   0.057037081958794   -0.12420924445118   0
1.48894552959469   1.44695146817378   -0.187372413357963   -0.153823095023755   0
1.35442572370876   1.39038865708738   -0.134519805885926   -0.0565628110863967   0
1.55412792431318   1.45217155945751   0.199702200604422   0.0617829023701273   0
1.55672510748719   1.55188486681519   0.00259718317400703   0.0997133073576819   0
1.58951328810426   1.57625266643708   0.032788180617066   0.0243677996218885   0
1.01865939408371   1.3125899356745   -0.570853894020541   -0.263662730762574   1
0.624284918473929   1.2631219140852   -0.394374475609785   -0.0494680215893084   1
0.718222888586127   1.26890866544799   0.093937970112198   0.00578675136279405   0
