2.72353425541152e-10   0.00250483   0   0   0
0.0567813770008266   0.0415871549831495   0.0567813767284732   0.0390823249831495   0
0.1300511549841   0.0340338041250626   0.0732697779832734   -0.00755335085808699   0
0.118904282279908   0.0366999225685151   -0.0111468727041922   0.00266611844345249   0
0.0840006822684792   0.0898853371234986   -0.0349036000114286   0.0531854145549836   0
0.0842270033974259   0.0809771865444213   0.000226321128946716   -0.00890815057907736   0
0.0467405650160158   0.0832947944272516   -0.0374864383814101   0.00231760788283032   0
0.0507489860911239   0.117188197578681   0.00400842107510811   0.0338934031514295   0
0.0588865927705993   0.102955898418935   0.0081376066794754   -0.0142322991597464   0
0.0469394863782349   0.106976906594461   -0.0119471063923644   0.00402100817552616   0
0.0514886324971956   0.136378063379388   0.00454914611896066   0.0294011567849276   0
0.0302332030420397   0.140801924651689   -0.0212554294551558   0.00442386127230088   0
0.0703021092228171   0.136947808114077   0.0400689061807773   -0.00385411653761253   0
0.0816946134480114   0.163060601948884   0.0113925042251943   0.0261127938348075   0
0.0345832710219609   0.185152343208844   -0.0471113424260505   0.0220917412599598   0
0.0248488227755944   0.190638342377058   -0.00973444824636647   0.00548599916821413   0
0.0733602181366713   0.208825967445628   0.0485113953610769   0.0181876250685698   0
0.0669553612767492   0.201847854089968   -0.00640485685992218   -0.00697811335566009   0
0.0762749135710425   0.208396383316254   0.00931955229429331   0.00654852922628585   0
0.104333739935076   0.240165840397183   0.0280588263640332   0.0317694570809288   0
0.0568906848309818   0.25263422199097   -0.0474430551040939   0.0124683815937869   0
0.0907031586630807   0.247431508297493   0.033812473832099   -0.00520271369347625   0
0.092523143208767   0.266173279248772   0.0018199845456862   0.0187417709512791   0
0.0523780089680034   0.285038877421826   -0.0401451342407636   0.0188655981730541   0
0.0885594595048434   0.276672673195208   0.0361814505368401   -0.00836620422661821   0
0.0891156725901832   0.30825414222257   0.000556213085339777   0.0315814690273619   0
0.0713309730238555   0.309557065763524   -0.0177846995663277   0.00130292354095352   0
0.111083813682147   0.319158684043099   0.0397528406582917   0.00960161827957506   0
0.0909969468092749   0.338919102243622   -0.0200868668728724   0.0197604182005229   0
0.0798490013421583   0.340418503099306   -0.0111479454671165   0.00149940085568478   0
0.128238109965837   0.361712544564482   0.0483891086236783   0.0212940414651757   0
0.101287003644594   0.370511521671557   -0.0269511063212426   0.00879897710707467   0
0.0910933056352661   0.375001920730418   -0.0101936980093279   0.00449039905886084   0
0.109749494608465   0.410800408739296   0.0186561889731994   0.0357984880088781   0
0.0800529946294328   0.405461197524424   -0.0296964999790327   -0.00533921121487169   0
0.0909126362926519   0.415311540626328   0.0108596416632191   0.00985034310190386   0
0.0934028685909191   0.460168051570565   0.00249023229826723   0.0448565109442369   0
0.112979859627546   0.443886956781248   0.0195769910366269   -0.0162810947893173   0
0.117164346535326   0.454823690682565   0.00418448690778014   0.0109367339013179   0
0.11366698867324   0.471831790960478   -0.00349735786208651   0.0170081002779129   0
0.114952340313932   0.436391801636225   0.00128535164069216   -0.0354399893242537   0
0.0910107799030918   0.459879671478423   -0.02394156041084   0.0234878698421986   0
0.0988119673700003   0.466973203366438   0.00780118746690844   0.00709353188801459   0
0.141090625347292   0.452578447782935   0.0422786579772921   -0.0143947555835026   0
0.104100768269643   0.479383545877122   -0.0369898570776489   0.0268050980941866   0
0.140482538135492   0.480141562730694   0.0363817698658487   0.000758016853571741   0
0.158714438834657   0.459579194539679   0.0182319006991646   -0.0205623681910148   0
0.114971156475483   0.477103616035524   -0.0437432823591737   0.017524421495845   0
0.142099460475577   0.470738198576757   0.0271283040000938   -0.00636541745876712   0
0.117727598533012   0.454140434738628   -0.024371861942565   -0.0165977638381287   0
0.131887315487502   0.450797404481376   0.0141597169544906   -0.00334303025725241   0
0.200122017595191   0.460055659160446   0.0682347021076887   0.00925825467907049   0
0.142015273151059   0.449452022983832   -0.0581067444441317   -0.0106036361766139   0
0.151494055785235   0.463532533520463   0.00947878263417601   0.0140805105366305   0
0.178656981323877   0.454079011974428   0.0271629255386413   -0.00945352154603496   0
0.103796786495633   0.468749745251788   -0.0748601948282437   0.01467073327736   0
0.175458132407278   0.463669065062899   0.0716613459116454   -0.00508068018888924   0
0.170210698428536   0.46550228668477   -0.00524743397874242   0.00183322162187155   0
0.143326486546939   0.464609997757409   -0.0268842118815965   -0.000892288927360763   0
0.203217056401499   0.454533249947801   0.0598905698545595   -0.0100767478096085   0
0.132210486941581   0.447170342217158   -0.0710065694599178   -0.00736290773064296   0
0.139012923337113   0.469361993079491   0.00680243639553169   0.0221916508623336   0
0.194585466048341   0.43267370042777   0.055572542711228   -0.036688292651721   0
0.190983677438702   0.442290194637084   -0.00360178860963925   0.00961649420931387   0
0.172158792433759   0.46827623803515   -0.0188248850049429   0.0259860433980657   0
0.223402308045127   0.484972281541278   0.0512435156113687   0.0166960435061279   0
0.228616906273705   0.472102429851828   0.00521459822857756   -0.0128698516894501   0
0.194847743061448   0.491971220318618   -0.0337691632122571   0.0198687904667901   0
0.279819737492569   0.486581667489035   0.0849719944311207   -0.00538955282958259   0
0.249616850968459   0.439583603143361   -0.0302028865241093   -0.0469980643456742   0
0.271940182673764   0.449996121259239   0.0223233317053045   0.0104125181158782   0
0.309052338012124   0.432268972228519   0.03711215533836   -0.0177271490307204   0
0.26240272966065   0.435236788266272   -0.0466496083514741   0.00296781603775342   0
0.285121047518418   0.444398111058936   0.0227183178577684   0.00916132279266318   0
0.325848547526546   0.41240458564194   0.0407275000081284   -0.0319935254169958   0
0.272707665694109   0.401316785578114   -0.0531408818324372   -0.0110878000638256   0
0.293200119476442   0.426955805083855   0.020492453782333   0.0256390195057406   0
0.358640604325221   0.406068409503559   0.0654404848487792   -0.0208873955802958   0
0.382329780143321   0.385752959287094   0.0236891758180994   -0.0203154502164654   0
0.329692133594358   0.370244933928204   -0.0526376465489628   -0.0155080253588897   0
0.363171120225659   0.388708623141744   0.0334789866313009   0.0184636892135397   0
0.357739295458243   0.39145041954761   -0.00543182476741605   0.00274179640586669   0
0.345799513776408   0.374784254011224   -0.0119397816818352   -0.0166661655363858   0
0.403507659100791   0.365912854791274   0.0577081453243831   -0.00887139921995034   0
0.362103187488042   0.339234860144856   -0.041404471612749   -0.0266779946464181   0
0.368498368593404   0.373879551021783   0.00639518110536191   0.034644690876927   0
0.419467050931298   0.352322728817273   0.050968682337894   -0.0215568222045094   0
0.389150565740306   0.315271021609186   -0.0303164851909921   -0.0370517072080872   0
0.380841957995702   0.299324976920157   -0.00830860774460379   -0.0159460446890293   0
0.416224409358702   0.306484217103022   0.0353824513629996   0.00715924018286529   0
0.391054888711291   0.299189081716483   -0.0251695206474108   -0.00729513538653903   0
0.384818313438953   0.295273433025751   -0.00623657527233812   -0.00391564869073252   0
0.422458402811448   0.312902881060961   0.0376400893724959   0.0176294480352104   0
0.436095350237766   0.273747697974686   0.0136369474263178   -0.039155183086275   0
0.449713913105877   0.332382129513325   0.0136185628681104   0.0586344315386384   0
0.474982950326641   0.307622324915049   0.0252690372207641   -0.0247598045982755   0
0.425368472710425   0.290504560511063   -0.0496144776162152   -0.0171177644039864   0
0.279693163087695   0.310038938911163   -0.14567530962273   0.0195343784001007   0
0.318923203305686   0.273276938289206   0.039230040217991   -0.0367620006219573   0
0.32186375007175   0.194244329575537   0.00294054676606392   -0.0790326087136685   0
0.359771040064372   0.265502718380076   0.037907289992622   0.0712583888045387   0
0.370028003139235   0.215677335951857   0.0102569630748634   -0.0498253824282195   0
0.300279733935476   0.121466378336106   -0.0697482692037599   -0.0942109576157507   0
0.361230564103814   0.145303698350214   0.0609508301683389   0.0238373200141082   0
0.365490728537653   0.132952814860198   0.00426016443383859   -0.0123508834900164   0
0.342006448531735   0.148104860594015   -0.0234842800059185   0.0151520457338169   0
0.358348162163335   0.161419894677894   0.0163417136316007   0.0133150340838798   0
0.336772399769652   0.167692390840558   -0.0215757623936837   0.00627249616266376   0
0.288255882968588   0.170969265099469   -0.0485165168010641   0.00327687425891088   0
0.419190438180739   0.247262144104132   0.130934555212152   0.0762928790046629   1
0.284907767141157   0.211418226207256   -0.134282671039582   -0.0358439178968758   1
0.290917389273467   0.229540356328953   0.00600962213230966   0.0181221301216964   0
0.301045735289657   0.288289364445979   0.0101283460161894   0.058749008117026   0
0.293438410515324   0.330210158508563   -0.00760732477433224   0.041920794062584   0
0.358923935274593   0.3321502817212   0.0654855247592684   0.00194012321263748   0
0.335618666012321   0.318311347102208   -0.0233052692622716   -0.0138389346189917   0
0.374384853522415   0.323417058738438   0.0387661875100936   0.00510571163623019   0
0.404249920742961   0.333926269635248   0.0298650672205459   0.0105092108968098   0
0.38977992564714   0.347506242293229   -0.0144699950958207   0.0135799726579803   0
0.387223017906994   0.373163558576484   -0.00255690774014622   0.0256573162832553   0
0.411878290129499   0.309930978648315   0.0246552722225055   -0.0632325799281687   0
0.379304259232994   0.301669625682505   -0.0325740308965057   -0.00826135296581065   0
0.39441074877712   0.335621005627255   0.0151064895441264   0.0339513799447504   0
0.405771061171062   0.341421301323667   0.0113603123939423   0.00580029569641188   0
0.388329782581043   0.343407468996816   -0.0174412785900194   0.00198616767314863   0
0.382868068106038   0.360587918841248   -0.0054617144750046   0.0171804498444325   0
0.408263050465384   0.370288064777644   0.025394982359346   0.00970014593639568   0
0.394343500186436   0.353333808426624   -0.0139195502789478   -0.0169542563510193   0
0.39209513156025   0.362538155856363   -0.00224836862618616   0.00920434742973852   0
0.413460715885814   0.356068407106447   0.0213655843255639   -0.0064697487499159   0
0.424836773839095   0.380024624984171   0.0113760579532803   0.0239562178777242   0
0.428374585974483   0.345598516567711   0.00353781213538873   -0.03442610841646   0
0.39889398618005   0.349989004089757   -0.0294805997944332   0.0043904875220459   0
0.398379201685091   0.345501992572402   -0.000514784494959564   -0.00448701151735531   0
0.42914814003909   0.373082263077471   0.0307689383539991   0.0275802705050692   0
0.439717862288184   0.367809877907463   0.010569722249094   -0.00527238517000828   0
0.43798292240342   0.369724111511881   -0.00173493988476386   0.00191423360441856   0
0.434709287275312   0.360016798485582   -0.00327363512810741   -0.0097073130262989   0
0.455681892008285   0.383327684525123   0.0209726047329724   0.023310886039541   0
0.471788723772845   0.365233574502135   0.0161068317645605   -0.0180941100229882   0
0.451623314009762   0.376367774795548   -0.0201654097630833   0.0111342002934131   0
0.469681398528023   0.378656463277132   0.0180580845182615   0.00228868848158331   0
0.47801155540108   0.37800927262803   0.00833015687305683   -0.000647190649101348   0
0.482146666401459   0.351514885611851   0.004135111000379   -0.0264943870161794   0
0.501830908034768   0.367165671832321   0.0196842416333089   0.0156507862204707   0
0.522927605736205   0.357975916931799   0.021096697701437   -0.00918975490052215   0
0.506481771536745   0.357977619851437   -0.0164458341994597   1.70291963780267e-06   0
0.494580851983778   0.386280347727933   -0.0119009195529672   0.0283027278764955   0
0.515377430836237   0.381732275640271   0.0207965788524586   -0.00454807208766145   0
0.483003235426275   0.369755381160143   -0.0323741954099614   -0.0119768944801283   0
0.50061454717477   0.361384451147324   0.0176113117484946   -0.00837093001281897   0
0.522942320311868   0.380733908777508   0.0223277731370977   0.0193494576301845   0
0.477504282487979   0.266932256787279   -0.0454380378238882   -0.113801651990229   0
0.481475655471479   0.300729372075314   0.00397137298349926   0.0337971152880345   0
0.487354329231987   0.293954852456819   0.00587867376050838   -0.00677451961849512   0
0.500350887982624   0.310995990272487   0.0129965587506366   0.0170411378156687   0
0.493413119876124   0.330572347679657   -0.00693776810649993   0.0195763574071696   0
0.461519035776955   0.325675023574344   -0.0318940840991689   -0.00489732410531279   0
0.448503001817647   0.351671204807662   -0.0130160339593081   0.0259961812333178   0
0.438525873107494   0.368985867118325   -0.00997712871015261   0.0173146623106634   0
0.455120488459441   0.357862021061264   0.0165946153519467   -0.0111238460570614   0
0.437842583282953   0.351791608941718   -0.0172779051764874   -0.00607041211954618   0
0.456655883458212   0.329592218458658   0.0188133001752585   -0.0221993904830593   0
0.534719908510054   0.102161866598171   0.0780640250518417   -0.227430351860487   0
0.373138833422843   0.251504643483972   -0.161581075087211   0.149342776885801   1
