0.0698296406127171   0.0556253046631207   0   0   0
0.0801209226629132   0.0632402987607981   0.0102912820501962   0.00761499409767737   0
0.0646306745901666   0.061510707957741   -0.0154902480727467   -0.00172959080305711   0
0.0884621121355668   0.0503750821244492   0.0238314375454003   -0.0111356258332918   0
0.0925824998224287   0.0463851459065292   0.00412038768686182   -0.00398993621792001   0
0.099416340066309   0.0511793104924734   0.00683384024388037   0.00479416458594424   0
0.103869617053015   0.0416787797923563   0.00445327698670603   -0.00950053070011715   0
0.110187859162931   0.0438750692688057   0.00631824210991633   0.00219628947644945   0
0.107504616172702   0.0477158228749385   -0.00268324299022928   0.00384075360613273   0
0.0982665618101091   0.0396145718366992   -0.00923805436259297   -0.00810125103823927   0
0.123281044763054   0.049467789516917   0.0250144829529444   0.00985321768021777   0
0.0825387642996308   0.0435864184530285   -0.0407422804634228   -0.00588137106388849   0
0.113554419716539   0.0421970394790026   0.0310156554169087   -0.00138937897402591   0
0.103883169330792   0.0499931491454382   -0.00967125038574747   0.00779610966643562   0
0.0857120890283862   0.0562427479787394   -0.0181710803024058   0.00624959883330128   0
0.0843829115985577   0.0335514786169928   -0.00132917742982852   -0.0226912693617467   0
0.0671363992187547   0.026350301770568   -0.017246512379803   -0.00720117684642477   0
0.103666384479879   0.0532029348996839   0.0365299852611239   0.0268526331291159   0
0.0622570297198638   0.0524755661761262   -0.0414093547600148   -0.000727368723557678   0
0.0930549248914855   0.0679098086044277   0.0307978951716217   0.0154342424283015   0
0.0465068962465783   0.0422386873101544   -0.0465480286449071   -0.0256711212942733   0
0.0594160672937885   0.0331841070195979   0.0129091710472101   -0.00905458029055654   0
0.0513592632312809   0.0396936819358258   -0.00805680406250759   0.00650957491622788   0
0.0620918566920011   0.0165227012325656   0.0107325934607202   -0.0231709807032601   0
0.0739347910692903   0.0381180118069201   0.0118429343772892   0.0215953105743545   0
0.049607719577602   0.0429846924766538   -0.0243270714916882   0.00486668066973372   0
0.0832471260232448   0.0374627077666911   0.0336394064456428   -0.00552198470996269   0
0.0511961089042908   0.0442424447602356   -0.032051017118954   0.00677973699354448   0
0.0850230524539669   0.0176466662767653   0.0338269435496761   -0.0265957784834703   0
0.0697219853090609   0.0603210701553777   -0.015301067144906   0.0426744038786124   0
0.0566796990229306   0.0396197876816623   -0.0130422862861303   -0.0207012824737154   0
0.0742192273841489   0.0288967388509448   0.0175395283612183   -0.0107230488307175   0
0.0569680629612768   0.0213538123484426   -0.0172511644228721   -0.00754292650250215   0
0.0745532411520116   0.0244874241372735   0.0175851781907348   0.00313361178883089   0
0.0742627544992104   0.0268616263388574   -0.000290486652801195   0.00237420220158394   0
0.0702355079032678   0.0341878263668283   -0.0040272465959426   0.00732620002797086   0
0.0823481287701791   0.0340264252880757   0.0121126208669113   -0.000161401078752565   0
0.0857434997262183   0.0293016042243851   0.0033953709560392   -0.00472482106369069   0
0.091771232950691   0.0254237267419629   0.00602773322447274   -0.00387787748242214   0
0.0917280457227232   0.0393205389238563   -4.31872279678391e-05   0.0138968121818934   0
0.0940445464603344   0.0306405886827016   0.00231650073761122   -0.00867995024115474   0
0.0857350134821241   0.0426182686138527   -0.00830953297821034   0.0119776799311511   0
0.0756205696769073   0.0356555569483916   -0.0101144438052167   -0.00696271166546103   0
0.0856834224821815   0.0365264413683088   0.0100628528052741   0.000870884419917145   0
0.0940386263372663   0.0386268081214977   0.00835520385508487   0.00210036675318889   0
0.095989354583985   0.0438206281033647   0.00195072824671866   0.00519381998186706   0
0.0959647831645026   0.0393781045091051   -2.45714194823943e-05   -0.00444252359425969   0
0.0960243471136357   0.0550963532585642   5.95639491331318e-05   0.0157182487494592   0
0.112847643815057   0.0410712682780262   0.0168232967014214   -0.014025084980538   0
0.106472828387058   0.0428673944877397   -0.00637481542799867   0.00179612620971355   0
0.116484833996319   0.0516376498755753   0.0100120056092606   0.00877025538783555   0
0.122370329602727   0.0493497807646257   0.0058854956064078   -0.00228786911094953   0
0.116375958322714   0.0415465492385231   -0.00599437128001311   -0.00780323152610263   0
0.111603934952761   0.049892405918361   -0.00477202336995321   0.00834585667983784   0
0.10157504943666   0.0226437393659462   -0.0100288855161001   -0.0272486665524148   0
0.0981149410340749   0.0302717428900765   -0.00346010840258544   0.00762800352413038   0
0.0988566547500976   0.0305292660350855   0.000741713716022691   0.000257523145008948   0
0.106513558863884   0.0335098962192514   0.00765690411378597   0.00298063018416591   0
0.106652308479845   0.0339622603802   0.000138749615961317   0.000452364160948557   0
0.113046192135472   0.0363659760384171   0.00639388365562686   0.00240371565821712   0
0.120294297930076   0.044627471769641   0.00724810579460471   0.00826149573122387   0
0.123010000425372   0.0328737587140184   0.00271570249529544   -0.0117537130556226   0
0.116289912573791   0.038887520119387   -0.00672008785158074   0.00601376140536856   0
0.120278898689546   0.0316663716378941   0.00398898611575452   -0.00722114848149284   0
0.118950344931908   0.0308293631290382   -0.00132855375763724   -0.000837008508855916   0
0.121846129314189   0.0409509923535743   0.00289578438228026   0.0101216292245361   0
0.11039294067711   0.0223192890062609   -0.0114531886370784   -0.0186317033473134   0
0.119930818781913   0.0352399857622701   0.00953787810480246   0.0129206967560092   0
0.115574282795092   0.0408716494864292   -0.00435653598682033   0.00563166372415905   0
0.123802789721638   0.0432788687863373   0.00822850692654509   0.00240721929990814   0
0.13453752339184   0.0431307671844879   0.0107347336702028   -0.000148101601849374   0
0.112184459206879   0.0366682398115181   -0.0223530641849609   -0.00646252737296983   0
0.121375628612584   0.0513993955641409   0.00919116940570491   0.0147311557526228   0
0.114316139090856   0.047617827206415   -0.00705948952172807   -0.00378156835772585   0
0.133196366987842   0.0574358389307637   0.0188802278969861   0.00981801172434862   0
0.112199142234957   0.0403573379876882   -0.0209972247528859   -0.0170785009430755   0
0.118142721988957   0.0488055237882968   0.00594357975400056   0.00844818580060857   0
0.118391702956753   0.0490894288758527   0.000248980967795784   0.000283905087555929   0
0.119662955567878   0.0458871341997133   0.00127125261112537   -0.00320229467613936   0
0.116230751113679   0.032972488318483   -0.00343220445419919   -0.0129146458812303   0
0.113161144639315   0.0341007147476779   -0.0030696064743639   0.00112822642919491   0
0.128323909905559   0.0353750497498237   0.0151627652662438   0.00127433500214574   0
0.118125373151411   0.0393769505206091   -0.0101985367541483   0.00400190077078546   0
0.135799869377919   0.0449860421684882   0.0176744962265089   0.00560909164787907   0
0.136922218914828   0.0586393569908897   0.00112234953690821   0.0136533148224014   0
0.134211296352915   0.032539952277316   -0.0027109225619126   -0.0260994047135737   0
0.147553588439929   0.0390317003012936   0.0133422920870141   0.0064917480239776   0
0.149969815626012   0.0331167291865078   0.0024162271860827   -0.00591497111478573   0
0.161129158699008   0.0374000975572925   0.0111593430729958   0.00428336837078471   0
0.151537556905376   0.0415534672067205   -0.00959160179363189   0.004153369649428   0
0.143848831966061   0.0357088998579136   -0.00768872493931494   -0.00584456734880697   0
0.158175572138052   0.0324893098732491   0.0143267401719909   -0.0032195899846645   0
0.146738048068693   0.0335244391113408   -0.0114375240693589   0.00103512923809177   0
0.152833155127577   0.0406720713189346   0.00609510705888414   0.00714763220759372   0
0.162599240791001   0.0411211472274498   0.0097660856634243   0.000449075908515208   0
0.153177176119192   0.0493185614344386   -0.00942206467180909   0.00819741420698886   0
0.160805126774055   0.0423580244427487   0.00762795065486316   -0.00696053699168991   0
0.157994522944848   0.0423580244427487   -0.00281060382920761   0   0
0.158216911667653   0.0582637833335598   0.000222388722805583   0.0159057588908111   0
0.158950893091672   0.0497857176969711   0.00073398142401826   -0.00847806563658871   0
0.164251318414587   0.0713528968724466   0.0053004253229153   0.0215671791754755   0
0.179016861662805   0.0561887794160008   0.0147655432482185   -0.0151641174564457   0
0.161208616203911   0.0726246068637896   -0.017808245458894   0.0164358274477888   0
0.137990640729616   0.117326724826401   -0.0232179754742952   0.0447021179626113   0
0.181665671301019   0.0706602282586357   0.0436750305714032   -0.0466664965677652   0
0.192485138978468   0.087260975134607   0.0108194676774483   0.0166007468759713   0
0.18700284741014   0.0871986737616748   -0.00548229156832791   -6.23013729321442e-05   0
0.195480744317618   0.0671325799952974   0.00847789690747844   -0.0200660937663775   0
0.178824387305088   0.134542462729105   -0.0166563570125302   0.0674098827338073   0
0.185483417556422   0.119950815236631   0.00665903025133405   -0.0145916474924732   0
0.208020378625846   0.0885029902301329   0.0225369610694242   -0.0314478250064986   0
0.207291752727502   0.0971855062578521   -0.000728625898343771   0.00868251602771916   0
0.212083147510593   0.0652978412650686   0.00479139478309068   -0.0318876649927834   0
0.189504988697818   0.0850269613340527   -0.0225781588127754   0.0197291200689841   0
0.188706041022073   0.0712965789527976   -0.000798947675744399   -0.0137303823812552   0
0.174811769512382   0.141458647246748   -0.0138942715096918   0.0701620682939508   0
0.178460801910223   0.130404261231372   0.00364903239784189   -0.0110543860153761   0
0.206907662229918   0.107785846896717   0.028446860319695   -0.0226184143346554   0
0.213024166856251   0.112943235311771   0.0061165046263329   0.00515738841505375   0
0.21326765430625   0.0890224686345672   0.000243487449998331   -0.0239207666772035   0
0.225870080267418   0.0872140782884421   0.0126024259611687   -0.00180839034612512   0
0.207848125192723   0.118918302834593   -0.018021955074695   0.0317042245461511   0
0.227676554814368   0.0966903717482253   0.0198284296216448   -0.0222279310863679   0
0.210170121572501   0.129755372804491   -0.0175064332418668   0.0330650010562659   0
0.23580796229016   0.0871951633127664   0.0256378407176588   -0.0425602094917248   0
0.223865013919907   0.0949392296316965   -0.0119429483702535   0.00774406631893014   0
0.235678053950069   0.0910913599459905   0.0118130400301623   -0.00384786968570602   0
0.237728469955557   0.0949392296316965   0.00205041600548775   0.00384786968570602   0
0.241730877775835   0.109779191044114   0.00400240782027814   0.0148399614124171   0
0.245457329738744   0.0957489938238126   0.00372645196290899   -0.0140301972203011   0
0.223087738727927   0.122029620400377   -0.0223695910108164   0.026280626576564   0
0.241136636753485   0.0977419582206639   0.0180488980255581   -0.0242876621797127   0
0.23234648008597   0.104862434819207   -0.00879015666751559   0.00712047659854345   0
0.234238669467806   0.115575549303226   0.00189218938183616   0.010713114484019   0
0.250838950707815   0.115604750868552   0.016600281240009   2.92015653257649e-05   0
0.235434752923119   0.128003622832178   -0.0154041977846963   0.012398871963626   0
0.258396413511798   0.115348710894661   0.022961660588679   -0.0126549119375175   0
0.232753006711578   0.100533644760398   -0.0256434068002195   -0.0148150661342621   0
0.236451652820215   0.0912104224185619   0.00369864610863696   -0.00932322234183661   0
0.248206461828621   0.0889052094011369   0.0117548090084054   -0.00230521301742498   0
0.234424430687183   0.135168269349106   -0.0137820311414374   0.0462630599479692   0
0.266648477173124   0.107721306180451   0.0322240464859407   -0.027446963168655   0
0.252848728418574   0.123332462835926   -0.0137997487545495   0.0156111566554746   0
0.263023978150541   0.101168474935006   0.0101752497319663   -0.0221639879009194   0
0.275461033450777   0.113626272603985   0.0124370553002362   0.0124577976689782   0
0.266667203325043   0.14654674787665   -0.00879383012573354   0.0329204752726657   0
0.293423633865699   0.128724012807333   0.0267564305406559   -0.017822735069317   0
0.284153532557753   0.151883321172158   -0.0092701013079462   0.023159308364825   0
0.315580049938586   0.121031748748923   0.0314265173808329   -0.030851572423235   0
0.299904702243996   0.124440131818839   -0.0156753476945898   0.00340838306991557   0
0.295371821131265   0.148867882497443   -0.00453288111273115   0.0244277506786042   0
0.315577097363449   0.12399820761632   0.0202052762321843   -0.024869674881123   0
0.299659077154924   0.183398853492525   -0.015918020208525   0.0594006458762049   0
0.328339683978868   0.155369252507369   0.0286806068239436   -0.0280296009851561   0
0.316783728143934   0.182272879512326   -0.0115559558349339   0.0269036270049574   0
0.330630336835664   0.160281454701137   0.0138466086917295   -0.0219914248111895   0
0.334387501858966   0.152432169761184   0.00375716502330231   -0.00784928493995238   0
0.328725843260275   0.174625311286148   -0.00566165859869089   0.0221931415249641   0
0.335642302005423   0.160288341486897   0.00691645874514746   -0.0143369697992517   0
0.332334411188784   0.18319814317843   -0.00330789081663879   0.0229098016915329   0
0.33543670153517   0.159974487401404   0.00310229034638593   -0.0232236557770254   0
0.333473668847332   0.170852241765421   -0.00196303268783776   0.0108777543640172   0
0.315262431622731   0.193944735592535   -0.0182112372246012   0.0230924938271131   0
0.347801920299086   0.162118014817139   0.032539488676355   -0.0318267207753958   0
0.349171175676422   0.199253930159243   0.00136925537733579   0.0371359153421045   0
0.355535208593146   0.178468820398648   0.00636403291672472   -0.0207851097605949   0
0.346618671310148   0.192400580383164   -0.00891653728299807   0.0139317599845157   0
0.341273550451921   0.231317610519313   -0.00534512085822703   0.0389170301361489   0
0.340898253250833   0.182373187329724   -0.000375297201088476   -0.0489444231895893   0
0.339123385263517   0.204761272532241   -0.00177486798731519   0.0223880852025169   0
0.348527934992706   0.220278654045938   0.00940454972918869   0.0155173815136974   0
0.354991823180446   0.206283705584984   0.00646388818773963   -0.0139949484609536   0
0.347741900667709   0.234602682583986   -0.00724992251273671   0.0283189769990017   0
0.363220502683887   0.212181427635933   0.0154786020161776   -0.0224212549480534   0
0.368285749568608   0.210275527331695   0.00506524688472121   -0.00190590030423737   0
0.37518233170882   0.217500564803571   0.00689658214021194   0.00722503747187606   0
0.363981427050908   0.238362375503922   -0.011200904657912   0.0208618107003503   0
0.402577028543046   0.215032393731439   0.0385956014921383   -0.0233299817724829   0
0.39140272545788   0.223972426505189   -0.0111743030851657   0.00894003277375074   0
0.40501841689071   0.182267077838738   0.0136156914328296   -0.0417053486664516   0
0.398100661645653   0.200671545177368   -0.00691775524505667   0.0184044673386303   0
0.38493751510748   0.235168008525017   -0.0131631465381737   0.034496463347649   0
0.434886458528842   0.202739855331586   0.049948943421362   -0.0324281531934309   0
0.405823231330424   0.228717207559625   -0.0290632271984174   0.0259773522280386   0
0.432177739849506   0.215219101010743   0.0263545085190814   -0.0134981065488816   0
0.422660325847408   0.225891175356348   -0.00951741400209771   0.0106720743456051   0
0.392344700173939   0.250659450058984   -0.0303156256734692   0.0247682747026361   0
0.403126979465732   0.258480697217166   0.010782279291793   0.00782124715818205   0
0.404418113658163   0.264676631085222   0.00129113419243138   0.00619593386805511   0
0.408853087566251   0.261643806199617   0.00443497390808839   -0.00303282488560508   0
0.416982856184996   0.253605589515733   0.00812976861874437   -0.00803821668388344   0
0.404855704713082   0.264355463866122   -0.0121271514719136   0.0107498743503889   0
0.42704203865042   0.262598299004149   0.0221863339373379   -0.00175716486197286   0
0.42465269914555   0.282952440784441   -0.00238933950486975   0.0203541417802917   0
0.430456965106591   0.295151353494478   0.00580426596104111   0.0121989127100375   0
0.465188690888791   0.262234182359246   0.0347317257821992   -0.032917171135232   0
0.443885266720909   0.293277922105675   -0.0213034241678818   0.0310437397464289   0
0.460916582232248   0.282952440784441   0.0170313155113394   -0.0103254813212345   0
0.44383284749538   0.282952440784441   -0.0170837347368687   0   0
0.443804473124621   0.287755928048081   -2.83743707585882e-05   0.00480348726364044   0
0.464602254739123   0.282952440784441   0.0207977816145016   -0.00480348726364044   0
0.453880199297818   0.282952440784441   -0.0107220554413047   0   0
0.484538910290917   0.287249175215728   0.0306587109930994   0.00429673443128736   0
0.496935311060977   0.272019851453644   0.0123964007700593   -0.0152293237620843   0
0.489052366847133   0.290773190561303   -0.00788294421384383   0.0187533391076595   0
0.497158444631655   0.285648161590251   0.00810607778452194   -0.0051250289710526   0
0.496200500712565   0.319141759979127   -0.000957943919089987   0.0334935983888767   0
0.524060207831725   0.302945486701078   0.0278597071191604   -0.0161962732780493   0
0.532006181496916   0.321941124074655   0.00794597366519134   0.018995637373577   0
0.529228853514867   0.330988964237239   -0.00277732798204988   0.00904784016258342   0
0.540386254863038   0.306993259812773   0.0111574013481712   -0.023995704424466   0
0.531419422391664   0.344418052445603   -0.00896683247137364   0.0374247926328309   0
0.557208684484945   0.336127436790554   0.0257892620932807   -0.00829061565504907   0
0.565460058043263   0.334802936586639   0.00825137355831773   -0.00132450020391534   0
0.560449782166845   0.363375117681519   -0.00501027587641723   0.0285721810948799   0
0.572414166016445   0.336397151035725   0.0119643838495999   -0.0269779666457937   0
0.549049858420867   0.35914663338104   -0.0233643075955779   0.0227494823453146   0
0.556921967032748   0.348888104616219   0.00787210861188103   -0.0102585287648204   0
0.571133430447632   0.342345975097381   0.0142114634148836   -0.00654212951883804   0
0.555276996462224   0.364026725242815   -0.0158564339854081   0.0216807501454339   0
0.573535142996809   0.340988141738362   0.0182581465345851   -0.0230385835044533   0
0.568299799316481   0.348325922768277   -0.00523534368032796   0.00733778102991489   0
0.551482414098963   0.37140413531849   -0.0168173852175181   0.023078212550213   0
0.580548800933496   0.368412537011449   0.0290663868345332   -0.00299159830704049   0
0.580740620196317   0.375051228281558   0.000191819262820636   0.00663869127010824   0
0.594376977393548   0.363136543764481   0.0136363571972311   -0.0119146845170771   0
0.609195557130434   0.35995751548579   0.0148185797368863   -0.00317902827869088   0
0.578242435376744   0.373719492271935   -0.0309531217536896   0.0137619767861449   0
0.588626676505551   0.356857117223715   0.0103842411288061   -0.0168623750482195   0
0.589429273166511   0.373655880601323   0.000802596660959942   0.0167987633776078   0
0.587795121025177   0.397877622883208   -0.00163415214133344   0.0242217422818854   0
0.607580439860345   0.385447279594852   0.0197853188351677   -0.0124303432883557   0
0.611930673835893   0.420504417484647   0.00435023397554823   0.0350571378897946   0
0.64897960649334   0.400024496454233   0.0370489326574468   -0.0204799210304143   0
0.622607628296289   0.430058827347201   -0.0263719781970507   0.0300343308929685   0
0.637976618260764   0.437024126949543   0.0153689899644746   0.00696529960234143   0
0.642462182842944   0.447905967801583   0.0044855645821803   0.01088184085204   0
0.64896411003095   0.441569724194472   0.00650192718800569   -0.00633624360711027   0
0.678463395658292   0.441584620475136   0.0294992856273424   1.48962806635899e-05   0
0.663002231210571   0.46045068869443   -0.0154611644477208   0.0188660682192942   0
0.678974806390384   0.430217350457366   0.0159725751798133   -0.0302333382370644   0
0.686153708772349   0.430185110120306   0.00717890238196495   -3.22403370596192e-05   0
0.68665517074544   0.456377978120998   0.000501461973091089   0.0261928680006916   0
0.707584952002097   0.450191170243889   0.0209297812566566   -0.00618680787710851   0
0.698707901360504   0.477117344167881   -0.00887705064159294   0.026926173923992   0
