0.077679492523381   0.200056702863838   0   0   0
0.0866858844780792   0.189393059474866   0.00900639195469828   -0.0106636433889724   0
0.082575572096743   0.178818221925927   -0.00411031238133627   -0.0105748375489389   0
0.0923274392945564   0.187103910278487   0.00975186719781343   0.00828568835255991   0
0.0670839196432349   0.1774938062194   -0.0252435196513215   -0.00961010405908647   0
0.075762546153492   0.184417351980501   0.00867862651025704   0.00692354576110077   0
0.0840854557961179   0.163651995163518   0.00832290964262597   -0.0207653568169833   0
0.0850966815729615   0.152272291455964   0.00101122577684354   -0.0113797037075538   0
0.0691448299560423   0.143190470731296   -0.0159518516169192   -0.00908182072466832   0
0.072693232994688   0.138920477277506   0.00354840303864577   -0.00426999345378978   0
0.0983737473389115   0.134122347989774   0.0256805143442235   -0.00479812928773188   0
0.0775169123514346   0.11176207169635   -0.0208568349874769   -0.0223602762934242   0
0.0735089276952126   0.0958965413315439   -0.004007984656222   -0.0158655303648058   0
0.0680309393885606   0.0974581028320504   -0.00547798830665208   0.00156156150050649   0
0.0594905570404321   0.089590130676459   -0.0085403823481285   -0.00786797215559135   0
0.0633325137662078   0.08913768439305   0.00384195672577574   -0.000452446283408958   0
0.0619579885338412   0.0876106426258391   -0.00137452523236658   -0.00152704176721091   0
0.050313753796154   0.0771007392085997   -0.0116442347376872   -0.0105099034172395   0
0.0559453783400381   0.0828549366022327   0.00563162454388408   0.00575419739363302   0
0.070149531436639   0.0438287870004407   0.0142041530966009   -0.039026149601792   0
0.0519929058063694   0.0493040122360493   -0.0181566256302696   0.0054752252356086   0
0.0692980580898195   0.0280013758192789   0.0173051522834501   -0.0213026364167704   0
0.0741938704592906   0.023205363353113   0.00489581236947112   -0.00479601246616594   0
0.0858385662108822   0.0269526556371538   0.0116446957515915   0.00374729228404082   0
0.0607269437174307   0.0288535466974599   -0.0251116224934514   0.00190089106030609   0
0.089915251808022   0.0178693696767681   0.0291883080905913   -0.0109841770206918   0
0.0955631465084737   0.026535606440189   0.00564789470045167   0.00866623676342088   0
0.0631283433373631   0.0539275600769449   -0.0324348031711105   0.0273919536367559   0
0.0546945597057879   0.0536543010434625   -0.00843378363157521   -0.000273259033482388   0
0.0666448560887485   0.0504439730986765   0.0119502963829606   -0.00321032794478598   0
0.075404068811769   0.0550500485428033   0.00875921272302052   0.00460607544412679   0
0.069832505975083   0.0677336507033432   -0.00557156283668604   0.0126836021605399   0
0.0423155280338081   0.0761808239215421   -0.0275169779412749   0.00844717321819892   0
0.0566423954509341   0.0892026145581787   0.014326867417126   0.0130217906366366   0
0.0494916522719741   0.092102826760366   -0.00715074317895999   0.00290021220218732   0
0.0553131450461859   0.100283493221716   0.0058214927742118   0.00818066646135016   0
0.0448287282615334   0.0812594447924824   -0.0104844167846525   -0.0190240484292338   0
0.0634315094754177   0.0786682316858273   0.0186027812138843   -0.00259121310665514   0
0.0661035365749237   0.0887248601424088   0.00267202709950604   0.0100566284565815   0
0.0754412542059714   0.0893954655379119   0.00933771763104771   0.000670605395503135   0
0.0691030382504784   0.100485173555555   -0.006338215955493   0.011089708017643   0
0.0753916351097448   0.0931461333523834   0.00628859685926636   -0.0073390402031715   0
0.0711148015820195   0.0930222995499063   -0.00427683352772529   -0.000123833802477144   0
0.0651236749614915   0.0951386620080002   -0.00599112662052795   0.00211636245809389   0
0.0710444735360886   0.0906372593841104   0.00592079857459711   -0.00450140262388984   0
0.0576064483370569   0.100083971417817   -0.0134380251990318   0.00944671203370709   0
0.0850211922968033   0.0965618084288245   0.0274147439597464   -0.00352216298899295   0
0.115265828069684   0.0865374619152451   0.0302446357728809   -0.0100243465135794   0
0.103092158343979   0.106024576286456   -0.0121736697257054   0.0194871143712107   0
0.103874981081394   0.0987035596236149   0.000782822737415381   -0.00732101666284096   0
0.058439887075234   0.104467135968363   -0.0454350940061602   0.00576357634474836   0
0.0689079584818764   0.10131911445031   0.0104680714066424   -0.00314802151805335   0
0.0868364907402988   0.108546713763223   0.0179285322584224   0.00722759931291278   0
0.097833775705428   0.108255538978013   0.0109972849651292   -0.00029117478521011   0
0.10638323200519   0.109179486266892   0.00854945629976157   0.000923947288879609   0
0.109648349793966   0.108979916294024   0.00326511778877674   -0.000199569972868061   0
0.118206028971326   0.104826847702115   0.00855767917735981   -0.0041530685919087   0
0.133170059383406   0.111084537970367   0.0149640304120803   0.00625769026825199   0
0.100398769200075   0.11405751966189   -0.0327712901833311   0.00297298169152294   0
0.114121805495269   0.123053111049955   0.0137230362951936   0.00899559138806443   0
0.120294444354259   0.124007250348205   0.0061726388589904   0.000954139298250667   0
0.103224840514384   0.120403006783728   -0.0170696038398754   -0.00360424356447725   0
0.107132048072647   0.12002393347687   0.00390720755826332   -0.000379073306858657   0
0.1220843361682   0.124412883261431   0.0149522880955525   0.00438894978456164   0
0.0905713799474205   0.124963963689777   -0.0315129562207792   0.000551080428346215   0
0.11750553334286   0.123062041684388   0.0269341533954396   -0.00190192200538958   0
0.105586368784043   0.125613064372152   -0.0119191645588168   0.00255102268776455   0
0.105264503664531   0.12455684128421   -0.000321865119512613   -0.00105622308794187   0
0.122672962691744   0.12330327309286   0.0174084590272132   -0.00125356819135013   0
0.103722417390553   0.130800321858148   -0.0189505453011914   0.00749704876528721   0
0.12757128436341   0.16485313683018   0.0238488669728574   0.0340528149720323   0
0.194550632613004   0.185166246985648   0.066979348249594   0.0203131101554681   0
0.160510081907337   0.154796041172732   -0.034040550705667   -0.0303702058129164   0
0.165248471789394   0.159968078253913   0.00473838988205666   0.00517203708118136   0
0.164851778459712   0.15101330598742   -0.000396693329681452   -0.00895477226649335   0
0.157689454287914   0.157898119592983   -0.00716232417179849   0.00688481360556356   0
0.193256374999973   0.153165434544645   0.0355669207120589   -0.00473268504833788   0
0.194052040587055   0.151001684388254   0.000795665587082384   -0.00216375015639081   0
0.184288190569825   0.156199516074795   -0.00976385001723024   0.00519783168654014   0
0.171971707057237   0.159085090238683   -0.012316483512588   0.00288557416388871   0
0.208751922916772   0.151493703757854   0.0367802158595356   -0.00759138648082902   0
0.176868861247112   0.147348136542348   -0.0318830616696606   -0.00414556721550602   0
0.155664803805934   0.147880006692326   -0.0212040574411773   0.000531870149978186   0
0.163215764453101   0.163729043541647   0.00755096064716632   0.0158490368493205   0
0.118096132691549   0.180296548614193   -0.0451196317615513   0.016567505072546   0
0.177344174459552   0.166506885955777   0.0592480417680027   -0.0137896626584162   0
0.162617803810561   0.167759321522278   -0.0147263706489913   0.00125243556650134   0
0.192514971088744   0.163516019479713   0.0298971672781835   -0.0042433020425646   0
0.106868272212196   0.223653526963158   -0.0856466988765483   0.0601375074834445   0
0.109393757576975   0.219535653389717   0.00252548536477921   -0.00411787357344082   0
0.128157187207156   0.206819218576273   0.0187634296301808   -0.0127164348134445   0
0.149246499215157   0.174154248682023   0.0210893120080016   -0.0326649698942493   0
0.173572378185586   0.177940990742718   0.0243258789704283   0.00378674206069457   0
0.16570135433327   0.176942015384984   -0.00787102385231539   -0.000998975357733578   0
0.171907973792986   0.184438354444649   0.00620661945971579   0.00749633905966482   0
0.165060610274045   0.191091761154818   -0.00684736351894161   0.0066534067101689   0
0.171383611673491   0.183219084908614   0.00632300139944661   -0.00787267624620369   0
0.168275255729564   0.192161160832516   -0.00310835594392758   0.0089420759239015   0
0.187839661133665   0.183372152281228   0.0195644054041012   -0.00878900855128745   0
0.175728238824755   0.196446748696689   -0.0121114223089101   0.0130745964154605   0
0.204863089339783   0.187839225589332   0.0291348505150286   -0.00860752310735666   0
0.221661796899646   0.191857524057313   0.016798707559863   0.00401829846798105   0
0.225772355237217   0.186993070919546   0.00411055833757057   -0.00486445313776679   0
0.24645920284966   0.201340022865084   0.0206868476124435   0.0143469519455375   0
0.243095081333806   0.229194669711689   -0.00336412151585383   0.0278546468466047   0
0.251164238192781   0.21483371930926   0.00806915685897447   -0.0143609504024284   0
0.261126355052951   0.213995479514615   0.0099621168601704   -0.000838239794645229   0
0.313792254281778   0.218000772387393   0.0526658992288266   0.0040052928727782   0
0.319289465364957   0.215420723827235   0.00549721108317891   -0.00258004856015778   0
0.270833961310708   0.217089936352425   -0.0484555040542491   0.00166921252518976   0
0.264746732130918   0.212522994310616   -0.00608722917978988   -0.00456694204180941   0
0.28315343139895   0.213636806265915   0.0184066992680323   0.00111381195529905   0
0.30184611395047   0.229552789637809   0.0186926825515196   0.0159159833718938   0
0.295819465870656   0.225458398691976   -0.00602664807981418   -0.00409439094583255   0
0.281159937375509   0.214262320980008   -0.0146595284951468   -0.011196077711968   0
0.313466310295062   0.219471472540852   0.0323063729195531   0.00520915156084409   0
0.307864373029748   0.226787676755021   -0.00560193726531355   0.00731620421416909   0
0.311019756136166   0.24168903663075   0.00315538310641744   0.0149013598757287   0
0.314853995381987   0.231557964172041   0.00383423924582083   -0.0101310724587094   0
0.28705004443999   0.222498285325415   -0.0278039509419969   -0.00905967884662506   0
0.318678215071253   0.224138131743575   0.0316281706312638   0.00163984641815912   0
0.31185807975103   0.210602491324889   -0.00682013532022302   -0.0135356404186854   0
0.302902934554949   0.224431312176465   -0.00895514519608087   0.0138288208515761   0
0.327275897887394   0.233060834733659   0.0243729633324446   0.00862952255719393   0
0.367789614900965   0.235722163563378   0.0405137170135707   0.00266132882971895   0
0.403882877465733   0.251305702838873   0.0360932625647679   0.015583539275495   0
0.369677074567791   0.247008962947198   -0.0342058028979418   -0.00429673989167559   0
0.383522260372198   0.233721546540429   0.0138451858044071   -0.0132874164067683   0
0.376746121240816   0.242939541543447   -0.00677613913138153   0.00921799500301743   0
0.379349059582332   0.249116415896946   0.00260293834151593   0.00617687435349906   0
0.337979949430436   0.264921781294668   -0.0413691101518965   0.0158053653977225   0
0.357584493982891   0.26053808314105   0.0196045445524548   -0.0043836981536185   0
0.357137628235951   0.258802734662064   -0.000446865746940195   -0.00173534847898604   0
0.36985306058082   0.259120654566463   0.0127154323448699   0.000317919904399888   0
0.358461623302969   0.264910672775867   -0.0113914372778509   0.00579001820940356   0
0.372146382580833   0.255732216956214   0.0136847592778639   -0.00917845581965321   0
0.366332336908715   0.246504838621481   -0.00581404567211874   -0.00922737833473261   0
0.378079688126723   0.252000244507937   0.0117473512180082   0.00549540588645567   0
0.390995851634004   0.236321705549744   0.012916163507281   -0.0156785389581927   0
0.400292315146069   0.227796501337027   0.00929646351206537   -0.00852520421271749   0
0.403035694733122   0.229890480661097   0.0027433795870524   0.00209397932406988   0
0.41325432077815   0.234587532324338   0.0102186260450282   0.0046970516632418   0
0.384966414911743   0.250800159079799   -0.0282879058664072   0.0162126267554606   0
0.41945576562255   0.251687327132794   0.0344893507108079   0.00088716805299488   0
0.408809604896032   0.253935052393324   -0.0106461607265183   0.00224772526052969   0
0.44210552021548   0.292868192371159   0.0332959153194476   0.0389331399778352   0
0.463090787470977   0.274413612401973   0.0209852672554976   -0.0184545799691862   0
0.43968971583635   0.283052869578282   -0.0234010716346276   0.00863925717630959   0
0.443691831332615   0.29214560855291   0.00400211549626556   0.00909273897462765   0
0.491555342700087   0.288326615646648   0.0478635113674716   -0.00381899290626159   0
0.511495171332047   0.314910590851197   0.0199398286319599   0.0265839752045488   0
0.49166764614829   0.329866312576019   -0.0198275251837571   0.0149557217248222   0
0.511671930517983   0.335462012144818   0.0200042843696935   0.00559569956879885   0
0.527323716889351   0.334216461923631   0.0156517863713673   -0.00124555022118683   0
0.541034856359551   0.35978617065175   0.0137111394702004   0.0255697087281186   0
0.566996375643619   0.383264721798459   0.025961519284068   0.023478551146709   0
0.570216710070268   0.364609786045644   0.00322033442664882   -0.0186549357528152   0
0.529331979272932   0.348733413796986   -0.0408847307973356   -0.0158763722486574   0
0.54152998934962   0.367395283539745   0.0121980100766881   0.0186618697427593   0
0.618038306796116   0.416729544086449   0.0765083174464957   0.049334260546704   0
0.557033284932777   0.428643068513303   -0.0610050218633393   0.0119135244268534   0
0.752704809828667   0.507415659710557   0.19567152489589   0.0787725911972544   0
0.649987368523605   0.434743019943104   -0.102717441305063   -0.0726726397674533   0
0.679082463737623   0.452690203655325   0.0290950952140184   0.0179471837122215   0
0.566699404032685   0.40594785863889   -0.112383059704938   -0.0467423450164356   0
0.654693993700576   0.412474007996262   0.0879945896678913   0.00652614935737178   0
0.678649016024668   0.440149703263276   0.023955022324092   0.0276756952670145   0
0.688105376417711   0.44070093967026   0.00945636039304321   0.000551236406983735   0
0.613662418990572   0.415741381450656   -0.0744429574271394   -0.0249595582196036   0
0.57679936990126   0.383913741010269   -0.0368630490893123   -0.0318276404403871   0
0.557775279664858   0.375170133478466   -0.0190240902364021   -0.00874360753180309   0
0.576515442724651   0.407890067372632   0.0187401630597932   0.0327199338941657   0
0.615430019782599   0.417721079036598   0.0389145770579481   0.0098310116639666   0
0.588326989436997   0.446847172120961   -0.0271030303456021   0.029126093084363   0
0.52182531561146   0.373255898786945   -0.0665016738255365   -0.0735912733340165   0
0.564498615166592   0.40295842816102   0.0426732995551318   0.0297025293740754   0
0.545330610717022   0.400965127520462   -0.0191680044495701   -0.00199330064055853   0
0.573725664622039   0.406321332368238   0.0283950539050168   0.00535620484777627   0
0.571421819152892   0.407426629718162   -0.00230384546914697   0.00110529734992376   0
0.566661833019483   0.416187686826509   -0.004759986133409   0.00876105710834701   0
0.559933301047544   0.406408239166912   -0.00672853197193823   -0.00977944765959654   0
0.559847173754588   0.397118872657797   -8.61272929563173e-05   -0.0092893665091146   0
0.580046124237547   0.402419472107775   0.0201989504829591   0.00530059944997713   0
0.56075824623629   0.367199567215499   -0.0192878780012569   -0.0352199048922753   0
0.592110395467771   0.409051424238139   0.0313521492314806   0.0418518570226397   0
0.632464531082969   0.408223044126921   0.0403541356151982   -0.000828380111218163   0
0.551249139179373   0.33213693892053   -0.0812153919035958   -0.0760861052063907   0
0.368911225850732   0.35751941593045   -0.182337913328641   0.0253824770099197   0
0.355677474484961   0.333019647065305   -0.0132337513657714   -0.0244997688651453   0
