0.0615029243647269   0.109452307747267   0   0   0
0.0743176168882756   0.103361091428605   0.0128146925235487   -0.00609121631866197   0
0.0980336853634505   0.102505065163801   0.0237160684751749   -0.000856026264804702   0
0.099710771057795   0.118617425018681   0.00167708569434448   0.0161123598548808   0
0.134407217810652   0.104605059215042   0.0346964467528569   -0.0140123658036391   0
0.105662802424789   0.0629058881314579   -0.0287444153858628   -0.0416991710835843   0
0.125767001906116   0.0452969173918601   0.0201041994813266   -0.0176089707395978   0
0.0862447548626002   0.0490683914352022   -0.0395222470435155   0.00377147404334208   0
0.102131768463099   0.0583347236724406   0.0158870136004985   0.0092663322372384   0
0.116011996177378   0.0458941662668852   0.0138802277142795   -0.0124405574055554   0
0.10812809400266   0.079465028645971   -0.00788390217471806   0.0335708623790859   0
0.10136924971499   0.0796097368625534   -0.0067588442876701   0.000144708216582384   0
0.110381432783462   0.0584360365020806   0.00901218306847228   -0.0211737003604728   0
0.0939062570175705   0.0577229143913524   -0.0164751757658918   -0.000713122110728229   0
0.0800555624166741   0.047674143600305   -0.0138506946008964   -0.0100487707910474   0
0.0889561399898849   0.077763819308339   0.00890057757321085   0.030089675708034   0
0.0934660424676791   0.0686996373674199   0.00450990247779423   -0.00906418194091908   0
0.0844017348502979   0.0711624272931694   -0.0090643076173812   0.00246278992574951   0
0.0854547912736319   0.0669789456698894   0.00105305642333398   -0.00418348162327999   0
0.0832135319287074   0.0580397218188113   -0.00224125934492456   -0.00893922385107816   0
0.0684963269711596   0.027326352621887   -0.0147172049575478   -0.0307133691969243   0
0.0885245198558004   0.0399385600746321   0.0200281928846408   0.0126122074527451   0
0.0703665003567749   0.0655975132477596   -0.0181580194990255   0.0256589531731275   0
0.063709796389648   0.0772441386139589   -0.00665670396712692   0.0116466253661993   0
0.0729007131544678   0.0737585375921493   0.00919091676481988   -0.00348560102180963   0
0.0792089528846178   0.0988245976357734   0.00630823973014992   0.0250660600436241   0
0.0847893119960747   0.107101711535064   0.00558035911145695   0.00827711389929037   0
0.0700530709971633   0.136274171094058   -0.0147362409989114   0.0291724595589939   0
0.123150561887423   0.139638204386371   0.0530974908902601   0.00336403329231363   0
0.15393472886661   0.124317300762002   0.0307841669791865   -0.0153209036243695   0
0.139259044599071   0.110710162507784   -0.0146756842675387   -0.0136071382542175   0
0.14821986330252   0.110149318415061   0.00896081870344842   -0.000560844092723251   0
0.12903040577096   0.115644900680921   -0.01918945753156   0.00549558226585961   0
0.153451276289006   0.116564029647239   0.0244208705180465   0.000919128966318739   0
0.167280724964265   0.0967918205333101   0.0138294486752586   -0.0197722091139293   0
0.174996365129651   0.0910557880006126   0.00771564016538612   -0.00573603253269749   0
0.142260161028477   0.110267035875245   -0.0327362041011743   0.0192112478746321   0
0.16858247841414   0.13638757953715   0.0263223173856637   0.0261205436619056   0
0.164487002583597   0.144186888638539   -0.00409547583054315   0.00779930910138893   0
0.178397953802643   0.148217887660237   0.0139109512190459   0.00403099902169732   0
0.19933174439622   0.166045949963775   0.0209337905935769   0.0178280623035386   0
0.190973714577111   0.150335364037375   -0.00835802981910863   -0.0157105859264003   0
0.157810040824911   0.122053700491362   -0.0331636737522006   -0.0282816635460132   0
0.186175592061668   0.136640017251179   0.0283655512367569   0.0145863167598174   0
0.166283240886475   0.109353320654302   -0.0198923511751923   -0.0272866965968775   0
0.165773928851976   0.118558496742589   -0.000509312034499387   0.00920517608828748   0
0.164297882650386   0.131609047544137   -0.00147604620159003   0.0130505508015483   0
0.148904623555322   0.0945870075253203   -0.0153932590950641   -0.037022040018817   0
0.123857861687864   0.078148512556366   -0.025046761867458   -0.0164384949689542   0
0.118726303822963   0.0817444103389492   -0.00513155786490087   0.00359589778258314   0
0.118049545549478   0.0832935761112614   -0.000676758273484554   0.00154916577231225   0
0.113960350443169   0.0985694556229895   -0.0040891951063089   0.0152758795117281   0
0.122697955631926   0.104950741591961   0.00873760518875612   0.00638128596897115   0
0.0752621460524945   0.0890211995880195   -0.0474358095794311   -0.0159295420039412   0
0.0954818252947125   0.0963898646674535   0.020219679242218   0.00736866507943403   0
0.0855476478885305   0.119168472284713   -0.00993417740618201   0.0227786076172599   0
0.0178722203194343   0.182615410311534   -0.0676754275690962   0.0634469380268208   0
0.0658164276291469   0.165190033764904   0.0479442073097126   -0.0174253765466306   0
0.0839736973085025   0.160860040707753   0.0181572696793555   -0.00432999305715048   0
0.0878633963473897   0.187049203854227   0.00388969903888725   0.0261891631464734   0
0.072798812777402   0.186201839621014   -0.0150645835699878   -0.000847364233212078   0
0.0847076698781757   0.191205232013274   0.0119088571007738   0.00500339239225966   0
0.102960749679742   0.194790714287797   0.0182530798015658   0.00358548227452246   0
0.110156052267384   0.183317565593487   0.00719530258764285   -0.0114731486943093   0
0.100379770973855   0.200274434211534   -0.00977628129352931   0.0169568686180466   0
0.0813768057683668   0.219301905626695   -0.0190029652054883   0.0190274714151615   0
0.069940442721487   0.192038852565047   -0.0114363630468799   -0.027263053061648   0
0.0522111029790599   0.205031332679301   -0.0177293397424271   0.0129924801142532   0
0.0861039958954287   0.209656895921646   0.0338928929163688   0.00462556324234575   0
0.0833641469992946   0.219120195853212   -0.00273984889613407   0.00946329993156578   0
0.104490325255356   0.215828163415511   0.021126178256061   -0.0032920324377011   0
0.139646082159902   0.217118621768148   0.0351557569045461   0.0012904583526368   0
0.169719283335071   0.241175951464382   0.0300732011751691   0.0240573296962344   0
0.137384465628691   0.235314481158194   -0.03233481770638   -0.00586147030618817   0
0.136999857162152   0.230836823885402   -0.000384608466538899   -0.00447765727279217   0
0.171134373824226   0.270185310136395   0.0341345166620744   0.0393484862509934   0
0.17189475184173   0.273199531402417   0.000760378017503949   0.00301422126602147   0
0.154883094713561   0.264368115239433   -0.0170116571281689   -0.00883141616298383   0
0.170115664704636   0.279031585286057   0.0152325699910743   0.014663470046624   0
0.198531490937861   0.273808792150197   0.0284158262332254   -0.00522279313585938   0
0.176032697707244   0.253546243528178   -0.0224987932306169   -0.0202625486220197   0
0.194395471811588   0.257740987889975   0.0183627741043441   0.00419474436179679   0
0.186102147094976   0.252766908818184   -0.00829332471661248   -0.00497407907179082   0
0.213120260994537   0.264984602924868   0.0270181138995613   0.0122176941066844   0
0.188693120127185   0.238964613684746   -0.0244271408673525   -0.0260199892401219   0
0.200084116183469   0.265054971533265   0.0113909960562847   0.026090357848519   0
0.230600138257239   0.269510239418654   0.0305160220737695   0.00445526788538853   0
0.219153665788761   0.268488779509964   -0.0114464724684774   -0.00102145990868979   0
0.202361200242289   0.272819291739514   -0.0167924655464718   0.00433051222955   0
0.211054401355659   0.295376785195621   0.00869320111336955   0.0225574934561071   0
0.275202327228132   0.326742513761601   0.0641479258724733   0.03136572856598   0
0.240027302958385   0.307702441664833   -0.0351750242697478   -0.0190400720967679   0
0.241207617395305   0.308614349875779   0.00118031443692082   0.000911908210946333   0
0.249327080065203   0.314627032753465   0.00811946266989738   0.00601268287768564   0
0.173981563251628   0.279446776451706   -0.0753455168135747   -0.0351802563017586   0
0.0877806217711517   0.250115909235598   -0.0862009414804763   -0.0293308672161083   0
0.149455790992891   0.248149000990836   0.0616751692217395   -0.00196690824476203   0
0.16049992919067   0.242373367686097   0.0110441381977785   -0.00577563330473904   0
0.182763138254816   0.265729779174729   0.022263209064146   0.0233564114886315   0
0.199956870956296   0.281871788689911   0.0171937327014804   0.0161420095151827   0
0.2061879969558   0.2880300002452   0.00623112599950354   0.00615821155528889   0
0.180912319981367   0.296532666552102   -0.0252756769744331   0.00850266630690166   0
0.195537229706632   0.302306613166583   0.0146249097252651   0.00577394661448111   0
0.162840981320372   0.278645301005149   -0.0326962483862599   -0.0236613121614341   0
0.175611032793449   0.282167979389494   0.0127700514730773   0.00352267838434533   0
0.166501731784064   0.283372534339957   -0.00910930100938484   0.00120455495046262   0
0.178513416523049   0.290594230848188   0.0120116847389847   0.00722169650823123   0
0.139489793652075   0.254842141966846   -0.0390236228709739   -0.0357520888813422   0
0.125775219906061   0.242549349488408   -0.0137145737460137   -0.0122927924784376   0
0.148032959381382   0.252095166059863   0.0222577394753209   0.00954581657145492   0
0.155796694875785   0.272737859534114   0.00776373549440315   0.0206426934742507   0
0.159565333818037   0.292014400698407   0.00376863894225182   0.0192765411642935   0
0.166186583779799   0.305968159548506   0.00662124996176122   0.0139537588500986   0
0.146258056126492   0.283118200150573   -0.0199285276533068   -0.0228499593979328   0
0.172918436608904   0.309780712564953   0.0266603804824125   0.0266625124143798   0
0.143255249162733   0.305267663695322   -0.0296631874461716   -0.00451304886963128   0
0.150058411174982   0.306309739940228   0.00680316201224954   0.00104207624490615   0
0.16344339240988   0.28449465048837   0.0133849812348978   -0.0218150894518575   0
0.160274082407294   0.294512385574868   -0.00316931000258613   0.0100177350864982   0
0.200809799387405   0.344748404979994   0.0405357169801116   0.0502360194051256   0
0.211112455687603   0.334814407177379   0.0103026563001973   -0.00993399780261467   0
0.193998899758478   0.342800433293443   -0.0171135559291247   0.00798602611606397   0
0.184128892381505   0.336637118232913   -0.00987000737697258   -0.00616331506053075   0
0.183287549757314   0.318576833991272   -0.000841342624191055   -0.0180602842416406   0
0.228992290991662   0.335872497447781   0.0457047412343476   0.0172956634565095   0
0.230397075181456   0.327724559178745   0.00140478418979426   -0.00814793826903681   0
0.218163321032592   0.337460837953684   -0.0122337541488638   0.00973627877493921   0
0.444306758510379   0.224477841038381   0.226143437477786   -0.112982996915303   1
0.650128198116871   0.287298648561828   0.205821439606493   0.0628208075234469   1
0.479784492557659   0.272837877984532   -0.170343705559213   -0.0144607705772953   1
0.475356440935041   0.307995987035075   -0.00442805162261778   0.0351581090505426   0
0.481620780240788   0.290863514766308   0.00626433930574744   -0.0171324722687674   0
0.486959127105181   0.330143730628797   0.00533834686439294   0.03928021586249   0
0.470884046077896   0.334226757629398   -0.0160750810272853   0.00408302700060004   0
0.475215266231095   0.337052784797964   0.00433122015319859   0.00282602716856634   0
0.461325492842321   0.351620423259315   -0.0138897733887739   0.0145676384613515   0
0.493705034490322   0.371596685658578   0.0323795416480014   0.0199762623992626   0
0.471142975459212   0.380682537734426   -0.0225620590311096   0.00908585207584778   0
0.493846779060277   0.400882700192101   0.0227038036010646   0.0202001624576754   0
0.490994914276268   0.395154505653485   -0.00285186478400867   -0.00572819453861634   0
0.466550954957162   0.365719757349015   -0.024443959319106   -0.0294347483044697   0
0.469735623467084   0.376822411326609   0.00318466850992155   0.0111026539775938   0
0.486051163729797   0.378400840460549   0.0163155402627133   0.0015784291339403   0
0.460077400761768   0.372861810184752   -0.0259737629680291   -0.00553903027579722   0
0.483379620924641   0.394364908339028   0.0233022201628735   0.0215030981542761   0
0.496465272048146   0.401048297205274   0.0130856511235049   0.0066833888662462   0
0.485812077134935   0.384913315648147   -0.0106531949132113   -0.0161349815571274   0
0.470842613059863   0.391042948130381   -0.0149694640750718   0.0061296324822343   0
0.503300816067449   0.417842221549295   0.0324582030075856   0.0267992734189136   0
0.495881839136795   0.389246731933937   -0.00741897693065408   -0.0285954896153581   0
0.492159503610323   0.388232069008666   -0.00372233552647133   -0.00101466292527025   0
0.510300945149076   0.403577562409322   0.0181414415387522   0.0153454934006553   0
0.503139760916145   0.401343177636359   -0.00716118423293066   -0.00223438477296289   0
0.489802906131068   0.399297637702128   -0.0133368547850768   -0.00204553993423073   0
0.508364323795691   0.423302369919541   0.0185614176646227   0.0240047322174129   0
0.501680657515939   0.422872630590465   -0.00668366627975225   -0.000429739329075973   0
0.504927597706097   0.43219701095623   0.00324694019015825   0.00932438036576533   0
0.504812988241824   0.42489208038542   -0.000114609464272775   -0.00730493057081066   0
0.492068261704654   0.428566332605876   -0.0127447265371699   0.00367425222045575   0
0.515778354207745   0.437220553262024   0.0237100925030908   0.00865422065614807   0
0.5077413120884   0.439084426883088   -0.00803704211934497   0.00186387362106449   0
0.487778336458929   0.428877737858355   -0.0199629756294711   -0.0102066890247329   0
0.481782124428553   0.40655346651732   -0.00599621203037559   -0.0223242713410348   0
0.401242321208718   0.392528544649303   -0.0805398032198353   -0.0140249218680172   0
0.553808515934885   0.476357337631373   0.152566194726167   0.0838287929820699   0
