0.137946597789942   0.226865708744672   0   0   0
0.136586260389726   0.203123503540678   -0.00136033740021602   -0.0237422052039939   0
0.0794530670522296   0.201339713031607   -0.0571331933374962   -0.00178379050907104   0
0.0662549467257351   0.178466169565502   -0.0131981203264945   -0.0228735434661054   0
0.0467688147770478   0.171511617723268   -0.0194861319486874   -0.0069545518422337   0
0.0444833117777892   0.167772807316539   -0.00228550299925855   -0.00373881040672933   0
0.0460563183247815   0.163599267555588   0.00157300654699225   -0.00417353976095053   0
0.0185484606964406   0.155272248862321   -0.0275078576283409   -0.00832701869326749   0
0.0434664255896433   0.128576745989399   0.0249179648932028   -0.0266955028729216   0
0.0574721431358889   0.135458762474104   0.0140057175462456   0.00688201648470441   0
0.0489060067399701   0.113395596270633   -0.00856613639591881   -0.0220631662034702   0
0.0788489530037654   0.103505397087893   0.0299429462637953   -0.00989019918274002   0
0.0761920141428877   0.107170087830164   -0.00265693886087764   0.00366469074227026   0
0.0423096665279134   0.0725459443898141   -0.0338823476149743   -0.0346241434403496   0
0.0824301616658611   0.0590887608413182   0.0401204951379477   -0.0134571835484959   0
0.0947633404795863   0.0378191045505443   0.0123331788137252   -0.0212696562907739   0
0.0519081377907896   0.0644614102904647   -0.0428552026887967   0.0266423057399204   0
0.0600407831428771   0.0213740229625239   0.00813264535208754   -0.0430873873279407   0
0.0650894677060736   0.050122955198741   0.00504868456319647   0.0287489322362171   0
0.0729798599517703   0.0628920507762549   0.00789039224569664   0.0127690955775139   0
0.06114947081529   0.010428323601615   -0.0118303891364803   -0.0524637271746399   0
0.0881379367656176   0.0219076692139197   0.0269884659503276   0.0114793456123047   0
0.0705989783423245   0.0249984416103409   -0.0175389584232931   0.00309077239642123   0
0.0706116213224849   0.0176870620641537   1.26429801604044e-05   -0.00731137954618723   0
0.088334051495785   0.0245290246640587   0.0177224301733001   0.00684196259990499   0
0.066881028481476   0.0286573645505392   -0.021453023014309   0.00412833988648049   0
0.0959970902999669   0.0271908853887199   0.0291160618184909   -0.00146647916181931   0
0.102826940267811   0.0212763206089687   0.00682984996784421   -0.00591456477975121   0
0.106306992692532   0.0398611576251747   0.00348005242472066   0.0185848370162061   0
0.126585705422413   0.0295140133660813   0.0202787127298815   -0.0103471442590934   0
0.125240616166402   0.0465794399972319   -0.00134508925601146   0.0170654266311506   0
0.125328682135615   0.0700983882387641   8.80659692130414e-05   0.0235189482415322   0
0.122439802974237   0.0849255879170848   -0.00288887916137781   0.0148271996783207   0
0.160210158966902   0.10013324444655   0.0377703559926649   0.015207656529465   0
0.144504294927625   0.102564789710419   -0.0157058640392771   0.00243154526386935   0
0.171385078651556   0.11008073026536   0.026880783723931   0.00751594055494109   0
0.148588670158428   0.143007780466414   -0.0227964084931283   0.0329270502010535   0
0.158425836742401   0.142281297970851   0.00983716658397371   -0.000726482495563063   0
0.172675060255527   0.133302839905654   0.014249223513126   -0.0089784580651964   0
0.164647358816411   0.167048202277374   -0.00802770143911635   0.0337453623717198   0
0.175409406080888   0.177372122474482   0.0107620472644774   0.0103239201971075   0
0.188485193089006   0.167508323327096   0.013075787008118   -0.00986379914738539   0
0.16797960477177   0.21055063628368   -0.0205055883172365   0.0430423129565838   0
0.197107797847193   0.223935703272887   0.0291281930754235   0.0133850669892069   0
0.201122910564063   0.237837641013365   0.0040151127168695   0.0139019377404785   0
0.211066344549791   0.254903352757575   0.00994343398572775   0.0170657117442091   0
0.230037516333793   0.273954795185816   0.0189711717840023   0.0190514424282417   0
0.232026829916219   0.254356081386901   0.00198931358242613   -0.0195987137989149   0
0.255037671950812   0.23370008836182   0.0230108420345931   -0.0206559930250813   0
0.266717392453173   0.261009878554529   0.0116797205023612   0.027309790192709   0
0.247919775017746   0.257319544382665   -0.0187976174354267   -0.00369033417186365   0
0.262153759915474   0.281396128100623   0.0142339848977276   0.0240765837179581   0
0.284255612176154   0.298479583336034   0.0221018522606798   0.0170834552354106   0
0.291898293570569   0.298378151023366   0.00764268139441499   -0.000101432312668237   0
0.300585343825177   0.313780543507963   0.00868705025460836   0.0154023924845969   0
0.33324766475911   0.338940308842534   0.0326623209339326   0.0251597653345715   0
0.36394875970286   0.410907139106724   0.0307010949437501   0.0719668302641896   0
0.377138313863243   0.438144841637055   0.0131895541603831   0.0272377025303311   0
0.3850320702193   0.452396982567161   0.00789375635605705   0.0142521409301065   0
0.384600486821442   0.457232219817974   -0.000431583397858259   0.00483523725081303   0
0.379918577708751   0.490488428476455   -0.00468190911269112   0.0332562086584805   0
0.393387235778133   0.494502176743692   0.0134686580693819   0.00401374826723749   0
0.394736461910032   0.499991719667159   0.00134922613189936   0.0054895429234661   0
0.381542708635613   0.516770799272182   -0.0131937532744192   0.0167790796050236   0
0.431187814145124   0.542839634645896   0.0496451055095114   0.0260688353737139   0
0.423799528709849   0.542105946592889   -0.00738828543527514   -0.000733688053006887   0
0.422866346810857   0.547671597847079   -0.000933181898991886   0.00556565125418984   0
0.444910856097758   0.565279709581949   0.0220445092869011   0.0176081117348699   0
0.541285039390902   0.644021671956816   0.0963741832931437   0.078741962374867   0
0.514642411603436   0.675578866808349   -0.0266426277874662   0.031557194851533   0
0.533781065591512   0.686043406355057   0.0191386539880763   0.0104645395467083   0
0.538372864409686   0.718294337180137   0.00459179881817395   0.03225093082508   0
0.551821904717056   0.712335529104826   0.0134490403073705   -0.00595880807531102   0
0.592663687468332   0.75261757530348   0.0408417827512751   0.0402820461986543   0
0.581843471879173   0.755025806827879   -0.0108202155891585   0.00240823152439873   0
0.594647286505951   0.799246571174254   0.0128038146267776   0.0442207643463753   0
0.630210494245129   0.794914962057332   0.0355632077391785   -0.00433160911692232   0
0.602215376942245   0.827595803670403   -0.0279951173028844   0.0326808416130707   0
0.618576929665535   0.837799425287295   0.0163615527232901   0.0102036216168925   0
0.635437228190952   0.80150370201572   0.016860298525417   -0.036295723271575   0
0.614940582896559   0.829939733755586   -0.0204966452943929   0.0284360317398655   0
0.625700772214643   0.865506540740486   0.0107601893180836   0.0355668069849001   0
0.649615850926538   0.860321479535442   0.0239150787118952   -0.00518506120504347   0
0.636157455365329   0.866762810135604   -0.0134583955612094   0.00644133060016194   0
0.628245605715862   0.929099285194635   -0.0079118496494669   0.0623364750590311   0
0.672968355826216   0.917277882936169   0.044722750110354   -0.0118214022584665   0
0.658139575378969   0.925852057809482   -0.0148287804472463   0.00857417487331302   0
0.648986191265461   0.953744971018066   -0.00915338411350786   0.0278929132085844   0
0.684749557154066   0.948257608318437   0.035763365888605   -0.00548736269962924   0
0.67063342000965   0.969210912366144   -0.0141161371444162   0.0209533040477065   0
0.673916904819014   0.977027806834899   0.00328348480936391   0.00781689446875522   0
0.70603114959571   0.996056660079206   0.032114244776696   0.019028853244307   0
0.693764916167833   0.997822641489148   -0.0122662334278774   0.00176598140994166   0
0.674704386789274   1.02148718942252   -0.019060529378559   0.0236645479333752   0
0.710708206155212   1.02334735864977   0.0360038193659387   0.00186016922724663   0
0.700290193077841   1.03294143859292   -0.0104180130773713   0.00959407994314998   0
0.697973311618689   1.05874234403079   -0.00231688145915177   0.0258009054378709   0
0.707582926800103   1.05406525635483   0.00960961518141379   -0.00467708767596076   0
0.653362596029716   1.07201250324789   -0.054220330770387   0.017947246893063   0
0.708382202942282   1.06600626471673   0.0550196069125655   -0.00600623853116389   0
0.673744457340652   1.10401203224467   -0.0346377456016294   0.0380057675279428   0
0.734364460142809   1.10753582107758   0.0606200028021572   0.00352378883291316   0
0.69918074730365   1.13741359382331   -0.0351837128391598   0.0298777727457273   0
0.728828054317368   1.14138277227711   0.0296473070137181   0.0039691784537943   0
0.704664604304239   1.139113934597   -0.0241634500131285   -0.00226883768010477   0
0.678731702865904   1.16334683286724   -0.025932901438335   0.0242328982702362   0
0.739624874442011   1.1548702459089   0.0608931715761064   -0.00847658695833498   0
0.692579467548245   1.17361105485114   -0.047045406893766   0.0187408089422398   0
0.749612108789106   1.17404170166389   0.057032641240861   0.000430646812751512   0
0.738474140899436   1.19895754584429   -0.0111379678896698   0.0249158441803987   0
0.767527203219019   1.22884935827727   0.0290530623195836   0.0298918124329737   0
0.7614214858429   1.23805584271008   -0.0061057173761192   0.00920648443281191   0
0.719506032947612   1.26822542790408   -0.0419154528952883   0.0301695851940029   0
0.760568402933648   1.26732435244583   0.0410623699860362   -0.000901075458252354   0
0.744159614974671   1.28844578825469   -0.0164087879589775   0.0211214358088609   0
0.764618130622895   1.29955823353957   0.020458515648224   0.0111124452848845   0
0.797583914275006   1.30433597664961   0.0329657836521112   0.00477774311003842   0
0.794158775700307   1.3267673548212   -0.00342513857469917   0.0224313781715892   0
0.81036366727995   1.32421071298727   0.0162048915796437   -0.00255664183393356   0
0.817085813384274   1.33643347591509   0.00672214610432331   0.0122227629278255   0
0.786707134971261   1.35940776739082   -0.0303786784130127   0.0229742914757278   0
0.838783384571964   1.35800853466436   0.0520762496007035   -0.00139923272645937   0
0.809802905841446   1.37199483927145   -0.0289804787305182   0.0139863046070898   0
0.813377228984492   1.39962987434402   0.0035743231430454   0.0276350350725649   0
0.858855711072151   1.40942739332379   0.0454784820876594   0.00979751897977521   0
0.840397724844588   1.42784276476176   -0.0184579862275629   0.0184153714379649   0
0.869292329821309   1.43861281175174   0.0288946049767212   0.0107700469899834   0
0.917757387613529   1.44955338883266   0.04846505779222   0.0109405770809194   0
0.853808289487336   1.47029255033565   -0.0639490981261936   0.0207391615029864   0
0.911960678085678   1.47091784859225   0.0581523885983426   0.00062529825660218   0
0.932728336845429   1.50439563265826   0.0207676587597507   0.0334777840660123   0
0.939363492484139   1.5308327590453   0.00663515563871042   0.02643712638704   0
0.991468511715546   1.55943374200293   0.0521050192314066   0.0286009829576253   0
0.960124779047624   1.56006639303012   -0.0313437326679216   0.000632651027190345   0
0.987091591810081   1.5718554697065   0.0269668127624568   0.011789076676386   0
0.993461898990218   1.59025270234647   0.00637030718013665   0.0183972326399671   0
0.966715824341362   1.62286798638745   -0.0267460746488556   0.0326152840409781   0
1.01799292045586   1.64087299721558   0.0512770961144972   0.0180050108281351   0
1.04753653000008   1.67270819838189   0.0295436095442212   0.0318352011663101   0
1.07454329407941   1.71283910370823   0.0270067640793341   0.0401309053263335   0
1.13356175570996   1.74287963455541   0.0590184616305423   0.0300405308471834   0
1.14499467723992   1.75676715487568   0.0114329215299678   0.0138875203202724   0
1.11567393702372   1.77800812342639   -0.0293207402162081   0.0212409685507122   0
1.15715165160071   1.801342251246   0.0414777145769929   0.0233341278196035   0
1.18500932609201   1.83501735426058   0.0278576744913006   0.0336751030145819   0
1.1621626506884   1.85251655992936   -0.0228466754036094   0.0174992056687771   0
1.21863957669218   1.86122215222619   0.056476926003777   0.0087055922968351   0
1.22138859279683   1.88216198313548   0.00274901610464795   0.0209398309092925   0
1.2154273320886   1.91930091259643   -0.00596126070823066   0.0371389294609479   0
1.25431135811259   1.9895925505405   0.0388840260239951   0.0702916379440666   0
1.30146427490187   2.00508411903447   0.0471529167892757   0.0154915684939743   0
1.30067582781315   2.04504527262558   -0.000788447088720723   0.0399611535911109   0
1.36881259571433   2.07808907880588   0.0681367679011879   0.0330438061802907   0
1.38874183376252   2.08198628069964   0.0199292380481879   0.00389720189376019   0
1.39122132014284   2.10172567940597   0.00247948638032369   0.0197393987063381   0
1.40661854266153   2.13655821626073   0.0153972225186865   0.0348325368547613   0
1.48948195320759   2.16262661750705   0.0828634105460562   0.0260684012463193   0
1.49585961960506   2.21478016391452   0.00637766639747439   0.0521535464074705   0
1.54580107985334   2.23539031965359   0.0499414602482811   0.0206101557390701   0
1.60039090634413   2.29072570317056   0.0545898264907916   0.0553353835169639   0
1.62809934590798   2.3471492947506   0.0277084395638483   0.0564235915800442   0
1.74180855279218   2.36897007017042   0.113709206884201   0.021820775419819   0
1.75294940620316   2.37581095228082   0.0111408534109734   0.00684088211039935   0
1.73767683341926   2.40571270584753   -0.0152725727838932   0.0299017535667105   0
1.83741891281493   2.44713531841314   0.0997420793956665   0.0414226125656132   0
