0.20845103015224   0.163925345976118   0   0   0
0.325677331090237   0.160148172150894   0.117226300937997   -0.00377717382522402   0
0.36571060712238   0.191508184889635   0.0400332760321431   0.0313600127387403   0
0.333259585542112   0.178114439383259   -0.0324510215802687   -0.0133937455063761   0
0.462592611537711   0.165004689819025   0.1293330259956   -0.0131097495642341   0
0.59677563401089   0.174155558218795   0.134183022473179   0.0091508683997702   0
0.511764441314605   0.160905496218153   -0.0850111926962851   -0.0132500620006419   0
0.589979684004824   0.158506047613332   0.0782152426902193   -0.00239944860482044   0
0.735442048985769   0.186636187282236   0.145462364980944   0.028130139668904   0
0.429215582584055   0.116906949996568   -0.306226466401713   -0.0697292372856686   0
0.416237142215116   0.0911293785680145   -0.0129784403689391   -0.0257775714285533   0
0.138383519597049   0.075690159736471   -0.277853622618067   -0.0154392188315435   0
0.206744528092523   0.108235940478394   0.0683610084954737   0.0325457807419232   0
0.291609276318707   0.0797575391336901   0.0848647482261841   -0.0284784013447042   0
0.189687460107541   0.0198222349853643   -0.101921816211166   -0.0599353041483258   0
0.222018497027703   0.038553904106264   0.0323310369201615   0.0187316691208997   0
0.179546958975222   0.0425218985646046   -0.0424715380524808   0.00396799445834064   0
0.18535977184249   0.0337890247448043   0.00581281286726826   -0.00873287381980029   0
0.136639736187611   0.0513950271289451   -0.0487200356548789   0.0176060023841407   0
0.126388322031666   0.0469242630801486   -0.0102514141559457   -0.00447076404879644   0
0.0679218983779164   0.0599656007861109   -0.0584664236537492   0.0130413377059623   0
0.106065482952137   0.0148747921247668   0.0381435845742203   -0.0450908086613441   0
0.0978121298006541   0.0245276739877103   -0.0082533531514826   0.00965288186294347   0
0.223297188764055   0.0254814541595432   0.125485058963401   0.000953780171832876   0
0.151516187130748   0.0411530728666159   -0.0717810016333065   0.0156716187070728   0
0.180840583721935   0.0163524469529028   0.029324396591186   -0.0248006259137131   0
0.178853556954118   0.00661348982739068   -0.00198702676781604   -0.00973895712551212   0
0.193324441774013   0.00781697014315009   0.0144708848198941   0.00120348031575941   0
0.205054154715017   0.0295742624998313   0.0117297129410041   0.0217572923566812   0
0.162069486621796   0.0343390875093166   -0.0429846680932207   0.0047648250094853   0
0.187806486463201   0.0359652156806406   0.0257369998414051   0.0016261281713241   0
0.210029631473316   0.0352066489243864   0.0222231450101149   -0.000758566756254221   0
0.217634807198813   0.0319405468617477   0.00760517572549685   -0.00326610206263874   0
0.239227194311391   0.0562705893403694   0.0215923871125782   0.0243300424786217   0
0.200080569870046   0.0403156000763352   -0.0391466244413448   -0.0159549892640342   0
0.261264482948991   0.0294247443491443   0.0611839130789448   -0.0108908557271909   0
0.207216786947607   0.03428777095489   -0.0540476960013838   0.00486302660574572   0
0.218559600643692   0.0437154148112825   0.0113428136960846   0.0094276438563925   0
0.276972924885123   0.0452135082950881   0.0584133242414313   0.00149809348380555   0
0.272211447489576   0.03743494198356   -0.00476147739554739   -0.00777856631152812   0
0.342617972697697   0.0488866579321495   0.0704065252081217   0.0114517159485896   0
0.300997545445208   0.0460277519235993   -0.0416204272524893   -0.00285890600855024   0
0.296266161541425   0.0302494106957888   -0.00473138390378247   -0.0157783412278105   0
0.312059062518123   0.0299263881518155   0.0157929009766979   -0.000323022543973237   0
0.289251929056247   0.0440565593391325   -0.0228071334618766   0.0141301711873169   0
0.355990043868322   0.0399787340505237   0.0667381148120755   -0.0040778252886088   0
0.31306544749667   0.0364921191495506   -0.0429245963716527   -0.00348661490097302   0
0.376401598821365   0.0294595466292597   0.0633361513246957   -0.00703257252029096   0
0.384148576968925   0.027940186385257   0.00774697814755954   -0.00151936024400268   0
0.324328336501469   0.0412322878201431   -0.059820240467456   0.0132921014348862   0
0.402120719077456   0.0448890697774525   0.0777923825759868   0.00365678195730936   0
0.359383036389254   0.050438182211644   -0.0427376826882014   0.00554911243419148   0
0.347696136345956   0.0507612298305754   -0.0116869000432984   0.000323047618931434   0
0.407236312265495   0.0470126124975938   0.0595401759195394   -0.00374861733298159   0
0.358300617696216   0.038956271059805   -0.0489356945692791   -0.00805634143778883   0
0.40765358738695   0.0413654699734649   0.0493529696907342   0.00240919891365989   0
0.398556743711921   0.0476320939608475   -0.00909684367502916   0.00626662398738256   0
0.472071534071787   0.0472601430040684   0.0735147903598654   -0.000371950956779013   0
0.412062888942028   0.0405992179287052   -0.0600086451297587   -0.00666092507536321   0
0.458822683535252   0.0446966202715037   0.0467597945932242   0.00409740234279853   0
0.440826220413317   0.0436897557148412   -0.0179964631219354   -0.00100686455666254   0
0.409442357937402   0.0461464877511008   -0.0313838624759142   0.00245673203625963   0
0.440375673153093   0.0526390599590029   0.0309333152156908   0.00649257220790204   0
0.40819991068648   0.0552180970080688   -0.0321757624666136   0.00257903704906595   0
0.459132919342645   0.0463729773226014   0.0509330086561656   -0.00884511968546747   0
0.415038796548287   0.046958843844078   -0.0440941227943587   0.000585866521476609   0
0.39608029634564   0.0393306827280242   -0.0189585002026466   -0.00762816111605379   0
0.430991221883799   0.0468008117470467   0.034910925538159   0.00747012901902248   0
0.400527114408201   0.0578227087106787   -0.0304641074755981   0.011021896963632   0
0.48202871647462   0.0517146178274818   0.0815016020664195   -0.00610809088319688   0
0.422359353747126   0.052569700360022   -0.0596693627274943   0.000855082532540206   0
0.47818955085836   0.0458598728564799   0.0558301971112338   -0.00670982750354214   0
0.431660955543816   0.0534722981201482   -0.0465285953145443   0.00761242526366827   0
0.440387395416581   0.047065499704481   0.00872643987276533   -0.00640679841566717   0
0.464594717311766   0.0712800454564424   0.0242073218951853   0.0242145457519614   0
0.446022528523796   0.0637382070412049   -0.0185721887879707   -0.00754183841523756   0
0.475019586828175   0.0569866097627109   0.0289970583043794   -0.00675159727849396   0
0.426971487434887   0.0662525127143303   -0.0480480993932878   0.0092659029516194   0
0.405995275347337   0.0711380203974991   -0.0209762120875501   0.0048855076831688   0
0.461352693794292   0.0792402523240241   0.0553574184469552   0.00810223192652494   0
0.442363285780093   0.0733248293828905   -0.0189894080141996   -0.00591542294113356   0
0.486613243731046   0.0624209302092055   0.044249957950953   -0.010903899173685   0
0.479779542158073   0.0811474379134825   -0.00683370157297286   0.018726507704277   0
0.467082304236084   0.0644214176464823   -0.0126972379219885   -0.0167260202670002   0
0.474693825460802   0.0840316080380621   0.00761152122471742   0.0196101903915798   0
0.444434561614013   0.0814952161702452   -0.0302592638467886   -0.00253639186781686   0
0.504784620775089   0.0691686918451188   0.0603500591610756   -0.0123265243251265   0
0.46620881841219   0.0722488948348001   -0.0385758023628991   0.0030802029896813   0
0.472573587344712   0.0614451925294608   0.0063647689325223   -0.0108037023053393   0
0.420951739332955   0.075409747676378   -0.0516218480117569   0.0139645551469173   0
0.397139693175147   0.0765426280728915   -0.0238120461578078   0.00113288039651351   0
0.468854797524276   0.0797701443495623   0.0717151043491291   0.00322751627667073   0
0.435527589668163   0.0815663679709965   -0.033327207856113   0.00179622362143422   0
0.443151536245842   0.0663304629256611   0.00762394657767895   -0.0152359050453354   0
0.418616075412651   0.0804070788938542   -0.0245354608331915   0.0140766159681932   0
0.399263516831954   0.0774848572750831   -0.0193525585806967   -0.00292222161877112   0
0.445090039496291   0.0901371630308637   0.0458265226643371   0.0126523057557806   0
0.406587466755199   0.0841961493770499   -0.0385025727410921   -0.00594101365381378   0
0.46879005211827   0.0811225344308996   0.0622025853630707   -0.00307361494615026   0
0.372450079952146   0.112566255705273   -0.0963399721661236   0.0314437212743738   0
0.430789556317525   0.101870140649088   0.0583394763653788   -0.0106961150561853   0
0.462005880322275   0.138443632929453   0.0312163240047497   0.0365734922803644   0
0.41503369336578   0.155915113513909   -0.046972186956495   0.0174714805844561   0
0.442171319803128   0.150256580688842   0.0271376264373483   -0.00565853282506651   0
0.399835789840342   0.129222530152108   -0.0423355299627861   -0.0210340505367339   0
0.465421429525167   0.121479295350545   0.0655856396848252   -0.00774323480156294   0
0.390034658763923   0.133469787086526   -0.0753867707612438   0.0119904917359805   0
0.460670097142467   0.12046155590069   0.0706354383785437   -0.013008231185836   0
0.409663201661816   0.159836474971422   -0.0510068954806506   0.0393749190707322   0
0.349441717370208   0.148971173694955   -0.0602214842916088   -0.0108653012764668   0
0.431720638124378   0.142697617105998   0.0822789207541703   -0.0062735565889572   0
0.388940986310378   0.168156267622746   -0.0427796518139994   0.0254586505167478   0
0.450326948336972   0.139023952563443   0.0613859620265937   -0.0291323150593026   0
0.446134600675637   0.176978354131529   -0.00419234766133525   0.0379544015680862   0
0.366619318366831   0.159971060364062   -0.0795152823088056   -0.0170072937674669   0
0.42404641304415   0.153035996486946   0.0574270946773189   -0.00693506387711657   0
0.309905196871172   0.145441614431849   -0.114141216172978   -0.00759438205509727   0
0.325904501626121   0.122970754822702   0.0159993047549483   -0.022470859609147   0
0.340686862841818   0.147793764547299   0.0147823612156979   0.0248230097245975   0
0.308391421568127   0.154105798786037   -0.0322954412736918   0.00631203423873775   0
0.369458725293164   0.144160853793011   0.0610673037250378   -0.00994494499302553   0
0.308060117500529   0.15578466166892   -0.061398607792635   0.0116238078759091   0
0.404241713294435   0.137970977843938   0.0961815957939053   -0.0178136838249822   0
0.343981258716591   0.166616369183028   -0.0602604545778442   0.0286453913390895   0
0.359504029774716   0.143545499883321   0.0155227710581257   -0.0230708692997068   0
0.335607946005886   0.17037422274684   -0.0238960837688297   0.0268287228635195   0
0.337146500081048   0.151963078946409   0.00153855407516146   -0.0184111438004315   0
0.356240387873259   0.166081702939284   0.0190938877922111   0.0141186239928749   0
0.297593259778191   0.17288150585239   -0.0586471280950678   0.00679980291310633   0
0.378523858111692   0.151188006389197   0.0809305983335004   -0.0216934994631927   0
0.320821661165764   0.176635806094065   -0.0577021969459279   0.0254477997048672   0
0.364070259679145   0.155295733306046   0.0432485985133813   -0.0213400727880189   0
0.391160517483309   0.175197294311984   0.027090257804164   0.0199015610059384   0
0.312767901057701   0.19162856812817   -0.0783926164256076   0.0164312738161853   0
0.374431725488653   0.170115366534515   0.0616638244309517   -0.0215132015936542   0
0.3283072879441   0.182045298555057   -0.0461244375445533   0.0119299320205421   0
0.379475075773429   0.163307850797964   0.0511677878293297   -0.0187374477570937   0
0.328954767643881   0.176135142660998   -0.050520308129548   0.0128272918630339   0
0.298379012809631   0.175451133188845   -0.0305757548342503   -0.000684009472152192   0
0.361530036717684   0.179935060678151   0.063151023908053   0.00448392748930587   0
0.304486173245699   0.186351408667201   -0.0570438634719848   0.00641634798904922   0
0.303004576020165   0.18787313509121   -0.0014815972255342   0.00152172642400933   0
0.313168397287609   0.197227712883484   0.0101638212674444   0.00935457779227414   0
0.305207742669956   0.199919386849425   -0.00796065461765361   0.00269167396594083   0
0.307518913891959   0.168449544727264   0.00231117122200297   -0.0314698421221609   0
0.286492011082753   0.186777538561359   -0.0210269028092063   0.0183279938340952   0
0.340754248269923   0.184358030833349   0.05426223718717   -0.00241950772801031   0
0.273214013131483   0.211116561890582   -0.0675402351384398   0.0267585310572333   0
0.308903377209472   0.182469705728787   0.0356893640779897   -0.0286468561617955   0
0.296649584611356   0.181966864493127   -0.0122537925981165   -0.000502841235659857   0
0.229611981962636   0.214049740230373   -0.0670376026487196   0.0320828757372457   0
0.294163809581579   0.188083939837882   0.0645518276189429   -0.0259658003924906   0
0.252221279030557   0.214947078394171   -0.0419425305510224   0.0268631385562893   0
0.1939841627449   0.204124474358637   -0.0582371162856564   -0.0108226040355339   0
0.303233488079417   0.180661609709589   0.109249325334517   -0.023462864649048   0
0.277539029707535   0.200205336983059   -0.0256944583718821   0.0195437272734691   0
0.265830784188438   0.207754160294084   -0.0117082455190968   0.00754882331102563   0
0.285467350837202   0.203794969316155   0.0196365666487635   -0.00395919097792927   0
0.176142158558961   0.227318641272554   -0.109325192278241   0.0235236719563989   0
0.248290266659992   0.211131932829333   0.0721481081010316   -0.0161867084432208   0
0.215645045303467   0.234026066807204   -0.032645221356525   0.0228941339778711   0
0.180813871816186   0.225132852166782   -0.0348311734872815   -0.00889321464042245   0
0.286815675920965   0.19106965365934   0.106001804104779   -0.0340631985074421   0
0.21796722150913   0.215359830305584   -0.0688484544118352   0.0242901766462446   0
0.283083434317959   0.149962838441729   0.065116212808829   -0.0653969918638556   0
0.26543260148906   0.168957775356744   -0.0176508328288989   0.0189949369150155   0
0.229679743535297   0.178434208509747   -0.0357528579537623   0.00947643315300326   0
0.301926107543568   0.165678044068911   0.0722463640082703   -0.0127561644408364   0
0.225857601995178   0.207564399324457   -0.07606850554839   0.0418863552555458   0
0.233444670215535   0.181296144864066   0.00758706822035754   -0.0262682544603904   0
0.229388604222442   0.217961539185822   -0.00405606599309333   0.0366653943217554   0
0.172689116685402   0.227397231718528   -0.0566994875370399   0.00943569253270646   0
0.200985402021397   0.207686033238763   0.0282962853359948   -0.0197111984797654   0
0.188199268706363   0.212096735482827   -0.0127861333150334   0.00441070224406465   0
0.169343391992573   0.23325229881573   -0.0188558767137909   0.0211555633329023   0
0.195879131867181   0.205111876956754   0.0265357398746082   -0.028140421858976   0
0.174349417637175   0.232541677331941   -0.0215297142300057   0.0274298003751871   0
0.182645049238725   0.20848647814067   0.00829563160154947   -0.024055199191271   0
0.196351135091728   0.246789608529127   0.0137060858530034   0.0383031303884576   0
0.117561540682491   0.231758787449818   -0.0787895944092373   -0.0150308210793093   0
0.156420848015733   0.202076896191772   0.0388593073332419   -0.0296818912580467   0
0.209223993013445   0.206962624570839   0.0528031449977123   0.00488572837906737   0
0.0864561232960373   0.186209540416838   -0.122767869717408   -0.020753084154001   0
0.142397138207655   0.18071496872354   0.0559410149116178   -0.00549457169329803   0
0.11889170758838   0.20140526365639   -0.0235054306192748   0.0206902949328502   0
0.187915476278037   0.168279110243221   0.0690237686896571   -0.0331261534131695   0
0.161110018965005   0.202851185373046   -0.0268054573130319   0.0345720751298257   0
0.15817565601234   0.194287710955943   -0.00293436295266541   -0.00856347441710351   0
0.208516394993681   0.205473124684227   0.0503407389813413   0.0111854137282844   0
0.111734807440592   0.210886043289972   -0.0967815875530896   0.00541291860574492   0
0.159171479290952   0.20235799262384   0.0474366718503608   -0.00852805066613235   0
0.140512766851453   0.215894753383448   -0.0186587124394991   0.0135367607596086   0
0.123801547343257   0.214391288331056   -0.016711219508196   -0.00150346505239243   0
0.182213323409987   0.205876100199853   0.0584117760667296   -0.00851518813120278   0
0.189384453392801   0.220194347821987   0.007171129982814   0.0143182476221334   0
0.148721831972542   0.222059608088684   -0.0406626214202593   0.00186526026669759   0
0.168264193293879   0.21133114705244   0.0195423613213378   -0.0107284610362442   0
0.191382998728753   0.222074041585464   0.023118805434874   0.0107428945330243   0
0.163226186608762   0.187288329660052   -0.0281568121199913   -0.0347857119254118   0
0.237075277393152   0.152372066705975   0.0738490907843901   -0.0349162629540778   0
0.162993387956567   0.1847786662709   -0.074081889436585   0.032406599564925   0
0.157348334231602   0.167551088737883   -0.00564505372496488   -0.0172275775330165   0
0.188176428882605   0.182735981320045   0.0308280946510025   0.0151848925821622   0
0.104978356079718   0.174608454552608   -0.083198072802887   -0.00812752676743791   0
0.180279510147465   0.186147231162869   0.0753011540677475   0.0115387766102613   0
0.125108128160763   0.182041889048407   -0.0551713819867018   -0.00410534211446184   0
0.149564101776228   0.18360872533529   0.0244559736154649   0.0015668362868832   0
0.193574647812052   0.185188944317014   0.0440105460358237   0.00158021898172359   0
0.118002847397891   0.177571471730399   -0.0755718004141609   -0.00761747258661438   0
0.201401057135284   0.185319153248126   0.083398209737393   0.00774768151772692   0
0.131439778997418   0.174268757910017   -0.0699612781378665   -0.0110503953381096   0
0.181923417712646   0.163833611726196   0.0504836387152287   -0.0104351461838206   0
0.150201470425459   0.182695326219638   -0.0317219472871875   0.018861714493442   0
0.112427803865325   0.163711471447483   -0.0377736665601338   -0.0189838547721553   0
0.180222164143842   0.178179929599969   0.0677943602785171   0.0144684581524864   0
0.167972917102728   0.180496016109775   -0.012249247041114   0.0023160865098053   0
0.17701775973516   0.156832738918728   0.00904484263243202   -0.0236632771910462   0
0.174160682575336   0.174678068138934   -0.00285707715982433   0.0178453292202055   0
0.518379415978207   0.197794062060139   0.344218733402871   0.0231159939212049   1
0.301653426074014   0.220861562278297   -0.216725989904193   0.0230675002181582   1
0.177614155450966   0.107928455748727   -0.124039270623047   -0.112933106529569   1
0.152848307464525   0.132318840599789   -0.0247658479864411   0.0243903848510621   0
0.118145744106487   0.148460907450413   -0.0347025633580377   0.0161420668506232   0
0.196812366638888   0.167199056583762   0.0786666225324004   0.0187381491333491   0
0.127579674866571   0.164211145274156   -0.0692326917723167   -0.00298791130960571   0
0.261989056620692   0.164314783746016   0.134409381754121   0.000103638471859874   0
0.127506044829333   0.167259741562338   -0.134483011791358   0.0029449578163217   0
0.189402099759744   0.16536943551107   0.0618960549304105   -0.00189030605126747   0
0.115725399757573   0.173602171516516   -0.0736767000021713   0.00823273600544625   0
0.140983624672158   0.172139475641121   0.0252582249145856   -0.00146269587539574   0
0.127471744047887   0.169347716956858   -0.0135118806242714   -0.00279175868426301   0
0.10884501884611   0.183371276105338   -0.0186267252017771   0.01402355914848   0
0.190458173071202   0.199934056974418   0.0816131542250924   0.0165627808690807   0
0.0916315306237433   0.189352642844641   -0.0988266424474589   -0.0105814141297779   0
0.150148002052009   0.195290032857542   0.0585164714282654   0.00593739001290189   0
0.150120741562817   0.193941589955584   -2.72604891919936e-05   -0.0013484429019581   0
0.162067888081785   0.195189441764917   0.0119471465189683   0.00124785180933285   0
0.150295318037423   0.190276473429455   -0.0117725700443624   -0.00491296833546243   0
0.233727161453264   0.219428296464927   0.0834318434158411   0.0291518230354725   0
0.0829010019289876   0.21862878551897   -0.150826159524276   -0.000799510945956705   0
0.386374490296927   0.249167803738766   0.303473488367939   0.0305390182197951   0
0.21791730453087   0.296929584335243   -0.168457185766057   0.0477617805964771   0
0.109762619495847   0.258471318316946   -0.108154685035024   -0.0384582660182967   0
0.102633102520335   0.241656982197908   -0.00712951697551158   -0.016814336119038   0
0.444152782411458   0.412284642146964   0.341519679891123   0.170627659949056   0
