0.158695503295147   0.164871932252959   0   0   0
0.888936258309807   0.335571795049822   0.73024075501466   0.170699862796863   1
0.488964928691097   0.209147153785684   -0.39997132961871   -0.126424641264139   1
0.468622786992619   0.148536617301055   -0.020342141698478   -0.0606105364846291   0
0.383177067165677   0.158330209585031   -0.085445719826942   0.00979359228397672   0
0.259781339290739   0.17203960854187   -0.123395727874938   0.0137093989568389   0
0.311922843933127   0.139666399737016   0.0521415046423882   -0.0323732088048542   0
0.181501704105554   0.160299303945377   -0.130421139827573   0.0206329042083613   0
0.286285717324913   0.117569176593495   0.104784013219359   -0.0427301273518821   0
0.137256374999998   0.246352742172302   -0.149029342324915   0.128783565578806   0
0.398595160159641   0.39277524094226   0.261338785159643   0.146422498769958   0
0.220700327947763   0.311844105988874   -0.177894832211878   -0.0809311349533857   0
0.167468535995064   0.236824173850686   -0.0532317919526989   -0.0750199321381877   0
0.135961597345464   0.215558007498121   -0.0315069386496002   -0.0212661663525651   0
0.182687836446875   0.190946902250992   0.0467262391014109   -0.0246111052471287   0
0.107715925257921   0.18428157039924   -0.0749719111889537   -0.00666533185175239   0
0.188711637404507   0.171680267326279   0.0809957121465858   -0.0126013030729613   0
0.367326393263934   0.141831891386423   0.178614755859427   -0.029848375939856   0
0.27653723211584   0.115994591750004   -0.0907891611480935   -0.0258372996364191   1
0.276322626937082   0.107262330156024   -0.00021460517875771   -0.00873226159397909   0
0.0825960465631982   0.152491866049644   -0.193726580373884   0.0452295358936193   0
0.132392292716232   0.125640741176867   0.0497962461530336   -0.0268511248727767   0
0.129143553356643   0.141401256762449   -0.00324873935958919   0.0157605155855818   0
0.18997436047267   0.141688145928029   0.0608308071160275   0.00028688916558034   0
0.186794903672216   0.14846744604745   -0.00317945680045423   0.00677930011942085   0
0.112380815278232   0.25449865508932   -0.0744140883939843   0.10603120904187   0
0.198477820035288   0.385996656428981   0.086097004757056   0.131498001339661   0
0.339368173789544   0.284741497747017   0.140890353754256   -0.101255158681964   1
0.149578480302917   0.242713225740276   -0.189789693486627   -0.0420282720067409   0
0.06462605788109   0.247347794746407   -0.0849524224218265   0.00463456900613124   0
0.31080332297638   0.267768632153194   0.24617726509529   0.0204208374067871   0
0.167810647249571   0.260018756855751   -0.142992675726809   -0.00774987529744325   0
0.0865217398428418   0.26737208125945   -0.0812889074067293   0.0073533244036994   0
0.163713821380878   0.279908955707177   0.0771920815380361   0.0125368744477271   0
0.117744836153481   0.286262692910218   -0.0459689852273973   0.00635373720304117   0
0.132398845815589   0.28921824784451   0.014654009662108   0.00295555493429134   0
0.156632883705849   0.268548285073441   0.0242340378902604   -0.020669962771069   0
0.181992933487018   0.297007763621492   0.0253600497811686   0.0284594785480511   0
0.272513705694246   0.282205374971761   0.0905207722072282   -0.0148023886497304   0
0.193066627781085   0.254856573195832   -0.0794470779131608   -0.0273488017759294   0
0.265304775986506   0.279138149919086   0.0722381482054208   0.0242815767232537   0
0.251238763683573   0.323988605799112   -0.0140660123029333   0.0448504558800264   0
0.363260733377556   0.388199487934039   0.112021969693984   0.0642108821349267   1
0.396669574494944   0.274364358615054   0.0334088411173878   -0.113835129318985   1
0.422302035385812   0.325883466924528   0.0256324608908683   0.051519108309474   0
0.320284783931426   0.26228872828002   -0.102017251454387   -0.0635947386445084   0
0.147915578381995   0.261978956577146   -0.172369205549431   -0.000309771702873995   0
0.177120764914817   0.238551280673045   0.0292051865328228   -0.0234276759041005   0
0.18739939851507   0.262955218660421   0.0102786336002525   0.0244039379873761   0
0.233830713223563   0.283271390297803   0.0464313147084927   0.0203161716373813   0
0.171383299939813   0.254919313914227   -0.0624474132837494   -0.0283520763835761   0
0.183368560005607   0.253821537849431   0.011985260065794   -0.00109777606479583   0
0.226257567926931   0.276594934496729   0.0428890079213241   0.0227733966472986   0
0.227324857683646   0.263942764980403   0.00106728975671475   -0.0126521695163268   0
0.293443369161752   0.283239499730352   0.0661185114781054   0.0192967347499493   0
0.18058243183527   0.232482811567866   -0.112860937326481   -0.0507566881624856   0
0.254728502397827   0.261203153533796   0.0741460705625573   0.0287203419659301   0
0.279913857724122   0.252725168471108   0.0251853553262945   -0.00847798506268821   0
0.21017458990801   0.257406513834149   -0.0697392678161123   0.00468134536304093   0
0.218081994537939   0.278082659042685   0.00790740462992928   0.0206761452085356   0
0.240747106881962   0.244716260764891   0.0226651123440233   -0.0333663982777939   0
0.218989733903487   0.385752521276919   -0.0217573729784752   0.141036260512028   0
0.242140746400848   0.355210203924732   0.0231510124973615   -0.0305423173521867   0
0.293051855155363   0.273226138421089   0.0509111087545148   -0.0819840655036436   0
0.273268358506798   0.266847169369473   -0.019783496648565   -0.00637896905161622   0
0.222061777989595   0.273823128922211   -0.0512065805172036   0.00697595955273872   0
0.232920331758844   0.300706582851956   0.0108585537692496   0.0268834539297442   0
0.276483539258687   0.333769065328484   0.043563207499843   0.0330624824765288   0
0.342000924039629   0.377887773305118   0.0655173847809417   0.0441187079766334   0
0.405483881340812   0.334632594532422   0.0634829573011835   -0.0432551787726961   0
0.364604882637959   0.387333320009072   -0.0408789987028531   0.0527007254766503   0
0.498652686087983   0.561938156186248   0.134047803450023   0.174604836177176   0
0.347683829979193   0.746475519825374   -0.15096885610879   0.184537363639126   1
0.652958047349139   0.208444364379323   0.305274217369946   -0.538031155446051   1
0.472784427138839   0.307909513355385   -0.1801736202103   0.0994651489760619   0
0.29600178344287   0.294280598534273   -0.176782643695968   -0.0136289148211119   0
0.355187922203106   0.311613642824331   0.0591861387602359   0.0173330442900583   0
0.257436062786491   0.342260345243939   -0.0977518594166157   0.0306467024196071   0
0.305688964017169   0.360937938716617   0.0482529012306782   0.018677593472678   0
0.323003176670896   0.476086775505527   0.017314212653727   0.11514883678891   0
0.383760832492061   0.470255900298976   0.0607576558211655   -0.00583087520655134   0
0.373500496843043   0.37530858073091   -0.0102603356490183   -0.0949473195680656   1
0.354390712611095   0.378828589684702   -0.0191097842319476   0.00352000895379156   0
0.278019945293499   0.375780271216438   -0.0763707673175967   -0.00304831846826314   0
0.293773225875232   0.403718942487221   0.0157532805817331   0.0279386712707825   0
0.331487080427714   0.43051370072072   0.0377138545524826   0.0267947582334994   0
0.861811761540767   0.196608307837563   0.530324681113053   -0.233905392883157   1
1.53272266452871   0.157470789116307   0.670910902987947   -0.0391375187212559   1
1.37457004326924   0.219854223175835   -0.158152621259473   0.062383434059528   1
0.549409730897624   0.42380724635853   -0.825160312371617   0.203953023182695   1
0.414262464016244   0.49137176531904   -0.13514726688138   0.06756451896051   1
0.5011931278639   0.502484573727891   0.0869306638476562   0.0111128084088504   0
0.379224297786996   0.534894649228005   -0.121968830076905   0.0324100755001139   0
0.406134608371276   0.577334688741505   0.0269103105842806   0.0424400395135001   0
0.572735988054706   0.613460047045445   0.166601379683429   0.0361253583039407   0
0.423324018888605   0.610527264141004   -0.149411969166101   -0.00293278290444088   0
0.533433080787084   0.610945691246775   0.110109061898479   0.00041842710577078   0
0.396218558315597   0.572505372265623   -0.137214522471487   -0.0384403189811519   0
0.387172351089279   0.55297686995208   -0.00904620722631777   -0.019528502313543   0
0.499431641883051   0.562978290922483   0.112259290793772   0.0100014209704027   0
0.428379539276978   0.535855825985638   -0.0710521026060728   -0.0271224649368453   0
0.551617224705683   0.547914842060333   0.123237685428705   0.0120590160746955   0
0.524198403657432   0.552033096142115   -0.027418821048251   0.00411825408178212   0
0.364390831982677   0.533954572863179   -0.159807571674755   -0.0180785232789363   1
1.17576376882008   0.174676771847755   0.811372936837403   -0.359277801015425   1
1.31630886070177   0.404924200704589   0.140545091881692   0.230247428856834   1
0.788423853645239   0.26180015029469   -0.527885007056534   -0.143124050409898   1
0.410431932319794   0.294974088719857   -0.377991921325445   0.0331739384251664   1
0.427119591464732   0.287440918807239   0.0166876591449385   -0.00753316991261743   0
0.30671884336488   0.285384179001745   -0.120400748099852   -0.00205673980549448   0
0.342209122945853   0.327289599010188   0.0354902795809728   0.0419054200084435   0
0.428443559267367   0.325331554147842   0.0862344363215141   -0.00195804486234691   0
0.385915404946019   0.328371580074312   -0.042528154321348   0.00304002592647001   0
0.406522366519974   0.31221624285301   0.0206069615739547   -0.0161553372213011   0
0.415046179108169   0.334426415470205   0.00852381258819462   0.0222101726171943   0
0.305079213332146   0.357581972279434   -0.109966965776023   0.0231555568092294   0
0.527508955357158   0.307436775970686   0.222429742025012   -0.0501451963087478   1
0.478984611912533   0.291166653311295   -0.0485243434446248   -0.0162701226593911   0
0.445295504985633   0.331014098793767   -0.0336891069269   0.0398474454824722   0
0.429912791953915   0.43101277743386   -0.0153827130317184   0.0999986786400924   0
0.445271225469657   0.431709859316995   0.0153584335157422   0.000697081883135664   0
0.397027725251196   0.501265377602772   -0.0482435002184612   0.0695555182857769   0
0.489566403987243   0.611146597267996   0.0925386787360469   0.109881219665224   0
0.518068246055548   0.617274001956182   0.0285018420683057   0.00612740468818562   0
0.576597810170972   0.608725738189622   0.0585295641154234   -0.0085482637665597   0
0.519508382995886   0.625303840178517   -0.0570894271750859   0.0165781019888949   0
0.613118866485937   0.586778055990721   0.093610483490051   -0.0385257841877955   0
0.57522938641728   0.577407103907416   -0.0378894800686572   -0.00937095208330474   0
0.573645874180587   0.560112516446696   -0.0015835122366924   -0.0172945874607207   0
0.514642812487457   0.596740241697759   -0.0590030616931301   0.0366277252510633   0
0.551557562559013   0.962198421598165   0.0369147500715563   0.365458179900406   0
0.509564148900803   0.751362028020614   -0.0419934136582102   -0.210836393577551   0
0.549707669120597   0.668230836101006   0.0401435202197939   -0.0831311919196079   0
0.488821205367566   0.643658701680867   -0.0608864637530314   -0.0245721344201387   0
0.431897603656063   0.629296490159845   -0.0569236017115024   -0.0143622115210223   0
0.519575740451765   0.620705559189702   0.0876781367957017   -0.00859093097014352   0
0.416756833875979   0.614109077625466   -0.102818906575787   -0.00659648156423609   0
0.412874130689972   0.624942514225109   -0.0038827031860067   0.0108334365996431   0
0.476660165077007   0.646458831170439   0.0637860343870356   0.0215163169453303   0
0.440431675176763   0.62591509735846   -0.0362284899002441   -0.0205437338119793   0
0.430045514180604   0.654503725471635   -0.0103861609961595   0.0285886281131758   0
0.516204687394535   0.650947944897478   0.0861591732139315   -0.0035557805741574   0
0.487792771274134   0.680177874806473   -0.0284119161204014   0.0292299299089951   0
0.536049768146578   0.70234475860506   0.048256996872444   0.0221668837985868   0
0.52294968850158   0.59672110467328   -0.013100079644998   -0.10562365393178   0
0.502485061353678   0.606022509308854   -0.0204646271479015   0.00930140463557361   0
0.448630982840474   0.621598300443502   -0.0538540785132041   0.0155757911346479   0
0.486699600280666   0.659957875523317   0.0380686174401915   0.0383595750798152   0
0.500757341969663   0.691669980239312   0.0140577416889967   0.0317121047159947   0
0.560924493763839   0.71239839219867   0.0601671517941769   0.0207284119593582   0
0.602154382037995   0.730813912075092   0.041229888274156   0.018415519876422   0
0.557890669063357   0.78931545498172   -0.0442637129746386   0.0585015429066282   0
0.647828436790297   0.781315456029925   0.0899377677269403   -0.00799999895179504   0
0.620049238323183   0.687264119660339   -0.0277791984671136   -0.0940513363695865   1
0.648058252340019   0.6898341860306   0.0280090140168358   0.00257006637026103   0
0.545474772291845   0.722212618764031   -0.102583480048174   0.0323784327334318   0
0.626711891813756   0.733442415481611   0.0812371195219113   0.0112297967175796   0
0.604764997024638   0.753936900520362   -0.0219468947891184   0.0204944850387507   0
0.674202406730805   0.824790815302432   0.0694374097061674   0.0708539147820699   0
0.768979738420955   1.45529222391164   0.0947773316901496   0.630501408609209   1
0.89741544427595   1.65148210398798   0.128435705854995   0.196189880076338   0
0.952149352385958   1.59883956490778   0.0547339081100088   -0.0526425390801983   0
0.845555911270213   1.53624478313321   -0.106593441115746   -0.0625947817745713   0
0.887253709761193   1.42208331083643   0.0416977984909805   -0.11416147229678   0
0.676280378316568   1.42099327480331   -0.210973331444626   -0.00109003603311408   0
