0.186007457758285   0.06109335484263   0   0   0
0.136976013352156   0.0601490129887368   -0.0490314444061286   -0.000944341853893194   0
0.185948124174244   0.0556177833281991   0.0489721108220879   -0.00453122966053768   0
0.152542514799416   0.0376400486235738   -0.033405609374828   -0.0179777347046253   0
0.148908866797851   0.019553699231834   -0.00363364800156532   -0.0180863493917398   0
0.180880098494141   0.0152842320852047   0.03197123169629   -0.00426946714662931   0
0.1289923513072   0.0354766601431843   -0.051887747186941   0.0201924280579796   0
0.111963721702568   0.0104678661507539   -0.017028629604632   -0.0250087939924303   0
0.114045506406715   0.0242129091652057   0.00208178470414756   0.0137450430144517   0
0.0948640836246785   0.0510182345369526   -0.0191814227820366   0.0268053253717469   0
0.0856566362607125   0.0455371203703363   -0.00920744736396606   -0.00548111416661624   0
0.0638504289046675   0.0263786627078592   -0.021806207356045   -0.0191584576624772   0
0.0877206220881954   0.041088351985926   0.0238701931835279   0.0147096892780668   0
0.0934558606714421   0.0226715821012782   0.00573523858324666   -0.0184167698846478   0
0.0845254566324844   0.028062055005425   -0.00893040403895771   0.00539047290414679   0
0.100072000879866   0.0321468602184957   0.0155465442473821   0.00408480521307065   0
0.117475047163653   0.0298574892524037   0.0174030462837865   -0.00228937096609202   0
0.0334999704515885   0.0734783445228082   -0.0839750767120646   0.0436208552704046   0
0.0445923618860899   0.0509229699973794   0.0110923914345014   -0.0225553745254288   0
0.0790757232037115   0.0338351044020663   0.0344833613176217   -0.0170878655953131   0
0.0522125800435106   0.028608214248084   -0.0268631431602009   -0.00522689015398229   0
0.0624039307182649   0.0147456544826773   0.0101913506747543   -0.0138625597654067   0
0.0661945448587722   0.015712070735425   0.0037906141405073   0.00096641625274778   0
0.0834514784190789   0.0205914136040365   0.0172569335603068   0.00487934286861148   0
0.058691348095865   0.0159154750280419   -0.0247601303232139   -0.00467593857599463   0
0.0460626916956662   0.0424103200771345   -0.0126286564001988   0.0264948450490926   0
0.126596604444235   0.029677584529279   0.0805339127485684   -0.0127327355478555   0
0.0739092260650861   0.00864435867327502   -0.0526873783791485   -0.021033225856004   0
0.106240843122172   0.0319436307546861   0.0323316170570861   0.023299272081411   0
0.0947710374360226   0.0509530475419538   -0.0114698056861496   0.0190094167872677   0
0.099851592833064   0.0450548799629408   0.0050805553970414   -0.00589816757901301   0
0.132811208447179   0.0539730384942892   0.0329596156141149   0.00891815853134846   0
0.0956595182909678   0.0663185540651751   -0.0371516901562111   0.0123455155708859   0
0.0889581668630261   0.0538750326422177   -0.00670135142794165   -0.0124435214229574   0
0.115048522549792   0.0698245640162006   0.0260903556867659   0.0159495313739829   0
0.146792011230516   0.0672691703591066   0.0317434886807242   -0.00255539365709406   0
0.0802496264962579   0.0754692855790685   -0.0665423847342583   0.00820011521996196   0
0.129093540978238   0.0548796947055833   0.04884391448198   -0.0205895908734853   0
0.125093289006285   0.0690033810765291   -0.0040002519719527   0.0141236863709458   0
0.105831129939966   0.0715976073107525   -0.019262159066319   0.00259422623422341   0
0.09538392990651   0.069869595756917   -0.0104472000334562   -0.00172801155383549   0
0.138894461731777   0.0682068036113898   0.0435105318252668   -0.00166279214552724   0
0.106912428216274   0.0846651589752981   -0.0319820335155025   0.0164583553639083   0
0.097106630458996   0.0884735138213833   -0.00980579775727831   0.00380835484608519   0
0.142689898720337   0.0790890936731165   0.0455832682613409   -0.00938442014826678   0
0.132713620129397   0.0985915054233122   -0.00997627859093944   0.0195024117501957   0
0.118255033430844   0.105681450992937   -0.0144585866985536   0.0070899455696246   0
0.126537558550732   0.0835540676253556   0.00828252511988842   -0.0221273833675812   0
0.126808673067933   0.0752592677733156   0.000271114517201049   -0.00829479985203997   0
0.10258600010752   0.0908603228985679   -0.0242226729604138   0.0156010551252523   0
0.11032384939826   0.0904601182688246   0.00773784929074066   -0.000400204629743342   0
0.131559992483771   0.0968680785432048   0.0212361430855112   0.00640796027438027   0
0.13085185673654   0.0817363523948494   -0.000708135747231414   -0.0151317261483555   0
0.087193700505025   0.106382323321182   -0.043658156231515   0.0246459709263326   0
0.142829170903041   0.104108149873701   0.0556354703980156   -0.00227417344748095   0
0.135545622768572   0.114809642104061   -0.00728354813446874   0.0107014922303596   0
0.144666335497586   0.142575529481079   0.00912071272901374   0.0277658873770183   0
0.108983769890291   0.142978129033998   -0.0356825656072942   0.000402599552918798   0
0.161141230916547   0.1695339001482   0.0521574610262558   0.0265557711142027   0
0.136376098652073   0.173491021152112   -0.024765132264474   0.00395712100391132   0
0.116200908436381   0.173488404315858   -0.0201751902156927   -2.61683625410458e-06   0
0.169301337282994   0.174774550566759   0.0531004288466132   0.00128614625090101   0
0.127385701484272   0.191864211623742   -0.041915635798722   0.0170896610569831   0
0.123654062092032   0.214089924443101   -0.00373163939224017   0.0222257128193587   0
0.122450012112086   0.220058140692091   -0.00120404997994561   0.00596821624899019   0
0.137854405243068   0.23804014983187   0.015404393130982   0.0179820091397794   0
0.201608081790513   0.246435221627434   0.0637536765474446   0.00839507179556387   0
0.190694163843181   0.252534896223274   -0.0109139179473314   0.00609967459584049   0
0.174529644334136   0.253214885759924   -0.0161645195090452   0.000679989536649994   0
0.203746783842789   0.27269060040055   0.0292171395086526   0.0194757146406257   0
0.207238149009153   0.314846226570309   0.0034913651663647   0.042155626169759   0
0.219863581587993   0.323790988775263   0.0126254325788397   0.00894476220495383   0
0.315177086448492   0.299470559593827   0.0953135048604988   -0.0243204291814359   0
0.183754911434906   0.277056913345886   -0.131422175013586   -0.0224136462479407   0
0.248589593580364   0.305031586739181   0.0648346821454581   0.0279746733932946   0
0.26641712324978   0.315058954253506   0.0178275296694162   0.0100273675143245   0
0.250605889333356   0.322446825585956   -0.0158112339164242   0.00738787133245056   0
0.260098672110432   0.333730957356822   0.00949278277707633   0.011284131770866   0
0.265304158728204   0.341677602891048   0.00520548661777187   0.00794664553422564   0
0.254384567424834   0.3448843281965   -0.0109195913033697   0.00320672530545213   0
0.259530701836006   0.358312983713698   0.00514613441117212   0.0134286555171977   0
0.271060318802531   0.369261216480384   0.0115296169665252   0.0109482327666868   0
0.283098114781024   0.377402152896695   0.0120377959784928   0.00814093641631025   0
0.298856583484269   0.402700139891322   0.015758468703245   0.025297986994627   0
0.296500064626249   0.41814852883833   -0.00235651885801996   0.0154483889470088   0
0.298337027578913   0.427397465348768   0.00183696295266345   0.00924893651043723   0
0.30123888063558   0.438650475646901   0.00290185305666679   0.0112530102981335   0
0.305866773389127   0.434209689934667   0.00462789275354752   -0.00444078571223366   0
0.297308545474025   0.46816934900552   -0.00855822791510202   0.0339596590708526   0
0.30999175020384   0.462764587931934   0.012683204729815   -0.00540476107358617   0
0.287183876647506   0.458774297476984   -0.022807873556334   -0.00399029045494997   0
0.242722334119895   0.474939094121288   -0.0444615425276109   0.0161647966443046   0
0.252452678181283   0.476604980304182   0.00973034406138795   0.00166588618289393   0
0.267194369618775   0.4845224949685   0.0147416914374917   0.00791751466431762   0
0.270052853773067   0.510717511802023   0.00285848415429246   0.0261950168335234   0
0.241921942948216   0.530289310794353   -0.0281309108248509   0.0195717989923296   0
0.240713470564092   0.528630535906459   -0.00120847238412422   -0.00165877488789412   0
0.276225943673309   0.537255327717418   0.0355124731092168   0.00862479181095888   0
0.23840508038213   0.542783775491217   -0.0378208632911786   0.00552844777379935   0
0.234800748372423   0.538756404500448   -0.00360433200970711   -0.00402737099076944   0
0.232464405062366   0.535911746997582   -0.00233634331005672   -0.002844657502866   0
0.266945441361774   0.532252870986151   0.0344810362994071   -0.003658876011431   0
0.232052105495318   0.557874177217632   -0.034893335866456   0.0256213062314814   0
0.258603874651253   0.556197794626381   0.0265517691559352   -0.00167638259125114   0
0.256005877358456   0.54454175318014   -0.00259799729279669   -0.0116560414462413   0
0.304614553088588   0.558221864152597   0.0486086757301316   0.013680110972457   0
0.288409428922565   0.542559644764057   -0.0162051241660228   -0.0156622193885394   0
0.227034585098306   0.561676501879195   -0.0613748438242588   0.0191168571151382   0
0.289503866545578   0.560943789276831   0.0624692814472722   -0.000732712602364183   0
0.294780390917396   0.549304199988722   0.00527652437181786   -0.0116395892881093   0
0.285278642836613   0.578322439535248   -0.00950174808078275   0.0290182395465255   0
0.288499180140058   0.586095019127445   0.00322053730344457   0.00777257959219746   0
0.311990258607671   0.610159190010689   0.0234910784676133   0.024064170883244   0
0.326495401056077   0.604868068835585   0.0145051424484055   -0.005291121175104   0
0.293814803176167   0.615292102222392   -0.0326805978799093   0.0104240333868066   0
0.290854406908766   0.633658175873436   -0.00296039626740147   0.0183660736510441   0
0.377267465623952   0.662772165704965   0.0864130587151864   0.0291139898315295   0
0.337248005484228   0.681578242270834   -0.0400194601397242   0.0188060765658691   0
0.339001908571058   0.69234359577597   0.00175390308682982   0.0107653535051359   0
0.378166269786241   0.673448166571489   0.0391643612151835   -0.0188954292044813   0
0.445958371614486   0.714486409431628   0.0677921018282441   0.0410382428601392   0
0.392116390350977   0.702716553206376   -0.0538419812635083   -0.0117698562252517   0
0.355572299571395   0.702732825026873   -0.0365440907795822   1.62718204967938e-05   0
0.387527341645167   0.717360132400735   0.0319550420737719   0.0146273073738619   0
0.417305601255603   0.733703929436672   0.0297782596104356   0.0163437970359367   0
0.365293205698518   0.714938845545722   -0.0520123955570843   -0.0187650838909494   0
0.441007107010171   0.713188411476939   0.0757139013116522   -0.00175043406878306   0
0.369479473309641   0.734157313254598   -0.0715276337005292   0.0209689017776588   0
0.380755587177969   0.741500036749325   0.0112761138683277   0.00734272349472687   0
0.432221240228439   0.7654996436601   0.0514656530504699   0.0239996069107751   0
0.422672729013642   0.77233216024001   -0.00954851121479655   0.00683251657990969   0
0.410388380020548   0.773404898059548   -0.0122843489930941   0.00107273781953843   0
0.412532215426092   0.780924810651608   0.00214383540554408   0.0075199125920602   0
0.436216147463113   0.781599731461219   0.0236839320370201   0.000674920809611068   0
0.418753918468126   0.792929947008246   -0.0174622289949865   0.0113302155470268   0
0.430776106734113   0.792223297925844   0.0120221882659869   -0.000706649082402477   0
0.437759645719589   0.803549422834402   0.00698353898547582   0.011326124908558   0
0.440747141626681   0.800549829897523   0.00298749590709257   -0.00299959293687901   0
0.467723355705101   0.821662891204325   0.0269762140784191   0.0211130613068021   0
0.454032824575768   0.839371176525767   -0.0136905311293326   0.0177082853214419   0
0.447714481375128   0.834352687103002   -0.00631834320063973   -0.00501848942276462   0
0.437678778993922   0.846404694334513   -0.0100357023812067   0.0120520072315106   0
0.488545936806039   0.832442489391202   0.0508671578121172   -0.0139622049433101   0
0.476296649852799   0.864051877256366   -0.0122492869532396   0.0316093878651635   0
0.45324395136263   0.853217092298467   -0.0230526984901693   -0.0108347849578995   0
0.473019863075537   0.865976059586234   0.0197759117129073   0.012758967287767   0
0.503947583156473   0.874284537709835   0.0309277200809355   0.00830847812360147   0
0.48705031362196   0.875068030321072   -0.0168972695345123   0.000783492611236558   0
0.487065856434025   0.873251608401181   1.55428120642287e-05   -0.00181642191989073   0
0.5341889008026   0.889110627466571   0.0471230443685754   0.0158590190653902   0
0.495103298202759   0.910484878704199   -0.0390856025998412   0.0213742512376279   0
0.468913668915761   0.901346667797274   -0.0261896292869978   -0.0091382109069249   0
0.470585663899188   0.915874097603077   0.00167199498342735   0.0145274298058026   0
0.459732457024398   0.877318096001387   -0.0108532068747904   -0.0385560016016893   0
0.433203739003082   0.892744069918837   -0.0265287180213164   0.01542597391745   0
0.404044085348418   0.923974164275441   -0.0291596536546632   0.0312300943566037   0
0.438699298884373   0.936378399579198   0.0346552135359541   0.0124042353037567   0
0.499155806689014   0.932256864060678   0.0604565078046411   -0.00412153551851979   0
0.492882691544763   0.957302182151749   -0.00627311514425072   0.0250453180910708   0
0.448871897388732   0.962232057293354   -0.0440107941560313   0.00492987514160492   0
0.499547728449334   0.9496255783135   0.0506758310606028   -0.0126064789798537   0
0.506673654265988   0.965083846012485   0.00712592581665367   0.015458267698985   0
0.43057748942137   0.961766982009286   -0.0760961648446182   -0.00331686400319919   0
0.49149353350847   0.96975658506568   0.0609160440871001   0.00798960305639418   0
0.452229446446834   0.994584063268787   -0.039264087061636   0.0248274782031067   0
