0.0811004828262175   0.123140118135764   0   0   0
0.146742078933379   0.0691458759037732   0.0656415961071614   -0.0539942422319912   0
0.085118118059553   0.0905348565436263   -0.0616239608738259   0.0213889806398532   0
0.0754152774875224   0.100193356816328   -0.00970284057203061   0.00965850027270169   0
0.157815301645716   0.0731954595025026   0.0824000241581939   -0.0269978973138254   0
0.12238276585114   0.0799345684059782   -0.0354325357945765   0.00673910890347555   0
0.0938621957031158   0.106724343028234   -0.028520570148024   0.0267897746222562   0
0.143496932950813   0.0422754287427532   0.0496347372476968   -0.0644489142854811   0
0.128096253116514   0.0339115088150763   -0.0154006798342987   -0.00836391992767683   0
0.0727254402579895   0.0730331692908263   -0.0553708128585244   0.03912166047575   0
0.0799273940168832   0.0593771830454468   0.00720195375889372   -0.0136559862453795   0
0.0423086760369738   0.095755852098984   -0.0376187179799094   0.0363786690535372   0
0.0398591216779798   0.0849703762303222   -0.00244955435899397   -0.0107854758686618   0
0.128998652723275   0.0384044288123453   0.0891395310452948   -0.0465659474179769   0
0.0730245691400839   0.0676399990287552   -0.0559740835831907   0.0292355702164099   0
0.126592300705059   0.0341040932821853   0.0535677315649747   -0.0335359057465698   0
0.0557247297422787   0.0377380194586206   -0.07086757096278   0.00363392617643522   0
0.132930676789671   0.0344163098644378   0.0772059470473924   -0.00332170959418274   0
0.0368325775101282   0.0543122740449385   -0.0960980992795429   0.0198959641805007   0
0.116480156397774   0.0365134202441037   0.0796475788876463   -0.0177988538008348   0
0.0537846559671065   0.0348462575097172   -0.062695500430668   -0.0016671627343865   0
0.0781658036346458   0.027264181618433   0.0243811476675393   -0.00758207589128424   0
0.100735018351763   0.0434837561308818   0.0225692147171171   0.0162195745124488   0
0.047292214539499   0.0411969508571023   -0.0534428038122639   -0.00228680527377952   0
0.0743520116331764   0.0151914959567689   0.0270597970936774   -0.0260054549003334   0
0.134250946628916   0.0391602465457637   0.0598989349957394   0.0239687505889949   0
0.043441574905383   0.0472601951861712   -0.0908093717235329   0.00809994864040747   0
0.104679620736416   0.0373945829215275   0.0612380458310335   -0.00986561226464366   0
0.0907579860580324   0.0385596439535883   -0.0139216346783841   0.00116506103206077   0
0.114421825897553   0.0341653540123983   0.0236638398395209   -0.00439428994119002   0
0.0680488595825823   0.0368114531028554   -0.046372966314971   0.00264609909045715   0
0.115251042306523   0.0446942946562814   0.0472021827239409   0.00788284155342592   0
0.100315500428847   0.0339088213631055   -0.0149355418776762   -0.0107854732931759   0
0.0772784580299711   0.0273567714921279   -0.0230370423988759   -0.00655204987097763   0
0.0968376483838414   0.028862663409715   0.0195591903538703   0.00150589191758711   0
0.1489721189661   0.0413947427537604   0.0521344705822591   0.0125320793440454   0
0.116578828178448   0.0569897805752049   -0.0323932907876529   0.0155950378214445   0
0.0633858470762993   0.0367494443458673   -0.0531929811021483   -0.0202403362293376   0
0.0972949444689702   0.031857955804006   0.0339090973926709   -0.00489148854186131   0
0.1426809834602   0.0634088547937116   0.0453860389912302   0.0315508989897056   0
0.0948185690068143   0.0361614594310711   -0.0478624144533862   -0.0272473953626405   0
0.144903847189265   0.0443228460432656   0.0500852781824512   0.00816138661219451   0
0.100711202698558   0.0404699923819059   -0.0441926444907076   -0.00385285366135966   0
0.141180830674777   0.0563572478925162   0.040469627976219   0.0158872555106103   0
0.149744530983171   0.0604099795576145   0.00856370030839468   0.00405273166509825   0
0.0918047222816452   0.040684872313928   -0.0579398087015263   -0.0197251072436865   0
0.139098526264659   0.057690209154002   0.0472938039830137   0.017005336840074   0
0.156239704740664   0.0715991283354255   0.0171411784760055   0.0139089191814234   0
0.131540495761115   0.0579459839784648   -0.0246992089795491   -0.0136531443569607   0
0.154639662921128   0.0885351484207544   0.0230991671600124   0.0305891644422895   0
0.0792439557224398   0.0877988517402847   -0.0753957071986879   -0.000736296680469622   0
0.215772869155137   0.11842186151826   0.136528913432698   0.0306230097779755   0
0.173504603856958   0.110536125047301   -0.0422682652981791   -0.0078857364709595   0
0.156812498726377   0.121352133681798   -0.0166921051305812   0.0108160086344974   0
0.114482413431278   0.131707372805996   -0.0423300852950993   0.0103552391241983   0
0.141154375188302   0.12598639866743   0.0266719617570245   -0.00572097413856676   0
0.154671429761285   0.126455542860614   0.0135170545729823   0.000469144193183973   0
0.0841350234203925   0.112870666299052   -0.0705364063408921   -0.0135848765615613   0
0.173587339161616   0.133842893000573   0.0894523157412237   0.0209722267015211   0
0.174650885479605   0.11893668395327   0.00106354631798847   -0.0149062090473036   0
0.0705433163077835   0.0914347139306784   -0.104107569171821   -0.0275019700225914   0
0.178197653783657   0.106813224027529   0.107654337475873   0.0153785100968501   0
0.102386070733523   0.0911912220644756   -0.0758115830501336   -0.015622001963053   0
0.131841608523448   0.103832757475819   0.0294555377899245   0.0126415354113433   0
0.125329404409141   0.12233413244607   -0.00651220411430664   0.0185013749702507   0
0.0844186063454616   0.132944946160478   -0.0409107980636794   0.0106108137144088   0
0.173111024898358   0.154634476734249   0.0886924185528967   0.0216895305737707   0
0.160285827343094   0.13224052231038   -0.0128251975552647   -0.022393954423869   0
0.0655032087954476   0.127641042661642   -0.094782618547646   -0.00459947964873839   0
0.150042928646571   0.157003932888616   0.0845397198511234   0.0293628902269739   0
0.143145343238717   0.145095950312664   -0.00689758540785437   -0.0119079825759517   0
0.0690198640580377   0.134508518312938   -0.074125479180679   -0.0105874319997254   0
0.12553665795028   0.139893194945733   0.0565167938922423   0.00538467663279504   0
0.0864432685168579   0.142227405175888   -0.0390933894334221   0.00233421023015412   0
0.0636702880522776   0.147746044622826   -0.0227729804645803   0.00551863944693809   0
0.188465702948839   0.173636672382686   0.124795414896562   0.0258906277598603   0
0.110837472468703   0.170694502187395   -0.0776282304801367   -0.00294217019529125   0
0.111391981167336   0.150867143727727   0.000554508698633285   -0.0198273584596682   0
0.111889500573155   0.179454831516334   0.000497519405818922   0.028587687788607   0
0.115481162011613   0.176345040481729   0.00359166143845863   -0.00310979103460493   0
0.194852583272817   0.186525292700487   0.0793714212612034   0.0101802522187588   0
0.151929295254346   0.179958245659938   -0.0429232880184713   -0.00656704704054967   0
0.0950143866764397   0.169696506920156   -0.0569149085779058   -0.0102617387397819   0
0.205823968429182   0.174655079841877   0.110809581752742   0.00495857292172139   0
0.108241344644918   0.156208068778673   -0.0975826237842636   -0.0184470110632046   0
0.121932607456127   0.173768852467157   0.0136912628112088   0.0175607836884842   0
0.173667987933873   0.202624580812645   0.0517353804777462   0.0288557283454879   0
0.136307729624919   0.181967377728956   -0.0373602583089545   -0.0206572030836889   0
0.0935444935419146   0.166154130764939   -0.0427632360830043   -0.0158132469640167   0
0.20047383965019   0.162410138965552   0.106929346108275   -0.00374399179938689   0
0.130762145278211   0.18297974474644   -0.0697116943719786   0.0205696057808882   0
0.0744299155309208   0.182187769775039   -0.0563322297472904   -0.000791974971401738   0
0.192889132493487   0.211285501137259   0.118459216962566   0.0290977313622199   0
0.186429414736007   0.19376137053668   -0.00645971775748033   -0.0175241306005788   0
0.160622432368272   0.211835570398859   -0.0258069823677351   0.0180741998621794   0
0.14740311803639   0.186320868930623   -0.0132193143318814   -0.0255147014682359   0
0.081621347243843   0.190816680103025   -0.0657817707925472   0.00449581117240128   0
0.168117122434004   0.223287293089553   0.0864957751901613   0.0324706129865286   0
0.0697643088201266   0.211611247326607   -0.0983528136138777   -0.011676045762946   0
0.116514652531516   0.203529898249993   0.0467503437113898   -0.00808134907661417   0
0.223304681703295   0.216010714711221   0.106790029171779   0.012480816461228   0
0.218784462271181   0.231787558897695   -0.00452021943211378   0.0157768441864742   0
0.118789091250039   0.226516724658738   -0.0999953710211428   -0.00527083423895722   0
0.211129175225406   0.246859566496905   0.0923400839753669   0.0203428418381673   0
0.125263808414482   0.22426520402082   -0.0858653668109237   -0.0225943624760853   0
0.143820841077571   0.240504415100617   0.0185570326630894   0.0162392110797973   0
0.166140909773993   0.242116323863143   0.0223200686964215   0.00161190876252607   0
0.119250468785745   0.206263729391167   -0.0468904409882475   -0.0358525944719765   0
0.110662828401902   0.191770484210455   -0.00858764038384283   -0.0144932451807115   0
0.214247584178422   0.219872173501452   0.10358475577652   0.0281016892909964   0
0.185560096040313   0.23234050910679   -0.0286874881381095   0.0124683356053386   0
0.180907930100507   0.226743766960092   -0.0046521659398053   -0.00559674214669834   0
0.10313299512902   0.203281239331136   -0.0777749349714871   -0.0234625276289562   0
0.233153184839581   0.215149281205423   0.130020189710561   0.0118680418742868   0
0.133288720543976   0.210838577422403   -0.0998644642956059   -0.00431070378301987   0
0.225340662249315   0.245814986452215   0.0920519417053398   0.034976409029812   0
0.19351259500725   0.257928118400655   -0.0318280672420652   0.0121131319484406   0
0.121039336608972   0.248137517332406   -0.0724732583982782   -0.00979060106824955   0
0.174469308545773   0.243559678245908   0.0534299719368007   -0.00457783908649828   0
0.197159280496785   0.220131290365256   0.0226899719510125   -0.0234283878806519   0
0.138438233255304   0.234206744756636   -0.058721047241481   0.0140754543913802   0
0.140346544975785   0.269214385992372   0.00190831172048073   0.0350076412357363   0
0.27787268817651   0.332491914242287   0.137526143200725   0.0632775282499143   0
0.221993063918245   0.300127886249633   -0.0558796242582651   -0.0323640279926538   0
0.156478573341944   0.25583201688657   -0.0655144905763015   -0.0442958693630632   0
0.228180318040996   0.240778988737078   0.0717017446990523   -0.0150530281494914   0
0.166220977384474   0.245418684471048   -0.0619593406565213   0.00463969573397022   0
0.215673409246968   0.233910251957754   0.0494524318624932   -0.0115084325132943   0
0.139649963789648   0.233016215187913   -0.0760234454573196   -0.000894036769840623   0
0.210646592561119   0.268250576695093   0.0709966287714708   0.0352343615071795   0
0.151917638352266   0.23844039585345   -0.0587289542088524   -0.0298101808416429   0
0.199694709149341   0.225246101108876   0.0477770707970749   -0.0131942947445741   0
0.178303238939314   0.249468570117139   -0.0213914702100276   0.0242224690082632   0
0.192451100543099   0.242263431674077   0.0141478616037853   -0.00720513844306253   0
0.232538328492939   0.277933753472837   0.0400872279498399   0.0356703217987608   0
0.199591856478389   0.254528468319361   -0.0329464720145495   -0.0234052851534764   0
0.144669425470623   0.239892182828292   -0.0549224310077669   -0.0146362854910695   0
0.214201391466559   0.241490279865158   0.0695319659959364   0.00159809703686672   0
0.143614101598094   0.222425405643493   -0.0705872898684651   -0.0190648742216652   0
0.197503662075644   0.260650593589598   0.0538895604775498   0.0382251879461053   0
0.163233662467335   0.242267776358103   -0.0342699996083081   -0.0183828172314951   0
0.223617704228355   0.26931592434676   0.0603840417610194   0.0270481479886571   0
0.16697550600651   0.25745850255381   -0.0566421982218451   -0.0118574217929508   0
0.219993719904365   0.242005874609481   0.0530182138978547   -0.0154526279443283   0
0.169675587248284   0.251533947171152   -0.0503181326560806   0.0095280725616709   0
0.213476653600716   0.256194268106256   0.0438010663524319   0.00466032093510338   0
0.166445437654205   0.254788499729678   -0.0470312159465103   -0.00140576837657791   0
0.203846091446071   0.267562395322568   0.0374006537918657   0.01277389559289   0
0.192904933910359   0.273256157782858   -0.0109411575357121   0.00569376246028991   0
0.161497788221511   0.256684358092697   -0.0314071456888481   -0.0165717996901605   0
0.177175015640242   0.284102375735403   0.0156772274187311   0.0274180176427056   0
0.175451593818495   0.26896028006241   -0.00172342182174742   -0.0151420956729929   0
0.23520211553819   0.302297476358553   0.0597505217196953   0.0333371962961432   0
0.154785738128808   0.270620806641877   -0.0804163774093817   -0.0316766697166765   0
0.183743480393183   0.294296335969801   0.0289577422643747   0.0236755293279244   0
0.237081007859002   0.307967386348782   0.0533375274658187   0.0136710503789811   0
0.18034290149371   0.291428729343042   -0.0567381063652917   -0.0165386570057402   0
0.169383546373253   0.334887375552961   -0.0109593551204568   0.0434586462099191   0
0.211957534813556   0.380864557013054   0.0425739884403033   0.0459771814600932   0
0.169585401274638   0.356330742699111   -0.0423721335389184   -0.0245338143139432   0
0.247883658193032   0.374885210656876   0.0782982569183941   0.0185544679577647   0
0.224610161949543   0.351261137159379   -0.023273496243489   -0.0236240734974967   0
0.159954151586759   0.366269628074729   -0.0646560103627838   0.0150084909153497   0
0.161499043600295   0.333804018700345   0.00154489201353569   -0.032465609374384   0
0.241881546179137   0.347736620157412   0.0803825025788419   0.0139326014570671   0
0.156718564004195   0.33112043265291   -0.0851629821749422   -0.0166161875045021   0
0.255431380020075   0.353380483788367   0.0987128160158803   0.0222600511354569   0
0.211824561365862   0.32096310338028   -0.0436068186542126   -0.032417380408087   0
0.196062139647001   0.330199792735943   -0.0157624217188617   0.00923668935566391   0
0.161711977948976   0.322000678147578   -0.034350161698025   -0.00819911458836559   0
0.182977942699687   0.35099455568641   0.0212659647507115   0.0289938775388317   0
0.15656917063509   0.306299898048873   -0.0264087720645969   -0.0446946576375366   0
0.220175163672677   0.331138343746613   0.0636059930375865   0.02483844569774   0
0.203486298514888   0.289693386556373   -0.0166888651577891   -0.0414449571902403   0
0.165981377098985   0.330023757595934   -0.0375049214159023   0.0403303710395616   0
0.236022198850023   0.347693394226943   0.070040821751038   0.0176696366310089   0
0.359137266250664   0.428822491290394   0.12311506740064   0.0811290970634507   0
0.296717570639152   0.445159136213669   -0.0624196956115118   0.0163366449232753   0
0.262717222043017   0.389342595606363   -0.0340003485961347   -0.0558165406073061   0
0.1860234037112   0.340316145524643   -0.0766938183318174   -0.0490264500817201   0
0.205222040536586   0.354369838242831   0.0191986368253859   0.0140536927181876   0
0.165130873020069   0.339811648369358   -0.0400911675165171   -0.0145581898734729   0
0.222573876632546   0.372674588719837   0.0574430036124779   0.0328629403504798   0
0.234410733208379   0.396398918354982   0.0118368565758329   0.0237243296351448   0
0.166103245900614   0.376015179723173   -0.0683074873077649   -0.0203837386318094   0
0.23673661813129   0.369495455723409   0.0706333722306751   -0.00651972399976342   0
0.215148700900772   0.360480708015006   -0.0215879172305172   -0.00901474770840344   0
0.17937297222851   0.3289052694869   -0.0357757286722618   -0.0315754385281065   0
0.264081911043449   0.363990737721099   0.0847089388149383   0.0350854682341997   0
0.218165096651962   0.332570007140602   -0.0459168143914866   -0.0314207305804974   0
0.166839689051867   0.343816269264923   -0.0513254076000954   0.0112462621243211   0
0.259943165400612   0.347442543058921   0.0931034763487453   0.00362627379399777   0
0.222173151019312   0.355273699886088   -0.0377700143813001   0.00783115682716712   0
0.214355910959437   0.317586446567702   -0.00781724005987519   -0.0376872533183856   0
0.252398514766549   0.371203637291918   0.0380426038071125   0.053617190724216   0
0.24164416032526   0.346873368021747   -0.0107543544412892   -0.0243302692701717   0
0.202381779170527   0.34740767538621   -0.0392623811547327   0.000534307364463082   0
0.234770801281952   0.363920193496802   0.0323890221114251   0.0165125181105927   0
0.259254166219176   0.355526621307744   0.0244833649372233   -0.00839357218905828   0
0.220285554261849   0.325112674347295   -0.0389686119573268   -0.0304139469604494   0
0.277145287784674   0.368349443169458   0.0568597335228255   0.0432367688221637   0
0.246562306081952   0.346117110742159   -0.0305829817027228   -0.0222323324272992   0
0.203048088773557   0.357480491673672   -0.0435142173083943   0.0113633809315126   0
0.285226989315527   0.401591289994255   0.0821789005419701   0.0441107983205836   0
0.277149535070167   0.386555267301132   -0.00807745424535994   -0.0150360226931228   0
0.222193926776611   0.332068484252119   -0.0549556082935564   -0.0544867830490131   0
0.267260628093627   0.387690749328959   0.045066701317016   0.05562226507684   0
0.235953557486726   0.349234664514421   -0.0313070706069012   -0.0384560848145387   0
0.282259467146808   0.369191716416078   0.0463059096600822   0.0199570519016576   0
0.280982340076739   0.382610495449681   -0.00127712707006938   0.0134187790336022   0
0.215503628542004   0.367948935286882   -0.0654787115347347   -0.0146615601627986   0
0.278972314422489   0.415370089765139   0.063468685880485   0.0474211544782575   0
0.265695480845723   0.386730705756926   -0.0132768335767658   -0.0286393840082135   0
0.317858923612347   0.429009148863984   0.0521634427666242   0.0422784431070581   0
0.316534891564895   0.435033645458889   -0.00132403204745202   0.00602449659490462   0
0.289781098236721   0.420924606903065   -0.0267537933281738   -0.0141090385558234   0
0.337107553742125   0.444516736424232   0.047326455505404   0.0235921295211665   0
0.292811164580881   0.418590617622397   -0.0442963891612447   -0.0259261188018345   0
0.321268507680102   0.448120197151668   0.0284573430992217   0.029529579529271   0
0.310376814115182   0.441977770817436   -0.0108916935649208   -0.00614242633423229   0
0.279156659723644   0.403406390729002   -0.0312201543915374   -0.0385713800884342   0
0.329769139588592   0.410160984647796   0.0506124798649473   0.00675459391879479   0
0.292502733311212   0.383660294873603   -0.0372664062773795   -0.0265006897741935   0
0.307628445190639   0.39774004123485   0.0151257118794271   0.0140797463612467   0
0.292342323551021   0.415747247366113   -0.0152861216396178   0.0180072061312633   0
0.305445455089137   0.432228464487243   0.0131031315381157   0.0164812171211301   0
0.346719568454104   0.429404325006165   0.0412741133649669   -0.00282413948107835   0
0.308336556727369   0.419717306796491   -0.0383830117267349   -0.0096870182096736   0
0.311931112358418   0.408775237236186   0.00359455563104905   -0.0109420695603054   0
0.296954001632181   0.381675909647832   -0.0149771107262365   -0.0270993275883539   0
0.329161575711701   0.406666605421443   0.0322075740795197   0.0249906957736115   0
0.33067069226141   0.412392989815843   0.00150911654970864   0.00572638439439954   0
0.306128433580172   0.3855465350791   -0.0245422586812374   -0.0268464547367426   0
0.364540258586072   0.437463422017201   0.0584118250058994   0.051916886938101   0
0.31461726499226   0.407820474712526   -0.0499229935938116   -0.0296429473046754   0
0.351065857224823   0.436372905275121   0.0364485922325631   0.0285524305625953   0
0.330620066568319   0.417016171098316   -0.0204457906565038   -0.0193567341768053   0
0.306241045118449   0.411980474099805   -0.0243790214498704   -0.00503569699851114   0
0.358479314591289   0.414294537848678   0.0522382694728394   0.0023140637488735   0
0.340928040156116   0.422360536151876   -0.0175512744351728   0.00806599830319749   0
0.298030329446753   0.379128636315895   -0.0428977107093629   -0.0432318998359811   0
0.353875982279612   0.446296283927225   0.0558456528328589   0.0671676476113299   0
0.337600267361417   0.455356724961321   -0.016275714918195   0.00906044103409614   0
0.320040644591606   0.411019565389836   -0.0175596227698111   -0.0443371595714844   0
0.362244637043656   0.48303768751672   0.0422039924520504   0.0720181221268831   0
