0.140531235869326   0.105594466422027   0   0   0
0.144988711406026   0.121356780164738   0.00445747553670087   0.0157623137427112   0
0.114943913248391   0.105506569377504   -0.0300447981576355   -0.0158502107872342   0
0.158078280050392   0.11784683399745   0.0431343668020007   0.0123402646199462   0
0.10296467667613   0.104183218911217   -0.0551136033742615   -0.0136636150862331   0
0.149850195930469   0.108657131501641   0.0468855192543391   0.00447391259042471   0
0.0767914048312049   0.108022274690223   -0.0730587910992643   -0.00063485681141838   0
0.102936849421866   0.110338015177046   0.0261454445906615   0.0023157404868228   0
0.069533912197215   0.110761489293888   -0.0334029372246515   0.000423474116841849   0
0.135876549581486   0.0928013094523052   0.0663426373842709   -0.0179601798415825   0
0.0658605079479357   0.105644995485222   -0.0700160416335502   0.0128436860329165   0
0.109521409901946   0.101006491015751   0.04366090195401   -0.00463850446947055   0
0.11128456193399   0.0910270329357713   0.00176315203204409   -0.00997945807997973   0
0.119991727591739   0.0745986297465476   0.00870716565774884   -0.0164284031892237   0
0.0877809160424406   0.072703158897757   -0.032210811549298   -0.00189547084879065   0
0.14543766816255   0.0536481454242362   0.0576567521201094   -0.0190550134735207   0
0.0771522246889226   0.0370933739293489   -0.0682854434736273   -0.0165547714948873   0
0.170160093623718   0.0360165861934817   0.0930078689347954   -0.00107678773586715   0
0.0715812208921446   0.0536379731582486   -0.0985788727315735   0.0176213869647669   0
0.14527436650972   0.0377094816762406   0.0736931456175752   -0.015928491482008   0
0.0620034261580761   0.0297592221539143   -0.0832709403516437   -0.00795025952232627   0
0.181092535681199   0.0365348837831014   0.119089109523123   0.00677566162918707   0
0.0824444789434077   0.023847251947237   -0.0986480567377915   -0.0126876318358644   0
0.174351395868506   0.0351550621629023   0.091906916925098   0.0113078102156653   0
0.0727457543267647   0.046904427213697   -0.101605641541741   0.0117493650507947   0
0.134343249931993   0.0182810465270044   0.0615974956052286   -0.0286233806866926   0
0.126309398819407   0.0291277032457933   -0.00803385111258628   0.0108466567187889   0
0.150179439208568   0.0194988830485081   0.0238700403891612   -0.00962882019728526   0
0.197255333829049   0.0514708321272012   0.047075894620481   0.0319719490786931   0
0.189079625184389   0.0591141469452533   -0.00817570864466047   0.00764331481805213   0
0.193679091408572   0.0443535102766951   0.00459946622418339   -0.0147606366685582   0
0.113886349548394   0.0946672691496908   -0.0797927418601784   0.0503137588729957   0
0.186793914474762   0.043199310271399   0.0729075649263683   -0.0514679588782918   0
0.0694238775389592   0.102970820544961   -0.117370036935803   0.0597715102735617   0
0.175921627510036   0.0439080626797915   0.106497749971077   -0.0590627578651692   0
0.0742029226875896   0.0968767081894431   -0.101718704822447   0.0529686455096515   0
0.19120907063354   0.050729028724193   0.11700614794595   -0.04614767946525   0
0.0926566368295634   0.09164117452521   -0.0985524338039767   0.040912145801017   0
0.237579412218404   0.0515588851478336   0.14492277538884   -0.0400822893773764   0
0.121695889969886   0.100042606590442   -0.115883522248518   0.0484837214426086   0
0.263487985164224   0.0634255179498165   0.141792095194339   -0.0366170886406257   0
0.137903674567217   0.10817667389419   -0.125584310597007   0.0447511559443738   0
0.256558588610287   0.0581361285439614   0.11865491404307   -0.0500405453502289   0
0.11063145838498   0.108631845303806   -0.145927130225307   0.0504957167598445   0
0.242658755308396   0.0536292359180606   0.132027296923416   -0.0550026093857452   0
0.159492543116222   0.0831624594697181   -0.0831662121921738   0.0295332235516575   0
0.31391427788906   0.081150108963636   0.154421734772838   -0.00201235050608203   0
0.241629776574349   0.105274388627339   -0.0722845013147106   0.024124279663703   0
0.302476159757377   0.0921660542713666   0.0608463831830272   -0.0131083343559723   0
0.247202345242799   0.11360405165223   -0.0552738145145776   0.0214379973808632   0
0.30341500736483   0.116667783434888   0.0562126621220312   0.00306373178265851   0
0.255694597354852   0.106032973133314   -0.0477204100099781   -0.0106348103015747   0
0.321496534861777   0.10600430524224   0.0658019375069251   -2.86678910735444e-05   0
0.216943292875857   0.123671387938207   -0.10455324198592   0.017667082695967   0
0.327646016771286   0.0987207320809185   0.110702723895429   -0.0249506558572885   0
0.198585291795163   0.123010024236737   -0.129060724976123   0.024289292155818   0
0.333629420803097   0.093726003356926   0.135044129007934   -0.0292840208798105   0
0.212817362243403   0.123857979349087   -0.120812058559694   0.0301319759921612   0
0.384134670127418   0.0922174120227438   0.171317307884014   -0.0316405673263433   0
0.246883391820612   0.140012614018568   -0.137251278306805   0.0477952019958241   0
0.380425578889222   0.119179635091581   0.13354218706861   -0.0208329789269866   0
0.265718032216954   0.149553159984034   -0.114707546672269   0.0303735248924524   0
0.403707626442999   0.130958598435664   0.137989594226045   -0.0185945615483696   0
0.273490673874339   0.158776806568135   -0.13021695256866   0.027818208132471   0
0.367528939835437   0.15108445773242   0.0940382659610977   -0.00769234883571476   0
0.254360005995439   0.164968561651273   -0.113168933839997   0.0138841039188531   0
0.367814562639926   0.145541413268441   0.113454556644487   -0.0194271483828329   0
0.263937069664267   0.168527322322435   -0.103877492975659   0.0229859090539948   0
0.412140716105749   0.155021480230393   0.148203646441483   -0.0135058420920424   0
0.293781759737326   0.17829640524489   -0.118358956368423   0.023274925014497   0
0.429642616940452   0.162882853121292   0.135860857203126   -0.0154135521235975   0
0.326499348271463   0.194256995600705   -0.103143268668989   0.0313741424794131   0
0.460784246405148   0.162649317995035   0.134284898133685   -0.0316076776056705   0
0.334654824064453   0.189397953393939   -0.126129422340695   0.0267486353989036   0
0.467699794070556   0.168861247247503   0.133044970006102   -0.020536706146435   0
0.368689598205876   0.189605481782654   -0.0990101958646799   0.020744234535151   0
0.505780415026679   0.169388703161855   0.137090816820804   -0.0202167786207992   0
0.399396999975764   0.18252851486361   -0.106383415050916   0.0131398117017544   0
0.569461639870501   0.163150462446364   0.170064639894737   -0.0193780524172455   0
0.432609613142947   0.175184085645829   -0.136852026727554   0.0120336231994644   0
0.625934440011124   0.178539594554611   0.193324826868178   0.00335550890878278   0
0.482706105912283   0.180721764243304   -0.143228334098842   0.00218216968869306   0
0.623348167900896   0.175892163270717   0.140642061988613   -0.00482960097258764   0
0.468746145823558   0.195318370925778   -0.154602022077338   0.0194262076550617   0
0.66755635356369   0.178119954579133   0.198810207740132   -0.0171984163466452   0
0.559439946278919   0.20572583263239   -0.108116407284771   0.0276058780532564   0
0.676176561631361   0.186052748031036   0.116736615352442   -0.0196730846013541   0
0.5985391449899   0.215014706341363   -0.0776374166414617   0.0289619583103273   0
0.726237932373929   0.222715164258212   0.12769878738403   0.00770045791684948   0
0.689003776689939   0.25808632966885   -0.03723415568399   0.0353711654106375   0
0.724637638421191   0.25671326733905   0.0356338617312512   -0.00137306232979967   0
0.755711118015615   0.264186977215429   0.031073479594424   0.00747370987637891   0
0.718574747452685   0.266329959117544   -0.0371363705629295   0.00214298190211465   0
0.774553506823357   0.238021229320459   0.0559787593706718   -0.0283087297970848   0
0.673454550204459   0.238695480063331   -0.101098956618898   0.00067425074287164   0
0.780581378817635   0.244595611787934   0.107126828613176   0.00590013172460369   0
0.641184175383142   0.251824913780135   -0.139397203434493   0.0072293019922009   0
0.812774638111943   0.245594490191662   0.171590462728801   -0.00623042358847287   0
0.634608707212216   0.28721468993314   -0.178165930899727   0.0416201997414781   0
0.831260420353117   0.26880772866131   0.196651713140901   -0.0184069612718303   0
0.70790725510691   0.312225673252577   -0.123353165246206   0.0434179445912668   0
0.854192477407499   0.292402785207734   0.146285222300588   -0.0198228880448432   0
0.804008929369568   0.287221014724306   -0.0501835480379301   -0.00518177048342766   0
0.926863729230036   0.266322151500908   0.122854799860468   -0.0208988632233982   0
0.852512547514111   0.278061881250653   -0.074351181715925   0.0117397297497457   0
0.935236776995264   0.25735738953996   0.0827242294811531   -0.0207044917106939   0
0.849424492327011   0.287251663413587   -0.0858122846682537   0.0298942738736271   0
1.00112074648616   0.259480686226721   0.151696254159151   -0.0277709771868657   0
0.854861074025482   0.289622953213743   -0.146259672460681   0.0301422669870221   0
0.977785682330233   0.265524602992119   0.122924608304752   -0.0240983502216239   0
0.861566385818876   0.29601128214183   -0.116219296511358   0.0304866791497107   0
0.967626805697837   0.292445790959624   0.106060419878961   -0.00356549118220606   0
0.856710646464137   0.312190760264858   -0.1109161592337   0.0197449693052342   0
0.97111640690599   0.306394367958127   0.114405760441853   -0.00579639230673124   0
0.833187820749319   0.300616868936608   -0.137928586156671   -0.00577749902151836   0
1.01442057786354   0.280706113776442   0.181232757114222   -0.0199107551601669   0
0.939495509427267   0.30736953133657   -0.0749250684362739   0.0266634175601282   0
1.01871577653338   0.315738348483598   0.0792202671061095   0.00836881714702831   0
0.934845998227516   0.320220326789732   -0.083869778305861   0.00448197830613362   0
0.973553228946933   0.322653523551867   0.0387072307194177   0.0024331967621351   0
0.94655637141641   0.310901250235155   -0.0269968575305236   -0.0117522733167116   0
0.988078745008716   0.332744913656862   0.0415223735923066   0.0218436634217068   0
0.977877394059705   0.31215744379686   -0.0102013509490112   -0.0205874698600016   0
0.999145219141842   0.336947087094268   0.0212678250821372   0.024789643297408   0
0.993205100222507   0.31730067861437   -0.00594011891933532   -0.0196464084798979   0
1.04337134133778   0.335816195296299   0.050166241115274   0.0185155166819287   0
1.02581934825728   0.318177124752236   -0.0175519930804964   -0.0176390705440627   0
1.05912285661107   0.352500739399444   0.0333035083537887   0.0343236146472079   0
0.99922188541985   0.319203552431932   -0.0599009711912233   -0.0332971869675125   0
1.04187784740871   0.342086603919548   0.0426559619888567   0.0228830514876167   0
0.984364088297618   0.322856194381864   -0.057513759111089   -0.0192304095376843   0
1.06272293475299   0.34284269859967   0.0783588464553686   0.0199865042178057   0
0.980736893469905   0.348576849122747   -0.0819860412830813   0.00573415052307752   0
1.00562752158689   0.363384447911844   0.0248906281169896   0.0148075987890972   0
0.98529079661235   0.370216835782343   -0.0203367249745442   0.00683238787049806   0
1.03393421782481   0.36781441067567   0.0486434212124588   -0.00240242510667305   0
0.984865415330948   0.35396804174999   -0.0490688024938616   -0.0138463689256798   0
1.04516536250347   0.358948182068809   0.060299947172518   0.00498014031881883   0
1.00650015726228   0.366639559879226   -0.0386652052411829   0.0076913778104174   0
1.10982315610822   0.415981152196734   0.103322998845933   0.0493415923175083   0
1.1237788009079   0.457429344674552   0.0139556447996858   0.0414481924778177   0
1.22228399866479   0.476491938346768   0.0985051977568936   0.019062593672216   0
1.21253145156569   0.457450117683115   -0.00975254709910445   -0.0190418206636532   0
1.22934144940492   0.487302542572434   0.0168099978392342   0.0298524248893198   0
1.17862308818935   0.486262704355886   -0.0507183612155746   -0.00103983821654824   0
1.2730687762085   0.532391197164266   0.0944456880191471   0.0461284928083794   0
1.2442296805759   0.571305494007201   -0.0288390956325992   0.0389142968429358   0
1.26554083026191   0.554507012057783   0.0213111496860106   -0.0167984819494187   0
1.18500868990063   0.559719486073167   -0.0805321403612813   0.00521247401538416   0
1.24170141809897   0.547921593368953   0.0566927281983458   -0.0117978927042137   0
1.17030968810525   0.50649603845662   -0.0713917299937259   -0.041425554912333   0
1.22594821049994   0.496123463338512   0.0556385223946911   -0.010372575118108   0
1.1699520146194   0.518190458422625   -0.0559961958805348   0.0220669950841126   0
1.29035349558832   0.502977700622254   0.120401480968918   -0.0152127578003706   0
1.13043127084224   0.520504097371001   -0.159922224746082   0.0175263967487463   0
1.19777839368766   0.512127077240112   0.0673471228454243   -0.00837702013088815   0
1.07776186037315   0.565374434082626   -0.120016533314511   0.0532473568425139   0
1.18608810468784   0.532618062831378   0.10832624431469   -0.0327563712512481   0
1.14408916934389   0.586810020909877   -0.0419989353439498   0.0541919580784985   0
1.1911516099561   0.55426429815026   0.0470624406122029   -0.0325457227596171   0
1.23689258203775   0.54989579009345   0.0457409720816488   -0.00436850805680922   0
1.0390887246785   0.534908805497136   -0.197803857359241   -0.0149869845963149   0
0.827697905055341   0.543446968127986   -0.211390819623163   0.00853816263085028   0
0.731383504457819   0.477454544733056   -0.0963144005975222   -0.0659924233949298   0
0.796076835392791   0.559476522638127   0.0646933309349719   0.0820219779050704   0
