0.17144958391014   0.233409068812632   0   0   0
0.157685011227891   0.232861101488983   -0.013764572682249   -0.000547967323648896   0
0.162119430314447   0.213508463593601   0.00443441908655653   -0.0193526378953823   0
0.133089661178132   0.222429338162848   -0.0290297691363151   0.00892087456924689   0
0.221164159659643   0.286523470569921   0.088074498481511   0.0640941324070734   0
0.193080720964555   0.298125821790344   -0.028083438695088   0.0116023512204232   0
0.262275207586954   0.253336764761031   0.0691944866223994   -0.0447890570293138   0
0.172091528954078   0.261939915843578   -0.0901836786328761   0.00860315108254761   0
0.152186256480659   0.223894726392692   -0.0199052724734195   -0.0380451894508859   0
0.13694945905512   0.189024004056932   -0.0152367974255388   -0.0348707223357606   0
0.136268028667769   0.213789914416738   -0.000681430387350745   0.024765910359806   0
0.13839982296842   0.165426157101276   0.00213179430065069   -0.0483637573154617   0
0.0911418288017774   0.171620155327689   -0.0472579941666426   0.00619399822641253   0
0.179956499833265   0.168576270720851   0.0888146710314879   -0.00304388460683747   0
0.0891608964184412   0.1389790442944   -0.0907956034148241   -0.0295972264264515   0
0.104950427494365   0.143971049933311   0.015789531075924   0.0049920056389115   0
0.158232157836042   0.222684068714794   0.0532817303416765   0.0787130187814826   0
0.196465706545163   0.205211561180657   0.0382335487091211   -0.0174725075341369   0
0.192804232010737   0.14800119329122   -0.003661474534426   -0.0572103678894371   0
0.169068309373253   0.0956414884172267   -0.0237359226374837   -0.0523597048739931   0
0.0635991407936459   0.0757536826047667   -0.105469168579607   -0.01988780581246   0
0.139987831555532   0.0360995316252857   0.076388690761886   -0.039654150979481   0
0.0632574752777093   0.0856896711032322   -0.0767303562778227   0.0495901394779465   0
0.0868209450799172   0.0923756308794311   0.0235634698022079   0.00668595977619893   0
0.070778732960544   0.11593813078099   -0.0160422121193732   0.0235624999015591   0
0.10829907900758   0.13020388880909   0.0375203460470357   0.0142657580281002   0
0.0709013987391758   0.143685387655443   -0.037397680268404   0.0134814988463528   0
0.0742058037094808   0.14398800059426   0.00330440497030504   0.000302612938816338   0
0.115688379547732   0.159241595763458   0.0414825758382508   0.0152535951691982   0
0.132195410148651   0.174071102644537   0.0165070306009192   0.0148295068810795   0
0.140799267969972   0.197041281031666   0.00860385782132128   0.0229701783871288   0
0.178649306132714   0.210882435748416   0.0378500381627415   0.0138411547167504   0
0.221054501203414   0.237377704523113   0.0424051950707001   0.0264952687746969   0
0.198106909234484   0.232003591710479   -0.0229475919689298   -0.00537411281263461   0
0.19952072767259   0.234333731837075   0.00141381843810667   0.00233014012659588   0
0.181694628191975   0.244370621248366   -0.0178260994806156   0.0100368894112917   0
0.20649596950362   0.238990023335243   0.0248013413116452   -0.00538059791312334   0
0.217791064257582   0.279622442130187   0.0112950947539614   0.0406324187949443   0
0.239091977767971   0.267186069101853   0.0213009135103896   -0.0124363730283347   0
0.212826079721001   0.287614927398527   -0.0262658980469698   0.0204288582966744   0
0.236934913202529   0.293677500958603   0.0241088334815278   0.0060625735600755   0
0.270775674098856   0.324546790236785   0.0338407608963272   0.0308692892781829   0
0.246748653372739   0.302087560085234   -0.0240270207261175   -0.0224592301515512   0
0.284461925504645   0.321284008143107   0.0377132721319058   0.0191964480578727   0
0.33569665190353   0.360046219806916   0.0512347263988857   0.038762211663809   0
0.291809180428649   0.328806390729408   -0.043887471474881   -0.0312398290775082   0
0.295700342698838   0.334740781349539   0.00389116227018832   0.0059343906201314   0
0.291263520731673   0.345764008633417   -0.00443682196716411   0.0110232272838783   0
0.329769510226173   0.36594149299649   0.0385059894944995   0.0201774843630723   0
0.305314530872607   0.370968777565579   -0.0244549793535662   0.00502728456908913   0
0.330246161613197   0.389009577529911   0.0249316307405905   0.0180407999643323   0
0.361239208184826   0.415851396768726   0.0309930465716286   0.0268418192388143   0
0.340340709812976   0.371987497002587   -0.0208984983718504   -0.0438638997661381   0
0.291191674312642   0.319801136294342   -0.0491490355003332   -0.0521863607082451   0
0.33338084078537   0.342737155210082   0.0421891664727274   0.0229360189157399   0
0.302128492655708   0.335446342174334   -0.031252348129662   -0.00729081303574874   0
0.296146636572425   0.34622643576892   -0.00598185608328267   0.0107800935945864   0
0.305010190705163   0.334729911153754   0.00886355413273815   -0.011496524615166   0
0.348824397314752   0.372896576817554   0.0438142066095889   0.0381666656638002   0
0.324809822262197   0.358234825888163   -0.0240145750525551   -0.014661750929391   0
0.351112814991136   0.38858400890734   0.0263029927289394   0.0303491830191774   0
0.375316472522856   0.398826805110313   0.02420365753172   0.010242796202973   0
0.315886854039924   0.373884464102549   -0.0594296184829328   -0.0249423410077647   0
0.350504799544885   0.387267247660127   0.0346179455049613   0.0133827835575782   0
0.340648122004217   0.371318496232682   -0.00985667754066782   -0.0159487514274452   0
0.394332952969949   0.375213024122964   0.0536848309657319   0.0038945278902825   0
0.368257138321853   0.37661647385371   -0.0260758146480965   0.0014034497307463   0
0.393068923650802   0.401939310711518   0.0248117853289495   0.0253228368578073   0
0.45056161612148   0.427461174348326   0.0574926924706781   0.0255218636368083   0
0.452198116468877   0.427155895337112   0.00163650034739687   -0.000305279011213744   0
0.425738860178396   0.420636136915565   -0.0264592562904808   -0.00651975842154717   0
0.462303223715777   0.438621485520545   0.0365643635373811   0.0179853486049804   0
0.434640139872055   0.429620028374784   -0.0276630838437218   -0.00900145714576173   0
0.450191395702983   0.42753546411292   0.0155512558309277   -0.0020845642618636   0
0.459046504725828   0.412929570785685   0.00885510902284525   -0.0146058933272352   0
0.457643169338296   0.420791228308647   -0.00140333538753268   0.00786165752296225   0
0.473186776621029   0.415367562607505   0.0155436072827337   -0.00542366570114172   0
0.469026336204056   0.39808354413706   -0.00416044041697367   -0.0172840184704456   0
0.462835002379898   0.414479094565697   -0.00619133382415804   0.0163955504286372   0
0.482749009590905   0.416831852742206   0.0199140072110076   0.00235275817650887   0
0.448680433967206   0.381799807614242   -0.0340685756236996   -0.0350320451279635   0
0.480734845407528   0.396419377650327   0.0320544114403226   0.0146195700360845   0
0.529738464625706   0.435868215267703   0.0490036192181774   0.0394488376173758   0
0.497047123525526   0.42128124364816   -0.0326913411001791   -0.0145869716195431   0
0.499055500104948   0.387845517047139   0.00200837657942171   -0.0334357266010207   0
0.568624464797286   0.456894369798688   0.0695689646923378   0.0690488527515489   0
0.546242611458498   0.453728044247311   -0.0223818533387876   -0.00316632555137658   0
0.409812207902818   0.352237999945566   -0.136430403555681   -0.101490044301745   1
0.462439716688565   0.442743227363785   0.052627508785747   0.0905052274182189   1
0.493309662592615   0.335627868761535   0.0308699459040506   -0.10711535860225   1
0.496711040023916   0.335248269930961   0.00340137743130031   -0.000379598830573813   0
0.526083142511714   0.354838119711232   0.0293721024877979   0.0195898497802709   0
0.511647901110363   0.346716953067628   -0.0144352414013504   -0.00812116664360352   0
0.516832431417727   0.348675733099828   0.00518453030736421   0.00195878003219957   0
0.545149915616796   0.371822474979068   0.0283174841990689   0.0231467418792405   0
0.547823338913522   0.369232363060526   0.00267342329672604   -0.00259011191854253   0
0.535414954984487   0.368124592250942   -0.0124083839290355   -0.00110777080958369   0
0.559601336467855   0.377618108681238   0.0241863814833687   0.00949351643029622   0
0.567440830127768   0.399002458265907   0.0078394936599121   0.0213843495846687   0
0.557694095102647   0.397245360503194   -0.0097467350251208   -0.00175709776271332   0
0.588602227744043   0.403815321378759   0.0309081326413959   0.00656996087556538   0
0.598446816667321   0.414099626491911   0.00984458892327811   0.0102843051131515   0
0.607547566150511   0.413095733776128   0.00910074948319051   -0.00100389271578277   0
0.630853558847059   0.430585265561715   0.0233059926965478   0.0174895317855869   0
0.619593648053819   0.409458848407288   -0.01125991079324   -0.0211264171544268   0
0.607523524886477   0.412029283931949   -0.012070123167342   0.00257043552466124   0
0.655530575348702   0.420967952415204   0.0480070504622248   0.00893866848325442   0
0.708233218029407   0.430642973822644   0.0527026426807056   0.00967502140743981   0
0.853198882738368   0.444201779569868   0.144965664708961   0.0135588057472245   0
0.754108204397088   0.400137053436573   -0.0990906783412807   -0.0440647261332954   0
0.723431874173374   0.371271919814696   -0.030676330223714   -0.0288651336218766   0
0.731366484104406   0.400378392193594   0.00793460993103201   0.0291064723788976   0
0.77463818504254   0.376965921880961   0.0432717009381339   -0.023412470312633   0
0.841045968216363   0.434013145737629   0.0664077831738236   0.0570472238566685   0
0.820760894261227   0.406413001552303   -0.0202850739551358   -0.0276001441853259   0
0.813760573039761   0.423917944526038   -0.00700032122146654   0.0175049429737343   0
0.829765983773793   0.451341386695883   0.0160054107340317   0.0274234421698453   0
0.788192893866089   0.431324154125149   -0.0415730899077036   -0.0200172325707334   0
0.8238692822833   0.462621356515985   0.035676388417211   0.0312972023908355   0
0.833273193419427   0.443565578801816   0.00940391113612704   -0.0190557777141689   0
0.87625963484004   0.464677438101391   0.0429864414206128   0.0211118592995754   0
0.910841468046443   0.483703562681463   0.0345818332064034   0.0190261245800716   0
0.884134985874894   0.459623718182918   -0.0267064821715488   -0.0240798444985455   0
0.925582894203971   0.500145059922931   0.0414479083290769   0.0405213417400137   0
0.946543794711053   0.506647047329065   0.0209609005070818   0.00650198740613395   0
0.951966864948565   0.512520195590515   0.0054230702375121   0.00587314826145013   0
0.869228259881718   0.477553973165976   -0.0827386050668468   -0.0349662224245391   0
0.924252777425094   0.509015952595054   0.0550245175433753   0.0314619794290775   0
0.951938392390495   0.502086002749031   0.0276856149654012   -0.0069299498460228   0
0.947906143459889   0.509845605379707   -0.00403224893060572   0.0077596026306761   0
0.973890792311438   0.526784591398837   0.0259846488515486   0.0169389860191302   0
0.969815912135906   0.540828291697559   -0.00407488017553148   0.0140437002987217   0
0.995509537449541   0.569772147624601   0.0256936253136351   0.028943855927042   0
0.975463049489831   0.546670475139037   -0.0200464879597108   -0.0231016724855644   0
0.957518594399608   0.568632715624286   -0.017944455090223   0.0219622404852494   0
0.983084005552934   0.571301476839234   0.0255654111533259   0.00266876121494808   0
0.983501703869902   0.57490262575631   0.000417698316968251   0.00360114891707608   0
1.0190564909101   0.603183050331738   0.035554787040195   0.0282804245754279   0
1.01953067153568   0.582890994882191   0.000474180625585907   -0.0202920554495474   0
1.02969675862508   0.592685226753207   0.0101660870893991   0.00979423187101602   0
1.06929727463414   0.609073442752596   0.0396005160090587   0.0163882159993893   0
1.07994876199799   0.599062391660084   0.0106514873638537   -0.0100110510925119   0
1.1032657760635   0.617711577795009   0.023317014065507   0.0186491861349253   0
1.13282057305736   0.64926652909899   0.0295547969938563   0.0315549513039809   0
1.13963846315751   0.635624892657267   0.00681789010014766   -0.013641636441723   0
1.12191632175132   0.651230662266834   -0.0177221414061901   0.0156057696095672   0
1.17946705528387   0.665805329773088   0.0575507335325534   0.0145746675062534   0
1.16993203407976   0.640523136251028   -0.00953502120411032   -0.0252821935220602   0
1.09718564074089   0.641168648232704   -0.072746393338867   0.00064551198167595   0
1.18665926837024   0.664258019990329   0.0894736276293517   0.0230893717576256   0
1.13764406673089   0.601084122337192   -0.0490152016393519   -0.0631738976531372   0
1.15260529379359   0.64539863899473   0.0149612270626958   0.0443145166575381   0
1.18013362152978   0.670263758874932   0.0275283277361962   0.0248651198802015   0
1.20344875748243   0.675172385978035   0.0233151359526453   0.00490862710310325   0
1.23803172030486   0.695785289831657   0.0345829628224272   0.0206129038536219   0
1.26935572072686   0.692156096326228   0.0313240004220023   -0.00362919350542878   0
1.29560535305625   0.706773772121039   0.0262496323293882   0.0146176757948112   0
1.30462280083747   0.695900933840962   0.00901744778122215   -0.0108728382800775   0
1.29805027302066   0.7071956150092   -0.00657252781681184   0.0112946811682381   0
1.28351668139841   0.713211365201011   -0.0145335916222415   0.00601575019181133   0
1.33524065614892   0.747210169507484   0.0517239747505058   0.0339988043064725   0
1.38115914647444   0.734163565178873   0.0459184903255181   -0.0130466043286109   0
1.35080717660257   0.699273775526762   -0.0303519698718708   -0.0348897896521105   0
1.25991649488885   0.616881834625563   -0.0908906817137198   -0.0823919409011994   0
1.21730805790153   0.637969433698238   -0.0426084369873156   0.021087599072675   0
