0.163935810642001   0.252129400915165   0   0   0
0.1615484776422   0.252942894430863   -0.00238733299980062   0.000813493515697594   0
0.134632644958977   0.255897231315957   -0.0269158326832232   0.00295433688509461   0
0.137017716581762   0.239380656940907   0.00238507162278465   -0.0165165743750506   0
0.123256546031641   0.248349531471323   -0.013761170550121   0.00896887453041631   0
0.129388605862995   0.234228730981221   0.00613205983135465   -0.0141208004901019   0
0.131801879153517   0.209095539248115   0.00241327329052188   -0.025133191733106   0
0.126595453401179   0.219975585549192   -0.00520642575233871   0.0108800463010773   0
0.115651710825462   0.225776434742889   -0.0109437425757162   0.00580084919369672   0
0.117325280872716   0.204103095811186   0.00167357004725308   -0.0216733389317034   0
0.110674644076319   0.204038107505583   -0.00665063679639609   -6.4988305602226e-05   0
0.103012427860172   0.188975051365147   -0.0076622162161472   -0.0150630561404362   0
0.108068193389915   0.175802070199699   0.00505576552974241   -0.0131729811654479   0
0.0974331849170271   0.17143129383896   -0.0106350084728876   -0.00437077636073882   0
0.0882786205376613   0.168723658081002   -0.00915456437936582   -0.0027076357579581   0
0.0846316365394715   0.168658114855564   -0.0036469839981898   -6.55432254387245e-05   0
0.0777109230243111   0.130741300836509   -0.00692071351516044   -0.0379168140190548   0
0.0949511985888014   0.12515086388704   0.0172402755644903   -0.00559043694946845   0
0.0447812109301837   0.108794485030929   -0.0501699876586177   -0.0163563788561115   0
0.0425936136975063   0.0905424453297043   -0.00218759723267731   -0.0182520397012245   0
0.042589705457892   0.0827389515753614   -3.90823961429754e-06   -0.00780349375434293   0
0.0682390688136935   0.066271306777896   0.0256493633558015   -0.0164676447974654   0
0.0696953665652172   0.0627302219927915   0.00145629775152371   -0.0035410847851045   0
0.0643942031182155   0.0614423181610207   -0.00530116344700168   -0.00128790383177074   0
0.0677226458742569   0.0692938454227042   0.00332844275604133   0.00785152726168347   0
0.0516054811152846   0.079326081049315   -0.0161171647589722   0.0100322356266108   0
0.0584860082698418   0.0723482602396561   0.00688052715455714   -0.00697782080965896   0
0.0575971239832216   0.0805675108887571   -0.000888884286620178   0.00821925064910105   0
0.0422955774733305   0.0931121214968814   -0.0153015465098911   0.0125446106081243   0
0.0846346202879862   0.131697682398942   0.0423390428146557   0.0385855609020602   0
0.0708664402692135   0.169957372571643   -0.0137681800187727   0.0382596901727009   0
0.112391416968779   0.188609261556008   0.0415249766995658   0.0186518889843651   0
0.0820494955380592   0.159524913371204   -0.03034192143072   -0.0290843481848041   0
0.108738001374726   0.150005047837764   0.0266885058366672   -0.00951986553343909   0
0.109302735643258   0.159389680186046   0.000564734268531861   0.00938463234828149   0
0.134949519048121   0.158848367413569   0.0256467834048625   -0.000541312772477237   0
0.145161210559364   0.16927578522549   0.0102116915112432   0.0104274178119209   0
0.113192495237601   0.172186566881555   -0.0319687153217627   0.00291078165606504   0
0.146222082080546   0.170369209048191   0.0330295868429449   -0.00181735783336398   0
0.150477682267662   0.193243535435755   0.00425560018711557   0.0228743263875646   0
0.135821879036663   0.186268356741396   -0.0146558032309985   -0.00697517869435915   0
0.148237946581025   0.211480349787451   0.0124160675443619   0.0252119930460546   0
0.133871880104711   0.18799376071894   -0.0143660664763147   -0.0234865890685109   0
0.153186912951988   0.214018817135462   0.0193150328472776   0.0260250564165226   0
0.133204185943273   0.18868091482713   -0.0199827270087153   -0.0253379023083329   0
0.152256311191425   0.192285673371685   0.019052125248152   0.00360475854455591   0
0.145329173886216   0.191815166889254   -0.00692713730520889   -0.000470506482431077   0
0.132380749251166   0.183622052974997   -0.0129484246350503   -0.00819311391425764   0
0.147454180297678   0.206348262956834   0.0150734310465118   0.0227262099818368   0
0.350239296206479   0.156217823831309   0.202785115908802   -0.0501304391255242   0
0.335537132895437   0.210489496714569   -0.0147021633110427   0.0542716728832596   0
0.311079212779655   0.223961252126462   -0.0244579201157815   0.0134717554118927   0
0.313948465320743   0.234132077757918   0.00286925254108816   0.0101708256314569   0
0.286517194355173   0.246514959205745   -0.0274312709655704   0.0123828814478262   0
0.305087221207198   0.23633453287078   0.0185700268520253   -0.0101804263349643   0
0.299841944932426   0.249212067510797   -0.00524527627477228   0.0128775346400169   0
0.305149969205127   0.258698818861819   0.00530802427270105   0.00948675135102114   0
0.300057223109583   0.223765510952559   -0.00509274609554405   -0.0349333079092591   0
0.31221584652516   0.231212751606913   0.0121586234155772   0.00744724065435345   0
0.302229071909586   0.231776966924326   -0.00998677461557373   0.000564215317412853   0
0.330288453593722   0.215458241390043   0.0280593816841359   -0.0163187255342828   0
0.33705124004829   0.244372258447824   0.00676278645456763   0.0289140170577809   0
0.316778468197019   0.243432952177576   -0.0202727718512707   -0.000939306270247769   0
0.305383825461746   0.190975370807049   -0.0113946427352735   -0.0524575813705267   0
0.319139800986981   0.246913802136717   0.0137559755252354   0.055938431329668   0
0.287093175457028   0.240106043569211   -0.032046625529953   -0.00680775856750609   0
0.328335074797089   0.266158745733331   0.0412418993400608   0.0260527021641198   0
0.307734816788124   0.24944716074652   -0.0206002580089654   -0.0167115849868115   0
0.327772072126546   0.244612623313889   0.0200372553384229   -0.00483453743263071   0
0.306771989312323   0.24341448437858   -0.0210000828142234   -0.00119813893530879   0
0.317154637158548   0.220961908997348   0.0103826478462247   -0.0224525753812316   0
0.308776891543457   0.226781282810112   -0.00837774561509036   0.00581937381276351   0
0.302876046389542   0.239642408222444   -0.00590084515391531   0.012861125412332   0
0.323337446541674   0.248838352287489   0.0204614001521321   0.00919594406504501   0
0.332849749421014   0.267115740739777   0.00951230287934018   0.0182773884522885   0
0.308760493544641   0.23920998152005   -0.0240892558763738   -0.0279057592197277   0
0.301444133714095   0.290814026311077   -0.00731635983054602   0.0516040447910277   0
0.258046933665506   0.278227332677902   -0.0433972000485886   -0.0125866936331753   0
0.29897039883649   0.262428048297643   0.0409234651709843   -0.0157992843802591   0
0.285313559268553   0.274588944010406   -0.0136568395679373   0.0121608957127633   0
0.265158854773304   0.27656950786974   -0.020154704495249   0.00198056385933354   0
0.28248811366353   0.247940445258151   0.0173292588902265   -0.0286290626115892   0
0.282143896412675   0.27036006304841   -0.000344217250855094   0.022419617790259   0
0.257627248928103   0.261736478959855   -0.0245166474845721   -0.00862358408855485   0
0.276339075989698   0.272050180234957   0.0187118270615948   0.0103137012751021   0
0.277118851875869   0.28086254842592   0.000779775886171452   0.00881236819096365   0
0.271056828408694   0.264541080693075   -0.00606202346717571   -0.0163214677328455   0
0.273467993209159   0.241283849889135   0.00241116480046588   -0.0232572308039402   0
0.274780297109545   0.279489103109835   0.00131230390038584   0.0382052532207003   0
0.262029139306471   0.291600794582251   -0.0127511578030743   0.0121116914724158   0
0.303766676717786   0.137140678388799   0.0417375374113153   -0.154460116193452   0
0.329084147754476   0.259961360057745   0.0253174710366901   0.122820681668946   0
0.328156029665295   0.247559982088503   -0.000928118089181307   -0.0124013779692418   0
0.334429295315527   0.256085387896674   0.00627326565023201   0.00852540580817085   0
0.351510369012296   0.265487472074112   0.0170810736967688   0.00940208417743821   0
0.328521382230198   0.262091299554583   -0.0229889867820976   -0.00339617251952951   0
0.313460539676065   0.265334382546891   -0.0150608425541331   0.00324308299230852   0
0.326817442959766   0.262243131593165   0.013356903283701   -0.00309125095372637   0
0.3346838384985   0.27306536665154   0.00786639553873381   0.0108222350583752   0
0.325584177494982   0.252953208355938   -0.00909966100351844   -0.0201121582956022   0
0.333451378249843   0.263225007920624   0.00786720075486175   0.010271799564686   0
0.324215496479869   0.28790228017072   -0.00923588176997403   0.0246772722500965   0
0.304112289350332   0.212156253095543   -0.0201032071295373   -0.0757460270751776   0
0.310975582667209   0.195334401018203   0.00686329331687685   -0.0168218520773401   0
0.299839343689416   0.189267506113041   -0.0111362389777923   -0.00606689490516163   0
0.324033017108874   0.207043982394539   0.0241936734194578   0.0177764762814976   0
0.32951605701272   0.24378713589839   0.00548303990384558   0.0367431535038513   0
0.310855872069485   0.22960356898971   -0.0186601849432348   -0.0141835669086799   0
0.335476489345304   0.203023543568868   0.0246206172758192   -0.0265800254208421   0
0.303594914619481   0.16006068044195   -0.0318815747258232   -0.042962863126918   0
0.344456853426521   0.140530498139514   0.0408619388070403   -0.0195301823024357   0
0.346825494200542   0.13347550886156   0.00236864077402044   -0.00705498927795375   0
0.332837102059866   0.138342231069448   -0.0139883921406753   0.00486672220788742   0
0.346676824120059   0.11676829436569   0.0138397220601921   -0.0215739367037575   0
0.359782456349403   0.135087138259902   0.0131056322293444   0.0183188438942122   0
0.328905852487015   0.12185779587392   -0.0308766038623881   -0.0132293423859823   0
0.341214566724825   0.12695780501903   0.0123087142378101   0.00510000914510965   0
0.362815874652213   0.134588880761005   0.0216013079273876   0.00763107574197508   0
0.329493759235968   0.136000114213417   -0.0333221154162446   0.00141123345241223   0
0.345732830302533   0.147367234007843   0.016239071066565   0.0113671197944263   0
0.408899679141241   0.173919165097072   0.0631668488387083   0.0265519310892283   0
0.44905218376849   0.227038126303161   0.0401525046272491   0.0531189612060891   0
0.448190042804389   0.173018302178187   -0.000862140964101421   -0.0540198241249736   0
0.447747149430613   0.181399417488322   -0.00044289337377551   0.00838111531013469   0
0.440724509481025   0.1807473980469   -0.00702263994958857   -0.00065201944142218   0
0.410900235701088   0.184698927307784   -0.0298242737799365   0.00395152926088468   0
0.416166456461162   0.171751172929044   0.00526622076007338   -0.01294775437874   0
0.431784501849198   0.188699828697332   0.0156180453880361   0.0169486557682878   0
0.490248804028006   0.419934829306287   0.0584643021788079   0.231235000608954   0
0.498012914636568   0.363834317784208   0.00776411060856275   -0.0561005115220787   0
0.498785171634282   0.312843837955712   0.000772256997713383   -0.0509904798284955   0
0.456427356456961   0.288731744882464   -0.0423578151773206   -0.024112093073248   0
0.453338272766606   0.284002288292018   -0.00308908369035493   -0.00472945659044638   0
0.450398790143013   0.254434132909364   -0.00293948262359323   -0.0295681553826538   0
0.450731800173329   0.260378129867583   0.000333010030316105   0.00594399695821896   0
0.460350200779624   0.245579421577262   0.0096184006062946   -0.0147987082903213   0
0.460459127419318   0.228046895829564   0.000108926639694473   -0.0175325257476979   0
0.448344615864449   0.256913865872864   -0.0121145115548697   0.0288669700433002   0
0.538295226014498   0.748225418410824   0.0899506101500498   0.49131155253796   0
0.538308069543603   0.861289925368113   1.2843529104134e-05   0.113064506957289   0
0.539493060667373   0.789415337131894   0.00118499112377068   -0.0718745882362187   0
0.531665912608745   0.749052772199204   -0.00782714805862794   -0.0403625649326905   0
0.547248690082818   0.777742057853253   0.0155827774740726   0.0286892856540489   0
0.560885654625789   0.773697265284846   0.0136369645429713   -0.00404479256840651   0
0.613781422744156   0.870142227125112   0.0528957681183667   0.0964449618402655   0
0.623122509021533   0.858977733657427   0.00934108627737684   -0.0111644934676846   0
0.66383934711784   0.882172185064373   0.0407168380963072   0.0231944514069454   0
0.652591345222261   0.798853948104564   -0.0112480018955791   -0.0833182369598083   0
0.637530270408268   0.789625876736763   -0.0150610748139923   -0.00922807136780102   0
0.619360935165433   0.794816196740794   -0.0181693352428353   0.0051903200040303   0
0.658698784050161   0.780229877086875   0.0393378488847274   -0.0145863196539188   0
0.698773071363973   0.891180846253442   0.0400742873138124   0.110950969166567   0
0.686322826186956   0.968148204099415   -0.0124502451770174   0.0769673578459735   0
0.705660817916235   0.977505246738309   0.0193379917292795   0.00935704263889392   0
0.72360026065374   0.948718909597739   0.0179394427375047   -0.0287863371405701   0
0.699298659461213   0.962237869102022   -0.0243016011925264   0.0135189595042832   0
0.711121661061376   0.969235468735998   0.0118230016001624   0.00699759963397617   0
0.707975694342857   1.02810448355548   -0.00314596671851897   0.0588690148194867   0
0.714083268928379   1.02989661971779   0.00610757458552258   0.00179213616230123   0
0.71340737466962   1.00561124500662   -0.000675894258758913   -0.0242853747111682   0
0.709889909899056   1.01054684166064   -0.00351746477056425   0.00493559665401966   0
0.697508055296489   0.980677415077355   -0.012381854602567   -0.0298694265832828   0
0.672927082364954   0.933428541129555   -0.0245809729315347   -0.0472488739477993   0
0.686544904639347   0.99692094633336   0.0136178222743927   0.0634924052038047   0
0.675396239545713   0.928116761380943   -0.0111486650936342   -0.0688041849524174   0
0.677078855928879   0.97258928245997   0.00168261638316647   0.0444725210790275   0
0.68775882940304   0.961448215396712   0.0106799734741608   -0.0111410670632581   0
0.668863327986884   0.946169077631984   -0.0188955014161561   -0.015279137764728   0
0.683900642103873   0.956179989334122   0.0150373141169891   0.0100109117021382   0
0.693120558409978   0.959157728427917   0.00921991630610519   0.00297773909379506   0
0.699154027240128   1.00312553757306   0.00603346883014999   0.0439678091451473   0
0.705810156579827   0.996214866442256   0.00665612933969872   -0.00691067113080845   0
0.695882284035518   0.985036721334947   -0.00992787254430849   -0.0111781451073091   0
0.701120598490195   0.986017311034654   0.00523831445467704   0.000980589699706935   0
0.701737868397032   0.962600294828026   0.000617269906836304   -0.0234170162066282   0
0.696013050273657   0.9863296082631   -0.00572481812337489   0.0237293134350739   0
0.71731628609536   0.964947938794059   0.0213032358217028   -0.021381669469041   0
0.704805101413405   0.990787433453676   -0.0125111846819548   0.025839494659617   0
0.730028436139367   1.02206313537228   0.0252233347259622   0.0312757019186014   0
0.707341928245456   0.984580990844456   -0.022686507893911   -0.0374821445278217   0
0.723725401163287   1.01664112363027   0.0163834729178305   0.0320601327858105   0
0.720336914578422   0.984707198814969   -0.00338848658486501   -0.0319339248152972   0
0.71986748882113   0.998801701773782   -0.000469425757291253   0.0140945029588129   0
0.720801199777782   0.979221524084867   0.000933710956651734   -0.0195801776889146   0
0.747642160461306   0.98937738416577   0.0268409606835245   0.0101558600809033   0
0.746798670013438   1.00146596414273   -0.000843490447868467   0.012088579976957   0
0.738643693320812   0.984411929118762   -0.00815497669262577   -0.0170540350239654   0
0.746453885242411   1.02219537023057   0.00781019192159838   0.0377834411118032   0
0.757460238190369   0.997593126810906   0.0110063529479579   -0.0246022434196594   0
0.759278873186236   1.01492752492032   0.00181863499586732   0.0173343981094157   0
0.77727452271444   1.01374416215347   0.0179956495282038   -0.00118336276684694   0
0.767775096372603   1.05128232703945   -0.00949942634183643   0.0375381648859796   0
0.806188170327381   1.18210472120517   0.0384130739547777   0.13082239416572   0
0.813177474906979   1.14378393756916   0.00698930457959779   -0.0383207836360098   0
0.824266545634093   1.17122201764415   0.0110890707271141   0.0274380800749809   0
0.828468893449742   1.16897158387258   0.00420234781564921   -0.00225043377156808   0
0.819894134358674   1.15624879294886   -0.00857475909106753   -0.0127227909237144   0
0.791211257678131   1.13657620098896   -0.0286828766805433   -0.0196725919599006   0
0.813195586120836   1.13818619867536   0.0219843284427047   0.00160999768639614   0
0.766086145915386   1.06698362397567   -0.0471094402054499   -0.0712025746996905   0
0.794244719897463   1.0965472627028   0.0281585739820774   0.0295636387271305   0
0.759926004035919   1.06059676185026   -0.0343187158615441   -0.0359505008525418   0
0.775378019974154   1.09804984673677   0.0154520159382351   0.0374530848865113   0
0.749555942030273   1.04835111652311   -0.0258220779438814   -0.0496987302136587   0
0.747546762864264   1.05778436073663   -0.00200917916600907   0.00943324421352476   0
0.745410777846846   1.04353269280663   -0.00213598501741796   -0.0142516679300071   0
0.731466543605379   1.02550638941257   -0.0139442342414668   -0.01802630339406   0
0.74262167566621   1.04593129824872   0.0111551320608312   0.0204249088361517   0
0.743048847450348   1.04470970199489   0.000427171784137426   -0.00122159625382956   0
0.737865415937324   1.05146173456574   -0.00518343151302381   0.00675203257085322   0
0.750393879674108   1.02434857139172   0.0125284637367843   -0.0271131631740262   0
0.727957486292957   1.02424736369492   -0.0224363933811517   -0.000101207696793004   0
0.748314256293096   1.03126413816987   0.0203567700001399   0.00701677447494942   0
0.723269852641882   0.972500834866094   -0.0250444036512142   -0.0587633033037784   0
0.699575258765088   0.940853417412218   -0.0236945938767942   -0.0316474174538759   0
0.698561486900072   0.894206462182532   -0.00101377186501572   -0.0466469552296862   0
0.705770485415542   0.923496546202123   0.00720899851546974   0.029290084019591   0
0.716936958454431   0.932892479305761   0.0111664730388885   0.00939593310363807   0
0.71776251180683   0.920527873221257   0.000825553352399533   -0.0123646060845045   0
0.714721066324122   0.91770062589387   -0.00304144548270813   -0.00282724732738693   0
0.721833352983332   0.944096793171786   0.00711228665921027   0.0263961672779163   0
0.721959547831151   0.91711035988533   0.000126194847818617   -0.0269864332864557   0
0.729812763905517   0.930220327388759   0.00785321607436618   0.0131099675034286   0
0.729911511689198   0.931945746548049   9.87477836807971e-05   0.0017254191592897   0
0.729837549953522   0.916999119156611   -7.39617356757538e-05   -0.014946627391438   0
0.726599620237611   0.93519196316799   -0.00323792971591153   0.0181928440113798   0
0.727731771097875   0.928317696884531   0.00113215086026441   -0.00687426628345922   0
0.710685853603011   0.919741452392465   -0.0170459174948643   -0.00857624449206662   0
0.726882442197251   0.936463647073927   0.0161965885942402   0.0167221946814622   0
0.721509276414767   0.921050357240173   -0.00537316578248437   -0.0154132898337539   0
0.735392189513704   0.940252720525711   0.0138829130989376   0.0192023632855379   0
0.728694411766688   0.923353836439341   -0.00669777774701596   -0.0168988840863694   0
0.71198715515257   0.939158369901078   -0.0167072566141182   0.0158045334617366   0
0.711296890139019   0.905837876277538   -0.00069026501355085   -0.0333204936235401   0
0.70412460275295   0.929465932539891   -0.0071722873860689   0.0236280562623535   0
0.707555174431648   0.908577927027313   0.00343057167869798   -0.020888005512578   0
0.683574241508711   0.90104280465206   -0.023980932922937   -0.00753512237525367   0
0.69982154362258   0.913909081668549   0.0162473021138683   0.0128662770164888   0
0.697761146122339   0.93138845412709   -0.00206039750024056   0.0174793724585413   0
0.744119479793864   0.965981938980228   0.0463583336715245   0.0345934848531377   0
0.794142462952057   1.00211028271044   0.050022983158194   0.0361283437302133   0
0.72928897763918   0.90756634168583   -0.0648534853128777   -0.0945439410246113   0
0.701131878890384   0.886511205730644   -0.0281570987487959   -0.0210551359551858   0
0.712823256629727   0.905939028792225   0.0116913777393434   0.0194278230615812   0
0.711869385734378   0.89744428072667   -0.000953870895349707   -0.00849474806555484   0
