0.0878555019494175   0.364900960973317   0   0   0
0.120500057247935   0.334702930391265   0.0326445552985175   -0.0301980305820517   0
0.0605196345793859   0.336413772773203   -0.0599804226685491   0.00171084238193764   0
0.046545778478934   0.305431820344983   -0.0139738561004518   -0.0309819524282196   0
0.158924398432745   0.238336000401744   0.112378619953811   -0.0670958199432393   0
0.0935382604621232   0.200973647552359   -0.0653861379706222   -0.0373623528493843   0
0.126588172429931   0.213766219467085   0.033049911967808   0.0127925719147257   0
0.0262556794516177   0.232275566530899   -0.100332492978314   0.0185093470638137   0
0.101992126162072   0.210163377059967   0.0757364467104542   -0.0221121894709314   0
0.168039127148173   0.108229429362859   0.0660470009861015   -0.101933947697109   0
0.188450840585974   0.101287161361201   0.0204117134378001   -0.00694226800165747   0
0.173511602967986   0.04054109837507   -0.0149392376179876   -0.0607460629861312   0
0.171012184364185   0.0391338452792877   -0.00249941860380098   -0.0014072530957823   0
0.12276022381366   0.0620513333083585   -0.0482519605505245   0.0229174880290708   0
0.186104567272166   0.0445117138642178   0.0633443434585052   -0.0175396194441407   0
0.152007119041346   0.0260863088670614   -0.0340974482308194   -0.0184254049971564   0
0.108697497251501   0.0531757566698905   -0.0433096217898455   0.0270894478028291   0
0.111609295918127   0.0723652890822838   0.00291179866662612   0.0191895324123933   0
0.200005202625457   0.0530783875008934   0.0883959067073299   -0.0192869015813903   0
0.113947908083782   0.0618298317232467   -0.0860572945416749   0.00875144422235324   0
0.100118610674589   0.0349778067727952   -0.0138292974091925   -0.0268520249504514   0
0.148453201247531   0.0426028428570794   0.0483345905729418   0.00762503608428415   0
0.148736360429184   0.0387841840140089   0.000283159181652365   -0.00381865884307053   0
0.110298503884958   0.0458850608127798   -0.038437856544226   0.00710087679877094   0
0.123464400174342   0.0300075831693007   0.0131658962893842   -0.0158774776434791   0
0.217652353531957   0.0450583303185019   0.0941879533576153   0.0150507471492012   0
0.127816583122927   0.0254012613114172   -0.0898357704090305   -0.0196570690070847   0
0.123505226701221   0.0473817022132183   -0.00431135642170553   0.0219804409018012   0
0.139941886795127   0.0592271989367216   0.0164366600939055   0.0118454967235033   0
0.126083082800866   0.0596336187887747   -0.0138588039942606   0.00040641985205303   0
0.107964219307556   0.025755730203495   -0.0181188634933101   -0.0338778885852797   0
0.138178250692538   0.0309399756865612   0.0302140313849826   0.00518424548306621   0
0.11341002608081   0.071717530229941   -0.0247682246117284   0.0407775545433798   0
0.130813503538014   0.0622076645321338   0.017403477457204   -0.0095098656978072   0
0.0970940799263786   0.055972500611396   -0.0337194236116354   -0.00623516392073781   0
0.107438680451409   0.0776917343789569   0.0103446005250305   0.0217192337675609   0
0.137051827811306   0.0723821305319897   0.0296131473598973   -0.0053096038469672   0
0.137078884104227   0.0733364440421848   2.70562929202134e-05   0.000954313510195051   0
0.109522876552344   0.0852806502997016   -0.0275560075518826   0.0119442062575169   0
0.103851222301651   0.0865467049041273   -0.00567165425069326   0.00126605460442571   0
0.122853213494275   0.0816531703357255   0.0190019911926245   -0.00489353456840187   0
0.102531024270998   0.091795332814392   -0.0203221892232773   0.0101421624786666   0
0.202290010890059   0.0777092069220244   0.0997589866190604   -0.0140861258923677   0
0.152098360204211   0.0796258293119921   -0.0501916506858472   0.00191662238996773   0
0.123737651074239   0.0818448890706836   -0.0283607091299728   0.00221905975869148   0
0.126315971412882   0.100017143613933   0.00257832033864337   0.0181722545432489   0
0.107348044652383   0.0957351781383024   -0.018967926760499   -0.00428196547563006   0
0.134359654728531   0.110247361233455   0.0270116100761478   0.0145121830951529   0
0.15158354628821   0.119915456242534   0.0172238915596795   0.0096680950090783   0
0.106283869105994   0.0860544493629034   -0.0452996771822166   -0.0338610068796303   0
0.135540505901077   0.0957560846803612   0.0292566367950837   0.0097016353174578   0
0.112616582890177   0.0914855715096102   -0.0229239230109009   -0.00427051317075097   0
0.0986435344016018   0.110297331912075   -0.0139730484885747   0.0188117604024651   0
0.145049572703231   0.111800248518015   0.0464060383016296   0.00150291660594011   0
0.119568978105778   0.127903263160885   -0.0254805945974534   0.0161030146428692   0
0.162705708672591   0.127022880398661   0.0431367305668129   -0.000880382762223741   0
0.177529003697987   0.122342802624429   0.0148232950253965   -0.00468007777423182   0
0.115418856794243   0.135542514224468   -0.0621101469037442   0.0131997116000385   0
0.15068401662489   0.135027062330112   0.0352651598306464   -0.000515451894355395   0
0.114013337347698   0.153808871240616   -0.0366706792771915   0.0187818089105042   0
0.127219421670514   0.156930079606333   0.0132060843228158   0.00312120836571661   0
0.102896738646227   0.152971837257786   -0.0243226830242866   -0.00395824234854722   0
0.111150334234765   0.142070485081385   0.00825359558853783   -0.0109013521764009   0
0.122204309406334   0.148001284572339   0.0110539751715685   0.00593079949095421   0
0.12990141694997   0.154993418488496   0.00769710754363662   0.00699213391615677   0
0.151420879427442   0.166741774250006   0.0215194624774721   0.0117483557615103   0
0.11189789395507   0.16747312326404   -0.0395229854723727   0.000731349014034377   0
0.155050740341799   0.153904984554993   0.0431528463867295   -0.0135681387090479   0
0.134333842567277   0.18694989560875   -0.020716897774522   0.0330449110537574   0
0.111067767474367   0.175019437088577   -0.0232660750929104   -0.0119304585201725   0
0.122580109313094   0.199332635370779   0.0115123418387269   0.0243131982822017   0
0.154781684980136   0.197834745541759   0.0322015756670421   -0.00149788982902022   0
0.218846679715298   0.21025779580515   0.0640649947351617   0.0124230502633907   0
0.13350652253171   0.197218518340723   -0.0853401571835875   -0.0130392774644269   0
0.0801089242494867   0.218140875900758   -0.0533975982822233   0.0209223575600354   0
0.131717265432678   0.228846406099156   0.0516083411831911   0.0107055301983982   0
0.132442965831636   0.207563135737876   0.000725700398958556   -0.0212832703612802   0
0.0805060031352321   0.205788585243837   -0.0519369626964043   -0.0017745504940391   0
0.179169642266568   0.209640562145068   0.0986636391313361   0.00385197690123062   0
0.145554794694953   0.204704538020466   -0.0336148475716149   -0.00493602412460148   0
0.0998538214732721   0.204161923258997   -0.0457009732216812   -0.000542614761469412   0
0.181823107761472   0.214897213354059   0.0819692862882002   0.0107352900950623   0
0.124769828700612   0.205408548685516   -0.0570532790608606   -0.00948866466854309   0
0.129258076959933   0.195092666196535   0.00448824825932143   -0.0103158824889814   0
0.183673144640827   0.212176490832874   0.0544150676808934   0.017083824636339   0
0.183616214525951   0.195068146306496   -5.69301148757306e-05   -0.0171083445263777   0
0.117965068054912   0.201065867781207   -0.0656511464710389   0.00599772147471156   0
0.12728704977589   0.221879987281661   0.00932198172097848   0.0208141195004534   0
0.169621581921081   0.23547350877233   0.0423345321451906   0.0135935214906689   0
0.136062914739028   0.241231737989475   -0.0335586671820531   0.00575822921714472   0
0.136996491574055   0.216149466417483   0.000933576835026567   -0.0250822715719918   0
0.163453610262025   0.221218304020034   0.0264571186879706   0.00506883760255081   0
0.165834075984099   0.209850074056343   0.00238046572207412   -0.0113682299636909   0
0.124925460524068   0.220055710676297   -0.0409086154600315   0.010205636619954   0
0.154904384882786   0.224143682039557   0.0299789243587186   0.00408797136326022   0
0.174819202381089   0.22087489754044   0.0199148174983022   -0.00326878449911663   0
0.211100479971127   0.220146971830502   0.036281277590038   -0.00072792570993796   0
0.126674567386867   0.205007930519017   -0.0844259125842592   -0.0151390413114856   0
0.154511005901521   0.19745113609701   0.0278364385146541   -0.00755679442200666   0
0.189483294420273   0.192091826113684   0.0349722885187519   -0.00535930998332562   0
0.166733280555923   0.205218647799786   -0.0227500138643507   0.0131268216861012   0
0.132590312053672   0.208201287046388   -0.0341429685022511   0.00298263924660241   0
0.165871880599486   0.191397468699954   0.033281568545814   -0.0168038183464338   0
0.17628188847539   0.186862296666717   0.0104100078759049   -0.00453517203323775   0
0.172657709138631   0.18520505284214   -0.00362417933675974   -0.00165724382457619   0
0.2127037047683   0.214353211259477   0.040045995629669   0.0291481584173367   0
0.116073592088209   0.199805793525238   -0.0966301126800904   -0.0145474177342392   0
0.120217456663332   0.214195014807185   0.00414386457512228   0.0143892212819466   0
0.203403613726895   0.220339897461853   0.0831861570635637   0.00614488265466873   0
0.18365294892857   0.2055184155824   -0.0197506647983251   -0.0148214818794534   0
0.129216829647109   0.21779495400376   -0.0544361192814611   0.0122765384213603   0
0.11210877033612   0.215369166374861   -0.017108059310989   -0.00242578762889928   0
0.128774760452438   0.242836552588361   0.0166659901163184   0.0274673862135005   0
0.196756141713543   0.238591756090293   0.067981381261105   -0.00424479649806814   0
0.160695525334217   0.232106726712088   -0.0360606163793264   -0.00648502937820503   0
0.143892410176423   0.214488026722356   -0.0168031151577939   -0.0176186999897325   0
0.140194946133589   0.228100546700901   -0.00369746404283389   0.0136125199785455   0
0.186028173968354   0.23034604374343   0.0458332278347643   0.00224549704252844   0
0.159084430041849   0.227949729515084   -0.0269437439265044   -0.00239631422834558   0
0.140711652047618   0.229173842166814   -0.0183727779942308   0.00122411265173042   0
0.18839281602463   0.24577841239875   0.0476811639770115   0.0166045702319355   0
0.199009432914724   0.22721801196263   0.0106166168900942   -0.0185604004361196   0
0.154208559574047   0.22389401750661   -0.0448008733406766   -0.00332399445602072   0
0.151129069893857   0.240027468626509   -0.00307948968019056   0.0161334511198999   0
0.159212197038322   0.245170713180633   0.00808312714446563   0.0051432445541231   0
0.210748474174405   0.247242267902355   0.0515362771360829   0.00207155472172268   0
0.17625056131434   0.231648344439368   -0.0344979128600651   -0.0155939234629874   0
0.175899495274802   0.242688133931698   -0.000351066039538467   0.0110397894923306   0
0.136731413210623   0.240719432953594   -0.0391680820641788   -0.00196870097810409   0
0.171737766298796   0.246851711220522   0.0350063530881735   0.00613227826692769   0
0.207295953372202   0.235792960018954   0.0355581870734053   -0.0110587512015681   0
0.168125363130497   0.260625684220205   -0.0391705902417043   0.0248327242012511   0
0.156138566857175   0.23959416925397   -0.0119867962733224   -0.0210315149662351   0
0.175636009167483   0.240040441016196   0.0194974423103076   0.000446271762226308   0
0.180298089965497   0.232745031674685   0.00466208079801433   -0.00729540934151149   0
0.16842847350092   0.231363216880947   -0.0118696164645772   -0.001381814793738   0
0.170548350154817   0.231665917357841   0.0021198766538971   0.000302700476894235   0
0.161475451365835   0.24012794508397   -0.00907289878898221   0.00846202772612881   0
0.231974153857709   0.231732215328922   0.0704987024918743   -0.00839572975504752   0
0.196226308546051   0.235041231768492   -0.0357478453116579   0.00330901643956977   0
0.178420479654775   0.244641170562111   -0.0178058288912759   0.00959993879361923   0
0.147450044242686   0.234345566741724   -0.0309704354120893   -0.0102956038203869   0
0.222224302507714   0.233001452684313   0.0747742582650282   -0.00134411405741175   0
0.22142336400886   0.223867197155479   -0.000800938498854292   -0.00913425552883387   0
0.211142566868929   0.227258247795872   -0.0102807971399311   0.00339105064039333   0
0.177151335469225   0.229705833259628   -0.0339912313997033   0.00244758546375587   0
0.162618274069952   0.246627261310464   -0.0145330613992734   0.0169214280508363   0
0.217380216624145   0.222666140974554   0.0547619425541926   -0.0239611203359102   0
0.20105897609219   0.225902646027553   -0.0163212405319541   0.00323650505299913   0
0.14241329591088   0.23436185114583   -0.0586456801813099   0.00845920511827639   0
0.16777457654913   0.24369939416882   0.0253612806382499   0.00933754302299059   0
0.220226288326349   0.244818873279819   0.0524517117772182   0.00111947911099866   0
0.248716658312949   0.237681063464257   0.0284903699866   -0.0071378098155622   0
0.1249844208802   0.239715578451839   -0.123732237432749   0.00203451498758278   0
0.165325946606938   0.250895144886265   0.0403415257267379   0.0111795664344257   0
0.209502653139859   0.234378325566273   0.0441767065329212   -0.0165168193199919   0
0.23962364010358   0.238149984699769   0.0301209869637211   0.00377165913349528   0
0.170632923293132   0.239323053353098   -0.0689907168104475   0.00117306865332981   0
0.208736669345278   0.248020032945426   0.0381037460521458   0.00869697959232718   0
0.220947799731633   0.220128438393362   0.0122111303863553   -0.027891594552064   0
0.229100946991168   0.238947166003805   0.00815314725953462   0.0188187276104435   0
0.186203292686998   0.236235727762547   -0.0428976543041697   -0.00271143824125858   0
0.216393756942501   0.244435742528072   0.0301904642555021   0.0082000147655257   0
0.226499587772252   0.236451956053444   0.0101058308297513   -0.00798378647462783   0
0.234055209985187   0.242825392429416   0.00755562221293524   0.00637343637597182   0
0.178412383876176   0.245892621692376   -0.0556428261090111   0.00306722926295991   0
0.277456570450224   0.236043865449835   0.0990441865740478   -0.0098487562425407   0
0.311597566391909   0.248029819260205   0.034140995941685   0.0119859538103697   0
0.631865638114623   0.340491312889918   0.320268071722714   0.0924614936297129   0
0.329272919874988   0.302670562057037   -0.302592718239636   -0.0378207508328813   1
0.283907504330002   0.268833840257323   -0.0453654155449858   -0.0338367217997134   0
0.224580914997246   0.255998646989803   -0.0593265893327563   -0.0128351932675198   0
0.208244897623351   0.264405691074814   -0.0163360173738943   0.00840704408501058   0
0.224622721462011   0.269903972884455   0.0163778238386594   0.00549828180964074   0
0.303282633846714   0.267093599059716   0.0786599123847034   -0.00281037382473848   0
0.411230118014233   0.276024657180119   0.107947484167519   0.00893105812040318   0
0.366695677101599   0.244955155409842   -0.0445344409126343   -0.0310695017702772   0
0.236270825841216   0.230008440430542   -0.130424851260383   -0.0149467149793007   0
0.252720819883206   0.243526030165668   0.0164499940419908   0.0135175897351268   0
0.270506156780211   0.227382483857046   0.0177853368970045   -0.0161435463086219   0
0.210967913109174   0.21907126865817   -0.0595382436710368   -0.00831121519887668   0
0.266199154623019   0.203424666129233   0.055231241513845   -0.0156466025289366   0
0.251464890074043   0.21270932113215   -0.0147342645489763   0.00928465500291653   0
0.193355275702242   0.2179832999528   -0.0581096143718008   0.00527397882065056   0
0.214414193855281   0.19497097299963   0.021058918153039   -0.0230123269531702   0
0.191802708732202   0.198071282687629   -0.0226114851230787   0.00310030968799851   0
0.241213478621013   0.197049255029041   0.049410769888811   -0.00102202765858772   0
0.172255692433603   0.1962467360391   -0.0689577861874103   -0.000802518989941381   0
0.165796032777295   0.152561542434717   -0.00645965965630754   -0.0436851936043824   0
0.121382238617724   0.156376979927042   -0.0444137941595718   0.00381543749232485   0
0.17546456923325   0.150704112736813   0.0540823306155264   -0.00567286719022916   0
0.197839049787472   0.137041606765756   0.0223744805542224   -0.0136625059710572   0
0.183624796403563   0.140524223510575   -0.0142142533839094   0.00348261674481923   0
0.171248760237731   0.138271664056668   -0.0123760361658317   -0.00225255945390704   0
0.3097545345112   0.144486086050699   0.138505774273468   0.00621442199403122   0
0.204582480479757   0.133565624417363   -0.105172054031443   -0.0109204616333363   0
0.245643495089937   0.150111671306731   0.0410610146101806   0.0165460468893681   0
0.256191842799415   0.170309410215643   0.0105483477094774   0.0201977389089117   0
0.267994570828235   0.178356331665713   0.0118027280288207   0.00804692145007097   0
0.233807580977393   0.170558587371759   -0.0341869898508427   -0.00779774429395433   0
0.196539018687308   0.16594455288439   -0.0372685622900847   -0.00461403448736949   0
0.2127528686816   0.168306566094434   0.0162138499942917   0.00236201321004409   0
0.214304460191686   0.168238536472028   0.00155159151008649   -6.80296224054577e-05   0
0.2642475638265   0.192853305238723   0.0499431036348134   0.0246147687666946   0
0.310229308797283   0.220924354361397   0.0459817449707834   0.0280710491226739   0
0.255858660819699   0.201303872000143   -0.0543706479775836   -0.0196204823612536   0
0.23980157800834   0.192086390356657   -0.0160570828113594   -0.00921748164348615   0
0.227248070191938   0.211693708135126   -0.012553507816402   0.0196073177784692   0
0.273294910558924   0.224823924058362   0.0460468403669855   0.0131302159232355   0
0.256271881759373   0.225015403574955   -0.0170230287995506   0.00019147951659354   0
0.257402297165429   0.231861812438465   0.00113041540605646   0.0068464088635099   0
0.224212485717366   0.236707296617574   -0.0331898114480635   0.00484548417910849   0
0.246887815857729   0.24650705525451   0.0226753301403634   0.00979975863693627   0
0.315501551168928   0.263915228686694   0.0686137353111992   0.0174081734321841   0
0.247803805729129   0.247629467499831   -0.0676977454397993   -0.0162857611868627   0
0.185376506609683   0.232373426732167   -0.0624272991194458   -0.0152560407676638   0
0.294998696651358   0.252792256559611   0.109622190041675   0.0204188298274432   0
0.256411286604159   0.237840426561066   -0.0385874100471995   -0.0149518299985443   0
0.24245092553224   0.240680215630616   -0.0139603610719182   0.00283978906955004   0
0.263027404149149   0.241756851797938   0.020576478616909   0.00107663616732132   0
0.234709659100345   0.234119987911114   -0.0283177450488047   -0.00763686388682405   0
0.267321160643897   0.258964147944267   0.0326115015435519   0.0248441600331529   0
0.311003477036833   0.272797326070565   0.0436823163929366   0.0138331781262981   0
0.210212119717798   0.264089340692217   -0.100791357319035   -0.00870798537834749   0
0.141940950681824   0.246809906177305   -0.0682711690359744   -0.0172794345149124   0
0.202847645034124   0.270185989172736   0.0609066943523001   0.0233760829954315   0
0.226875051387234   0.268692709745724   0.0240274063531097   -0.00149327942701211   0
0.135471339647506   0.254538965783728   -0.0914037117397276   -0.0141537439619959   0
0.244327779840934   0.255930633210446   0.108856440193428   0.00139166742671798   0
0.238471650979734   0.245647153373492   -0.00585612886120029   -0.0102834798369541   0
0.218980777187154   0.250833783210117   -0.0194908737925799   0.00518662983662491   0
0.207723687263369   0.259793877680941   -0.0112570899237849   0.00896009447082441   0
0.237671389429292   0.244465704859598   0.0299477021659225   -0.0153281728213436   0
0.258761107773637   0.247836445500858   0.0210897183443458   0.00337074064126064   0
0.29822577009038   0.265465066544546   0.0394646623167422   0.0176286210436871   0
0.265582248974776   0.254492728648089   -0.0326435211156035   -0.0109723378964563   0
0.277913145356243   0.256089430433003   0.0123308963814664   0.00159670178491395   0
0.21682920035016   0.243040611416076   -0.0610839450060821   -0.0130488190169273   0
0.271203048827332   0.289115754162152   0.0543738484771712   0.0460751427460762   0
0.304938681583954   0.296302646069015   0.0337356327566222   0.00718689190686295   0
0.252542310147844   0.29386854450332   -0.0523963714361095   -0.00243410156569468   0
0.227638258831858   0.271703216785337   -0.0249040513159863   -0.0221653277179831   0
0.262290134177803   0.273763531877422   0.0346518753459452   0.00206031509208421   0
0.206047718646046   0.263708169552064   -0.0562424155317576   -0.0100553623253578   0
0.226888037476637   0.257534292498591   0.0208403188305917   -0.00617387705347239   0
