0.20958922935361   0.375517625998434   0   0   0
0.175517019035694   0.226820011926445   -0.0340722103179159   -0.14869761407199   0
0.156189733882672   0.158297979509855   -0.0193272851530215   -0.0685220324165896   0
0.208303717971355   0.138048428729061   0.0521139840886831   -0.0202495507807945   0
0.140981815883468   0.166715828508341   -0.0673219020878877   0.0286673997792803   0
0.191402346971034   0.0910376506707979   0.050420531087566   -0.0756781778375429   0
0.155220710836215   0.112300034876486   -0.0361816361348184   0.0212623842056883   0
0.185067210993007   0.0969355814583066   0.0298465001567911   -0.0153644534181795   0
0.18262037561165   0.102554991510957   -0.0024468353813569   0.00561941005265057   0
0.153334724319966   0.120426230630426   -0.0292856512916836   0.0178712391194686   0
0.113154623094021   0.130415624915537   -0.0401801012259449   0.00998939428511109   0
0.13612257906648   0.115983566168068   0.0229679559724584   -0.0144320587474693   0
0.104001931922297   0.126670878666487   -0.0321206471441831   0.0106873124984199   0
0.0987985877676903   0.130524089518765   -0.00520334415460624   0.00385321085227722   0
0.182292312797551   0.0905954337569091   0.0834937250298603   -0.0399286557618556   0
0.183116962211424   0.098522788271813   0.000824649413873224   0.00792735451490396   0
0.17925651551966   0.0802086068190472   -0.00386044669176405   -0.0183141814527659   0
0.0775000871953058   0.131125928358401   -0.101756428324354   0.0509173215393538   0
0.170164360957869   0.0891375758117894   0.0926642737625634   -0.0419883525466116   0
0.14181554610948   0.0940877433658205   -0.0283488148483894   0.0049501675540311   0
0.113848236819153   0.0940934966992406   -0.0279673092903266   5.75333342009432e-06   0
0.0994473208709516   0.111100699834249   -0.0144009159482017   0.0170072031350089   0
0.136213998525996   0.101622794381772   0.0367666776550443   -0.00947790545247706   0
0.122535365463975   0.102697488969741   -0.0136786330620205   0.00107469458796822   0
0.14643078498994   0.0861100130635224   0.0238954195259645   -0.0165874759062182   0
0.180088800869821   0.0601809624104874   0.033658015879881   -0.025929050653035   0
0.102671143635688   0.0857686314717246   -0.0774176572341333   0.0255876690612371   0
0.143060598269754   0.0978027582792408   0.0403894546340666   0.0120341268075162   0
0.170761479239816   0.0888522544844671   0.0277008809700615   -0.0089505037947737   0
0.148394081213639   0.1077170114042   -0.022367398026177   0.0188647569197327   0
0.112967553817457   0.127731176853209   -0.0354265273961819   0.0200141654490087   0
0.117953111689603   0.132572997888795   0.00498555787214638   0.0048418210355867   0
0.119813437604052   0.142431743730014   0.00186032591444857   0.00985874584121924   0
0.12923192404085   0.131563614302065   0.00941848643679816   -0.0108681294279495   0
0.128542683760726   0.130920866406095   -0.000689240280123959   -0.000642747895970186   0
0.179254534762778   0.119931737096087   0.0507118510020521   -0.0109891293100074   0
0.146748332358838   0.123852758687625   -0.0325062024039399   0.00392102159153743   0
0.141885566397784   0.134756525779682   -0.00486276596105398   0.0109037670920569   0
0.191146363381991   0.115290800525378   0.0492607969842065   -0.0194657252543036   0
0.173710285020663   0.137235081494793   -0.0174360783613275   0.0219442809694151   0
0.188516761170804   0.133462296044023   0.0148064761501411   -0.00377278545076984   0
0.168803258103776   0.124727610800957   -0.0197135030670282   -0.00873468524306625   0
0.162205594492114   0.147045459450377   -0.00659766361166231   0.0223178486494201   0
0.176310075379259   0.134795343252985   0.0141044808871454   -0.0122501161973923   0
0.151415269093378   0.152270591124288   -0.0248948062858812   0.0174752478713029   0
0.152395905313266   0.13954988438476   0.000980636219888448   -0.0127207067395273   0
0.188841431049968   0.12692234863188   0.0364455257367023   -0.0126275357528804   0
0.154557039423153   0.151165586713618   -0.0342843916268157   0.0242432380817384   0
0.19523246124044   0.140533902292196   0.0406754218172874   -0.0106316844214224   0
0.206215176164632   0.148220695335166   0.0109827149241913   0.0076867930429696   0
0.156589845507499   0.16866314714264   -0.0496253306571322   0.0204424518074748   0
0.191224899657681   0.154421838524551   0.0346350541501812   -0.0142413086180895   0
0.182030192902277   0.14606711912282   -0.00919470675540404   -0.00835471940173127   0
0.178427551931898   0.151117793691709   -0.00360264097037899   0.00505067456888952   0
0.173201821877889   0.154906201413952   -0.0052257300540085   0.0037884077222432   0
0.159926842996259   0.156618530845651   -0.0132749788816299   0.00171232943169811   0
0.182928791364208   0.15549537859451   0.0230019483679491   -0.00112315225114054   0
0.198629309759058   0.174275689263448   0.0157005183948503   0.0187803106689383   0
0.204829279401164   0.179993623099431   0.00619996964210526   0.0057179338359826   0
0.194319502223632   0.188412982239255   -0.010509777177532   0.00841935913982453   0
0.19048286295927   0.188845922959698   -0.00383663926436179   0.00043294072044206   0
0.226070455802522   0.190222987839989   0.035587592843252   0.00137706488029121   0
0.19390151736807   0.202966660141814   -0.0321689384344518   0.0127436723018249   0
0.200120613696166   0.208938152940434   0.00621909632809561   0.00597149279861992   0
0.187015512728811   0.234617413082448   -0.0131051009673549   0.0256792601420144   0
0.182140587164339   0.23950500935993   -0.00487492556447228   0.00488759627748173   0
0.196764174876669   0.233811683370485   0.0146235877123305   -0.00569332598944453   0
0.195008295388914   0.258600358763769   -0.00175587948775491   0.0247886753932838   0
0.179062970238768   0.255793500352824   -0.0159453251501459   -0.00280685841094525   0
0.165558572508765   0.257973688892879   -0.0135043977300032   0.00218018854005547   0
0.180447017366456   0.243201083262904   0.0148884448576908   -0.014772605629975   0
0.161911214530642   0.240386368016679   -0.0185358028358137   -0.00281471524622559   0
0.184147077444634   0.248629322123317   0.0222358629139918   0.00824295410663825   0
0.171160907171001   0.259403885780456   -0.012986170273633   0.0107745636571395   0
0.155929995979414   0.284932901901921   -0.0152309111915871   0.0255290161214652   0
0.0985660011063658   0.288380781486041   -0.057363994873048   0.00344787958411996   0
0.111787865302322   0.283726197731634   0.0132218641959558   -0.00465458375440791   0
0.123710144362093   0.35016565624644   0.0119222790597718   0.0664394585148065   0
0.101136490123496   0.360061731570435   -0.0225736542385975   0.009896075323995   0
0.0914316270623027   0.344883291029371   -0.00970486306119331   -0.0151784405410638   0
0.102032841792337   0.378894997923567   0.010601214730034   0.034011706894196   0
0.082654945334263   0.388512109879473   -0.0193778964580737   0.00961711195590614   0
0.0755133341792031   0.414263879787389   -0.00714161115505987   0.0257517699079153   0
0.111381480765533   0.420230312331821   0.0358681465863304   0.00596643254443252   0
0.0754697176103104   0.443363523674422   -0.035911763155223   0.023133211342601   0
0.0972305177366654   0.46757189193909   0.021760800126355   0.0242083682646677   0
0.0900497467888167   0.453517652752624   -0.00718077094784869   -0.0140542391864656   0
0.0817922864168743   0.475501879634035   -0.0082574603719424   0.0219842268814102   0
0.113785704080478   0.472468708766517   0.0319934176636032   -0.00303317086751742   0
0.0798300389531409   0.455019844483183   -0.0339556651273366   -0.0174488642833342   0
0.0614346744571012   0.501266575079069   -0.0183953644960398   0.0462467305958861   0
0.0642230485675205   0.492393925105195   0.00278837411041935   -0.00887264997387438   0
0.0825171928836046   0.496965957420124   0.018294144316084   0.00457203231492886   0
0.0585836818959862   0.470836698198006   -0.0239335109876184   -0.0261292592221177   0
0.0983595112241521   0.435119064295625   0.0397758293281659   -0.0357176339023811   0
0.0778033384348056   0.43434871852378   -0.0205561727893465   -0.000770345771844538   0
0.0707513075917329   0.477701075311748   -0.00705203084307272   0.0433523567879675   0
0.104160997991523   0.474085533138536   0.0334096903997898   -0.00361554217321158   0
0.084942226025046   0.438124918734943   -0.0192187719664767   -0.0359606144035935   0
0.0851213029941013   0.452164678198386   0.000179076969055308   0.0140397594634435   0
0.0650945148953397   0.471782297480787   -0.0200267880987616   0.0196176192824012   0
0.115243652951041   0.49496388351702   0.0501491380557014   0.0231815860362325   0
0.0763980709532643   0.490377286024241   -0.0388455819977768   -0.00458659749277901   0
0.0519472617864541   0.504894156170132   -0.0244508091668101   0.0145168701458917   0
0.0734373700053998   0.538451243208009   0.0214901082189457   0.0335570870378762   0
0.0763311135412684   0.531020488217027   0.00289374353586852   -0.00743075499098145   0
0.0878873317981039   0.545112950782909   0.0115562182568355   0.0140924625658816   0
0.106545268941693   0.518101289280629   0.0186579371435887   -0.0270116615022798   0
0.0988515312718018   0.519122493960722   -0.00769373766989082   0.00102120468009348   0
0.0928905497246087   0.519626280837729   -0.00596098154719309   0.00050378687700614   0
0.126224577538687   0.560121459091463   0.0333340278140783   0.0404951782537349   0
0.118618501562994   0.560968669076313   -0.00760607597569303   0.00084720998484944   0
0.148228932941211   0.581803753121489   0.029610431378217   0.0208350840451756   0
0.142365290278214   0.571147048112174   -0.00586364266299741   -0.0106567050093146   0
0.17667505180169   0.560436518082334   0.0343097615234769   -0.0107105300298402   0
0.192037551602414   0.572124036772185   0.015362499800724   0.0116875186898509   0
0.195040143561986   0.559695105071949   0.00300259195957128   -0.0124289317002356   0
0.231803237477413   0.547504954082153   0.0367630939154274   -0.0121901509897964   0
0.218325684559009   0.562489172504902   -0.0134775529184039   0.0149842184227499   0
0.235716768300094   0.577733482512698   0.0173910837410844   0.0152443100077957   0
0.237783109020468   0.603938274412212   0.00206634072037484   0.0262047918995135   0
0.194709307766999   0.585833557537036   -0.043073801253469   -0.0181047168751752   0
0.165406207699832   0.57202841486525   -0.0293031000671673   -0.0138051426717869   0
0.164763005579438   0.570259129368614   -0.000643202120393843   -0.00176928549663524   0
0.153747634379199   0.573379027795097   -0.0110153712002388   0.00311989842648219   0
0.212667817861565   0.576843248195946   0.058920183482366   0.00346422040084982   0
0.175287837690173   0.604241659806323   -0.0373799801713926   0.0273984116103765   0
0.16725402941179   0.603571666276259   -0.00803380827838263   -0.000669993530063695   0
0.195282869208464   0.617954528087828   0.0280288397966736   0.0143828618115687   0
0.166355615146018   0.638555760079924   -0.028927254062446   0.0206012319920966   0
0.214471359007701   0.632488862102132   0.0481157438616828   -0.00606689797779225   0
0.167797990213381   0.622314037150256   -0.0466733687943193   -0.0101748249518764   0
0.157103043133225   0.659910072396232   -0.0106949470801561   0.0375960352459761   0
0.190435335476403   0.632393638270895   0.0333322923431774   -0.0275164341253366   0
0.143599559136823   0.625676503239693   -0.0468357763395793   -0.00671713503120197   0
0.150041014497937   0.644297213481868   0.00644145536111329   0.0186207102421748   0
0.155704219688043   0.647610236826519   0.00566320519010691   0.00331302334465078   0
0.174467598208063   0.656671944989467   0.0187633785200192   0.00906170816294838   0
0.0986420174656318   0.89274403449253   -0.0758255807424309   0.236072089503063   1
0.155596278815229   1.14543168579034   0.056954261349597   0.25268765129781   0
0.0892468456378151   1.08711412580304   -0.0663494331774136   -0.0583175599873034   0
0.116571332052611   1.05821277972533   0.0273244864147955   -0.0289013460777112   0
0.205365138473013   1.06459688093863   0.0887938064204029   0.00638410121330013   0
0.197428665390743   1.08443328339749   -0.00793647308227041   0.0198364024588595   0
0.21304781462254   1.08535277688985   0.0156191492317965   0.000919493492360868   0
0.26605369718102   1.17763081006422   0.0530058825584806   0.0922780331743693   0
0.337981112126107   1.38577130866036   0.0719274149450866   0.208140498596146   0
0.234743165606179   1.31139169996887   -0.103237946519928   -0.0743796086914883   0
0.269137981866941   1.29924354998495   0.0343948162607622   -0.0121481499839209   0
0.203374416200367   1.29471749463135   -0.0657635656665745   -0.00452605535360617   0
0.245070929142075   1.31268413414014   0.0416965129417084   0.0179666395087945   0
0.224153171043909   1.3041007930533   -0.0209177580981659   -0.00858334108683856   0
0.197471059360226   1.30337506669703   -0.0266821116836829   -0.000725726356266998   0
0.296271275395979   1.29079673655896   0.0988002160357527   -0.0125783301380791   0
0.300555840075101   1.29367475872232   0.00428456467912258   0.00287802216336308   0
0.232317730058663   1.33095745740782   -0.0682381100164381   0.0372826986855053   0
0.302368045206913   1.31652350361378   0.07005031514825   -0.0144339537940452   0
0.249409350675331   1.30198664497279   -0.0529586945315829   -0.0145368586409897   0
0.222940182768944   1.31943362081283   -0.0264691679063869   0.0174469758400393   0
0.559403283427976   1.25280925528929   0.336463100659032   -0.0666243655235406   1
0.512405449892924   1.25821923031968   -0.0469978335350514   0.00540997503039287   0
0.530611977684673   1.2925482180532   0.018206527791749   0.0343289877335184   0
0.519204164144357   1.22911257913728   -0.0114078135403166   -0.0634356389159176   0
0.553802951822839   1.22243791028921   0.0345987876784827   -0.00667466884807189   0
0.540571965350554   1.27539158886595   -0.0132309864722857   0.0529536785767357   0
