0.17591645616397   0.320623679648182   0   0   0
0.178860217966433   0.320202158512572   0.00294376180246314   -0.000421521135610337   0
0.176428636579468   0.293032180736331   -0.0024315813869652   -0.0271699777762401   0
0.15470802145183   0.260765439329702   -0.0217206151276376   -0.0322667414066295   0
0.157141650831503   0.262361231500102   0.00243362937967262   0.00159579217039979   0
0.138865709876125   0.261264645355016   -0.0182759409553784   -0.00109658614508623   0
0.118658727329809   0.220146454343089   -0.0202069825463154   -0.0411181910119267   0
0.103370898525746   0.17782846777941   -0.0152878288040636   -0.0423179865636792   0
0.104435404177846   0.160791625043883   0.00106450565210013   -0.0170368427355271   0
0.116025937059263   0.144577349377427   0.011590532881417   -0.0162142756664558   0
0.0891118143100565   0.143523332617044   -0.0269141227492062   -0.00105401676038319   0
0.074297138998446   0.125649056890611   -0.0148146753116106   -0.0178742757264325   0
0.101087909941496   0.101457069852537   0.02679077094305   -0.0241919870380743   0
0.0766790444598784   0.0903619999218283   -0.0244088654816176   -0.0110950699307083   0
0.0708439739786137   0.102303892348679   -0.00583507048126462   0.0119418924268502   0
0.0729186294381621   0.0950187466850358   0.00207465545954837   -0.00728514566364273   0
0.0524307212928024   0.0676002069453563   -0.0204879081453597   -0.0274185397396795   0
0.0623105587724103   0.0641693566205085   0.00987983747960791   -0.0034308503248478   0
0.079500267594644   0.0222857298953276   0.0171897088222337   -0.0418836267251809   0
0.0644947052691924   0.0202482069989543   -0.0150055623254515   -0.00203752289637339   0
0.0309946808541401   0.0444435698838043   -0.0335000244150523   0.0241953628848501   0
0.061159569782496   0.0287931189013104   0.0301648889283559   -0.0156504509824939   0
0.0868347001826459   0.0337473805303349   0.0256751304001499   0.00495426162902444   0
0.105352125150136   0.0426119930277677   0.0185174249674905   0.00886461249743285   0
0.0519612709632857   0.0666507916940414   -0.0533908541868507   0.0240387986662737   0
0.0337104550697554   0.082050351165321   -0.0182508158935303   0.0153995594712796   0
0.0355291531165605   0.0856633185132353   0.00181869804680505   0.00361296734791426   0
0.0301001282877665   0.103092369384451   -0.00542902482879401   0.0174290508712152   0
0.0718965680614172   0.101985382409932   0.0417964397736507   -0.00110698697451887   0
0.0574036146968116   0.11265463338333   -0.0144929533646057   0.0106692509733984   0
0.0553427284671618   0.12189431143398   -0.00206088622964976   0.00923967805065043   0
0.0924492002544641   0.11877355514538   0.0371064717873023   -0.00312075628860098   0
0.0732574797762659   0.124197318849563   -0.0191917204781982   0.00542376370418345   0
0.0594778005344851   0.149561347730212   -0.0137796792417807   0.0253640288806491   0
0.0990180453153712   0.144816895862508   0.039540244780886   -0.004744451867704   0
0.104160848290495   0.163677752670949   0.00514280297512425   0.0188608568084414   0
0.0942919485281516   0.19532628519926   -0.00986889976234379   0.0316485325283102   0
0.162461063757843   0.200894517402243   0.0681691152296916   0.00556823220298314   0
0.10448695053015   0.200447949781889   -0.0579741132276933   -0.000446567620354221   0
0.0995063427368326   0.224911270317502   -0.00498060779331733   0.0244633205356136   0
0.150320530143956   0.240339430351519   0.0508141874071234   0.0154281600340166   0
0.150023494530946   0.247022338007689   -0.000297035613009672   0.00668290765617019   0
0.118956639054229   0.280036548304078   -0.0310668554767175   0.0330142102963896   0
0.176446223039118   0.300040381179552   0.0574895839848886   0.0200038328754734   0
0.173081764851518   0.305885451478946   -0.00336445818759973   0.00584507029939463   0
0.167274180549674   0.342590978819903   -0.00580758430184389   0.0367055273409565   0
0.245109003778548   0.338193511664406   0.0778348232288746   -0.00439746715549733   0
0.201492365120989   0.351942791677142   -0.0436166386575594   0.0137492800127362   0
0.210165580730456   0.385201248762725   0.00867321560946732   0.0332584570855829   0
0.261158757578759   0.405876110663725   0.0509931768483023   0.0206748619010005   0
0.248035710474452   0.425988324575064   -0.0131230471043063   0.0201122139113387   0
0.237513425901182   0.457050515560392   -0.0105222845732708   0.031062190985328   0
0.303011033900275   0.440215452618261   0.0654976079990933   -0.0168350629421313   0
0.285237888772849   0.429839212227866   -0.0177731451274256   -0.0103762403903945   0
0.291221975248589   0.453096593029632   0.00598408647574   0.0232573808017658   0
0.335501593247767   0.487359924004129   0.0442796179991781   0.0342633309744967   0
0.310082037816059   0.497520002187349   -0.0254195554317082   0.0101600781832206   0
0.33035244450986   0.550348910035488   0.0202704066938005   0.052828907848139   0
0.359398427662128   0.591725309138666   0.0290459831522684   0.0413763991031781   0
0.303797302359007   0.634212103389907   -0.0556011253031211   0.0424867942512406   0
0.337636313423127   0.661508951526357   0.0338390110641197   0.0272968481364499   0
0.363474922212579   0.676662001977723   0.0258386087894517   0.0151530504513663   0
0.353985177312568   0.697542044393204   -0.00948974490001081   0.0208800424154804   0
0.377410180759776   0.758318341243472   0.0234250034472084   0.060776296850268   0
0.420957037923409   0.785840901227469   0.0435468571636324   0.027522559983997   0
0.41409439619899   0.816065648595902   -0.00686264172441814   0.0302247473684333   0
0.41702993381454   0.876299271634697   0.00293553761555004   0.060233623038795   0
0.477568163874733   0.917894366934453   0.0605382300601923   0.0415950952997562   0
0.455503290866971   0.967477449981264   -0.0220648730077621   0.0495830830468114   0
0.524048626413084   1.02559788526157   0.0685453355461133   0.0581204352803035   0
0.51520232454759   1.03714096613961   -0.00884630186549418   0.0115430808780403   0
0.478575374111216   1.08846207139822   -0.0366269504363742   0.05132110525861   0
0.537599412966951   1.15463095802966   0.0590240388557351   0.0661688866314458   0
0.593724171382646   1.20899070472285   0.0561247584156956   0.0543597466931844   0
0.576839783287951   1.24921004534906   -0.0168843880946956   0.0402193406262112   0
0.604752923172762   1.28438704378207   0.0279131398848108   0.0351769984330121   0
0.649107321453733   1.29055723504665   0.0443543982809714   0.00617019126457641   0
0.60738613188173   1.34023264409626   -0.0417211895720032   0.0496754090496108   0
0.687927993771761   1.35738942688171   0.0805418618900312   0.0171567827854482   0
0.640336689315277   1.39784989171379   -0.0475913044564835   0.0404604648320812   0
0.643969318566157   1.44088481808584   0.00363262925087915   0.0430349263720466   0
0.720316045364117   1.48029748336947   0.07634672679796   0.0394126652836393   0
0.727232697149331   1.4807354281867   0.00691665178521417   0.000437944817225366   0
0.682652520764437   1.52295750432932   -0.0445801763848939   0.0422220761426231   0
0.743649678522764   1.56548007000185   0.060997157758327   0.0425225656725279   0
0.768367706024928   1.58555810104494   0.024718027502164   0.0200780310430937   0
0.747966128123161   1.61674969542289   -0.0204015779017668   0.0311915943779431   0
0.776074322995221   1.66622409561784   0.0281081948720595   0.0494744001949559   0
0.800084732193547   1.70040532070151   0.0240104091983264   0.0341812250836648   0
0.779042786753341   1.72571572088612   -0.0210419454402055   0.0253104001846116   0
0.835483221490749   1.77573163596431   0.0564404347374075   0.0500159150781943   0
0.877070345886185   1.81954007381845   0.0415871243954361   0.0438084378541357   0
0.893209481668231   1.89200123295375   0.0161391357820462   0.0724611591352973   0
0.968012004335447   1.93565623799333   0.0748025226672155   0.0436550050395854   0
0.959334946433343   1.97251142224253   -0.00867705790210349   0.036855184249198   0
0.994136857618258   2.02693638718023   0.0348019111849146   0.0544249649377011   0
1.07827210598107   2.07134294129075   0.0841352483628122   0.0444065541105143   0
1.04820539010623   2.10479773333841   -0.0300667158748407   0.033454792047662   0
1.0577617936502   2.144587288378   0.00955640354397147   0.0397895550395915   0
1.13508141648266   2.17366985706213   0.0773196228324626   0.0290825686841303   0
1.08145209687668   2.21894700135137   -0.0536293196059872   0.0452771442892432   0
1.1251465683899   2.25253951576604   0.0436944715132201   0.0335925144146656   0
1.12423063940731   2.27727713851268   -0.000915928982590408   0.0247376227466414   0
1.12434524058994   2.33304639028653   0.000114601182633844   0.0557692517738482   0
1.18254238999182   2.37164506284752   0.0581971494018776   0.0385986725609886   0
1.2115016457918   2.38347206726914   0.0289592557999867   0.0118270044216282   0
1.18615452575632   2.44810670475962   -0.0253471200354802   0.0646346374904736   0
1.25942007956934   2.45768557781218   0.0732655538130151   0.00957887305256433   0
1.29839100957856   2.46432461303929   0.0389709300092238   0.00663903522710863   0
1.28403685330252   2.50479222147891   -0.0143541562760419   0.0404676084396183   0
1.38895393396614   2.52949327497624   0.104917080663616   0.024701053497326   0
1.37585751786317   2.5382505767999   -0.0130964161029652   0.00875730182365952   0
1.37212122720343   2.59703726538415   -0.00373629065974446   0.0587866885842576   0
1.41256842135413   2.62373893408057   0.0404471941506992   0.0267016686964179   0
1.39881646030807   2.66377937563854   -0.0137519610460528   0.0400404415579692   0
1.43495792393248   2.71881535198149   0.0361414636244048   0.0550359763429533   0
1.48806153743797   2.73815206501283   0.0531036135054894   0.0193367130313322   0
1.44353435249802   2.80109736495757   -0.044527184939944   0.0629452999447464   0
1.52600486642784   2.85623481383661   0.0824705139298125   0.0551374488790377   0
1.54698174554965   2.89777737894494   0.0209768791218126   0.0415425651083297   0
1.54284355282043   2.94454348665612   -0.00413819272922167   0.0467661077111843   0
1.55429372353867   2.98926540453876   0.0114501707182377   0.0447219178826321   0
1.63711145730509   3.0430094316004   0.0828177337664289   0.0537440270616463   0
1.65314403007421   3.0544688155557   0.016032572769114   0.0114593839552994   0
1.63665384098224   3.09688554049262   -0.0164901890919675   0.0424167249369156   0
1.66307169513477   3.14354589587762   0.0264178541525326   0.0466603553849985   0
1.73055950771468   3.16071199570856   0.067487812579907   0.0171660998309471   0
1.70415650034163   3.22081103721256   -0.0264030073730528   0.0600990415039977   0
1.73404642768788   3.25930007148272   0.0298899273462567   0.0384890342701576   0
1.7868440107505   3.27945161895404   0.0527975830626171   0.0201515474713201   0
1.77550641589392   3.30481246080322   -0.011337594856583   0.0253608418491855   0
1.77951408339387   3.3584723830852   0.00400766749995474   0.0536599222819794   0
1.8437605500726   3.3781096304117   0.0642464666787224   0.0196372473264939   0
1.86322088062422   3.41926946812331   0.0194603305516234   0.0411598377116111   0
1.86316825285731   3.45603093780166   -5.26277669092856e-05   0.036761469678356   0
1.92582748352839   3.49345498044919   0.06265923067108   0.0374240426475261   0
1.93135780161937   3.525838433409   0.00553031809097893   0.0323834529598059   0
1.95922747803253   3.57451677815719   0.0278696764131567   0.0486783447481929   0
1.97522196909208   3.58819616685128   0.0159944910595589   0.0136793886940954   0
2.05178528117741   3.6486922105771   0.0765633120853226   0.0604960437258151   0
2.07632931505488   3.6951095014646   0.024544033877469   0.046417290887506   0
2.10370952907012   3.75293167962581   0.0273802140152406   0.0578221781612047   0
2.20037534383607   3.787664851068   0.0966658147659509   0.0347331714421935   0
2.23920710957116   3.82515708654416   0.0388317657350883   0.0374922354761558   0
2.31476184413651   3.85293650591519   0.0755547345653529   0.0277794193710359   0
2.41617352546563   3.65770394421569   0.101411681329119   -0.195232561699507   0
2.42511260029076   3.69106714101224   0.00893907482513034   0.0333631967965493   0
2.48011078617146   3.77618565846397   0.0549981858806983   0.0851185174517366   0
2.54509337014106   3.76955583522064   0.0649825839696079   -0.00662982324333061   0
2.54696349654957   3.82190986588368   0.00187012640850348   0.0523540306630355   0
2.60985703622267   3.86333848724571   0.0628935396731065   0.0414286213620354   0
2.67689823760635   3.91648747871661   0.0670412013836792   0.0531489914708971   0
2.67422676776391   3.9489874425636   -0.00267146984244482   0.0324999638469894   0
2.70915383613131   3.96572217278581   0.0349270683674026   0.0167347302222094   0
2.70717067240412   4.00386453241428   -0.0019831637271861   0.0381423596284676   0
2.70962893546773   4.02229043304931   0.00245826306360808   0.018425900635032   0
2.77107668090239   4.02740100107066   0.0614477454346565   0.00511056802135545   0
2.77841256493632   4.05872581647245   0.00733588403392682   0.0313248154017902   0
2.75314517868201   4.06755060918116   -0.0252673862543054   0.00882479270870196   0
2.80242110154791   4.09309746404236   0.049275922865899   0.0255468548612034   0
2.79376247174236   4.09908318752194   -0.00865862980554599   0.0059857234795766   0
2.81740117086651   4.0936164432962   0.0236386991241493   -0.00546674422574078   0
2.84680250490423   4.11045591068984   0.0294013340377175   0.0168394673936394   0
2.86900436992626   4.12909513207494   0.0222018650220335   0.0186392213851079   0
2.86356134235256   4.154726366793   -0.00544302757370341   0.0256312347180616   0
