0.0463719636427012   0.0834078509377027   0   0   0
0.0563202993140129   0.084577709026315   0.0099483356713117   0.00116985808861231   0
0.0472989708723139   0.069545600757219   -0.00902132844169897   -0.015032108269096   0
0.0392914683137447   0.0672173667911798   -0.00800750255856926   -0.00232823396603921   0
0.0508014326463339   0.0662049004225716   0.0115099643325893   -0.00101246636860818   0
0.0352292134111294   0.0575400425711749   -0.0155722192352045   -0.00866485785139669   0
0.0470379214034804   0.0553842611698035   0.011808707992351   -0.00215578140137147   0
0.0290851373914926   0.0509318346643826   -0.0179527840119878   -0.00445242650542091   0
0.0519839966362726   0.0596511429684503   0.02289885924478   0.00871930830406777   0
0.056325930556361   0.0498110435784074   0.00434193392008839   -0.00984009939004293   0
0.0473446667037587   0.0520651219062723   -0.00898126385260226   0.00225407832786495   0
0.040428260201745   0.0524906835230072   -0.00691640650201371   0.000425561616734856   0
0.0516669737331305   0.0285242565451319   0.0112387135313855   -0.0239664269778753   0
0.0466797702696789   0.0364063142133683   -0.00498720346345161   0.00788205766823637   0
0.0491329513777668   0.0349064772955536   0.00245318110808791   -0.00149983691781465   0
0.0483411847339306   0.0285095552477148   -0.000791766643836282   -0.00639692204783886   0
0.0467076652302382   0.0330262508010673   -0.00163351950369238   0.00451669555335257   0
0.0446916484228318   0.046209012007102   -0.00201601680740641   0.0131827612060347   0
0.0572516372144064   0.0400318143257113   0.0125599887915746   -0.00617719768139072   0
0.0346413011923629   0.0266195204394933   -0.0226103360220435   -0.013412293886218   0
0.0448058217459517   0.0437416762314843   0.0101645205535889   0.017122155791991   0
0.0435386766900419   0.0389361001048192   -0.00126714505590979   -0.00480557612666514   0
0.0466931465971185   0.0406038323783605   0.00315446990707659   0.00166773227354136   0
0.044882172424583   0.030063243275256   -0.00181097417253549   -0.0105405891031045   0
0.0396954607179461   0.0409598066563125   -0.00518671170663694   0.0108965633810565   0
0.0467161136077264   0.0336711876387662   0.00702065288978033   -0.0072886190175463   0
0.0292065927439337   0.0511047321313056   -0.0175095208637927   0.0174335444925394   0
0.0305180223587637   0.0262264582268079   0.00131142961482999   -0.0248782739044977   0
0.0343569750539829   0.0372231885382284   0.00383895269521917   0.0109967303114205   0
0.035286216227333   0.0485969990488353   0.000929241173350165   0.0113738105106069   0
0.0409564772666058   0.0419270704128311   0.0056702610392728   -0.00666992863600418   0
0.039549680347128   0.0539519460535484   -0.00140679691947786   0.0120248756407173   0
0.0401446926078654   0.0542128636985956   0.000595012260737403   0.000260917645047154   0
0.0348845786845706   0.0721357979376745   -0.00526011392329473   0.0179229342390789   0
0.0286883850131024   0.0631085337500603   -0.00619619367146821   -0.00902726418761417   0
0.0355118269033008   0.059043762366676   0.00682344189019839   -0.00406477138338435   0
0.0336072457511769   0.065603815351548   -0.00190458115212389   0.00656005298487201   0
0.0317014728378367   0.0598036601505292   -0.0019057729133402   -0.00580015520101872   0
0.033758741350982   0.0704716085555914   0.00205726851314524   0.0106679484050622   0
0.034723571692038   0.0699219268624299   0.000964830341055996   -0.000549681693161455   0
0.048763044374403   0.0880775937747791   0.0140394726823651   0.0181556669123491   0
0.0328844216516408   0.0796287293809604   -0.0158786227227623   -0.0084488643938187   0
0.0528810937366087   0.0951287408954965   0.019996672084968   0.0155000115145361   0
0.0344485045563665   0.0791371036309297   -0.0184325891802423   -0.0159916372645668   0
0.0451616459834006   0.0937290662862039   0.0107131414270341   0.0145919626552742   0
0.0332871467057482   0.0877492342025781   -0.0118744992776524   -0.00597983208362578   0
0.0461351019924092   0.10812245320573   0.0128479552866611   0.0203732190031517   0
0.0413916619570899   0.107108911994077   -0.00474344003531935   -0.00101354121165245   0
0.0493896528026873   0.113704964598062   0.00799799084559746   0.00659605260398496   0
0.0422392757150262   0.100341868448831   -0.00715037708766115   -0.0133630961492313   0
0.0643842398198503   0.108703911494623   0.0221449641048241   0.00836204304579234   0
0.0476516817782961   0.106765754141026   -0.0167325580415542   -0.0019381573535969   0
0.0511407685926796   0.116818367016736   0.00348908681438341   0.0100526128757091   0
0.0494783421247115   0.101283567719806   -0.00166242646796805   -0.0155347992969297   0
0.0512989712913427   0.0944899114128328   0.00182062916663119   -0.00679365630697301   0
0.0415548599160194   0.10171792321264   -0.00974411137532324   0.00722801179980703   0
0.0534086446430725   0.0969843140801387   0.0118537847270531   -0.00473360913250113   0
0.0566819187220228   0.103978853049659   0.00327327407895029   0.00699453896951985   0
0.0608787853306881   0.0993610100462198   0.00419686660866525   -0.00461784300343876   0
0.0657480131188008   0.100189032588652   0.00486922778811272   0.000828022542432305   0
0.0503846996888936   0.0975695939348166   -0.0153633134299071   -0.00261943865383554   0
0.0657347323129866   0.105589634670762   0.0153500326240929   0.00802004073594546   0
0.0683380444199276   0.10291500258569   0.00260331210694105   -0.00267463208507245   0
0.0672484439877236   0.107474978803092   -0.00108960043220399   0.00455997621740205   0
0.0598428669233853   0.117369756632075   -0.00740557706433834   0.00989477782898329   0
0.0608640091933648   0.113602534675594   0.00102114226997957   -0.00376722195648088   0
0.0578596135604102   0.118228578418809   -0.00300439563295469   0.00462604374321506   0
0.048106335351282   0.115469699160234   -0.0097532782091282   -0.00275887925857489   0
0.0623365877301605   0.111774531866443   0.0142302523788786   -0.00369516729379117   0
0.0645723758218636   0.114004510884098   0.0022357880917031   0.00222997901765529   0
0.0625524659314083   0.113579873932324   -0.00201990989045531   -0.000424636951774846   0
0.0720604795299754   0.117222323264065   0.00950801359856704   0.0036424493317417   0
0.068060805607486   0.138980929423069   -0.00399967392248936   0.0217586061590035   0
0.0609137455890705   0.122745406099342   -0.00714706001841556   -0.0162355233237262   0
0.0683005756865929   0.138216344226949   0.00738683009752242   0.0154709381276066   0
0.0701153900515429   0.129327892609183   0.00181481436495003   -0.00888845161776564   0
0.0745273037560732   0.126096455476482   0.00441191370453028   -0.00323143713270113   0
0.0594007037559321   0.13107968814645   -0.0151266000001411   0.00498323266996722   0
0.0681735024693612   0.142846318886925   0.00877279871342915   0.0117666307404752   0
0.0482256293515181   0.139795754892617   -0.0199478731178432   -0.00305056399430825   0
0.0745737775941383   0.153617018266638   0.0263481482426202   0.0138212633740211   0
0.0795127457202932   0.158097663095474   0.00493896812615489   0.00448064482883634   0
0.0715148343158956   0.163968595031198   -0.00799791140439755   0.00587093193572394   0
0.0578268431604216   0.167671596147395   -0.013687991155474   0.00370300111619667   0
0.0787740034482189   0.164903896303884   0.0209471602877973   -0.00276769984351066   0
0.0684384378367888   0.171135791358449   -0.0103355656114301   0.00623189505456478   0
0.0655717453199166   0.164296630534104   -0.00286669251687222   -0.00683916082434435   0
0.0792271069834687   0.17505159699495   0.0136553616635522   0.0107549664608459   0
0.061360185271966   0.179187880774203   -0.0178669217115027   0.00413628377925265   0
0.0604202366649619   0.185308213069294   -0.000939948607004193   0.00612033229509137   0
0.0586883402213762   0.182013976423818   -0.00173189644358568   -0.00329423664547684   0
0.0623030534296675   0.185315269230196   0.0036147132082913   0.00330129280637839   0
0.0596582143589632   0.187225237319251   -0.00264483907070429   0.00190996808905547   0
0.0658678302905144   0.190790901358064   0.00620961593155117   0.00356566403881259   0
0.0808267091975171   0.203142965160155   0.0149588789070028   0.0123520638020911   0
0.0713810428955756   0.213289223012257   -0.00944566630194156   0.0101462578521024   0
0.0699048572433275   0.220366335486395   -0.00147618565224805   0.00707711247413778   0
0.0726273708936927   0.213537584257432   0.00272251365036516   -0.00682875122896295   0
0.0651738328781575   0.219099469753466   -0.00745353801553521   0.00556188549603379   0
0.068875673614274   0.222659622941049   0.00370184073611651   0.00356015318758265   0
0.0703527401304313   0.218389708964273   0.00147706651615731   -0.0042699139767754   0
0.0733699205962498   0.224654448625934   0.00301718046581849   0.00626473966166086   0
0.0711149509918273   0.247292760647173   -0.00225496960442248   0.0226383120212388   0
0.0697443574002944   0.263876020937864   -0.00137059359153292   0.0165832602906909   0
0.0675670076509978   0.249846364876217   -0.00217734974929655   -0.0140296560616464   0
0.0732804329308991   0.266339820840313   0.00571342527990126   0.0164934559640955   0
0.0603807402149891   0.276038877595168   -0.01289969271591   0.00969905675485488   0
0.0655160995024124   0.2728728395841   0.00513535928742329   -0.0031660380110678   0
0.061600788876848   0.265732785740206   -0.00391531062556438   -0.00714005384389449   0
0.0730356175415803   0.275034219618073   0.0114348286647323   0.00930143387786764   0
0.0820477859626937   0.280631434591708   0.00901216842111337   0.00559721497363469   0
0.0725316148515253   0.285504288658244   -0.00951617111116845   0.00487285406653631   0
0.0853151202410218   0.280854428085975   0.0127835053894965   -0.00464986057226935   0
0.0749692546620946   0.283329263178131   -0.0103458655789271   0.00247483509215601   0
0.0860865821579066   0.286990236316064   0.0111173274958119   0.00366097313793273   0
0.0727547998529307   0.273046649897577   -0.0133317823049759   -0.0139435864184866   0
0.130330638662826   0.287845182435754   0.0575758388098949   0.014798532538177   0
0.13516846018173   0.292616207828719   0.00483782151890472   0.00477102539296492   0
0.1425096805956   0.323477673419902   0.00734122041386998   0.0308614655911827   0
0.123831189340973   0.329821484423775   -0.0186784912546269   0.00634381100387349   0
0.140522724949988   0.354202017047408   0.0166915356090147   0.0243805326236332   0
0.136123482679   0.357751796853154   -0.00439924227098812   0.00354977980574522   0
0.157393402765459   0.362106337665347   0.0212699200864591   0.00435454081219305   0
0.143908527660733   0.36909084085955   -0.0134848751047259   0.00698450319420391   0
0.152057827796697   0.367754530489306   0.00814930013596399   -0.00133631037024429   0
0.160295000038616   0.386754133987848   0.00823717224191917   0.0189996034985414   0
0.16268840771444   0.403596045881278   0.00239340767582413   0.0168419118934302   0
0.157884696329505   0.390464807581503   -0.00480371138493546   -0.013131238299775   0
0.161723446075948   0.400860001255314   0.00383874974644288   0.0103951936738108   0
0.159715371575124   0.40425176835428   -0.0020080745008236   0.00339176709896649   0
0.167271429647295   0.405290473614817   0.00755605807217088   0.00103870526053668   0
0.174672485334955   0.406437747958224   0.00740105568765967   0.00114727434340683   0
0.169603843707506   0.415380670038884   -0.00506864162744916   0.00894292208066078   0
0.170467976020424   0.412105744546473   0.000864132312918819   -0.00327492549241182   0
0.17518952383222   0.419187681924162   0.00472154781179557   0.00708193737768958   0
0.173547886690245   0.432132123108144   -0.00164163714197532   0.0129444411839822   0
0.182038063448967   0.431755890002221   0.00849017675872196   -0.000376233105923385   0
0.176309743612428   0.452974951460533   -0.00572831983653893   0.0212190614583124   0
0.173318517822447   0.446524778317847   -0.0029912257899804   -0.00645017314268614   0
0.188454370009613   0.458387557943006   0.0151358521871653   0.0118627796251585   0
0.194904775316307   0.459045668416774   0.00645040530669402   0.000658110473767903   0
0.18907964095452   0.459243329639857   -0.00582513436178719   0.000197661223083567   0
0.196289324690086   0.472038606071265   0.00720968373556646   0.0127952764314075   0
0.180276321830017   0.493027965147262   -0.0160130028600686   0.0209893590759974   0
0.206620359951797   0.49707735986992   0.0263440381217792   0.00404939472265786   0
0.195583728812624   0.511487369104556   -0.0110366311391727   0.0144100092346358   0
0.207717696581803   0.50305550942565   0.0121339677691792   -0.00843185967890592   0
0.203042585080175   0.502680104545873   -0.00467511150162833   -0.000375404879776609   0
0.195097707906167   0.49498886739148   -0.00794487717400785   -0.00769123715439335   0
0.206447530961477   0.525954252908939   0.0113498230553101   0.030965385517459   0
0.238349140167969   0.526042254550431   0.0319016092064917   8.80016414916973e-05   0
0.249787407068991   0.553569036966709   0.0114382669010226   0.0275267824162788   0
0.244058908886031   0.587783278478769   -0.00572849818296034   0.0342142415120595   0
0.247813121691245   0.592311691941836   0.00375421280521435   0.00452841346306676   0
0.242065571745529   0.584810970041602   -0.00574754994571605   -0.00750072190023321   0
0.255263115818482   0.588727265723484   0.0131975440729531   0.00391629568188179   0
0.271138887224408   0.603335404180378   0.0158757714059251   0.0146081384568938   0
0.270920511720025   0.620985620149332   -0.000218375504382917   0.0176502159689537   0
0.276713937980164   0.614244625682024   0.00579342626013929   -0.00674099446730758   0
0.2491178450192   0.621220821861478   -0.0275960929609642   0.00697619617945389   0
0.259823177328833   0.614354896185828   0.0107053323096329   -0.00686592567564959   0
0.256376615106078   0.62504213327043   -0.00344656222275475   0.0106872370846016   0
0.243564618656754   0.617714506543476   -0.0128119964493238   -0.00732762672695408   0
0.243606554056926   0.612447774076696   4.19354001719441e-05   -0.00526673246677967   0
0.241606767681309   0.650135980281241   -0.00199978637561701   0.0376882062045446   0
