0.0524742549605042   0.0829306379739719   0   0   0
0.0691930478757801   0.0818671331731789   0.0167187929152759   -0.00106350480079308   0
0.0651063277816373   0.0758961828323566   -0.00408672009414279   -0.00597095034082228   0
0.0698331415888617   0.0839591970993202   0.00472681380722433   0.00806301426696363   0
0.0595683740030731   0.0811943721097867   -0.0102647675857885   -0.00276482498953357   0
0.0563059881776352   0.0798853612844212   -0.00326238582543789   -0.00130901082536547   0
0.049978367126888   0.077446260652016   -0.00632762105074724   -0.0024391006324052   0
0.0590137403107107   0.0653202556902719   0.00903537318382268   -0.0121260049617441   0
0.0582542561722317   0.0632405795403157   -0.000759484138478941   -0.00207967614995619   0
0.0606051635270461   0.0545323405874899   0.00235090735481436   -0.00870823895282581   0
0.0629633711564907   0.0593790560764905   0.00235820762944455   0.00484671548900056   0
0.0527194943360613   0.0410381949579096   -0.0102438768204293   -0.0183408611185808   0
0.0522060581245127   0.0432018840493676   -0.00051343621154859   0.00216368909145791   0
0.0363014205857016   0.0480044906833204   -0.0159046375388111   0.00480260663395288   0
0.0412679818145981   0.053233901831023   0.00496656122889651   0.0052294111477026   0
0.0399702241250909   0.057607996729317   -0.00129775768950719   0.00437409489829397   0
0.0417040315789733   0.0491734715755101   0.00173380745388235   -0.00843452515380692   0
0.0350037766668113   0.0660975521855575   -0.00670025491216201   0.0169240806100474   0
0.0563519913924965   0.0592562419278552   0.0213482147256852   -0.00684131025770237   0
0.0463719557012641   0.0517135121273176   -0.0099800356912324   -0.00754272980053756   0
0.051108955862647   0.0377341062178502   0.00473700016138291   -0.0139794059094674   0
0.0442888752949316   0.0372827347755298   -0.00682008056771544   -0.000451371442320381   0
0.0393897982402804   0.0406103334340535   -0.00489907705465113   0.00332759865852365   0
0.04541385690051   0.0229650475406649   0.00602405866022956   -0.0176452858933885   0
0.0391949698668082   0.0329958218566321   -0.00621888703370184   0.0100307743159672   0
0.035070839458017   0.0426265130857545   -0.00412413040879119   0.00963069122912241   0
0.0407532881623066   0.0442514944655703   0.00568244870428964   0.00162498137981582   0
0.0304893448394681   0.0634074665717936   -0.0102639433228385   0.0191559721062233   0
0.0317157022060052   0.0380583783438434   0.00122635736653706   -0.0253490882279503   0
0.0298490135882243   0.0485806352353744   -0.00186668861778084   0.010522256891531   0
0.0401026185666223   0.0276459331672852   0.010253604978398   -0.0209347020680892   0
0.0472795920447713   0.0373958904068348   0.00717697347814897   0.00974995723954961   0
0.0357785475628563   0.0639504780942254   -0.011501044481915   0.0265545876873906   0
0.0432819695533833   0.0501151724279434   0.00750342199052703   -0.013835305666282   0
0.0434054095397106   0.0540267498433184   0.000123439986327294   0.00391157741537494   0
0.0368117209025875   0.0536771864942175   -0.00659368863712308   -0.000349563349100905   0
0.0389742986932466   0.0684114314060523   0.00216257779065903   0.0147342449118349   0
0.035219376916953   0.0565309139428596   -0.00375492177629358   -0.0118805174631927   0
0.0388062733621769   0.0610973599467481   0.00358689644522392   0.0045664460038885   0
0.0417899460291886   0.0636386222841523   0.00298367266701174   0.00254126233740416   0
0.0344626698060379   0.0668897539861674   -0.00732727622315069   0.00325113170201516   0
0.0354509128572171   0.0684968376908745   0.000988243051179144   0.00160708370470704   0
0.0324674889010545   0.0721268536245343   -0.00298342395616255   0.00363001593365987   0
0.0367037105464829   0.0762956484408515   0.00423622164542836   0.00416879481631714   0
0.0401578553325498   0.0731733601317788   0.00345414478606692   -0.00312228830907264   0
0.06007235860144   0.110983449574711   0.0199145032688902   0.0378100894429325   0
0.0309711289624967   0.086548801913097   -0.0291012296389433   -0.0244346476616144   0
0.0374862919942597   0.0867400967672535   0.00651516303176305   0.000191294854156504   0
0.0437081178993102   0.0974262025020092   0.00622182590505048   0.0106861057347557   0
0.0520616502543859   0.0965155531137599   0.00835353235507571   -0.000910649388249307   0
0.0448367256027913   0.102880887365997   -0.00722492465159462   0.00636533425223733   0
0.0445055793321467   0.0908294907043687   -0.000331146270644622   -0.0120513966616285   0
0.0478266690527367   0.0866266619128459   0.00332108972059002   -0.00420282879152283   0
0.0362035516332307   0.0907947694375204   -0.011623117419506   0.00416810752467457   0
0.0369000981748017   0.0966952859581583   0.000696546541570968   0.00590051652063783   0
0.0374593188967712   0.0943136429176872   0.000559220721969546   -0.00238164304047112   0
0.0378571452641704   0.0921039104267566   0.000397826367399212   -0.00220973249093058   0
0.0630301739080577   0.103678913950342   0.0251730286438873   0.0115750035235858   0
0.0466515288952034   0.10859352390388   -0.0163786450128543   0.00491460995353735   0
0.0371360479009277   0.104707976332417   -0.00951548099427567   -0.00388554757146273   0
0.0443229618646092   0.108193713174438   0.00718691396368144   0.00348573684202072   0
0.0419447391413989   0.108325576597935   -0.0023782227232103   0.0001318634234969   0
0.0392935827768352   0.0938985107601287   -0.00265115636456369   -0.014427065837806   0
0.0478140437174059   0.112084385635021   0.00852046094057066   0.0181858748748919   0
0.0529697879956112   0.105932014081981   0.00515574427820537   -0.00615237155303963   0
0.0405712921725991   0.113862832745765   -0.0123984958230121   0.00793081866378385   0
0.0418295787243859   0.0937565508959907   0.00125828655178684   -0.020106281849774   0
0.0473011775380909   0.103678053833791   0.00547159881370502   0.00992150293780043   0
0.0471040078094211   0.104064527418328   -0.000197169728669892   0.000386473584537139   0
0.0438392227844701   0.120156533986234   -0.00326478502495098   0.0160920065679057   0
0.0426916586329227   0.123749906511076   -0.00114756415154742   0.00359337252484181   0
0.0414456280035289   0.123210249936491   -0.00124603062939375   -0.000539656574585115   0
0.0431831578101926   0.113875270576901   0.00173752980666371   -0.00933497935958932   0
0.0479487036691296   0.126015762587672   0.00476554585893696   0.0121404920107706   0
0.0379494031601289   0.117545004659375   -0.0099993005090007   -0.00847075792829691   0
0.0430730182501761   0.124389946025292   0.00512361509004718   0.00684494136591672   0
0.048766280506924   0.112579715608119   0.00569326225674797   -0.0118102304171726   0
0.0394701964160669   0.116564232668195   -0.00929608409085714   0.00398451706007537   0
0.0554995452902094   0.114077942228603   0.0160293488741425   -0.00248629043959153   0
0.0487589887377702   0.123198046447346   -0.00674055655243917   0.00912010421874328   0
0.0410710661029148   0.129228891079801   -0.00768792263485536   0.0060308446324544   0
0.0348155788067641   0.113659329953374   -0.00625548729615075   -0.0155695611264265   0
0.0424944202780789   0.115428418651323   0.00767884147131478   0.00176908869794835   0
0.0367159036154634   0.113867244812128   -0.00577851666261544   -0.00156117383919503   0
0.0455971206604101   0.118884389464313   0.0088812170449467   0.00501714465218561   0
0.0465045450275562   0.124749877631974   0.000907424367146047   0.00586548816766087   0
0.0514672304521042   0.127606893324156   0.00496268542454801   0.00285701569218183   0
0.0518010296018573   0.140792819512582   0.000333799149753157   0.0131859261884261   0
0.0532764217449896   0.124811519157137   0.00147539214313226   -0.0159813003554445   0
0.0545313023105079   0.123335689393926   0.00125488056551826   -0.00147582976321146   0
0.0457653065599915   0.12288676611861   -0.00876599575051637   -0.000448923275315857   0
0.0580696338125186   0.129872408346817   0.0123043272525271   0.00698564222820729   0
0.0569278570647095   0.124814511594416   -0.00114177674780903   -0.00505789675240188   0
0.0696449083153966   0.131863746993222   0.0127170512506871   0.00704923539880657   0
0.0529558472447566   0.125772568768204   -0.01668906107064   -0.00609117822501856   0
0.060547375447826   0.134649313943666   0.00759152820306934   0.00887674517546269   0
0.0579973716567398   0.132516696025407   -0.00255000379108622   -0.00213261791825975   0
0.0669330475009169   0.129329229792621   0.00893567584417716   -0.00318746623278579   0
0.0677766459586929   0.125964983317984   0.000843598457775971   -0.00336424647463671   0
0.0680939512172704   0.139722172420575   0.00031730525857751   0.0137571891025914   0
0.0599871196888965   0.131981626244906   -0.00810683152837385   -0.00774054617566963   0
0.060296705305514   0.124781088437752   0.000309585616617453   -0.00720053780715413   0
0.0439994552899238   0.118797979644016   -0.0162972500155902   -0.00598310879373583   0
0.0637557031739906   0.124874773177982   0.0197562478840669   0.00607679353396637   0
0.0630315148328993   0.119127028063534   -0.000724188341091364   -0.00574774511444827   0
0.0572797298748868   0.129639701327333   -0.00575178495801247   0.0105126732637987   0
0.0483800352685899   0.132721463147601   -0.00889969460629692   0.00308176182026837   0
0.0529733020028958   0.12546902829085   0.00459326673430587   -0.00725243485675142   0
0.0596667384871169   0.133085452314256   0.00669343648422117   0.00761642402340604   0
0.0614028911212656   0.127466530506051   0.00173615263414869   -0.00561892180820472   0
0.0668125174572101   0.121756057555672   0.00540962633594445   -0.00571047295037933   0
0.0729772696332906   0.126806045644027   0.00616475217608055   0.00504998808835522   0
0.0658921910415036   0.124746214633511   -0.00708507859178706   -0.00205983101051573   0
0.0435138046800093   0.142093538801251   -0.0223783863614942   0.0173473241677395   0
0.068120720488336   0.13599308979871   0.0246069158083267   -0.00610044900254056   0
0.0518746078957711   0.139578832816889   -0.0162461125925649   0.00358574301817882   0
0.0766810790660903   0.140752085173933   0.0248064711703192   0.00117325235704388   0
0.0645462802340305   0.152611427521008   -0.0121347988320598   0.0118593423470757   0
0.0785836376285802   0.139268206023485   0.0140373573945496   -0.0133432214975229   0
0.0698746133003969   0.14555317349073   -0.00870902432818327   0.00628496746724436   0
0.0706572687260129   0.141329684833902   0.000782655425615994   -0.00422348865682809   0
0.060978602201182   0.130662514342293   -0.00967866652483087   -0.0106671704916085   0
0.06492703814968   0.122870827867613   0.00394843594849797   -0.00779168647468059   0
0.0726003180302952   0.126543698992048   0.00767327988061517   0.00367287112443512   0
0.0753417387935134   0.134065656425546   0.00274142076321823   0.00752195743349807   0
0.0799393745061218   0.123022844708859   0.00459763571260843   -0.011042811716687   0
0.0735182597632724   0.134737141786563   -0.0064211147428494   0.0117142970777046   0
0.0692937773484026   0.127442330213513   -0.00422448241486978   -0.00729481157305081   0
0.07507837158603   0.124324235696424   0.00578459423762738   -0.00311809451708861   0
0.0589364743951485   0.135670161491943   -0.0161418971908815   0.0113459257955194   0
0.0758900963096635   0.125603067264309   0.0169536219145149   -0.0100670942276345   0
0.0803627299852985   0.139719747614725   0.00447263367563504   0.0141166803504163   0
0.0685439626043024   0.135342955021678   -0.0118187673809962   -0.00437679259304699   0
0.0790772397603128   0.144227806646291   0.0105332771560105   0.00888485162461317   0
0.0767467693968287   0.135026561476942   -0.00233047036348413   -0.00920124516934934   0
0.0797818637509804   0.139205866989622   0.00303509435415171   0.00417930551267992   0
0.0593546249566114   0.155939340224885   -0.020427238794369   0.0167334732352633   0
0.0791304575530813   0.144595979509769   0.0197758325964699   -0.011343360715116   0
0.0764356544198452   0.150606601168983   -0.0026948031332361   0.0060106216592142   0
0.0774557139497145   0.144663652285201   0.00102005952986933   -0.00594294888378225   0
0.0808092735255057   0.149927164888422   0.00335355957579118   0.00526351260322058   0
0.0896124583643368   0.142038205970179   0.00880318483883111   -0.00788895891824307   0
0.0819813925626419   0.154421247799078   -0.0076310658016949   0.0123830418288998   0
0.0892010548315433   0.149668716520303   0.00721966226890142   -0.0047525312787752   0
0.0822923759031175   0.15067689912998   -0.0069086789284258   0.00100818260967625   0
0.0761018416566248   0.145588536094227   -0.0061905342464927   -0.00508836303575264   0
0.0884885041550596   0.155960459468369   0.0123866624984348   0.0103719233741425   0
0.0870471986412544   0.153262891400205   -0.00144130551380521   -0.00269756806816487   0
0.0864181761734764   0.16192877134742   -0.000629022467778018   0.00866587994721504   0
0.0713559920034751   0.161606076104319   -0.0150621841700013   -0.000322695243100718   0
0.0827949881484381   0.160262457369419   0.011438996144963   -0.00134361873489969   0
0.100513820472361   0.154289009042596   0.0177188323239229   -0.00597344832682334   0
0.0822180047365539   0.146725813671279   -0.018295815735807   -0.00756319537131636   0
0.0879367831800209   0.163776298046268   0.00571877844346697   0.0170504843749885   0
0.0787307044602676   0.156189360902259   -0.00920607871975326   -0.00758693714400926   0
0.085731194781363   0.161674485061335   0.00700049032109538   0.0054851241590762   0
0.0793946610767374   0.154681911642044   -0.00633653370462559   -0.00699257341929058   0
0.0899211191141436   0.165595545537597   0.0105264580374062   0.0109136338955523   0
0.10085427488317   0.166389821734121   0.0109331557690263   0.000794276196523919   0
0.099108319003452   0.16983615730061   -0.00174595587971793   0.0034463355664896   0
0.0911894415785622   0.168801579337998   -0.00791887742488981   -0.00103457796261194   0
0.0928381192671416   0.170500616421532   0.00164867768857939   0.00169903708353411   0
0.0962357627979848   0.161375666878811   0.00339764353084328   -0.00912494954272117   0
0.0966008861343414   0.155372766483403   0.000365123336356604   -0.00600290039540824   0
0.0904707560594582   0.165945319466112   -0.00613013007488319   0.0105725529827087   0
0.0916911332853401   0.166656938147056   0.00122037722588184   0.000711618680944243   0
0.0883201215751541   0.168214216493488   -0.00337101171018599   0.00155727834643229   0
0.0924969102286666   0.188871950649117   0.00417678865351248   0.0206577341556289   0
0.100225450585068   0.182446581681797   0.00772854035640189   -0.00642536896732038   0
0.0890952519014902   0.18540966046534   -0.0111301986835782   0.00296307878354291   0
0.100434764110143   0.182365908392776   0.0113395122086524   -0.00304375207256319   0
0.0972201740182047   0.18398238516907   -0.00321459009193797   0.00161647677629354   0
0.0979700920813592   0.182911486439651   0.000749918063154512   -0.00107089872941926   0
0.0839066386778782   0.180264642689708   -0.014063453403481   -0.00264684374994284   0
0.106079222399252   0.197434125775941   0.022172583721374   0.017169483086233   0
0.089706200507713   0.185429933020029   -0.0163730218915392   -0.0120041927559116   0
0.112723320147253   0.194690523261123   0.0230171196395396   0.00926059024109413   0
0.100778511303998   0.196815491057843   -0.0119448088432548   0.00212496779672003   0
0.103169433935057   0.192164888502199   0.00239092263105882   -0.00465060255564453   0
0.0837951131490375   0.20158909004083   -0.019374320786019   0.00942420153863152   0
0.0867015289131051   0.197153181621709   0.00290641576406758   -0.0044359084191215   0
0.088537670804466   0.196471657605652   0.00183614189136094   -0.00068152401605695   0
0.097871898160095   0.193908747275162   0.00933422735562893   -0.00256291033049025   0
0.102860787150206   0.206902357699381   0.0049888889901111   0.0129936104242191   0
0.104827659208674   0.217083491151239   0.00196687205846842   0.0101811334518581   0
0.0932177931580661   0.207939651169065   -0.0116098660506084   -0.00914383998217363   0
0.0952949902510095   0.213527367383457   0.00207719709294339   0.00558771621439227   0
0.089062826538854   0.210602465965169   -0.00623216371215549   -0.00292490141828888   0
0.0921935299375721   0.213879674362017   0.00313070339871804   0.00327720839684861   0
0.0987823999022599   0.216782642269423   0.00658886996468784   0.00290296790740552   0
0.0915696397609491   0.22827843453754   -0.00721276014131077   0.0114957922681174   0
0.0951576582974276   0.223373261807031   0.00358801853647849   -0.004905172730509   0
0.0926773096396308   0.226732502456777   -0.00248034865779684   0.00335924064974608   0
0.0933998189998782   0.218728902817077   0.00072250936024737   -0.00800359963969982   0
0.0850820145718823   0.225708840046646   -0.00831780442799582   0.00697993722956874   0
0.0918702586647605   0.226070572609534   0.00678824409287815   0.000361732562887629   0
0.095904599148581   0.237513760873975   0.00403434048382049   0.0114431882644417   0
0.0993230463484684   0.240620782799143   0.00341844719988738   0.00310702192516785   0
0.0900853992088063   0.241373018963388   -0.00923764713966206   0.00075223616424458   0
0.0894075100526237   0.237835437653459   -0.000677889156182651   -0.00353758130992862   0
0.0996281364710793   0.237831972124907   0.0102206264184556   -3.46552855234883e-06   0
0.0942352289846531   0.239770964652729   -0.00539290748642621   0.00193899252782165   0
0.0951927398576698   0.238999058334238   0.000957510873016723   -0.000771906318490528   0
0.104360108604485   0.26214632121518   0.00916736874681565   0.0231472628809423   0
0.0952434833011162   0.250411075667896   -0.00911662530336926   -0.0117352455472848   0
0.0956946519043254   0.257272815301583   0.000451168603209165   0.00686173963368758   0
0.100312376347139   0.249269022484243   0.00461772444281339   -0.00800379281734026   0
0.0832896715500187   0.255378939199795   -0.01702270479712   0.00610991671555194   0
0.106266024948993   0.253495387930925   0.0229763533989743   -0.00188355126887008   0
0.105393653426523   0.256711560262194   -0.000872371522470203   0.00321617233126914   0
0.109042766637957   0.25704895473139   0.00364911321143445   0.000337394469195784   0
0.0990747076001237   0.242200187516076   -0.00996805903783358   -0.0148487672153134   0
0.0916619303615738   0.229138453717665   -0.00741277723854988   -0.0130617337984112   0
0.0817800156489347   0.23382177010223   -0.00988191471263909   0.00468331638456482   0
0.0904362228592615   0.233927907590651   0.00865620721032677   0.000106137488420838   0
0.0935346237213258   0.244650291599029   0.00309840086206435   0.0107223840083785   0
0.0862024341097744   0.233198777768002   -0.00733218961155138   -0.0114515138310271   0
0.101931668779188   0.25869158807209   0.0157292346694131   0.0254928103040881   0
0.0950553943272027   0.238950584860557   -0.00687627445198485   -0.0197410032115327   0
0.0920090227954846   0.245549380687959   -0.00304637153171812   0.00659879582740111   0
0.0886919247669144   0.240905684248525   -0.00331709802857021   -0.00464369643943363   0
0.089141628786443   0.243585007432724   0.000449704019528582   0.00267932318419861   0
0.0849612528562874   0.246163240551367   -0.00418037593015556   0.00257823311864308   0
0.0794333814212262   0.250681606789868   -0.00552787143506121   0.00451836623850135   0
0.0829106102316827   0.259361465869547   0.00347722881045649   0.00867985907967861   0
0.0867006401087097   0.26321519916838   0.00379002987702703   0.00385373329883354   0
0.09327874608291   0.251008545602535   0.00657810597420029   -0.0122066535658449   0
0.0819988252821368   0.250832801488362   -0.0112799208007732   -0.000175744114173371   0
0.086901772386128   0.255546199331941   0.0049029471039912   0.00471339784357888   0
0.0772397872530195   0.249567119903644   -0.00966198513310848   -0.00597907942829645   0
0.0864834922352815   0.239940045518146   0.00924370498226199   -0.00962707438549826   0
0.0926566136844532   0.254289538373583   0.00617312144917169   0.014349492855437   0
0.10051373261535   0.24417812224127   0.00785711893089641   -0.0101114161323133   0
0.105055160375728   0.248467433726213   0.00454142776037872   0.0042893114849431   0
0.0939052445735594   0.239281531511502   -0.011149915802169   -0.0091859022147108   0
0.100009333310547   0.240061725171861   0.00610408873698721   0.000780193660358586   0
0.0948524822615096   0.239755369666124   -0.00515685104903696   -0.000306355505736267   0
0.0948722178314073   0.239505786763577   1.97355698976914e-05   -0.000249582902547535   0
0.0944901924820772   0.239032734851296   -0.000382025349330115   -0.000473051912280864   0
0.105861080072045   0.248069817258146   0.0113708875899682   0.00903708240685006   0
0.106437575739914   0.247545689011625   0.000576495667868979   -0.000524128246521427   0
0.108082719301885   0.243574837085525   0.00164514356197036   -0.00397085192609978   0
0.100845675129229   0.242645185706393   -0.00723704417265567   -0.000929651379131785   0
0.105994821861731   0.24138568179265   0.00514914673250154   -0.00125950391374308   0
0.0981169752781852   0.256181871525016   -0.00787784658354539   0.0147961897323663   0
