0.116095453142877   0.0844823111050769   0   0   0
0.120143686409316   0.107539592011501   0.00404823326643851   0.0230572809064237   0
0.169146251896665   0.0645177024134656   0.0490025654873492   -0.043021889598035   0
0.152343128672776   0.103745150120379   -0.0168031232238888   0.0392274477069136   0
0.160965135211853   0.0842885018759226   0.00862200653907658   -0.0194566482444566   0
0.171137135110677   0.0807215688147575   0.010171999898824   -0.0035669330611651   0
0.149318501088311   0.0936170613054775   -0.0218186340223654   0.01289549249072   0
0.135267543986612   0.111061129549226   -0.0140509571016993   0.0174440682437487   0
0.14681894471835   0.0768610582775504   0.0115514007317384   -0.0342000712716758   0
0.128728854063532   0.10126749529806   -0.0180900906548188   0.0244064370205091   0
0.131618789702572   0.0907017128077111   0.00288993563904094   -0.0105657824903484   0
0.137822285557344   0.0899912082225397   0.00620349585477126   -0.00071050458517137   0
0.123854679907422   0.079133093467272   -0.0139676056499216   -0.0108581147552677   0
0.0803691991460037   0.0766195495954009   -0.0434854807614184   -0.00251354387187105   0
0.135839154222117   0.0724359642773188   0.055469955076113   -0.00418358531808215   0
0.0945312358495857   0.0792880523370325   -0.041307918372531   0.00685208805971371   0
0.111562761447089   0.0818489091776732   0.0170315255975029   0.00256085684064074   0
0.0835134834572837   0.0645334839168977   -0.0280492779898049   -0.0173154252607755   0
0.116954736130778   0.0497370365302608   0.0334412526734947   -0.0147964473866369   0
0.115411212252623   0.0332256830055516   -0.00154352387815533   -0.0165113535247092   0
0.0749076865319575   0.0497126828897818   -0.0405035257206656   0.0164869998842302   0
0.166947976831287   0.0535164691144782   0.0920402902993297   0.00380378622469645   0
0.0579554964986929   0.082476341838266   -0.108992480332594   0.0289598727237878   0
0.112271699288868   0.0634528690225667   0.0543162027901751   -0.0190234728156993   0
0.0616767752556827   0.0787031030254526   -0.0505949240331852   0.0152502340028859   0
0.191393922267271   0.0637728115250535   0.129717147011588   -0.014930291500399   0
0.144359410102875   0.0664484367015132   -0.0470345121643957   0.00267562517645963   0
0.207007516927405   0.0722431627913327   0.0626481068245305   0.00579472608981957   0
0.165529502281527   0.0700918378936699   -0.0414780146458785   -0.00215132489766282   0
0.20812198023796   0.0769806438045468   0.0425924779564336   0.00688880591087684   0
0.181163679137541   0.0823407850780827   -0.0269583011004192   0.00536014127353591   0
0.155681159791318   0.0763743476302744   -0.0254825193462229   -0.00596643744780828   0
0.228341607177163   0.0873675895544938   0.072660447385845   0.0109932419242195   0
0.159365268867341   0.0852850879890793   -0.0689763383098221   -0.00208250156541452   0
0.18970068189801   0.0919935926082083   0.0303354130306687   0.00670850461912902   0
0.162138432656295   0.0906669842881217   -0.0275622492417147   -0.00132660832008667   0
0.196455038611685   0.102176907309688   0.0343166059553896   0.011509923021566   0
0.201802981624182   0.0909774385858659   0.00534794301249725   -0.0111994687238217   0
0.213095675418836   0.0964958209955877   0.0112926937946541   0.00551838240972177   0
0.236879885425631   0.103043255310258   0.0237842100067946   0.00654743431467025   0
0.199575389306555   0.128597674916044   -0.0373044961190762   0.0255544196057859   0
0.269956530974915   0.126537405569944   0.0703811416683598   -0.00206026934609985   0
0.189338943399635   0.131878053899246   -0.08061758757528   0.00534064832930223   0
0.287023219655153   0.144128773957883   0.0976842762555181   0.0122507200586366   0
0.175786542460935   0.167541403125466   -0.111236677194218   0.0234126291675834   0
0.322425619648581   0.14155544415479   0.146639077187647   -0.0259859589706758   0
0.202527827555252   0.147606346840168   -0.119897792093329   0.00605090268537764   0
0.378069399498359   0.160945442515469   0.175541571943107   0.0133390956753005   0
0.251429492069984   0.158770149380323   -0.126639907428376   -0.00217529313514581   0
0.387722362655612   0.167752183227224   0.136292870585628   0.00898203384690083   0
0.273377947490009   0.165663553565653   -0.114344415165603   -0.00208862966157053   0
0.374530835418661   0.174983627887726   0.101152887928652   0.00932007432207246   0
0.250706483013204   0.170629586060712   -0.123824352405457   -0.00435404182701329   0
0.401815763178027   0.163608040147703   0.151109280164822   -0.00702154591300894   0
0.244739769741761   0.15820950836082   -0.157075993436266   -0.0053985317868829   0
0.379627015221398   0.154867642336359   0.134887245479637   -0.0033418660244611   0
0.310164959930438   0.151504890742585   -0.0694620552909604   -0.00336275159377472   0
0.44513401026829   0.162383594951892   0.134969050337852   0.010878704209307   0
0.279049314922882   0.154331750075122   -0.166084695345408   -0.00805184487676933   0
0.404917297499477   0.172145438084342   0.125867982576595   0.0178136880092196   0
0.285874103853375   0.166652034269762   -0.119043193646102   -0.00549340381457972   0
0.431076811570841   0.171902192762338   0.145202707717467   0.00525015849257576   0
0.312496292567736   0.167393903927981   -0.118580519003105   -0.00450828883435739   0
0.430398355810347   0.173093224312074   0.117902063242611   0.00569932038409349   0
0.286664628126736   0.163408376234207   -0.143733727683611   -0.00968484807786754   0
0.424416932154624   0.179589593176359   0.137752304027887   0.0161812169421521   0
0.339430545339706   0.170945916737575   -0.0849863868149179   -0.00864367643878339   0
0.460870651341931   0.195076935367178   0.121440106002226   0.0241310186296024   0
0.359610119188115   0.180302890764402   -0.101260532153817   -0.0147740446027753   0
0.517159670512854   0.211484277478256   0.157549551324739   0.0311813867138537   0
0.391671259527949   0.206452847695303   -0.125488410984905   -0.00503142978295301   0
0.510049765012249   0.214067719176666   0.1183785054843   0.00761487148136314   0
0.397537876847427   0.203588586851032   -0.112511888164822   -0.0104791323256347   0
0.575363465721839   0.231221393228438   0.177825588874413   0.0276328063774066   0
0.436456509007209   0.206403041179751   -0.13890695671463   -0.0248183520486871   0
0.601953679014199   0.214644899227771   0.16549717000699   0.00824185804802005   0
0.458990487489665   0.202594737825295   -0.142963191524535   -0.0120501614024761   0
0.589608541173074   0.228112508495808   0.130618053683409   0.0255177706705129   0
0.530219146268984   0.223875050631485   -0.0593893949040898   -0.00423745786432272   0
0.663032807071173   0.21696282497988   0.13281366080219   -0.00691222565160518   0
0.556857316484474   0.229037129515064   -0.106175490586699   0.0120743045351837   0
0.643295054954886   0.2330911767426   0.0864377384704118   0.00405404722753647   0
0.585074078666804   0.225299205530113   -0.0582209762880818   -0.00779197121248726   0
0.649165463804753   0.238599386678277   0.0640913851379485   0.0133001811481643   0
0.606356708236035   0.22285182881233   -0.042808755568718   -0.0157475578659472   0
0.650998743632098   0.242330964617091   0.0446420353960629   0.0194791358047615   0
0.585623882882939   0.225076395263364   -0.065374860749159   -0.0172545693537275   0
0.585377980689375   0.226852609300621   -0.000245902193564129   0.00177621403725672   0
0.611856393475144   0.223479459477823   0.026478412785769   -0.00337314982279743   0
0.601368285477876   0.245030524782628   -0.0104881079972678   0.0215510653048047   0
0.661271647239778   0.243319134538367   0.0599033617619026   -0.00171139024426076   0
0.617251911196912   0.261289838543809   -0.0440197360428669   0.0179707040054423   0
0.705293019290146   0.257592409057895   0.0880411080932343   -0.00369742948591428   0
0.598666525979405   0.256478619128866   -0.106626493310741   -0.001113789929029   0
0.751842356279307   0.230469585023708   0.153175830299901   -0.0260090341051585   0
0.585367731225424   0.242091564412104   -0.166474625053883   0.0116219793883966   0
0.760995238598935   0.241533219337424   0.175627507373511   -0.000558345074680527   0
0.616155063551632   0.239706648261474   -0.144840175047303   -0.00182657107594969   0
0.775072261606545   0.259892301070078   0.158917198054912   0.0201856528086039   0
0.666737972637295   0.253438332537227   -0.10833428896925   -0.00645396853285102   0
0.749217055096948   0.267785390478084   0.0824790824596532   0.0143470579408573   0
0.731971583458995   0.257192030262895   -0.0172454716379532   -0.0105933602151889   0
0.746297531456885   0.304019711120019   0.0143259479978902   0.0468276808571241   0
0.791207034996839   0.282063495419914   0.0449095035399545   -0.0219562157001051   0
0.761533165767644   0.276395015657392   -0.0296738692291956   -0.00566847976252222   0
0.619726277687837   0.292423870759981   -0.141806888079806   0.0160288551025888   0
0.80214288312201   0.260251118708931   0.182416605434172   -0.0321727520510501   0
0.655525430020964   0.255654849362867   -0.146617453101046   -0.00459626934606422   0
0.619606316078726   0.205675162731794   -0.0359191139422379   -0.0499796866310724   0
0.482028924554326   0.201234214551726   -0.1375773915244   -0.0044409481800684   0
0.634112397444049   0.225226957856958   0.152083472889723   0.0239927433052324   0
0.584556033391154   0.255011819719695   -0.0495563640528953   0.0297848618627364   0
0.571943349742787   0.229101390883491   -0.012612683648367   -0.0259104288362038   0
0.52957448989637   0.237452639403103   -0.0423688598464175   0.00835124851961216   0
0.483398790828029   0.234625108709618   -0.0461756990683411   -0.00282753069348501   0
0.472814912086114   0.245375527066678   -0.0105838787419142   0.0107504183570601   0
0.534084097408826   0.254789600624712   0.0612691853227115   0.00941407355803356   0
0.490826143233019   0.279908267356021   -0.0432579541758069   0.02511866673131   0
0.596517098602379   0.301097205355679   0.10569095536936   0.0211889379996577   0
0.574879700373043   0.317487718999491   -0.0216373982293355   0.0163905136438122   0
0.60418800253398   0.328622532356273   0.0293083021609363   0.0111348133567821   0
0.611691448507334   0.337141527278975   0.00750344597335417   0.00851899492270175   0
0.62456680733289   0.349288777963521   0.0128753588255568   0.0121472506845459   0
0.606248558690245   0.40656667736578   -0.0183182486426451   0.0572778994022585   0
0.662587534109268   0.390613802137738   0.0563389754190223   -0.0159528752280416   0
0.630378459845353   0.421312143594568   -0.0322090742639143   0.03069834145683   0
0.709858329856035   0.414730603921992   0.079479870010682   -0.00658153967257641   0
0.643294603998044   0.444824404306351   -0.0665637258579916   0.0300938003843593   0
0.74057670851506   0.469813295610607   0.097282104517016   0.0249888913042564   0
0.583285189937992   0.460912215635472   -0.157291518577067   -0.00890107997513528   0
0.747366975877982   0.463681524514941   0.164081785939989   0.00276930887946902   0
0.667435224974679   0.466991858507726   -0.0799317509033032   0.00331033399278485   0
0.701511154447312   0.480616284425268   0.034075929472633   0.0136244259175419   0
0.720064705282796   0.454253566779062   0.0185535508354845   -0.0263627176462056   0
0.701595694891296   0.474727302625939   -0.0184690103915006   0.0204737358468768   0
0.758431696692589   0.472365539794659   0.0568360018012938   -0.0023617628312797   0
0.704524504540474   0.475847679795489   -0.0539071921521156   0.0034821400008293   0
0.803356347652149   0.47851610637966   0.098831843111675   0.00266842658417121   0
0.734492646882186   0.487217022545395   -0.0688637007699626   0.0087009161657351   0
0.827818273099839   0.515361123102286   0.0933256262176531   0.0281441005568913   0
0.767043763753412   0.541767269682748   -0.0607745093464274   0.0264061465804621   0
0.869201832900161   0.546868845484454   0.10215806914675   0.00510157580170589   0
0.702693968753112   0.541972897563614   -0.166507864147049   -0.00489594792084003   0
0.907805003005051   0.552782801966559   0.205111034251938   0.0108099044029447   0
0.788396959619328   0.581015186488916   -0.119408043385723   0.0282323845223571   0
0.884009635437307   0.568704212827723   0.0956126758179787   -0.0123109736611933   0
0.782988163365833   0.583750851179679   -0.101021472071474   0.0150466383519564   0
0.919254276899488   0.582465118928593   0.136266113533655   -0.0012857322510863   0
0.794364114300867   0.590282465143172   -0.124890162598621   0.00781734621457897   0
0.940984191520772   0.580366046969066   0.146620077219905   -0.00991641817410605   0
0.870643553565981   0.489904793184349   -0.0703406379547902   -0.0904612537847167   0
0.872132254267092   0.428237221141215   0.00148870070111085   -0.0616675720431341   0
0.860372911459328   0.477129637198581   -0.0117593428077646   0.0488924160573663   0
0.775850903679463   0.488722888865203   -0.0845220077798642   0.0115932516666219   0
0.933341625668758   0.438631578234228   0.157490721989295   -0.050091310630975   0
0.897139022970242   0.448300757326485   -0.0362026026985162   0.00966917909225667   0
0.930529933295001   0.445743923052239   0.0333909103247595   -0.00255683427424652   0
0.897664968252076   0.46101339146412   -0.0328649650429257   0.0152694684118815   0
0.917323221495019   0.468648496188241   0.0196582532429435   0.00763510472412121   0
0.92435262914377   0.48071795290924   0.00702940764875082   0.0120694567209984   0
0.930758832326613   0.469885531017396   0.00640620318284291   -0.0108324218918439   0
0.96410030922669   0.471057449226206   0.0333414769000776   0.00117191820881057   0
0.980803656213618   0.488645365283198   0.0167033469869272   0.0175879160569916   0
0.989423521629641   0.500485834516073   0.008619865416023   0.011840469232875   0
0.923168822372701   0.537197438125174   -0.0662546992569394   0.0367116036091009   0
