0.543031941291118   0.141609127532453   0   0   0
0.29473988072112   0.116182652461544   -0.248292060569998   -0.0254264750709085   0
0.285210251044734   0.100205251081081   -0.00952962967638621   -0.0159774013804633   0
0.198847335229065   0.161186300604642   -0.0863629158156691   0.0609810495235609   0
0.167815289218176   0.18905222955046   -0.0310320460108888   0.0278659289458185   0
0.270573240761979   0.144813061612204   0.102757951543803   -0.0442391679382564   0
0.191944654507074   0.172554708533265   -0.0786285862549053   0.0277416469210609   0
0.242225625678292   0.125821907773935   0.050280971171218   -0.0467328007593303   0
0.514865437600719   0.184020071381419   0.272639811922427   0.0581981636074843   1
0.378171324202894   0.125962833129707   -0.136694113397826   -0.0580572382517116   0
0.415182888396756   0.136295222048042   0.0370115641938622   0.0103323889183344   0
0.332742320200181   0.0842125727110566   -0.0824405681965744   -0.0520826493369851   0
0.218209356976483   0.0695977393655318   -0.114532963223699   -0.0146148333455248   0
0.348871262781044   0.030196630816005   0.130661905804561   -0.0394011085495269   0
0.182060663359579   0.0445162031072676   -0.166810599421465   0.0143195722912626   0
0.255755182329586   0.0368775735087397   0.0736945189700073   -0.00763862959852787   0
0.273740795081113   0.0581990397164429   0.0179856127515267   0.0213214662077032   0
0.229128381152139   0.0524181682218103   -0.0446124139289739   -0.00578087149463264   0
0.127352063345201   0.0433091806450722   -0.101776317806939   -0.00910898757673803   0
0.202590147858207   0.0404168714022065   0.0752380845130059   -0.00289230924286572   0
0.0736273777252049   0.0388778299349051   -0.128962770133002   -0.00153904146730147   0
0.14092093747907   0.0970298546441893   0.0672935597538652   0.0581520247092842   0
0.129595228984481   0.0452985057421876   -0.0113257084945894   -0.0517313489020017   0
0.156608457052261   0.0822147692219743   0.0270132280677806   0.0369162634797868   0
0.176405233090433   0.100187217447038   0.0197967760381716   0.0179724482250633   0
0.149214190074537   0.0738843241009553   -0.0271910430158962   -0.0263028933460823   0
0.145503582533008   0.12893624501017   -0.0037106075415283   0.0550519209092144   0
0.158452348097149   0.0266708182385262   0.0129487655641403   -0.102265426771643   0
0.23111841486355   0.177374126375276   0.0726660667664012   0.15070330813675   0
0.0569671536664076   0.122364603772752   -0.174151261197142   -0.0550095226025247   0
0.153388774875895   0.138559562777682   0.0964216212094877   0.0161949590049308   0
0.156707767073748   0.0296810098819936   0.00331899219785248   -0.108878552895689   0
0.200204575203078   0.149552251476073   0.0434968081293302   0.119871241594079   0
0.178335969537219   0.0269695000340199   -0.0218686056658587   -0.122582751442053   0
0.255508250747486   0.184582668128874   0.0771722812102663   0.157613168094854   0
0.117235994490643   0.150419750880528   -0.138272256256843   -0.0341629172483465   0
0.093772785949496   0.171015890469519   -0.0234632085411467   0.0205961395889913   0
0.180372567320006   0.157756112956371   0.0865997813705097   -0.0132597775131484   0
0.231643066830782   0.0584768436224331   0.051270499510776   -0.0992792693339374   0
0.090867027661303   0.180728118362786   -0.140776039169479   0.122251274740352   0
0.215885606384238   0.171134202516546   0.125018578722935   -0.00959391584623975   0
0.148125833768118   0.193166907865154   -0.0677597726161201   0.0220327053486085   0
0.133189164837516   0.180020822303241   -0.014936668930602   -0.0131460855619135   0
0.16819945522492   0.214450041314178   0.0350102903874049   0.0344292190109369   0
0.0511888738320155   0.158110557330227   -0.117010581392905   -0.0563394839839506   0
0.175859779961451   0.220099815732124   0.124670906129436   0.0619892584018971   0
0.121514293314449   0.16204225822088   -0.0543454866470019   -0.0580575575112437   0
0.144064399498524   0.200185001761983   0.022550106184075   0.0381427435411022   0
0.0973231669701516   0.197775706341837   -0.0467412325283727   -0.00240929542014579   0
0.23133281363207   0.0408563182222163   0.134009646661918   -0.156919388119621   0
0.0883198901359145   0.140251331458172   -0.143012923496155   0.0993950132359557   0
0.281193422183041   0.19304016458635   0.192873532047127   0.0527888331281778   0
0.151421270193523   0.138849650479106   -0.129772151989518   -0.0541905141072434   0
0.133765930826575   0.178971190660187   -0.0176553393669485   0.0401215401810806   0
0.17024595130578   0.190094107901067   0.0364800204792051   0.01112291724088   0
0.10424563949383   0.181752176994974   -0.0660003118119498   -0.00834193090609256   0
0.15022167093887   0.192077964775596   0.0459760314450397   0.0103257877806213   0
0.118843121469103   0.195509691134896   -0.0313785494697667   0.00343172635930042   0
0.169604177548255   0.11280003927732   0.0507610560791518   -0.0827096518575759   0
0.211422695361685   0.207672544172581   0.0418185178134304   0.0948725048952605   0
0.079050100417267   0.167250429871077   -0.132372594944418   -0.0404221143015039   0
0.18927505599978   0.211230781356683   0.110224955582513   0.0439803514856066   0
0.119971481196033   0.192878126216401   -0.0693035748037478   -0.0183526551402822   0
0.200239693780229   0.232884240668862   0.0802682125841967   0.0400061144524609   0
0.095654400526165   0.215678307653882   -0.104585293254064   -0.0172059330149803   0
0.123680629706717   0.197914631190386   0.0280262291805518   -0.0177636764634958   0
0.150974129782225   0.197360322453476   0.0272935000755078   -0.000554308736910092   0
0.0874362178124609   0.163912508699108   -0.0635379119697637   -0.0334478137543684   0
0.195857576575863   0.204763231734677   0.108421358763402   0.0408507230355694   0
0.0533967684453844   0.182830812668988   -0.142460808130479   -0.0219324190656892   0
0.188037130175678   0.214316611781796   0.134640361730294   0.0314857991128082   0
0.0881717554402202   0.175943455637102   -0.0998653747354579   -0.0383731561446936   0
0.165233267107505   0.213911834529608   0.0770615116672845   0.0379683788925059   0
0.0898443951669797   0.181129185011479   -0.075388871940525   -0.0327826495181295   0
0.114295927047336   0.224319999425241   0.0244515318803565   0.0431908144137619   0
0.168438252507855   0.209981533326868   0.054142325460519   -0.0143384660983729   0
0.157993957850862   0.214654176748212   -0.0104442946569931   0.00467264342134383   0
0.11878122449091   0.194493420588725   -0.0392127333599519   -0.0201607561594871   0
0.0897489818084662   0.173284412308609   -0.029032242682444   -0.0212090082801155   0
0.112368327059779   0.206412381358417   0.0226193452513127   0.0331279690498078   0
0.0926875168740106   0.194777794910778   -0.0196808101857683   -0.0116345864476391   0
0.13757719726688   0.207500369987508   0.0448896803928693   0.0127225750767298   0
0.149428418797262   0.1971158434279   0.0118512215303823   -0.0103845265596072   0
0.0919586122158224   0.178990540720634   -0.0574698065814398   -0.0181253027072661   0
0.0991768461662802   0.189550306962835   0.00721823395045774   0.0105597662422009   0
0.0970801116185493   0.172575408919768   -0.00209673454773081   -0.0169748980430675   0
0.0980909006346154   0.184368465074569   0.00101078901606609   0.0117930561548013   0
0.0933286611569029   0.176623226898545   -0.00476223947771252   -0.0077452381760236   0
0.064263365930835   0.197762052510839   -0.0290652952260679   0.0211388256122942   0
0.149822589959458   0.158049210996306   0.0855592240286234   -0.0397128415145329   0
0.127770527998635   0.15614984256221   -0.0220520619608233   -0.00189936843409627   0
0.180463531948979   0.181423815394617   0.0526930039503434   0.0252739728324066   0
0.233564807892392   0.224239648163516   0.0531012759434135   0.0428158327688988   0
0.132064754684586   0.172840106464024   -0.101500053207806   -0.051399541699492   0
0.145978760871938   0.203903301071562   0.0139140061873514   0.0310631946075383   0
0.0698069752804611   0.215241186796347   -0.0761717855914768   0.0113378857247853   0
0.080457035428917   0.195235848294217   0.0106500601484559   -0.0200053385021302   0
0.165239999870522   0.219040359782741   0.0847829644416047   0.0238045114885238   0
0.143304391951852   0.22844014050359   -0.0219356079186697   0.00939978072084946   0
0.251086600521434   0.134465046604508   0.107782208569582   -0.0939750938990822   0
0.169841896662425   0.213007386591551   -0.0812447038590083   0.0785423399870431   0
0.184331746292846   0.204134070346752   0.0144898496304202   -0.00887331624479953   0
0.187343093226091   0.189728798474981   0.00301134693324584   -0.0144052718717704   0
0.185299549243812   0.252914062005832   -0.00204354398227924   0.0631852635308512   0
0.122525738935499   0.236668982491285   -0.0627738103083134   -0.0162450795145477   0
0.133082455515105   0.242383196293643   0.0105567165796066   0.00571421380235798   0
0.227218280605897   0.281623142344961   0.0941358250907913   0.0392399460513181   0
0.175129257202673   0.258235352167049   -0.0520890234032237   -0.0233877901779114   0
0.0553894206479902   0.236989387137257   -0.119739836554683   -0.0212459650297927   0
0.125623022059653   0.288355365116435   0.0702336014116626   0.0513659779791784   0
0.0805065078788665   0.261362923224508   -0.0451165141807862   -0.0269924418919271   0
0.254390154441578   0.292820922223037   0.173883646562712   0.0314579989985293   0
0.190984783695587   0.263778361728559   -0.0634053707459916   -0.0290425604944782   0
0.150805349898934   0.259698723836872   -0.0401794337966523   -0.00407963789168686   0
0.0764714591317571   0.250547276797883   -0.0743338907671772   -0.00915144703898918   0
0.169278046931343   0.263857766039816   0.092806587799586   0.0133104892419335   0
0.171837740353966   0.244346908022692   0.00255969342262249   -0.0195108580171242   0
0.513275284543577   0.253208111584271   0.341437544189611   0.00886120356157857   1
0.386328409471022   0.250723878246194   -0.126946875072555   -0.00248423333807635   0
0.439366147485955   0.291198506063707   0.0530377380149326   0.0404746278175129   0
0.273505131936441   0.251447701815909   -0.165861015549514   -0.0397508042477979   0
0.259794353824732   0.265595717307138   -0.0137107781117091   0.0141480154912285   0
0.229522823797395   0.259895470215676   -0.030271530027337   -0.00570024709146172   0
0.128130075779498   0.225731622219512   -0.101392748017897   -0.0341638479961641   0
0.160418206775353   0.253994111452382   0.0322881309958549   0.0282624892328699   0
0.107872362777585   0.242736157273427   -0.0525458439977683   -0.0112579541789547   0
0.151178320952741   0.241477909184298   0.0433059581751561   -0.00125824808912942   0
0.0973235177077463   0.235972698572589   -0.0538548032449949   -0.00550521061170872   0
0.103164604404805   0.253147375268444   0.00584108669705917   0.017174676695855   0
0.0778738844918603   0.238989153995479   -0.0252907199129452   -0.0141582212729646   0
0.19008227603238   0.274616226054165   0.11220839154052   0.035627072058686   0
0.159446868892619   0.276243246629216   -0.0306354071397614   0.00162702057505076   0
0.150527284648332   0.260073240554853   -0.00891958424428677   -0.0161700060743631   0
0.101113533888298   0.279038775643283   -0.0494137507600341   0.01896553508843   0
0.165097395161644   0.245058194774221   0.0639838612733458   -0.0339805808690622   0
0.147343972915929   0.280659619672946   -0.0177534222457149   0.0356014248987247   0
0.130401738656584   0.25800438103948   -0.0169422342593451   -0.0226552386334659   0
0.174988242359908   0.26437673559052   0.0445865037033244   0.00637235455104079   0
0.129691067632933   0.259132027328257   -0.0452971747269753   -0.00524470826226359   0
0.193250295658894   0.245374645823998   0.0635592280259611   -0.0137573815042588   0
0.162032024858082   0.279849871394025   -0.0312182708008124   0.0344752255700272   0
0.201515038550576   0.252132914255364   0.039483013692494   -0.0277169571386617   0
0.201537813959093   0.325668462317853   2.27754085173892e-05   0.0735355480624897   0
0.167498227661788   0.301631060577736   -0.0340395862973055   -0.024037401740117   0
0.156399921912033   0.282009136554124   -0.0110983057497546   -0.0196219240236123   0
0.204764921247293   0.287720677451005   0.0483649993352598   0.00571154089688064   0
0.129461135173804   0.308415307937207   -0.0753037860734886   0.0206946304862028   0
0.220393533706731   0.358744491620168   0.0909323985329268   0.0503291836829602   0
0.127773413194021   0.30777196319678   -0.0926201205127101   -0.0509725284233877   0
0.203179153862109   0.365815661589618   0.0754057406680879   0.0580436983928382   0
0.17267928875615   0.318449575806752   -0.0304998651059583   -0.0473660857828665   0
0.119937226856969   0.363740703965493   -0.0527420618991817   0.0452911281587415   0
0.194205644407288   0.275341042890453   0.0742684175503192   -0.0883996610750397   0
0.184292192168442   0.350072032743709   -0.00991345223884593   0.0747309898532556   0
0.159866867175972   0.342439122498763   -0.0244253249924697   -0.0076329102449465   0
0.07962871319603   0.313160943329868   -0.0802381539799424   -0.029278179168895   0
0.16695032430292   0.334009326257894   0.0873216111068896   0.0208483829280268   0
0.180840196688817   0.339501465403921   0.0138898723858974   0.00549213914602703   0
0.133215178963472   0.328070859543316   -0.0476250177253445   -0.0114306058606057   0
0.147459838978957   0.360207743495129   0.0142446600154848   0.0321368839518131   0
0.278255553858319   0.319265151272375   0.130795714879362   -0.0409425922227537   1
0.582652512757175   0.283218416453825   0.304396958898856   -0.0360467348185496   0
0.378902427090946   0.30902663913086   -0.203750085666229   0.0258082226770349   0
0.33824763104047   0.325890122334542   -0.0406547960504763   0.0168634832036813   0
0.13854993308194   0.267245604796061   -0.19969769795853   -0.0586445175384805   0
0.239844333242448   0.360469298795265   0.101294400160508   0.0932236939992038   0
0.0728407726386122   0.306719912920876   -0.167003560603836   -0.0537493858743885   0
0.199723632268217   0.379033052607754   0.126882859629605   0.0723131396868777   0
0.180266110346066   0.35706161566528   -0.0194575219221512   -0.0219714369424743   0
0.1260258602244   0.320586660383211   -0.0542402501216659   -0.0364749552820692   0
0.179630321396417   0.374026949016378   0.0536044611720169   0.0534402886331671   0
0.10229001166898   0.303880739919302   -0.0773403097274371   -0.0701462090970757   0
0.157523470583751   0.366186524035566   0.0552334589147717   0.0623057841162638   0
0.129679162147065   0.331609217918471   -0.0278443084366859   -0.0345773061170949   0
0.130236215061211   0.339396089161547   0.000557052914145512   0.00778687124307559   0
0.119331504123848   0.382991182938002   -0.0109047109373628   0.0435950937764553   0
0.147444975987688   0.329617487392678   0.0281134718638402   -0.0533736955453235   0
0.222056166322982   0.384582109702518   0.074611190335294   0.0549646223098401   0
0.120671307128621   0.344332476727566   -0.101384859194361   -0.0402496329749522   0
0.0658830981622753   0.343786491597169   -0.0547882089663458   -0.000545985130397775   0
0.177967117261308   0.376924747403245   0.112084019099032   0.0331382558060764   0
0.0789851301480912   0.34737382937268   -0.0989819871132164   -0.0295509180305646   0
0.0733783766611118   0.325219561164546   -0.00560675348697935   -0.0221542682081342   0
0.158476488290251   0.365156129886929   0.085098111629139   0.0399365687223832   0
0.155768047421318   0.319039104258788   -0.00270844086893274   -0.046117025628141   0
0.138219143972751   0.334798121992194   -0.0175489034485673   0.0157590177334057   0
0.13400996537608   0.295078573070801   -0.00420917859667094   -0.039719548921393   0
0.15936695162329   0.30611455492103   0.02535698624721   0.0110359818502286   0
0.186352893746381   0.343674363296857   0.0269859421230912   0.0375598083758274   0
0.126867441778604   0.317848840783634   -0.0594854519677766   -0.0258255225132228   0
0.137580655440109   0.33135342837407   0.0107132136615045   0.0135045875904359   0
0.120329275954399   0.340123545439007   -0.0172513794857096   0.00877011706493652   0
0.106024523783981   0.314055922729536   -0.0143047521704182   -0.026067622709471   0
0.127630066101448   0.307280304577514   0.0216055423174669   -0.00677561815202121   0
0.210631364655029   0.30164421339303   0.0830012985535814   -0.00563609118448399   0
0.148113186522909   0.302360068086462   -0.0625181781321206   0.000715854693431717   0
0.187622858114996   0.335564373216601   0.0395096715920873   0.0332043051301386   0
0.155341691795538   0.343558883416657   -0.032281166319458   0.00799451020005632   0
0.162594938314112   0.308304611580819   0.00725324651857406   -0.0352542718358375   0
0.145262075511057   0.335893436234247   -0.0173328628030555   0.0275888246534273   0
0.120860534301566   0.347695694933443   -0.0244015412094909   0.0118022586991964   0
0.201014099201374   0.301800277004582   0.0801535648998085   -0.045895417928861   0
0.281364645364872   0.211524161225172   0.0803505461634972   -0.0902761157794103   0
0.656433174000408   0.221231954785492   0.375068528635537   0.0097077935603202   0
0.48833620866228   0.270963083443332   -0.168096965338128   0.0497311286578399   0
0.313479696055693   0.257600171717237   -0.174856512606587   -0.0133629117260949   0
0.165359889197054   0.283309280012891   -0.148119806858639   0.0257091082956537   0
0.105649294625994   0.293376363097387   -0.0597105945710608   0.0100670830844966   0
0.148383523609092   0.308957755876916   0.0427342289830985   0.0155813927795287   0
0.163695196028014   0.23999038431206   0.0153116724189221   -0.0689673715648565   0
0.131163328045228   0.249646058858336   -0.0325318679827866   0.00965567454627697   0
0.0791014723623398   0.26860633222871   -0.0520618556828879   0.0189602733703732   0
0.0958712677956227   0.25658195239387   0.0167697954332829   -0.0120243798348401   0
0.181492948786144   0.308097003567464   0.0856216809905216   0.0515150511735945   0
0.100446361011736   0.302214606590251   -0.0810465877744083   -0.00588239697721349   0
0.214558018680496   0.261927175579396   0.11411165766876   -0.0402874310108542   0
0.176696733831302   0.292035665569721   -0.0378612848491938   0.0301084899903246   0
0.102521241346611   0.325656827102304   -0.0741754924846913   0.033621161532583   0
0.135855953826765   0.287432343682387   0.0333347124801539   -0.0382244834199168   0
0.148962030190918   0.307236810015906   0.0131060763641535   0.0198044663335188   0
0.204883860734661   0.290994939860215   0.0559218305437429   -0.0162418701556913   0
0.141101684718149   0.327078436533578   -0.0637821760165118   0.0360834966733635   0
0.183367901207518   0.30187305556144   0.0422662164893685   -0.0252053809721386   0
0.171571225098325   0.341820691463741   -0.0117966761091931   0.0399476359023013   0
0.141131475919477   0.304648293931297   -0.0304397491788474   -0.0371723975324439   0
0.118958028295067   0.31630915683908   -0.0221734476244101   0.0116608629077834   0
0.112036759211486   0.325512389472736   -0.00692126908358115   0.00920323263365525   0
0.116538774278521   0.311963715786388   0.00450201506703468   -0.013548673686348   0
0.128826723610942   0.31068804219828   0.0122879493324211   -0.00127567358810798   0
0.217098193970609   0.288554141366053   0.0882714703596668   -0.0221339008322268   0
0.146743945326001   0.308423286232168   -0.0703542486446075   0.0198691448661154   0
0.138620588190535   0.30273550695698   -0.00812335713546572   -0.00568777927518777   0
0.187288764351228   0.3074185775429   0.0486681761606931   0.00468307058591949   0
0.179790200749123   0.316414955447352   -0.00749856360210535   0.0089963779044524   0
0.238397494733586   0.298275091532129   0.0586072939844625   -0.0181398639152233   0
0.176479086218283   0.316825942650298   -0.0619184085153031   0.018550851118169   0
0.243791084751596   0.307519389951674   0.0673119985333137   -0.00930655269862368   0
0.167742369756004   0.29849351868508   -0.0760487149955922   -0.00902587126659476   0
0.20272919725338   0.333615634473266   0.0349868274973762   0.0351221157881866   0
0.14349485553918   0.33692883967427   -0.0592343417142008   0.00331320520100375   0
0.212857886764855   0.304003870198226   0.0693630312256759   -0.0329249694760438   0
0.304219434614244   0.302676905228166   0.0913615478493881   -0.00132696497006057   0
0.297245952268908   0.277963367845927   -0.00697348234533546   -0.024713537382239   0
0.239329711268451   0.284221797247326   -0.0579162410004574   0.00625842940139915   0
0.277957911635485   0.305806020901322   0.0386282003670341   0.0215842236539965   0
