0.173323984665135   0.0503413713515037   0   0   0
0.124257643021023   0.0452625170091655   -0.0490663416441121   -0.00507885434233819   0
0.130790639796164   0.0322530385479027   0.00653299677514126   -0.0130094784612628   0
0.174443235996384   0.0505187277641916   0.0436525962002193   0.0182656892162888   0
0.147858592426954   0.0448617756450578   -0.02658464356943   -0.00565695211913378   0
0.162756166569381   0.04060234842035   0.0148975741424271   -0.00425942722470776   0
0.18494918050278   0.0365322222438288   0.0221930139333995   -0.00407012617652121   0
0.140121245994032   0.0506081234046966   -0.0448279345087483   0.0140759011608678   0
0.116709046195614   0.0323893926975329   -0.0234121997984177   -0.0182187307071637   0
0.168149508012126   0.0450251804024426   0.0514404618165117   0.0126357877049096   0
0.124249946893027   0.0519595057134159   -0.043899561119099   0.00693432531097331   0
0.140762153924022   0.0452528585976068   0.0165122070309949   -0.00670664711580905   0
0.135942698101737   0.0458975052632766   -0.00481945582228482   0.000644646665669726   0
0.15406963865866   0.0458913230853884   0.0181269405569228   -6.18217788819764e-06   0
0.102799553081227   0.0439761473532528   -0.0512700855774329   -0.00191517573213561   0
0.173738672901286   0.0401456384083626   0.0709391198200589   -0.00383050894489014   0
0.170236923016131   0.0469822442330079   -0.0035017498851552   0.00683660582464524   0
0.152518775993417   0.0628831739736672   -0.0177181470227141   0.0159009297406594   0
0.115193267441244   0.0655872343810326   -0.0373255085521724   0.00270406040736533   0
0.147107944977829   0.0465873315480185   0.031914677536585   -0.0189999028330141   0
0.0599839228715495   0.0636627796654764   -0.0871240221062796   0.0170754481174579   0
0.134602140193037   0.10751797973903   0.0746182173214879   0.0438552000735538   0
0.0687738722295757   0.0668741545004683   -0.0658282679634618   -0.0406438252385619   0
0.122607057022914   0.0514671454270829   0.053833184793338   -0.0154070090733854   0
0.117744303344833   0.0505941244870884   -0.00486275367808085   -0.00087302093999448   0
0.117646544543433   0.0481890215117769   -9.77588013996444e-05   -0.00240510297531148   0
0.0914292492014454   0.0492717149648254   -0.0262172953419878   0.00108269345304847   0
0.0857851663689009   0.0525463887701619   -0.00564408283254454   0.00327467380533652   0
0.0811752102802943   0.0453429139591017   -0.00460995608860654   -0.00720347481106023   0
0.0821998667230671   0.0456695352206753   0.00102465644277283   0.000326621261573588   0
0.0825160500210717   0.0417342675163348   0.000316183298004521   -0.00393526770434047   0
0.0775929383906809   0.0364814353188714   -0.00492311163039078   -0.00525283219746338   0
0.0876412726295665   0.0308427309663476   0.0100483342388856   -0.00563870435252379   0
0.106422454687063   0.0364998562468402   0.0187811820574966   0.00565712528049256   0
0.0855106730782187   0.0365016197701897   -0.0209117816088444   1.76352334944896e-06   0
0.0790163599694392   0.0290818797287074   -0.00649431310877949   -0.00741974004148229   0
0.0753100524542375   0.0333029883894073   -0.00370630751520175   0.00422110866069998   0
0.0648260514220171   0.0308544428003635   -0.0104840010322204   -0.00244854558904389   0
0.0862096373963491   0.0496152298910828   0.0213835859743321   0.0187607870907194   0
0.067176593992253   0.0502970394706537   -0.0190330434040962   0.000681809579570904   0
0.0769656940685914   0.029147431575355   0.00978910007633838   -0.0211496078952988   0
0.111210896902327   0.0366534237597936   0.0342452028337356   0.00750599218443859   0
0.0778456247030621   0.0406947494592189   -0.0333652721992648   0.00404132569942536   0
0.0740865371647238   0.0371344516574905   -0.00375908753833834   -0.00356029780172842   0
0.112712422139266   0.0361062310717278   0.0386258849745418   -0.00102822058576274   0
0.0700147663914549   0.0432845731420849   -0.0426976557478107   0.00717834207035716   0
0.070501165772631   0.0389846453138604   0.000486399381176131   -0.0042999278282245   0
0.167472913598737   0.121410161855034   0.0969717478261059   0.0824255165411735   0
0.239015560389277   0.175301380996058   0.0715426467905398   0.0538912191410239   0
0.330063982256622   0.394013638368128   0.0910484218673457   0.21871225737207   0
0.198107037040712   0.13295125387078   -0.131956945215911   -0.261062384497348   0
0.18805174257693   0.147708096406537   -0.0100552944637818   0.014756842535757   0
0.203013979438486   0.144511834899735   0.0149622368615561   -0.00319626150680172   0
0.151984957436879   0.131030994135032   -0.051029022001607   -0.0134808407647032   0
0.17584951730238   0.142420968899395   0.0238645598655006   0.0113899747643635   0
0.183507838128239   0.148967250028085   0.00765832082585927   0.00654628112868977   0
0.160668527631767   0.131386784322758   -0.0228393104964717   -0.0175804657053267   0
0.133154734479289   0.11250470879701   -0.0275137931524782   -0.0188820755257484   0
0.154243966476696   0.092593290446622   0.0210892319974068   -0.0199114183503879   0
0.130576030782682   0.0825408084099163   -0.0236679356940136   -0.0100524820367057   0
0.129642678219211   0.0841619815997698   -0.000933352563470907   0.00162117318985358   0
0.11693889936826   0.0876511256955095   -0.0127037788509516   0.00348914409573961   0
0.164371811699117   0.0431802211044304   0.0474329123308572   -0.044470904591079   0
0.125980525922263   0.0679457145669431   -0.038391285776854   0.0247654934625126   0
0.164389831317633   0.0737851543638861   0.0384093053953704   0.00583943979694303   0
0.183833019487686   0.0444959943892144   0.0194431881700527   -0.0292891599746717   0
0.164027133318973   0.0368367749088123   -0.0198058861687136   -0.00765921948040214   0
0.169903722644944   0.0382833168632565   0.00587658932597124   0.00144654195444426   0
0.180539519649549   0.0513427264400713   0.0106357970046055   0.0130594095768148   0
0.20125024167511   0.049111866311921   0.0207107220255602   -0.00223086012815034   0
0.163920672763993   0.0478429101588992   -0.0373295689111168   -0.00126895615302178   0
0.160002773373995   0.0416628782337766   -0.00391789938999779   -0.00618003192512256   0
0.155288749341992   0.045618991075346   -0.00471402403200305   0.00395611284156937   0
0.166744760494625   0.0386475019078853   0.0114560111526335   -0.00697148916746069   0
0.151812881094194   0.0724985065984293   -0.0149318794004311   0.033851004690544   0
0.189799746543308   0.0427982658004095   0.0379868654491135   -0.0297002407980198   0
0.136996042072096   0.0702824860871114   -0.0528037044712115   0.0274842202867019   0
0.147385395623937   0.0728761251375408   0.0103893535518405   0.00259363905042943   0
0.157524289726251   0.0804913225159706   0.0101388941023146   0.00761519737842985   0
0.138315801985746   0.0515056301910044   -0.0192084877405058   -0.0289856923249663   0
0.156082659895614   0.0491430593428258   0.0177668579098686   -0.00236257084817854   0
0.149121670682232   0.0534513112050116   -0.00696098921338245   0.00430825186218579   0
0.181518674717644   0.0519208386914397   0.0323970040354126   -0.00153047251357193   0
0.160160715576573   0.0440170684155874   -0.0213579591410711   -0.0079037702758523   0
0.123720338226381   0.0645081635379198   -0.0364403773501928   0.0204910951223324   0
0.177970558374047   0.0449344561789169   0.0542502201476663   -0.0195737073590029   0
0.18490827173561   0.0335073012906143   0.00693771336156276   -0.0114271548883026   0
0.154526071177197   0.0574366997374501   -0.030382200558413   0.0239293984468358   0
0.179789375233299   0.076868655002966   0.0252633040561025   0.0194319552655159   0
0.157975127540034   0.040672568200539   -0.021814247693265   -0.0361960868024269   0
0.144977181897877   0.043146020948026   -0.0129979456421574   0.00247345274748698   0
0.12005320620457   0.0746726345994468   -0.0249239756933071   0.0315266136514208   0
0.184908021675886   0.0298638242578291   0.0648548154713166   -0.0448088103416177   0
0.143948118984445   0.0467878192729956   -0.040959902691441   0.0169239950151665   0
0.158791142995603   0.0400866890435279   0.0148430240111576   -0.00670113022946771   0
0.150240002024428   0.0322269795833786   -0.00855114097117532   -0.00785970946014933   0
0.138626584588238   0.0329066414021167   -0.0116134174361892   0.000679661818738096   0
0.133159438919402   0.0331583550631662   -0.00546714566883613   0.000251713661049528   0
0.100973317544884   0.0596758330191754   -0.0321861213745181   0.0265174779560092   0
0.0941214919011593   0.0659844330748928   -0.00685182564372476   0.00630860005571739   0
0.128246961308797   0.0302712329202578   0.0341254694076374   -0.0357132001546349   0
0.0971743345058252   0.0349936788391132   -0.0310726268029716   0.00472244591885541   0
0.0802649364114867   0.05908725008699   -0.0169093980943385   0.0240935712478768   0
0.140652742579908   0.0427236027692539   0.0603878061684218   -0.0163636473177361   0
0.117283263645714   0.0333447950784017   -0.0233694789341947   -0.00937880769085224   0
0.0700178264087796   0.0559772283868628   -0.0472654372369341   0.0226324333084611   0
0.10548063538707   0.029347624720486   0.0354628089782903   -0.0266296036663768   0
0.100948556107604   0.0456452970866934   -0.00453207927946636   0.0162976723662073   0
0.117515969666935   0.0411934828052934   0.0165674135593314   -0.00445181428140002   0
0.099269996100836   0.0505573169259159   -0.018245973566099   0.00936383412062251   0
0.114808964902964   0.03024990632865   0.0155389688021279   -0.0203074105972659   0
0.106611562031376   0.0243515979660068   -0.00819740287158761   -0.00589830836264324   0
0.0799022604064491   0.0471827173991971   -0.0267093016249272   0.0228311194331904   0
0.13743959432729   0.0297776587952277   0.0575373339208407   -0.0174050586039695   0
0.123620882631738   0.0254208061373454   -0.0138187116955516   -0.00435685265788223   0
0.10050951956969   0.0500803900576613   -0.0231113630620477   0.0246595839203158   0
0.127423152412773   0.0370741371261018   0.026913632843083   -0.0130062529315595   0
0.10746924051253   0.0381782935275072   -0.0199539119002436   0.00110415640140543   0
0.0863172784972169   0.0634869947584936   -0.021151962015313   0.0253087012309864   0
0.105453073298411   0.0653385373896792   0.0191357948011939   0.00185154263118552   0
0.133138300004769   0.0309743106232003   0.0276852267063587   -0.0343642267664788   0
0.0843518605545248   0.0569041762726726   -0.0487864394502447   0.0259298656494723   0
0.094989217720765   0.0747815747218023   0.0106373571662402   0.0178773984491297   0
0.149832301004223   0.0272415819056548   0.0548430832834577   -0.0475399928161475   0
0.0913416839683832   0.0578579806771719   -0.0584906170358395   0.0306163987715171   0
0.0889480931808215   0.0683163262537587   -0.00239359078756177   0.0104583455765868   0
0.133437557496269   0.034072549066529   0.0444894643154472   -0.0342437771872297   0
0.116416164370632   0.0440283397233293   -0.0170213931256367   0.00995579065680035   0
0.120902903730473   0.0849802054916467   0.00448673935984095   0.0409518657683174   0
0.168279560131823   0.0311368145165815   0.0473766564013506   -0.0538433909750652   0
0.118729650786356   0.0756175172242021   -0.0495499093454677   0.0444807027076206   0
0.116982651775417   0.0638646853296092   -0.00174699901093911   -0.0117528318945929   0
0.140506122245011   0.0666911450512735   0.0235234704695944   0.00282645972166427   0
0.14955966125764   0.0432721482900087   0.00905353901262884   -0.0234189967612648   0
0.111933665310352   0.0512632810655931   -0.0376259959472875   0.00799113277558447   0
0.125112385189836   0.0804374768515895   0.013178719879484   0.0291741957859964   0
0.151467140846489   0.0319901803520237   0.0263547556566521   -0.0484472964995659   0
0.12440027151361   0.0516998460772914   -0.0270668693328781   0.0197096657252678   0
0.120806655014182   0.0567249522653391   -0.00359361649942838   0.00502510618804768   0
0.141461337135558   0.0612336456175035   0.0206546821213759   0.00450869335216436   0
0.13568855800225   0.041077151240813   -0.00577277913330787   -0.0201564943766905   0
0.114857109570788   0.0620673717240589   -0.0208314484314617   0.0209902204832459   0
0.130640756452978   0.0796723283591612   0.0157836468821899   0.0176049566351023   0
0.145263192918027   0.0387923273024447   0.0146224364650489   -0.0408800010567165   0
0.108520405175919   0.0756976304022292   -0.0367427877421083   0.0369053030997845   0
0.141993795613787   0.078090275092181   0.0334733904378684   0.00239264468995173   0
0.156038837939918   0.0505305618372189   0.0140450423261307   -0.0275597132549621   0
0.126247977958184   0.050573904341765   -0.0297908599817345   4.33425045461636e-05   0
0.125894329667424   0.0909062896903867   -0.000353648290759678   0.0403323853486216   0
0.130901973406401   0.0479209388446481   0.00500764373897669   -0.0429853508457386   0
0.102598333166821   0.0705539800600398   -0.0283036402395796   0.0226330412153918   0
0.108721014187736   0.0849258631259642   0.0061226810209155   0.0143718830659243   0
0.126895792885698   0.0468814888538376   0.0181747786979616   -0.0380443742721266   0
0.11093824898839   0.0622874862570725   -0.0159575438973082   0.0154059974032349   0
0.12603084709221   0.0849241204092807   0.01509259810382   0.0226366341522081   0
0.148579202739313   0.0475379153598735   0.0225483556471035   -0.0373862050494071   0
0.134295808076053   0.0785829518999668   -0.0142833946632606   0.0310450365400933   0
0.171169430291977   0.0638031092662615   0.0368736222159243   -0.0147798426337054   0
0.152549049846599   0.0529099985609998   -0.0186203804453786   -0.0108931107052617   0
0.118287586522213   0.0676623222258887   -0.0342614633243856   0.014752323664889   0
0.139290687661631   0.0817888558115957   0.0210031011394179   0.014126533585707   0
0.133202360692782   0.0610897468617484   -0.00608832696884881   -0.0206991089498473   0
0.111286215381286   0.0808411708366009   -0.0219161453114959   0.0197514239748525   0
0.130894295053872   0.0986529513490727   0.0196080796725855   0.0178117805124717   0
0.160997623517119   0.0462822912123525   0.0301033284632474   -0.0523706601367202   0
