0.511462479354175   0.409050395523269   0   0   0
0.477338038431424   0.384725194597225   -0.0341244409227507   -0.0243252009260438   0
0.437224684692619   0.355467542724367   -0.0401133537388055   -0.0292576518728573   0
0.454444836176361   0.384998591511891   0.0172201514837426   0.0295310487875236   0
0.455234433197842   0.414149135243073   0.000789597021480071   0.0291505437311816   0
0.480947601415414   0.396218084639137   0.0257131682175726   -0.0179310506039358   0
0.461743180832452   0.425367008029843   -0.0192044205829622   0.0291489233907056   0
0.422468718068238   0.329735119425047   -0.0392744627642144   -0.0956318886047955   0
0.271260952419842   0.157290486850935   -0.151207765648395   -0.172444632574112   0
0.303393207999075   0.220865316773383   0.0321322555792327   0.0635748299224473   0
0.259650458831   0.186783172128163   -0.0437427491680749   -0.0340821446452197   0
0.288242983857287   0.21175582850737   0.0285925250262873   0.0249726563792068   0
0.271642503853889   0.158696083603692   -0.0166004800033987   -0.0530597449036776   0
0.176807574052471   0.109738827244463   -0.0948349298014178   -0.0489572563592294   0
0.112347528692802   0.0285473791460337   -0.0644600453596688   -0.0811914480984289   0
0.135266590094598   0.0218146150602274   0.0229190614017959   -0.0067327640858063   0
0.119899540813508   0.0535026488616314   -0.0153670492810903   0.031688033801404   0
0.124424557681753   0.0200153626765168   0.00452501686824576   -0.0334872861851146   0
0.0650755454124666   0.0608613101463567   -0.0593490122692869   0.04084594746984   0
0.113550722642703   0.0172019616260763   0.0484751772302362   -0.0436593485202805   0
0.0619102653124666   0.0215079751979353   -0.0516404573302362   0.00430601357185905   0
0.117014316081191   0.0212940731682997   0.0551040507687249   -0.000213902029635633   0
0.0552516548100453   0.0866120048143588   -0.0617626612711462   0.0653179316460591   0
0.0963242748555109   0.0452889987850802   0.0410726200454656   -0.0413230060292785   0
0.115672677718552   0.0878035273977277   0.0193484028630411   0.0425145286126475   0
0.1212283183187   0.0384940985640007   0.00555564060014777   -0.049309428833727   0
0.0609945531320625   0.0459013651208218   -0.0602337651866372   0.00740726655682115   0
0.126175917121692   0.039193645979323   0.0651813639896291   -0.00670771914149886   0
0.108733949159526   0.0476119931399642   -0.0174419679621656   0.00841834716064125   0
0.12645585147766   0.0231675287865306   0.0177219023181339   -0.0244444643534336   0
0.101760565846992   0.0480695478430472   -0.0246952856306679   0.0249020190565165   0
0.134264914723207   0.0351823704612197   0.0325043488762148   -0.0128871773818274   0
0.110345435019533   0.0443396040128066   -0.0239194797036737   0.00915723355158692   0
0.148995712629592   0.119442102061585   0.038650277610059   0.075102498048778   0
0.144197526279406   0.091628486841443   -0.00479818635018608   -0.0278136152201416   0
0.157514550626315   0.106123548699146   0.0133170243469091   0.0144950618577029   0
0.125862059967291   0.0983350962303897   -0.031652490659024   -0.00778845246875629   0
0.134125183748094   0.128399683348607   0.00826312378080288   0.0300645871182171   0
0.0921950495448644   0.173955310227289   -0.0419301342032297   0.0455556268786826   0
0.184833121106689   0.25672483964792   0.0926380715618247   0.0827695294206302   0
0.162487116793455   0.321851462887867   -0.0223460043132338   0.0651266232399474   0
0.177276028598934   0.344027559049649   0.0147889118054785   0.0221760961617824   0
0.151226747976672   0.402356293929758   -0.0260492806222614   0.0583287348801089   0
0.189954705303659   0.558274316064748   0.0387279573269868   0.15591802213499   0
0.235168931544624   0.5691752240326   0.0452142262409647   0.0109009079678513   0
0.286074015113939   0.61572763208522   0.0509050835693148   0.0465524080526207   0
0.245928902412893   0.537912758603419   -0.0401451127010461   -0.0778148734818015   0
0.290044816978084   0.591462153462605   0.044115914565191   0.0535493948591863   0
0.131941409961164   0.568935227352157   -0.158103407016919   -0.0225269261104487   0
0.218559568151568   0.708880620265147   0.086618158190404   0.139945392912991   0
0.233848127005499   0.779223572300859   0.0152885588539308   0.0703429520357119   0
0.346294629600287   0.892380464850413   0.112446502594788   0.113156892549554   0
0.267554249612223   0.798267024840617   -0.0787403799880636   -0.0941134400097964   0
0.299303060467146   0.86540715163089   0.0317488108549224   0.0671401267902729   0
0.303030672494122   0.822059414585742   0.00372761202697641   -0.043347737045148   0
0.32816763612215   0.886647016458997   0.025136963628028   0.0645876018732547   0
0.31058372359834   0.882879694895069   -0.0175839125238104   -0.00376732156392756   0
0.361295759782758   1.0067079446219   0.0507120361844176   0.123828249726836   0
0.312354424649708   0.908535636871629   -0.0489413351330497   -0.0981723077502757   0
0.329216692342597   0.960623065776826   0.0168622676928889   0.0520874289051975   0
0.346823086767245   0.946830603113091   0.0176063944246483   -0.0137924626637351   0
0.380225166532937   1.04417141335252   0.0334020797656924   0.0973408102394302   0
0.391587385001151   1.001139152153   0.0113622184682141   -0.043032261199524   0
0.435773115320346   1.1016287758185   0.044185730319195   0.1004896236655   0
0.427747473236675   1.06618598157657   -0.00802564208367146   -0.0354427942419229   0
0.448541123408991   1.11716257514704   0.0207936501723163   0.0509765935704631   0
0.424510441102748   1.04901508855879   -0.0240306823062429   -0.0681474865882457   0
0.413826294088776   1.08430556381564   -0.0106841470139725   0.0352904752568528   0
0.347334817077215   1.05535209330086   -0.0664914770115608   -0.0289534705147878   0
0.399438075255239   1.11508304023651   0.052103258178024   0.0597309469356497   0
0.406923367604086   1.08088365805225   0.00748529234884676   -0.0341993821842521   0
0.40960154696661   1.05256997436372   0.00267817936252412   -0.0283136836885354   0
0.403305185340147   1.00837969659371   -0.0062963616264633   -0.0441902777700127   0
0.451770332371394   1.11433613502843   0.0484651470312476   0.10595643843472   0
0.464046606659891   1.14625289513751   0.0122762742884972   0.0319167601090837   0
0.498005111195749   1.19791008518667   0.0339585045358572   0.0516571900491629   0
0.501504545023313   1.13226252440081   0.00349943382756407   -0.0656475607858591   0
0.546509715055359   1.14845410687737   0.0450051700320465   0.0161915824765588   0
0.445032652408607   1.12278310435776   -0.101477062646752   -0.0256710025196114   0
0.437081491752236   1.21905726190595   -0.00795116065637086   0.0962741575481854   0
0.447553826351245   1.17791503237706   0.0104723345990085   -0.0411422295288906   0
0.493446681763177   1.25588230630384   0.0458928554119324   0.0779672739267885   0
0.474964438116676   1.18430532273114   -0.0184822436465007   -0.0715769835727027   0
0.45001375799262   1.22716079909208   -0.0249506801240567   0.0428554763609388   0
0.450450924499273   1.16192223558363   0.000437166506653652   -0.0652385635084505   0
0.427548259881899   1.23125974253606   -0.0229026646173741   0.0693375069524338   0
0.422773316342742   1.19144768024173   -0.00477494353915742   -0.0398120622943323   0
0.38498580383683   1.23557347047229   -0.0377875125059119   0.0441257902305581   0
0.367309790638978   1.17198014924552   -0.0176760131978517   -0.0635933212267643   0
0.380701652370317   1.2176204269338   0.0133918617313392   0.0456402776882796   0
0.388288428551264   1.16116081197278   0.00758677618094661   -0.0564596149610226   0
0.370190830482455   1.21996106883622   -0.0180975980688086   0.0588002568634332   0
0.378382810766834   1.22141316942175   0.00819198028437895   0.00145210058553524   0
0.407580533837228   1.31176548903728   0.0291977230703939   0.0903523196155278   0
0.431868096343733   1.18147046619382   0.0242875625065049   -0.130295022843455   0
0.497848056050599   1.25274931582151   0.0659799597068655   0.0712788496276824   0
0.444801864333998   1.28054759686823   -0.0530461917166011   0.0277982810467248   0
0.445189924150457   1.36019864361037   0.000388059816459785   0.0796510467421432   0
0.496400251436238   1.42258135609541   0.0512103272857803   0.0623827124850347   0
0.536641030568377   1.57275148663234   0.0402407791321395   0.150170130536936   0
0.506969521852438   1.5583616276918   -0.0296715087159388   -0.0143898589405402   0
0.547571908013916   1.58622549739531   0.0406023861614772   0.0278638697035063   0
0.551413981620896   1.61245587200084   0.00384207360698063   0.0262303746055328   0
0.560914398427924   1.65838339328697   0.00950041680702796   0.045927521286125   0
0.574284809846343   1.67944487898271   0.0133704114184185   0.0210614856957418   0
0.56896496658761   1.73476513180351   -0.0053198432587328   0.0553202528208003   0
0.581968069280446   1.6866742102048   0.0130031026928361   -0.0480909215987062   0
0.611768844214087   1.71978397300191   0.0298007749336411   0.0331097627971106   0
0.607505260552771   1.66568581252896   -0.00426358366131618   -0.0540981604729585   0
0.581759266949492   1.71060793681194   -0.0257459936032791   0.0449221242829829   0
0.583127433673884   1.68491681365735   0.00136816672439222   -0.0256911231545855   0
0.652476068278286   1.75987306607899   0.0693486346044017   0.0749562524216321   0
0.670861533178971   1.70807804151925   0.0183854649006857   -0.0517950245597323   0
0.665264974611929   1.77020205949921   -0.00559655856704266   0.0621240179799583   0
0.649323025851417   1.7390035450416   -0.0159419487605116   -0.0311985144576121   0
0.614156003557272   1.73891744380635   -0.035167022294145   -8.61012352524337e-05   0
0.643029517629175   1.72701304433269   0.0288735140719033   -0.0119043994736618   0
0.663971425320104   1.80513824706337   0.0209419076909283   0.0781252027306805   0
0.676385356377679   1.74443953438748   0.0124139310575754   -0.0606987126758882   0
0.65146764288999   1.78613087219561   -0.0249177134876887   0.0416913378081323   0
0.613205643365494   1.77341947486938   -0.0382619995244959   -0.0127113973262263   0
0.558327336294122   1.80203379257049   -0.0548783070713721   0.0286143177011109   0
0.5742978318189   1.78067302790328   0.0159704955247779   -0.0213607646672105   0
0.539667831488185   1.81524252424435   -0.0346300003307153   0.0345694963410661   0
0.570714065110446   1.7639738688141   0.0310462336222606   -0.0512686554302453   0
0.598237359346392   1.88767130294187   0.0275232942359465   0.123697434127763   0
0.538894583662705   1.73402734299261   -0.0593427756836871   -0.153643959949261   0
0.541166545323748   1.85329708205404   0.00227196166104293   0.119269739061428   0
0.573580852903198   1.77891776702831   0.0324143075794501   -0.0743793150257221   0
0.599076707502003   1.85731455148044   0.0254958545988048   0.0783967844521305   0
0.605486166636109   1.78996883114791   0.0064094591341064   -0.0673457203325374   0
0.609897314800131   1.82103949530378   0.00441114816402188   0.0310706641558747   0
0.606350536341809   1.82061113227647   -0.00354677845832152   -0.000428363027313416   0
0.657506571640132   1.81155794686066   0.0511560352983225   -0.00905318541581002   0
0.674097706594793   1.81274401918673   0.0165911349546614   0.00118607232607015   0
0.680424425308388   1.84911186516264   0.00632671871359447   0.0363678459759105   0
0.678772409673346   1.83523512804926   -0.00165201563504225   -0.0138767371133732   0
0.684049587539792   1.82367413745603   0.00527717786644677   -0.0115609905932337   0
0.665133190170991   1.77211907872637   -0.018916397368801   -0.0515550587296605   0
0.659267233030893   1.84372125023612   -0.00586595714009819   0.0716021715097519   0
0.717693006189973   1.86251220745905   0.0584257731590796   0.0187909572229319   0
0.721826228483151   1.88427724319067   0.00413322229317825   0.0217650357316204   0
0.724212248271486   1.86842168274917   0.00238601978833475   -0.0158555604415018   0
0.698523645662765   1.86893269377933   -0.0256886026087207   0.000511011030154052   0
0.697565025646355   1.8653142748151   -0.000958620016409784   -0.00361841896422233   0
0.689645981270826   1.88025764215599   -0.00791904437552948   0.014943367340885   0
0.719219933954837   1.82644368152354   0.0295739526840112   -0.0538139606324528   0
0.791662508586203   1.86941850360005   0.0724425746313661   0.0429748220765132   0
0.819080078591831   1.96229874877018   0.0274175700056281   0.0928802451701263   0
0.795670154600391   1.89498408447334   -0.02340992399144   -0.0673146642968396   0
0.756774856383429   1.89701376111271   -0.0388952982169616   0.00202967663937637   0
0.745467183006341   1.88213463232316   -0.0113076733770879   -0.0148791287895493   0
0.724062980921549   1.86041875379872   -0.021404202084792   -0.0217158785244387   0
0.733847998490832   1.88914414095616   0.00978501756928252   0.0287253871574382   0
0.757272889556994   1.90388267170991   0.0234248910661625   0.0147385307537429   0
0.782877327188622   1.85202316940319   0.0256044376316272   -0.0518595023067128   0
0.721462933994873   1.87024974792947   -0.0614143931937489   0.0182265785262778   0
0.670394915096497   1.80026156974625   -0.0510680188983754   -0.0699881781832163   0
0.734256340895501   1.89291876982638   0.0638614257990034   0.0926572000801209   0
0.825327295611868   1.96568491941619   0.0910709547163674   0.0727661495898182   0
0.82469228327247   1.99821095439302   -0.000635012339398111   0.0325260349768226   0
0.838680856665991   1.93483371819622   0.0139885733935206   -0.0633772361967988   0
0.767683216457648   1.96365839264757   -0.0709976402083428   0.0288246744513554   0
0.781853264706722   1.9283086617295   0.0141700482490743   -0.035349730918077   0
0.765367280989493   1.95386317503357   -0.0164859837172289   0.0255545133040704   0
0.810838576248078   1.97191650341742   0.0454712952585845   0.0180533283838575   0
0.758697690681209   1.94196502131372   -0.0521408855668686   -0.0299514821037032   0
0.807320748687286   1.95268783115735   0.0486230580060767   0.0107228098436303   0
0.879951153696778   2.0110676834998   0.0726304050094918   0.0583798523424486   0
0.894540707729391   1.98982271759377   0.0145895540326134   -0.021244965906031   0
0.878799692166537   1.97229391736127   -0.0157410155628546   -0.017528800232502   0
0.894559589557901   1.97698203675451   0.0157598973913641   0.00468811939324065   0
0.894655321903603   2.02679191731317   9.57323457024817e-05   0.0498098805586638   0
0.962384339390973   1.97776549719153   0.0677290174873701   -0.0490264201216439   0
0.882516851305311   1.98167558370713   -0.0798674880856626   0.00391008651560432   0
0.921268402131539   1.98521284817271   0.0387515508262287   0.00353726446557801   0
0.981692969562276   2.20656639696724   0.0604245674307369   0.221353548794534   0
1.09717870645852   2.24919779698229   0.115485736896248   0.0426314000150496   0
1.10350773828678   2.25571175255727   0.00632903182825828   0.00651395557497914   0
1.12736089581642   2.24839727707316   0.0238531575296372   -0.00731447548411213   0
1.07017424184569   2.25724892413863   -0.0571866539707284   0.00885164706546959   0
1.0885489416255   2.19936133587685   0.0183746997798107   -0.0578875882617802   0
1.04391452745504   2.17965751150267   -0.0446344141704569   -0.0197038243741821   0
1.05079924103941   2.22732179520607   0.00688471358436504   0.0476642837034049   0
1.09512531743735   2.35276765808377   0.044326076397937   0.1254458628777   0
1.1004658511633   2.25620449639433   0.00534053372595   -0.0965631616894407   0
1.03353383801656   2.23906493433085   -0.0669320131467324   -0.0171395620634849   0
1.0172735202781   2.22487209294152   -0.0162603177384635   -0.0141928413893226   0
1.02092848164453   2.21645393744716   0.00365496136642607   -0.00841815549436831   0
1.03008949894114   2.20252996139667   0.00916101729661345   -0.0139239760504895   0
1.03667323946932   2.12276922369696   0.00658374052817745   -0.0797607376997052   0
1.03853361604683   2.21501997959951   0.00186037657751004   0.0922507559025458   0
1.02907327384983   2.23194759751993   -0.00946034219700165   0.0169276179204259   0
1.00505694774985   2.35376208057441   -0.024016326099974   0.121814483054482   0
1.01812085025158   2.33763856552398   0.0130639025017274   -0.0161235150504373   0
1.02679989159975   2.3919337796697   0.00867904134816588   0.0542952141457267   0
1.10310852304114   2.388423271983   0.0763086314413919   -0.00351050768669969   0
1.07984965455954   2.41482123432564   -0.0232588684815964   0.0263979623426338   0
1.05484616836769   2.34418237398992   -0.02500348619185   -0.0706388603357224   0
1.00530078772111   2.33913727561039   -0.0495453806465782   -0.00504509837952538   0
1.06243500110689   2.33146828815019   0.0571342133857784   -0.00766898746019562   0
1.09133308864185   2.42377800130808   0.0288980875349585   0.0923097131578867   0
1.10851614166236   2.40993440905038   0.0171830530205075   -0.0138435922577025   0
1.09149768440011   2.44610521365088   -0.0170184572622438   0.0361708046004976   0
1.09463391764416   2.44327152363895   0.00313623324404566   -0.00283369001192613   0
1.04621810723397   2.44344283094571   -0.0484158104101848   0.000171307306762625   0
1.04511944334846   2.38377602045578   -0.00109866388551194   -0.0596668104899325   0
1.10889344985361   2.59541188097862   0.0637740065051517   0.211635860522843   0
1.35997700824411   2.81765559613839   0.2510835583905   0.222243715159768   0
1.34989979623552   2.76801008745904   -0.0100772120085968   -0.0496455086793528   0
1.19694738888432   2.6678994584223   -0.152952407351193   -0.10011062903674   0
1.0608814081588   2.55451192624932   -0.136065980725523   -0.113387532172982   0
1.0422945326442   2.53720661549764   -0.0185868755145968   -0.0173053107516759   0
1.10567930937241   2.6500563554385   0.0633847767282059   0.112849739940861   0
1.19420204907294   2.63072477299508   0.0885227397005264   -0.0193315824434257   0
1.16621856756142   2.58916932000883   -0.0279834815115205   -0.0415554529862452   0
1.20860113046116   2.60391560955324   0.0423825628997465   0.0147462895444046   0
1.14625373581289   2.54660256221402   -0.0623473946482751   -0.0573130473392185   0
1.15281633639622   2.50659717914546   0.00656260058333169   -0.0400053830685536   0
1.20968885868433   2.62226618262239   0.0568725222881123   0.115669003476925   0
1.2909300673162   2.65917309211905   0.0812412086318657   0.0369069094966625   0
1.26162470207626   2.64494785683953   -0.0293053652399418   -0.0142252352795267   0
1.27386164752417   2.63110826395456   0.0122369454479174   -0.0138395928849619   0
1.21362864940352   2.57308943063101   -0.0602329981206575   -0.058018833323557   0
1.22562844136223   2.56118979336265   0.0119997919587109   -0.0118996372683595   0
1.26936883973887   2.63632366642452   0.0437403983766418   0.0751338730618687   0
1.3191315286392   2.60903345870171   0.0497626889003349   -0.0272902077228072   0
1.28395574180304   2.58653380376615   -0.0351757868361608   -0.0224996549355563   0
1.331699656364   2.58627487027675   0.0477439145609597   -0.00025893348940631   0
1.27902572497976   2.5485024187746   -0.0526739313842417   -0.0377724515021436   0
1.30853055581633   2.49113405274084   0.0295048308365728   -0.0573683660337632   0
1.30397847438829   2.55439270988722   -0.00455208142804753   0.0632586571463856   0
1.35481761798258   2.51884387748626   0.0508391435942976   -0.0355488324009685   0
1.32671974077158   2.54837545360275   -0.0280978772110059   0.0295315761164896   0
1.3164186471332   2.48458363981272   -0.0103010936383787   -0.0637918137900311   0
1.31339556602717   2.46090448791191   -0.00302308110602456   -0.0236791519008008   0
1.30464488289726   2.63215082919368   -0.00875068312991556   0.17124634128177   0
1.33377731188718   2.66647535449421   0.0291324289899249   0.034324525300522   0
1.38978962566894   2.64291516886657   0.0560123137817528   -0.0235601856276384   0
1.36824458692187   2.63860354021782   -0.0215450387470653   -0.00431162864875034   0
1.39809719750273   2.66652176368392   0.0298526105808643   0.0279182234661017   0
1.37559869525527   2.68684049000401   -0.0224985022474651   0.0203187263200926   0
1.14855446834532   2.65478701733303   -0.22704422690995   -0.0320534726709827   0
1.04041903049724   2.66045394612461   -0.108135437848083   0.00566692879157937   0
