0.614587027128209   0.300102646645315   0   0   0
0.518525664311769   0.257954355820351   -0.0960613628164398   -0.0421482908249631   0
0.485963661082744   0.26374991026207   -0.0325620032290251   0.00579555444171853   0
0.479148090663722   0.270935694772985   -0.00681557041902242   0.00718578451091478   0
0.462645443386578   0.253698712976879   -0.0165026472771435   -0.0172369817961055   0
0.398643769292517   0.222939579956779   -0.0640016740940611   -0.0307591330201004   0
0.455989712552936   0.266887072755422   0.0573459432604186   0.0439474927986435   0
0.426233270102793   0.262032717672765   -0.0297564424501423   -0.0048543550826573   0
0.367422706586645   0.214169800404872   -0.0588105635161481   -0.0478629172678935   0
0.442627282692857   0.234730045284221   0.0752045761062117   0.0205602448793496   0
0.267776184930403   0.171098708753091   -0.174851097762454   -0.0636313365311303   0
0.242556554298168   0.158932739888844   -0.0252196306322357   -0.0121659688642467   0
0.273467709696129   0.146298644368653   0.0309111553979615   -0.0126340955201911   0
0.280487296017057   0.149597668853443   0.00701958632092747   0.00329902448478994   0
0.166583790891191   0.104361568064326   -0.113903505125866   -0.0452361007891167   0
0.223612478731152   0.116326846921347   0.0570286878399613   0.0119652788570207   0
0.171052041332134   0.0827022427579355   -0.0525604373990184   -0.0336246041634115   0
0.10042065426664   0.0586323484172773   -0.070631387065494   -0.0240698943406582   0
0.144535904101714   0.0696889047287897   0.0441152498350747   0.0110565563115124   0
0.114259996138122   0.0697094244122208   -0.0302759079635927   2.05196834311e-05   0
0.0434832855983768   0.0455262191871069   -0.070776710539745   -0.0241832052251139   0
0.0929769551007565   0.0658283658133908   0.0494936695023798   0.0203021466262839   0
0.139101372579795   0.0686076585062667   0.0461244174790383   0.00277929269287583   0
0.0832254826330253   0.0625536781793445   -0.0558758899467695   -0.00605398032692216   0
0.115770090941702   0.0659503435722097   0.0325446083086769   0.00339666539286519   0
0.123375901817015   0.0692222645839112   0.0076058108753123   0.00327192101170147   0
0.0644011635150329   0.0624428868952461   -0.0589747383019816   -0.00677937768866503   0
0.0935331322987208   0.0701896478708933   0.0291319687836879   0.00774676097564719   0
0.107638355628884   0.0800098516869249   0.0141052233301627   0.00982020381603162   0
0.0854875843570866   0.0655291110318536   -0.0221507712717969   -0.0144807406550713   0
0.0958186836067998   0.066052682172585   0.0103310992497132   0.000523571140731358   0
0.109145516677736   0.0582441144863144   0.0133268330709365   -0.00780856768627056   0
0.109021176917239   0.0743736788202296   -0.000124339760496903   0.0161295643339151   0
0.111051622687334   0.0577811749757438   0.00203044577009469   -0.0165925038444857   0
0.124609327355678   0.0493496843019284   0.0135577046683435   -0.00843149067381541   0
0.156216648191702   0.0568935842028214   0.0316073208360245   0.00754389990089294   0
0.134079809157771   0.0594746807878781   -0.0221368390339306   0.00258109658505678   0
0.143848706383234   0.082745472172198   0.00976889722546306   0.0232707913843199   0
0.146382184144793   0.0686483478556658   0.00253347776155824   -0.0140971243165322   0
0.189854191250259   0.0724548838565076   0.0434720071054665   0.00380653600084173   0
0.181514510231276   0.0774524059239608   -0.00833968101898319   0.00499752206745324   0
0.183022594936718   0.0728900729597316   0.00150808470544214   -0.0045623329642292   0
0.171658104657048   0.0774524059239608   -0.0113644902796703   0.0045623329642292   0
0.14011569055766   0.0783920811575378   -0.0315424140993876   0.000939675233577034   0
0.143988232049324   0.0690831206658146   0.00387254149166386   -0.00930896049172325   0
0.201799837436035   0.0976891495772304   0.0578116053867105   0.0286060289114158   0
0.194028988883955   0.0860835786503442   -0.00777084855207946   -0.0116055709268862   0
0.184491077403461   0.076109798969975   -0.00953791148049374   -0.00997377968036928   0
0.232909544299498   0.0978040821553477   0.0484184668960369   0.0216942831853727   0
0.246829400958152   0.0971301511812887   0.0139198566586533   -0.000673930974058989   0
0.219765152148879   0.0933234790031426   -0.0270642488092725   -0.00380667217814611   0
0.36033932864038   0.156804157402482   0.140574176491501   0.0634806783993399   0
0.291888264413234   0.0747757328475121   -0.0684510642271463   -0.0820284245549704   0
0.339891757142844   0.130411205400035   0.04800349272961   0.0556354725525224   0
0.342747118631569   0.131340431318045   0.00285536148872456   0.00092922591801009   0
0.433456038145742   0.138839442338131   0.090708919514173   0.0074990110200861   0
0.589977028307531   0.160937032806281   0.15652099016179   0.0220975904681504   0
0.753864411226331   0.2438589820329   0.1638873829188   0.0829219492266194   0
0.756253086004269   0.227804037867645   0.00238867477793792   -0.0160549441652552   0
0.8440429150543   0.253094842595346   0.0877898290500312   0.0252908047277006   0
0.868565794793256   0.255054043254769   0.0245228797389557   0.00195920065942301   0
0.853436214011574   0.30060576436109   -0.0151295807816813   0.0455517211063207   0
0.806209834577922   0.268476900304482   -0.0472263794336527   -0.0321288640566081   0
0.832426969994702   0.101424313326798   0.0262171354167799   -0.167052586977683   0
0.837076029954918   0.163236796903647   0.00464905996021592   0.061812483576849   0
0.891087958512404   0.252367342271009   0.0540119285574863   0.0891305453673618   0
0.831849227538603   0.215442793215949   -0.0592387309738013   -0.0369245490550602   0
0.826510850265234   0.252763561968992   -0.00533837727336872   0.0373207687530435   0
0.835467078690657   0.218968652129277   0.00895622842542276   -0.0337949098397147   0
0.849665612992052   0.242881396725851   0.0141985343013956   0.0239127445965732   0
0.882223689570106   0.286568331582085   0.0325580765780534   0.0436869348562348   0
0.882489666168851   0.249899022537684   0.000265976598745277   -0.0366693090444011   0
0.865432015224789   0.279187715530268   -0.0170576509440616   0.0292886929925841   0
0.989712049690156   0.361079166805996   0.124280034465367   0.081891451275728   0
0.996817685096929   0.332947811076316   0.00710563540677289   -0.0281313557296806   0
1.03637281521508   0.364841330372245   0.0395551301181558   0.0318935192959298   0
1.05247203259042   0.380385097146629   0.0160992173753305   0.0155437667743831   0
1.07893956772676   0.44112933491891   0.0264675351363459   0.0607442377722816   0
1.07354619727498   0.422473865603838   -0.00539337045178567   -0.0186554693150719   0
1.04375391160294   0.421154849746195   -0.0297922856720343   -0.00131901585764327   0
0.980793898387424   0.381675130272133   -0.0629600132155174   -0.0394797194740616   0
1.07604030237497   0.422330480015876   0.095246403987543   0.0406553497437422   0
1.06970301367795   0.410362172893534   -0.00633728869701589   -0.0119683071223419   0
1.02992607782146   0.395207959816174   -0.0397769358564939   -0.0151542130773598   0
1.11175926787944   0.429943656554382   0.0818331900579863   0.0347356967382084   0
1.12282995853956   0.418227638657887   0.011070690660121   -0.0117160178964947   0
1.10396522583357   0.415861806054755   -0.0188647327059965   -0.00236583260313267   0
1.19348692980648   0.454728682636757   0.089521703972909   0.0388668765820017   0
1.26289925858476   0.509461804491269   0.0694123287782842   0.0547331218545123   0
1.18242703994183   0.460688564309447   -0.0804722186429296   -0.0487732401818214   0
1.23301660716543   0.490420260888047   0.0505895672236034   0.0297316965785995   0
1.22943231403475   0.482084026526756   -0.00358429313068487   -0.00833623436129088   0
1.28422874723386   0.46665182449579   0.0547964331991067   -0.0154322020309656   0
1.26958545556739   0.491606484330964   -0.0146432916664692   0.0249546598351732   0
1.33003402437154   0.492962056295665   0.0604485688041547   0.00135557196470093   0
1.35198016021575   0.512894757618949   0.0219461358442061   0.0199327013232841   0
1.32383683574193   0.520773822149789   -0.0281433244738163   0.00787906453084031   0
1.30053674844735   0.508047210845114   -0.0233000872945843   -0.0127266113046746   0
1.32084471136359   0.489995254225232   0.0203079629162466   -0.0180519566198821   0
1.3504566470367   0.522462672589631   0.0296119356731075   0.0324674183643988   0
1.31315738838697   0.508904133894833   -0.0372992586497307   -0.0135585386947982   0
1.39024948558654   0.465296872616021   0.0770920971995717   -0.0436072612788115   0
1.38775872116094   0.472752263995108   -0.00249076442560536   0.00745539137908624   0
1.4310246150453   0.483188065455108   0.0432658938843589   0.0104358014600006   0
1.49334970639733   0.49441449704145   0.0623250913520366   0.0112264315863418   0
1.49683922850791   0.488862915072825   0.00348952211057885   -0.00555158196862515   0
1.5250405785507   0.521169454372808   0.0282013500427871   0.0323065392999827   0
0.975012763295948   0.255768174588826   -0.550027815254751   -0.265401279783982   1
0.955581151990771   0.326223534381718   -0.0194316113051766   0.0704553597928924   0
0.999351188173732   0.30566298698444   0.0437700361829608   -0.020560547397278   0
1.102175081647   0.344689574775261   0.102823893473263   0.0390265877908205   0
1.18653020469933   0.386426848465204   0.0843551230523376   0.0417372736899437   0
1.27669933191224   0.423494819855568   0.090169127212907   0.0370679713903636   0
1.23281188274158   0.371919901763135   -0.0438874491706598   -0.051574918092433   0
1.22199978634893   0.367462652961495   -0.0108120963926464   -0.00445724880164006   0
1.21208641582602   0.373590096316136   -0.00991337052291708   0.00612744335464138   0
1.2152738869144   0.339532981009946   0.00318747108838568   -0.0340571153061908   0
1.286697895166   0.393317387086434   0.0714240082515958   0.0537844060764888   0
1.23309631555339   0.351281975660935   -0.0536015796126068   -0.0420354114254989   0
1.32824817686059   0.392790782595837   0.095151861307202   0.0415088069349015   0
1.37950610453166   0.446222647076827   0.0512579276710714   0.0534318644809896   0
1.30468345150492   0.411833256840982   -0.074822653026742   -0.0343893902358449   0
1.39065758834157   0.452740739305069   0.0859741368366502   0.0409074824640869   0
1.41475187187337   0.439193713369454   0.0240942835317992   -0.0135470259356147   0
1.4646978604458   0.445473034239448   0.0499459885724232   0.00627932086999372   0
1.4653130823941   0.452169721535509   0.000615221948301992   0.00669668729606171   0
1.49658289304449   0.486135707389665   0.0312698106503946   0.0339659858541557   0
1.50824280127872   0.455683217063126   0.0116599082342252   -0.030452490326539   0
1.46832902512613   0.469642563165329   -0.0399137761525854   0.0139593461022029   0
1.45771681334515   0.483168190885172   -0.0106122117809808   0.0135256277198432   0
1.53297313130199   0.481145828352486   0.0752563179568431   -0.00202236253268595   0
1.52093683479384   0.497613971946126   -0.0120362965081589   0.0164681435936399   0
1.48499750682997   0.504863544797007   -0.0359393279638609   0.00724957285088146   0
1.47741102439514   0.510505871873184   -0.00758648243483684   0.00564232707617673   0
1.55426244700766   0.549825579941494   0.0768514226125261   0.0393197080683096   0
1.48674545992779   0.520083502602467   -0.0675169870798755   -0.0297420773390271   0
1.50604766624546   0.520387449778288   0.0193022063176764   0.000303947175821051   0
1.46268934291703   0.536482377291883   -0.0433583233284385   0.0160949275135949   0
1.47276132455748   0.537888524577584   0.0100719816404498   0.00140614728570121   0
1.53289852247687   0.548234052254372   0.0601371979193905   0.0103455276767885   0
1.57240176447657   0.557738344095822   0.0395032419997063   0.00950429184144996   0
1.53830611823525   0.560446935619466   -0.0340956462413238   0.00270859152364389   0
1.49228584077959   0.575090043654035   -0.0460202774556613   0.0146431080345689   0
1.51159581179173   0.607163926786869   0.0193099710121396   0.0320738831328335   0
1.49023130143089   0.589692873652251   -0.0213645103608353   -0.0174710531346175   0
1.49924049877306   0.590084738247398   0.0090091973421671   0.000391864595146618   0
1.51797993227667   0.615314055447501   0.0187394335036131   0.0252293172001029   0
1.54362124472403   0.611538964924149   0.0256413124473567   -0.00377509052335134   0
1.52990308555615   0.612184412991911   -0.0137181591678774   0.000645448067761123   0
1.57185408509164   0.601165335894794   0.041950999535493   -0.0110190770971169   0
1.64824546559733   0.595796596296505   0.0763913805056859   -0.00536873959828887   0
1.65495551225724   0.622780003642137   0.00671004665990571   0.0269834073456322   0
1.61657757009105   0.583746604607898   -0.0383779421661841   -0.0390333990342386   0
1.61311243220211   0.620394405368472   -0.00346513788894387   0.0366478007605737   0
1.6427722439216   0.632931464795558   0.0296598117194924   0.0125370594270855   0
1.60174543284362   0.604649011717955   -0.0410268110779757   -0.028282453077602   0
1.60689820366937   0.626215532717171   0.00515277082574284   0.0215665209992153   0
1.58198073369381   0.597612413731718   -0.0249174699755559   -0.0286031189854528   0
1.6305517866335   0.536534889677503   0.0485710529396859   -0.0610775240542152   0
1.76951648161277   0.581651679249919   0.138964694979276   0.0451167895724157   0
1.76575885329396   0.596959086611051   -0.00375762831881388   0.0153074073611322   0
1.73996945192105   0.631573573923102   -0.0257894013729096   0.0346144873120511   0
1.7824965725884   0.671433937303031   0.0425271206673545   0.0398603633799288   0
1.72896546328571   0.614422737857454   -0.0535311093026978   -0.0570111994455764   0
1.769125324728   0.679331297423614   0.0401598614422953   0.0649085595661593   0
