0.254308854871965   0.726663218057891   0   0   0
0.383359684814405   0.714429675947885   0.12905082994244   -0.012233542110006   0
0.327206522147726   0.659352564429873   -0.0561531626666796   -0.0550771115180118   0
0.220343587782309   0.60850999759248   -0.106862934365417   -0.0508425668373932   0
0.400699735567669   0.583885616384965   0.180356147785361   -0.0246243812075154   0
0.413722013376422   0.575069917332232   0.0130222778087524   -0.00881569905273272   0
0.131070005061875   0.504497137555061   -0.282652008314546   -0.070572779777171   1
0.355332735706816   0.454660566072097   0.224262730644941   -0.0498365714829637   1
0.285186187863105   0.428204274684408   -0.0701465478437114   -0.0264562913876892   0
0.315854721855302   0.37544161102194   0.030668533992197   -0.0527626636624677   0
0.396244294901517   0.348928238759834   0.0803895730462149   -0.026513372262106   0
0.393736500626104   0.293094838263215   -0.00250779427541248   -0.0558334004966196   0
0.294370365755403   0.265097104413274   -0.0993661348707006   -0.0279977338499404   0
0.225052043172974   0.153786840225326   -0.0693183225824298   -0.111310264187948   0
0.102291685471862   0.16725060860189   -0.122760357701111   0.0134637683765635   0
0.278769834675777   0.0746105096800879   0.176478149203915   -0.0926400989218018   1
0.279146084506321   0.127027591301309   0.000376249830543907   0.0524170816212215   1
0.226875523151   0.112319937900012   -0.0522705613553207   -0.0147076534012976   0
0.171711091869483   0.069107715368293   -0.0551644312815172   -0.0432122225317188   1
0.321070218667194   0.111081964413873   0.149359126797711   0.0419742490455803   1
0.116604082902144   0.0610227287368199   -0.204466135765051   -0.0500592356770534   1
0.244794807166002   0.0333274679316311   0.128190724263858   -0.0276952608051887   0
0.288370438842767   0.0416088789818078   0.0435756316767651   0.00828141105017666   0
0.360187657432206   0.0607291965142428   0.0718172185894388   0.0191203175324351   0
0.234379748801598   0.056252317037723   -0.125807908630608   -0.00447687947651985   0
0.183411748492974   0.0737085403967206   -0.0509680003086235   0.0174562233589977   0
0.203129098734869   0.0658726685706029   0.0197173502418945   -0.00783587182611771   0
0.271407171905313   0.0596089151490152   0.0682780731704442   -0.0062637534215877   0
0.226025594517612   0.0606174242685014   -0.0453815773877007   0.00100850911948614   0
0.228870357639429   0.0563427684887333   0.00284476312181658   -0.00427465577976806   0
0.357270654575155   0.0697261263666819   0.128400296935727   0.0133833578779486   1
0.221708060862139   0.0573833673792764   -0.135562593713016   -0.0123427589874056   0
0.191670165664873   0.0686408810379245   -0.0300378951972658   0.0112575136586481   0
0.209324901619014   0.0921622189915423   0.0176547359541409   0.0235213379536178   0
0.256296903022647   0.0767998580272125   0.0469720014036325   -0.0153623609643298   0
0.179398984291487   0.149232978015082   -0.0768979187311602   0.0724331199878697   0
0.100360558941362   0.238829392235446   -0.079038425350125   0.0895964142203638   1
0.21928811796666   0.192290288116749   0.118927559025299   -0.0465391041186966   1
0.22959327499916   0.171429115307791   0.0103051570324997   -0.0208611728089581   0
0.149386490937099   0.224005007404968   -0.0802067840620611   0.0525758920971771   0
0.183773694897469   0.213336422711764   0.0343872039603701   -0.0106685846932044   0
0.222321202771216   0.177878971570286   0.0385475078737465   -0.0354574511414784   0
0.231129377494273   0.291431736517164   0.00880817472305703   0.113552764946879   1
0.20257781179527   0.293137533145706   -0.0285515656990023   0.0017057966285417   1
0.233198816678494   0.233195331052237   0.0306210048832239   -0.059942202093469   0
0.0968778784322303   0.276106129014732   -0.136320938246264   0.0429107979624951   1
0.138228631908624   0.329083346903942   0.0413507534763941   0.0529772178892093   1
0.255720835903577   0.26355712167811   0.117492203994953   -0.0655262252258317   1
0.0524961279502593   0.333767284901097   -0.203224707953318   0.0702101632229871   1
0.15608318626979   0.383070035625994   0.103587058319531   0.0493027507248967   0
0.16831592895694   0.364939491884614   0.0122327426871497   -0.01813054374138   0
0.132575169636889   0.350342959558916   -0.0357407593200504   -0.014596532325698   0
0.0931052903931909   0.314549255488707   -0.0394698792436985   -0.0357937040702085   0
0.190480066514898   0.392220652875394   0.0973747761217072   0.0776713973866864   1
0.13188443257375   0.335826688466778   -0.0585956339411481   -0.0563939644086153   0
0.117412851810098   0.29478756468583   -0.0144715807636521   -0.0410391237809482   0
0.0799609871086519   0.299023968606682   -0.0374518647014459   0.00423640392085195   0
0.0853821548374132   0.327908348465985   0.00542116772876124   0.0288843798593032   0
0.115472928282477   0.348566415064346   0.0300907734450635   0.0206580665983608   0
0.163213786050137   0.326077786198251   0.0477408577676606   -0.0224886288660948   0
0.0870662263751565   0.371181022908535   -0.0761475596749808   0.0451032367102833   0
0.225645551385264   0.441741013330801   0.138579325010108   0.070559990422266   0
0.257636210830388   0.388660327166332   0.0319906594451233   -0.0530806861644688   1
0.104332892165702   0.429187667894387   -0.153303318664686   0.040527340728055   0
0.194758978514779   0.402349489882726   0.0904260863490766   -0.0268381780116606   0
0.14381114522251   0.439465817400799   -0.0509478332922682   0.037116327518073   0
0.142650452393569   0.415850197231621   -0.0011606928289411   -0.0236156201691781   0
0.186440162805791   0.397129654551548   0.043789710412222   -0.0187205426800728   0
0.130098811494802   0.437166873488628   -0.0563413513109895   0.0400372189370802   0
0.106722033683256   0.417269329685049   -0.023376777811546   -0.0198975438035796   0
0.124358059895971   0.462455063955789   0.0176360262127155   0.0451857342707397   0
0.173780642736209   0.506622167944712   0.0494225828402379   0.0441671039889235   0
0.228251846519519   0.456090176017742   0.0544712037833096   -0.0505319919269701   1
0.1332139707852   0.467971053231576   -0.0950378757343193   0.0118808772138344   0
0.138457219265158   0.473856218740252   0.00524324847995836   0.00588516550867607   0
0.188232816142776   0.514260174228969   0.0497755968776178   0.0404039554887169   0
0.093182931450521   0.486071533014164   -0.0950498846922547   -0.0281886412148049   0
0.127360324732783   0.484222063471162   0.0341773932822622   -0.00184946954300247   0
0.180363224999   0.504934409991298   0.053002900266217   0.0207123465201358   1
0.145195174072212   0.517539048058299   -0.0351680509267881   0.012604638067001   0
0.0969992443344792   0.526729567439746   -0.048195929737733   0.00919051938144755   0
0.135085206366204   0.551407892361145   0.038085962031725   0.0246783249213987   0
0.219216172972799   0.529134838289646   0.0841309666065944   -0.0222730540714987   1
0.109918772625289   0.511554699838531   -0.10929740034751   -0.0175801384511148   0
0.14933072427508   0.579683396020123   0.039411951649791   0.0681286961815912   0
0.271876187136516   0.543538465076587   0.122545462861436   -0.0361449309435354   1
0.115447651880538   0.57225331417651   -0.156428535255978   0.0287148490999233   0
0.127820006855148   0.626444741820021   0.0123723549746092   0.0541914276435104   0
0.294709172499958   0.644224356026736   0.16688916564481   0.0177796142067148   1
0.129321939992021   0.653797990454093   -0.165387232507937   0.00957363442735726   0
0.117070232868437   0.697152881593564   -0.0122517071235847   0.0433548911394712   0
0.24074066125364   0.723055782088182   0.123670428385204   0.0259029004946177   0
0.202781277959776   0.716933991741306   -0.0379593832938642   -0.00612179034687621   0
0.115741470961579   0.692239981496527   -0.0870398069981973   -0.0246940102447784   0
0.111872623329079   0.751404763043742   -0.00386884763249978   0.0591647815472149   0
0.300331330083959   0.766471649109248   0.18845870675488   0.0150668860655057   0
0.125137190760381   0.793915992901467   -0.175194139323578   0.0274443437922192   0
0.286265922299529   0.778183652145334   0.161128731539148   -0.0157323407561332   0
0.188173573081936   0.804719467913042   -0.098092349217593   0.0265358157677081   0
0.126200959840271   0.848633408270173   -0.0619726132416654   0.0439139403571309   0
0.270404754608716   0.832080300600803   0.144203794768446   -0.0165531076693702   1
0.134903580926241   0.857626172728172   -0.135501173682475   0.0255458721273693   0
0.122427145880765   0.86770317411316   -0.0124764350454766   0.0100770013849878   0
0.43979759572899   0.85177720673014   0.317370449848225   -0.0159259673830197   1
0.120891809574884   0.838900114676814   -0.318905786154106   -0.0128770920533257   1
0.284670183393063   0.826171431756902   0.163778373818179   -0.012728682919912   0
0.23266095930605   0.833872378286989   -0.0520092240870124   0.00770094653008691   0
0.261163621008402   0.764882995352812   0.0285026617023512   -0.0689893829341772   0
0.296844043830036   0.786344124166544   0.035680422821634   0.0214611288137323   0
0.313987609960855   0.675659363201051   0.0171435661308194   -0.110684760965493   0
0.302878823176596   0.755219943677503   -0.0111087867842585   0.0795605804764514   0
0.293456701124715   0.80450556664342   -0.00942212205188198   0.0492856229659173   0
0.281850859618505   0.86539717281171   -0.0116058415062099   0.0608916061682898   0
0.191896791648532   0.872032616050507   -0.0899540679699729   0.00663544323879683   0
0.217701483665133   0.869247419039165   0.0258046920166008   -0.00278519701134161   0
0.374338196096538   0.855784144332699   0.156636712431405   -0.0134632747064659   0
0.141483768240823   0.923148372187461   -0.232854427855715   0.0673642278547625   0
0.253160084130575   0.865795609653924   0.111676315889752   -0.0573527625335375   0
0.358028970809626   0.858454528339575   0.104868886679051   -0.00734108131434874   0
0.147401281815492   0.910194363634478   -0.210627688994134   0.051739835294903   1
0.228244562537643   0.852449714923451   0.0808432807221509   -0.0577446487110277   1
0.234250217277936   0.849646173154008   0.0060056547402926   -0.00280354176944275   0
0.159545762853201   0.82710355278068   -0.074704454424734   -0.0225426203733281   0
0.150171226179618   0.886215113489586   -0.00937453667358343   0.0591115607089062   0
0.224988991562343   0.823479310021357   0.0748177653827249   -0.062735803468229   0
0.184737265339184   0.88853789476589   -0.0402517262231591   0.0650585847445332   0
0.188234861425534   0.842604116422808   0.00349759608635025   -0.0459337783430824   0
0.287920277151506   0.830758706547816   0.0996854157259719   -0.0118454098749918   0
0.127576837793788   0.888211775727641   -0.160343439357718   0.0574530691798254   0
0.304724499595946   0.895408364129218   0.177147661802159   0.007196588401577   0
0.245248034906786   0.883769051062126   -0.0594764646891607   -0.0116393130670926   0
0.119663610968291   0.879778207429471   -0.125584423938495   -0.00399084363265501   0
0.309638311713845   0.854102365515873   0.189974700745554   -0.0256758419135974   0
0.315384987123611   0.861147299379763   0.00574667540976592   0.00704493386389016   0
0.304135504137958   0.858442790568057   -0.0112494829856523   -0.00270450881170647   0
0.194150593415421   0.874784245858979   -0.109984910722537   0.0163414552909221   0
0.218341444359517   0.87628525889094   0.0241908509440961   0.00150101303196148   0
0.253043044946902   0.862214521180924   0.0347016005873854   -0.0140707377100164   0
0.232672692022592   0.85807043864627   -0.0203703529243102   -0.00414408253465393   0
0.166122484081024   0.939934520315985   -0.0665502079415683   0.0818640816697145   0
0.195157875990184   0.95150457603225   0.0290353919091601   0.0115700557162658   0
0.356369995448551   0.967746795046618   0.161212119458367   0.0162422190143674   1
0.194877413375896   0.986467466825375   -0.161492582072654   0.0187206717787575   0
0.229162866285094   0.927500077422773   0.0342854529091979   -0.0589673894026025   0
0.226945629037904   0.907201930495715   -0.00221723724719011   -0.0202981469270576   0
0.207193490448542   0.935616440564989   -0.0197521385893623   0.028414510069274   0
0.176526635717276   0.959955735433933   -0.0306668547312654   0.0243392948689437   0
0.231074238990416   0.940432194068824   0.0545476032731398   -0.0195235413651088   0
0.300355010270247   0.893752992140116   0.0692807712798305   -0.0466792019287081   0
0.148722598420718   0.946972331704508   -0.151632411849529   0.053219339564392   0
0.243255966594861   0.957340206286831   0.0945333681741432   0.0103678745823232   0
0.221477613037977   0.948804957452531   -0.0217783535568835   -0.00853524883429968   0
0.209077185367031   0.934645111556286   -0.0124004276709459   -0.0141598458962455   0
0.299087021281432   0.915169405143169   0.0900098359144011   -0.0194757064131166   1
0.194033612310986   0.951556671784713   -0.105053408970446   0.0363872666415435   0
0.193551913532881   0.930535884743119   -0.000481698778104611   -0.0210207870415934   0
0.25059653710696   0.939586209686111   0.0570446235740787   0.00905032494299152   0
0.172130937790189   0.958364790051556   -0.0784655993167708   0.0187785803654448   0
0.151707368996052   0.945023268303089   -0.0204235687941368   -0.0133415217484666   0
0.267398676515049   0.928526001454952   0.115691307518997   -0.0164972668481367   0
0.209939418881562   0.978127977840355   -0.057459257633487   0.0496019763854028   0
0.201692664353466   0.957812832535837   -0.00824675452809612   -0.0203151453045186   0
0.202708544792172   0.997248508630115   0.00101588043870576   0.0394356760942782   0
0.358627250011764   0.951301771576538   0.155918705219592   -0.0459467370535768   0
0.149519736734586   0.941269294877434   -0.209107513277177   -0.0100324766991037   0
