0.0845475782672833   0.122946860688876   0   0   0
0.207316881591924   0.125558631520298   0.122769303324641   0.00261177083142164   0
0.113077199249451   0.0772886855280901   -0.0942396823424736   -0.048269945992208   0
0.0748182115475236   0.113279648288219   -0.0382589877019272   0.0359909627601285   0
0.0993943566326585   0.0907419087018782   0.0245761450851348   -0.0225377395863404   0
0.121609817735288   0.104027869639222   0.0222154611026296   0.013285960937344   0
0.119526707965355   0.0927359763081863   -0.00208310976993295   -0.0112918933310358   0
0.128473477678508   0.0299016039863922   0.00894676971315247   -0.0628343723217942   0
0.127632745203925   0.0325830990411609   -0.0008407324745828   0.0026814950547687   0
0.126709175945588   0.0551602316192563   -0.000923569258336754   0.0225771325780954   0
0.0862732260401221   0.0400893354915307   -0.040435949905466   -0.0150708961277256   0
0.089614641984332   0.0528102574663872   0.00334141594420993   0.0127209219748565   0
0.0883942284046872   0.0589806573593676   -0.00122041357964485   0.00617039989298045   0
0.0712366102130779   0.0632316170279948   -0.0171576181916092   0.00425095966862717   0
0.0804943162632617   0.0333479401052003   0.00925770605018378   -0.0298836769227945   0
0.128076675981656   0.082980186340415   0.0475823597183939   0.0496322462352147   0
0.0892820506934624   0.0642064100464276   -0.0387946252881932   -0.0187737762939874   0
0.100904848431034   0.0520057629089315   0.0116227977375719   -0.0122006471374961   0
0.102107546721582   0.032388476856785   0.00120269829054746   -0.0196172860521465   0
0.0916970109908169   0.0323565689941007   -0.0104105357307648   -3.19078626843244e-05   0
0.079083157132856   0.0477484781379218   -0.0126138538579609   0.0153919091438211   0
0.0759684782706617   0.0554513868985709   -0.00311467886219434   0.00770290876064905   0
0.0555755647934652   0.0636450589328229   -0.0203929134771966   0.00819367203425201   0
0.075486841123205   0.0438266683972581   0.0199112763297399   -0.0198183905355648   0
0.0833668663596036   0.0311744615085185   0.00788002523639852   -0.0126522068887397   0
0.0648076846262077   0.0439209338473409   -0.0185591817333959   0.0127464723388225   0
0.101087716218441   0.0343934032903114   0.036280031592233   -0.0095275305570296   0
0.118568818704329   0.0339045442906257   0.0174811024858881   -0.000488858999685648   0
0.125847490778482   0.0467428661847452   0.00727867207415273   0.0128383218941195   0
0.0724496121086235   0.078893626839831   -0.0533978786698581   0.0321507606550858   0
0.096649911494424   0.0437958742146164   0.0242002993858006   -0.0350977526252146   0
0.0613987012560526   0.049596069056151   -0.0352512102383714   0.00580019484153463   0
0.0996857436209411   0.0497732093183733   0.0382870423648885   0.00017714026222225   0
0.049614943636469   0.0625108206920442   -0.0500707999844721   0.0127376113736709   0
0.0733503848200539   0.0625952069792089   0.0237354411835849   8.43862871646867e-05   0
0.0740613423174331   0.0555057621896403   0.000710957497379108   -0.0070894447895686   0
0.134101585883426   0.0565916893694869   0.0600402435659934   0.00108592717984664   0
0.0945233136803826   0.0587223710552878   -0.0395782722030439   0.00213068168580086   0
0.0849451130554901   0.0829887472888357   -0.00957820062489244   0.0242663762335479   0
0.0806733073444525   0.0724554069172867   -0.00427180571103759   -0.0105333403715489   0
0.107836247969966   0.0619370550789073   0.0271629406255135   -0.0105183518383794   0
0.0988326963866716   0.0858230770471266   -0.00900355158329445   0.0238860219682193   0
0.0664073295910331   0.0952684373492011   -0.0324253667956385   0.00944536030207455   0
0.084498089423016   0.079912950653055   0.0180907598319829   -0.0153554866961461   0
0.118144877498476   0.0859618442004534   0.0336467880754604   0.0060488935473984   0
0.116461248797744   0.0973540800555503   -0.00168362870073252   0.0113922358550969   0
0.099799197289858   0.091774128739779   -0.0166620515078859   -0.00557995131577137   0
0.107140286072933   0.0984285171115312   0.00734108878307535   0.00665438837175227   0
0.143179379383276   0.0735156212963818   0.0360390933103424   -0.0249128958151494   0
0.114830640443437   0.0878483008452782   -0.0283487389398383   0.0143326795488964   0
0.124292590257183   0.0706573413611247   0.00946194981374567   -0.0171909594841535   0
0.129431791050113   0.101176948181604   0.00513920079292951   0.0305196068204795   0
0.133453210833648   0.110354363469215   0.00402141978353504   0.00917741528761039   0
0.468305461422179   0.080352881932604   0.334852250588531   -0.0300014815366106   1
0.281438708011034   0.0697635480721487   -0.186866753411145   -0.0105893338604553   0
0.298963221197692   0.0828343082485905   0.0175245131866579   0.0130707601764418   0
0.141273175258858   0.079967431679789   -0.157690045938834   -0.00286687656880144   0
0.0956482325758297   0.096689726766459   -0.0456249426830283   0.01672229508667   0
0.0829456165630403   0.107800848940303   -0.0127026160127894   0.0111111221738439   0
0.0866293634796539   0.107579522914447   0.00368374691661368   -0.000221326025856006   0
0.10770751531481   0.1025331014039   0.0210781518351559   -0.00504642151054657   0
0.149352125303593   0.0915691610161003   0.0416446099887827   -0.0109639403878   0
0.189183643998973   0.0873537542477283   0.0398315186953801   -0.00421540676837202   0
0.16329414566533   0.0803649082499321   -0.0258894983336427   -0.00698884599779617   0
0.157842208763689   0.0819666154379483   -0.00545193690164089   0.00160170718801619   0
0.136820106804958   0.0902480090282467   -0.0210221019587315   0.00828139359029845   0
0.0964546475096975   0.105264971987361   -0.0403654592952601   0.0150169629591148   0
0.124048348900016   0.0925162666013929   0.027593701390318   -0.0127487053859686   0
0.0977715570829779   0.105917364668925   -0.0262767918170377   0.0134010980675319   0
0.0975662790474763   0.111147975492179   -0.000205278035501619   0.0052306108232541   0
0.100194734549526   0.134281635450171   0.00262845550204986   0.0231336599579917   0
0.109442763833567   0.130657266289862   0.00924802928404125   -0.00362436916030823   0
0.100978684296935   0.120202458889118   -0.00846407953663271   -0.0104548074007448   0
0.199108579201023   0.10515919215348   0.0981298949040882   -0.0150432667356377   0
0.170903530236242   0.122510026751997   -0.0282050489647812   0.0173508345985171   0
0.159435571130473   0.115850817445282   -0.0114679591057691   -0.00665920930671515   0
0.143114510432171   0.122670968402563   -0.0163210606983016   0.00682015095728081   0
0.148481459858434   0.131321846435949   0.00536694942626242   0.00865087803338616   0
0.156180677118138   0.137125547131813   0.00769921725970427   0.00580370069586386   0
0.160171175729499   0.137522609646374   0.00399049861136108   0.000397062514561397   0
0.134232519799525   0.1072499247184   -0.0259386559299734   -0.0302726849279738   0
0.161536837749443   0.118320856988624   0.0273043179499179   0.0110709322702242   0
0.148195990716686   0.131208043055685   -0.0133408470327577   0.0128871860670607   0
0.137757213020771   0.156940594754401   -0.010438777695915   0.0257325516987163   0
0.159116976002782   0.149535703879091   0.0213597629820116   -0.00740489087531024   0
0.133903291771524   0.159862777308744   -0.0252136842312579   0.0103270734296534   0
0.160420342879356   0.162447989223197   0.0265170511078311   0.00258521191445274   0
0.177921426610203   0.169786244254607   0.0175010837308479   0.00733825503140964   0
0.163238267209653   0.16674254504082   -0.0146831594005506   -0.00304369921378653   0
0.156120986469501   0.188050889872589   -0.00711728074015217   0.0213083448317684   0
0.139489647731221   0.207767359412398   -0.0166313387382801   0.0197164695398094   0
0.166535654241066   0.190248595083748   0.0270460065098458   -0.0175187643286498   0
0.192447168030735   0.176004331487498   0.0259115137896688   -0.0142442635962499   0
0.199205609285005   0.201125483275022   0.00675844125426966   0.0251211517875237   0
0.176493901876099   0.201121501397442   -0.022711707408906   -3.98187758024471e-06   0
0.207308729971533   0.193368254930238   0.0308148280954342   -0.00775324646720366   0
0.207839492667419   0.214481622176004   0.000530762695885673   0.0211133672457654   0
0.254890227435518   0.198792740594168   0.0470507347680991   -0.0156888815818361   0
0.155545037093602   0.178547609879522   -0.0993451903419159   -0.0202451307146455   0
0.212586949455887   0.191993486931361   0.0570419123622854   0.0134458770518384   0
0.175565698785839   0.203429254272674   -0.0370212506700482   0.0114357673413138   0
0.193476040682819   0.216408659392941   0.0179103418969803   0.0129794051202668   0
0.214689200619034   0.207020255261412   0.0212131599362149   -0.00938840413152953   0
0.232403833215483   0.236486348770547   0.0177146325964485   0.0294660935091359   0
0.214886554962008   0.24918720292511   -0.0175172782534751   0.0127008541545627   0
0.221477673601652   0.254569063052392   0.0065911186396444   0.0053818601272814   0
0.194310059664856   0.233350141074786   -0.027167613936796   -0.0212189219776056   0
0.205196067277226   0.220101922363964   0.0108860076123701   -0.0132482187108218   0
0.105909785195666   0.225962795502429   -0.0992862820815604   0.00586087313846473   0
0.26410203968209   0.147968195794941   0.158192254486424   -0.0779945997074879   0
0.205014646285723   0.214689804984197   -0.0590873933963669   0.0667216091892559   0
0.226117696005443   0.222614424983428   0.0211030497197205   0.00792461999923155   0
0.200534152442919   0.243851642150412   -0.0255835435625238   0.0212372171669834   0
0.20586546506153   0.263617140086722   0.00533131261861061   0.0197654979363104   0
0.2167673974859   0.252055055201736   0.0109019324243697   -0.0115620848849866   0
0.201887364057313   0.273696645704437   -0.0148800334285867   0.0216415905027013   0
0.191009997098162   0.279584134052118   -0.0108773669591505   0.00588748834768077   0
0.205259695217083   0.273489877042661   0.014249698118921   -0.00609425700945632   0
0.215580182443007   0.278223379564968   0.0103204872259231   0.00473350252230714   0
0.227382230354111   0.295524930538901   0.0118020479111045   0.017301550973933   0
0.208282557716675   0.307862626382616   -0.0190996726374361   0.012337695843715   0
0.23409404960605   0.303230961381044   0.0258114918893755   -0.00463166500157197   0
0.231960138385909   0.277101287228136   -0.00213391122014156   -0.0261296741529083   0
0.201913082068325   0.274705307706926   -0.0300470563175842   -0.00239597952121018   0
0.19215751874137   0.289871094731266   -0.0097555633269546   0.0151657870243399   0
0.213667824077375   0.287336607868716   0.0215103053360048   -0.00253448686255031   0
0.22907870347086   0.293547557285868   0.0154108793934847   0.0062109494171525   0
0.285064032886017   0.324114437975401   0.0559853294151571   0.0305668806895328   0
0.276576181234411   0.303946961019287   -0.0084878516516052   -0.0201674769561138   0
0.255538599240897   0.287142831035114   -0.021037581993514   -0.0168041299841732   0
0.246230167797307   0.318209204360528   -0.00930843144359034   0.0310663733254137   0
0.258520355658892   0.34158139476254   0.0122901878615849   0.0233721904020128   0
0.219751714070243   0.315001998187218   -0.0387686415886486   -0.0265793965753225   0
0.221229133245624   0.323158138224709   0.0014774191753805   0.00815614003749093   0
0.213332623067922   0.33907302273531   -0.00789651017770199   0.0159148845106012   0
0.249914903401058   0.345445568820675   0.0365822803331358   0.00637254608536542   0
0.261081109772902   0.342738773286701   0.0111662063718441   -0.00270679553397457   0
0.272886769177254   0.350683317871869   0.0118056594043524   0.00794454458516847   0
0.281675340590901   0.384921754915853   0.00878857141364664   0.0342384370439837   0
0.268747632804458   0.388063966407924   -0.0129277077864424   0.00314221149207061   0
0.286850479637755   0.3621059497591   0.0181028468332964   -0.0259580166488234   0
0.283128604690519   0.364705933456244   -0.00372187494723614   0.00259998369714343   0
0.282905472025551   0.381191946506091   -0.000223132664967374   0.0164860130498473   0
0.269895550281956   0.38900952665386   -0.0130099217435951   0.00781758014776879   0
0.284635019958894   0.389102155433827   0.0147394696769377   9.26287799671299e-05   0
0.277943819880925   0.401764897600886   -0.00669120007796914   0.0126627421670586   0
0.246159106207753   0.385600271429495   -0.0317847136731715   -0.0161646261713908   0
0.252566163594809   0.371478944578562   0.00640705738705596   -0.0141213268509325   0
0.23107220168218   0.392488922445577   -0.0214939619126295   0.0210099778670145   0
0.274588657123706   0.402317687494907   0.0435164554415258   0.00982876504933072   0
0.268670787116873   0.406818428604519   -0.00591787000683286   0.00450074110961141   0
0.294281290349896   0.386335762226978   0.0256105032330236   -0.020482666377541   0
0.298889339799866   0.393101891893183   0.00460804944997001   0.00676612966620554   0
0.280425122993643   0.394808163825484   -0.018464216806223   0.00170627193230027   0
0.326559089088024   0.409693041449632   0.0461339660943806   0.0148848776241485   0
0.335677157498094   0.411585595368995   0.00911806841006974   0.00189255391936272   0
0.321190711816204   0.410325168072225   -0.0144864456818894   -0.00126042729676945   0
0.354478906167913   0.416156717462605   0.0332881943517087   0.00583154939037911   0
0.395278886711648   0.434892647943432   0.0407999805437352   0.0187359304808277   0
0.391669861016903   0.410537188425726   -0.00360902569474536   -0.0243554595177063   0
0.42187854195965   0.41770807433332   0.030208680942747   0.00717088590759363   0
0.472845153922508   0.471518294689877   0.0509666119628579   0.0538102203565578   0
0.723991708706677   0.421384260667743   0.25114655478417   -0.0501340340221348   0
0.64712436936728   0.415377831810088   -0.0768673393393972   -0.00600642885765423   0
0.789875990006659   0.440063199792087   0.142751620639379   0.0246853679819984   0
