4.22602537062533e-09   0.00467618   0   0   0
0.0556344126472096   0.0326939000305103   0.0556344084211843   0.0280177200305103   0
0.0606500433037768   0.044503498989091   0.00501563065656716   0.0118095989585807   0
0.301187517992712   0.0768971877708567   0.240537474688935   0.0323936887817657   0
0.353487378657322   0.103149117217175   0.0522998606646102   0.0262519294463182   0
0.357144018430997   0.164323676669592   0.00365663977367459   0.0611745594524167   0
0.371511665061004   0.197350742000258   0.0143676466300079   0.0330270653306666   0
0.430514356603586   0.29127782651491   0.059002691542582   0.0939270845146517   0
0.563403136394376   0.519280978519818   0.13288877979079   0.228003152004908   0
0.525343592083562   0.44761928559575   -0.038059544310814   -0.0716616929240679   0
0.566447091549028   0.446098900719717   0.0411034994654657   -0.00152038487603334   0
0.52919624121406   0.412955816346422   -0.0372508503349673   -0.0331430843732948   0
0.59238198651063   0.448501611475424   0.0631857452965694   0.035545795129002   0
0.545785900253937   0.412653548679825   -0.0465960862566932   -0.0358480627955997   0
0.630578445684563   0.451098579535272   0.0847925454306269   0.0384450308554473   0
0.549987562405051   0.448041659962612   -0.0805908832795124   -0.0030569195726603   0
0.633029810944927   0.473888950028242   0.083042248539876   0.0258472900656308   0
0.596183506854131   0.457890977415151   -0.0368463040907957   -0.0159979726130914   0
0.612325366396012   0.499306493137241   0.0161418595418804   0.0414155157220902   0
0.63323370466282   0.474492959330916   0.0209083382668086   -0.0248135338063257   0
0.654125163422108   0.504850319725065   0.020891458759288   0.030357360394149   0
0.609512316155301   0.485599152816745   -0.044612847266807   -0.01925116690832   0
0.658544681910803   0.492775570409431   0.0490323657555012   0.00717641759268622   0
0.651929682810194   0.494875696357027   -0.00661499910060859   0.00210012594759634   0
0.697020466176568   0.525014593017996   0.0450907833663741   0.0301388966609693   0
0.624918318427297   0.504157507230875   -0.0721021477492714   -0.0208570857871212   0
0.667955337207182   0.548555731212654   0.0430370187798852   0.0443982239817792   0
0.617446318988696   0.499148144644704   -0.0505090182184863   -0.0494075865679507   0
0.658858540698867   0.531393279742038   0.041412221710171   0.0322451350973345   0
0.643023630891781   0.515444332246461   -0.0158349098070851   -0.0159489474955773   0
0.682963456397844   0.542459594294819   0.0399398255060628   0.0270152620483584   0
0.637517980293105   0.535120342906621   -0.045445476104739   -0.00733925138819791   0
0.671732802220496   0.568464914965075   0.0342148219273909   0.0333445720584536   0
0.673401380569568   0.552116662669449   0.00166857834907186   -0.0163482522956262   0
0.679354694410806   0.563773219622261   0.00595331384123843   0.0116565569528121   0
0.650549847413709   0.572200210822226   -0.0288048469970974   0.00842699119996526   0
0.581910384895303   0.543070262881333   -0.0686394625184057   -0.0291299479408933   0
0.64175492028889   0.563121700151264   0.0598445353935871   0.020051437269931   0
0.628019547973628   0.565631235531596   -0.0137353723152625   0.00250953538033227   0
0.659193548865582   0.614102569552921   0.0311740008919537   0.0484713340213249   0
0.553525040693734   0.554781706900336   -0.105668508171847   -0.0593208626525852   0
0.610950382824988   0.596764403297482   0.0574253421312543   0.0419826963971465   0
0.619710877446895   0.603806311632505   0.0087604946219062   0.00704190833502283   0
0.581685447729269   0.585896909372502   -0.0380254297176259   -0.017909402260003   0
0.634581196932276   0.633616119822563   0.0528957492030071   0.0477192104500606   0
0.618635110062466   0.597036414154321   -0.0159460868698095   -0.0365797056682415   0
0.675721872417935   0.653112804234077   0.0570867623554685   0.0560763900797562   0
0.614044849839163   0.62565497989467   -0.0616770225787722   -0.0274578243394071   0
0.665943971701073   0.649269095234788   0.0518991218619106   0.0236141153401177   0
0.706502076977839   0.681781584472806   0.0405581052767654   0.0325124892380182   0
0.67869895184684   0.632743430401494   -0.0278031251309983   -0.0490381540713122   0
0.739122738480558   0.675916703506616   0.0604237866337179   0.0431732731051218   0
0.697029355388279   0.632706541449905   -0.0420933830922793   -0.0432101620567108   0
0.732838941702745   0.666189451687919   0.0358095863144663   0.0334829102380142   0
0.701236491407143   0.647618526930978   -0.0316024502956025   -0.0185709247569408   0
0.727884558362107   0.669969404909844   0.0266480669549644   0.0223508779788654   0
0.695657937443396   0.61523870895064   -0.0322266209187112   -0.0547306959592039   0
0.754617460710392   0.685909084009135   0.0589595232669958   0.0706703750584948   0
0.747652103895923   0.671666105481734   -0.00696535681446886   -0.0142429785274004   0
0.75398170787228   0.658491075792603   0.00632960397635673   -0.0131750296891308   0
0.853450554718315   0.679392867424659   0.0994688468460353   0.0209017916320554   0
0.8348720631486   0.692899217813276   -0.0185784915697151   0.0135063503886175   0
0.860636440807034   0.691893279594837   0.0257643776584343   -0.00100593821843875   0
0.799810588417658   0.673077474239965   -0.0608258523893764   -0.0188158053548729   0
0.868879292892286   0.711673897819956   0.0690687044746285   0.0385964235799919   0
0.800291451428166   0.689240608621003   -0.0685878414641207   -0.0224332891989539   0
0.849667876310503   0.715729448098407   0.0493764248823372   0.0264888394774041   0
0.826162197378941   0.717253601608943   -0.023505678931562   0.00152415351053614   0
0.854612177876024   0.730987871695557   0.0284499804970827   0.0137342700866141   0
0.859018431805744   0.753059994289964   0.00440625392972049   0.0220721225944066   0
0.82218099621677   0.730307542868243   -0.0368374355889743   -0.0227524514217207   0
0.908259367239336   0.78685430313877   0.0860783710225667   0.0565467602705275   0
0.817768217360518   0.762339371103349   -0.0904911498788181   -0.0245149320354212   0
0.883237613666334   0.794225169881942   0.0654693963058155   0.031885798778593   0
0.877221212911544   0.784702899179205   -0.00601640075479004   -0.00952227070273692   0
0.908477852677213   0.784192090037894   0.0312566397656693   -0.000510809141311519   0
0.947750774335743   0.796285999847417   0.0392729216585298   0.0120939098095229   0
0.964695501464063   0.784513128590752   0.0169447271283201   -0.0117728712566645   0
0.981708138058354   0.804372154607089   0.0170126365942911   0.0198590260163366   0
0.942016747004001   0.793568641405392   -0.0396913910543528   -0.0108035132016963   0
0.985515433473266   0.805163559528901   0.043498686469265   0.0115949181235085   0
0.942244484543688   0.796467635833371   -0.0432709489295783   -0.00869592369552952   0
0.984236983908855   0.816251210689607   0.0419924993651672   0.0197835748562361   0
0.942519232218102   0.811239957732144   -0.0417177516907535   -0.00501125295746396   0
0.972942514325487   0.807090773777182   0.0304232821073853   -0.00414918395496189   0
1.00031420328915   0.80912443276498   0.0273716889636596   0.00203365898779806   0
0.957565719105483   0.817298709074901   -0.0427484841836638   0.0081742763099214   0
0.931355746328974   0.833112750880846   -0.0262099727765087   0.0158140418059446   0
0.927674564713833   0.801101689389992   -0.00368118161514075   -0.0320110614908532   0
0.999146736956589   0.848364935483103   0.0714721722427559   0.0472632460931107   0
0.915643428040086   0.825177377044021   -0.0835033089165034   -0.0231875584390824   0
0.968986963635734   0.832167598000847   0.0533435355956484   0.00699022095682655   0
0.925464252877981   0.821158819340845   -0.0435227107577533   -0.0110087786600026   0
0.98077202875133   0.849090540459909   0.0553077758733492   0.0279317211190638   0
0.90367006134872   0.819103168333056   -0.07710196740261   -0.0299873721268531   0
0.993803424951836   0.845883009256747   0.0901333636031159   0.0267798409236913   0
0.989800930242541   0.840826560928887   -0.00400249470929481   -0.00505644832785945   0
0.945449048867785   0.833800712981287   -0.044351881374756   -0.00702584794760042   0
1.00377404738913   0.852660573660616   0.0583249985213471   0.0188598606793287   0
0.973687143689389   0.842379262050267   -0.0300869036997437   -0.0102813116103486   0
1.0330314320685   0.864963706340474   0.0593442883791083   0.0225844442902072   0
0.991774600239893   0.883253196627871   -0.0412568318286037   0.0182894902873968   0
1.04009516346933   0.918111879908082   0.0483205632294357   0.034858683280211   0
0.981385549496221   0.901446972383486   -0.0587096139731078   -0.0166649075245965   0
1.09598581882426   0.88982526873238   0.114600269328042   -0.0116217036511055   0
1.0662491397605   0.871332961015616   -0.0297366790637659   -0.0184923077167646   0
1.15571802525228   0.877937960614588   0.0894688854917878   0.00660499959897287   0
1.10824660669817   0.838478334301042   -0.0474714185541185   -0.0394596263135463   0
1.08593347156122   0.786784352974441   -0.0223131351369474   -0.0516939813266009   0
1.15943997462101   0.832337439727424   0.0735065030597877   0.0455530867529824   0
1.18758034547225   0.836338090064305   0.0281403708512482   0.00400065033688168   0
1.24401238041468   0.866091205323263   0.0564320349424261   0.0297531152589575   0
1.15358151481289   0.851465434850435   -0.0904308656017914   -0.0146257704728282   0
1.27935762047404   0.828266784641603   0.125776105661151   -0.0231986502088314   0
1.24534550171589   0.858341328644708   -0.0340121187581515   0.0300745440031046   0
1.15419394889838   0.754335048569434   -0.091151552817508   -0.104006280075274   0
1.07938047111526   0.786848090075136   -0.0748134777831218   0.0325130415057027   0
1.1502983368381   0.796632545595504   0.0709178657228364   0.00978445552036744   0
1.10280755138873   0.809600218239997   -0.0474907854493687   0.0129676726444927   0
1.14461424148269   0.798964554425445   0.0418066900939653   -0.0106356638145516   0
1.06810788438341   0.803981830251934   -0.0765063570992843   0.00501727582648903   0
1.13589038678739   0.824655092875605   0.0677825024039789   0.020673262623671   0
1.08464779649479   0.831507185252178   -0.0512425902925986   0.00685209237657314   0
1.09758409410851   0.846700501067674   0.0129362976137219   0.0151933158154957   0
1.08516629655182   0.843218693882702   -0.0124177975566873   -0.00348180718497182   0
1.11545417342758   0.836114958632185   0.030287876875754   -0.00710373525051711   0
1.11097287139201   0.84183629367146   -0.00448130203557096   0.00572133503927463   0
1.10137329178167   0.835056652790246   -0.00959957961033253   -0.0067796408812133   0
1.14750539269321   0.853299677583731   0.0461321009115372   0.0182430247934852   0
1.10164129920587   0.859345620311322   -0.0458640934873398   0.00604594272759018   0
1.16425257517173   0.848595138707647   0.0626112759658566   -0.0107504816036749   0
1.14979773126581   0.841246339879111   -0.0144548439059196   -0.00734879882853612   0
1.16761338838547   0.846110206184898   0.0178156571196626   0.00486386630578706   0
1.21151701219298   0.862669021470946   0.043903623807507   0.0165588152860487   0
1.14859285708949   0.859921839035386   -0.0629241551034867   -0.00274718243556049   0
1.22817508933091   0.83849821333948   0.0795822322414235   -0.0214236256959059   0
1.22242306565321   0.83715147769221   -0.00575202367770156   -0.00134673564727039   0
1.19106930870248   0.855027261595939   -0.0313537569507345   0.0178757839037291   0
1.25771098475166   0.843221260269954   0.0666416760491853   -0.0118060013259844   0
1.22666876520314   0.844560703044044   -0.0310422195485225   0.00133944277408982   0
1.31933980614093   0.838885328848496   0.0926710409377935   -0.00567537419554764   0
1.22645146115857   0.856546480875965   -0.0928883449823614   0.0176611520274685   0
1.30523963560911   0.854455129147371   0.0787881744505354   -0.00209135172859409   0
1.21521770821569   0.845524256979656   -0.0900219273934164   -0.00893087216771438   0
1.27669365172112   0.857616569296122   0.0614759435054242   0.0120923123164653   0
1.25583334802075   0.859749427761513   -0.020860303700369   0.00213285846539157   0
1.29710797744675   0.875517378418755   0.0412746294260029   0.015767950657242   0
1.25281879554746   0.871103875339359   -0.0442891818992861   -0.00441350307939614   0
1.29779810722816   0.908444808532692   0.0449793116806976   0.037340933193333   0
1.20518734631633   0.902600262385847   -0.092610760911831   -0.00584454614684515   0
1.25006533818757   0.904401406927394   0.0448779918712374   0.00180114454154701   0
1.24908327401739   0.925989487232981   -0.000982064170179431   0.0215880803055872   0
1.24746312061279   0.91630480874393   -0.00162015340459942   -0.0096846784890513   0
1.30317210211737   0.926598701941811   0.0557089815045784   0.0102938931978814   0
1.23402158946309   0.926386383280351   -0.0691505126542826   -0.000212318661460209   0
1.30182336142812   0.934125650181628   0.067801771965031   0.00773926690127713   0
1.20510431842434   0.949917763727998   -0.0967190430037737   0.0157921135463691   0
1.32032141975278   0.975762756301961   0.115217101328438   0.0258449925739636   0
1.19577547984561   0.980211297810452   -0.124545939907171   0.0044485415084905   0
1.31716782566422   0.972638401170368   0.121392345818606   -0.00757289664008332   0
1.21677957193446   0.979257776200935   -0.10038825372976   0.00661937503056642   0
1.33771930496573   0.996469451768217   0.120939733031275   0.0172116755672819   0
1.2662019740389   0.98500622258301   -0.0715173309268347   -0.0114632291852067   0
1.27727985402299   0.99133279707977   0.0110778799840967   0.00632657449676011   0
1.02039561192461   0.96245894037907   -0.256884242098383   -0.0288738567006996   0
