0.320242205416104   0.400202579036633   0   0   0
0.251544412863832   0.365574208823243   -0.0686977925522717   -0.03462837021339   0
0.185319019640302   0.339710264462236   -0.0662253932235304   -0.0258639443610067   0
0.22656231330133   0.34611013258797   0.0412432936610283   0.00639986812573423   0
0.15290637479533   0.26595268738567   -0.0736559385059997   -0.0801574452023003   0
0.161180728694283   0.240305721094115   0.00827435389895259   -0.0256469662915554   0
0.159642429030286   0.224061113942714   -0.00153829966399649   -0.0162446071514005   0
0.161245521370517   0.208745111547887   0.00160309234023112   -0.0153160023948268   0
0.13529580514251   0.184380501302334   -0.0259497162280076   -0.0243646102455535   0
0.0993921032286268   0.184473532142369   -0.0359037019138831   9.30308400346469e-05   0
0.089850414307392   0.174254222560409   -0.00954168892123475   -0.0102193095819598   0
0.117659151231088   0.145363810371685   0.0278087369236958   -0.0288904121887237   0
0.0977879593585269   0.118268846210202   -0.019871191872561   -0.0270949641614827   0
0.0614574134279991   0.100133788840993   -0.0363305459305278   -0.0181350573692096   0
0.0665384847465735   0.0979259338250215   0.00508107131857449   -0.00220785501597121   0
0.082566703456902   0.0929416626525732   0.0160282187103285   -0.0049842711724483   0
0.0550523543811707   0.0951324121192273   -0.0275143490757314   0.00219074946665403   0
0.0304764350845042   0.0869666360845353   -0.0245759192966664   -0.00816577603469194   0
0.0680133534527596   0.0384404481082427   0.0375369183682553   -0.0485261879762926   0
0.0459166081958369   0.045710775373264   -0.0220967452569226   0.00727032726502132   0
0.0567259393479738   0.023732334118666   0.0108093311521368   -0.021978441254598   0
0.0506237493551199   0.0494401532428096   -0.0061021899928539   0.0257078191241436   0
0.065720332603008   0.0365830330637373   0.0150965832478882   -0.0128571201790723   0
0.0482925686018046   0.0520294218730374   -0.0174277640012035   0.0154463888093   0
0.0611676777407807   0.0630008328714788   0.0128751091389761   0.0109714109984414   0
0.0610158940288512   0.0728022570134333   -0.000151783711929511   0.00980142414195453   0
0.0556271308261535   0.0619362576683077   -0.00538876320269768   -0.0108659993451257   0
0.0573890510133248   0.058547114899655   0.00176192018717131   -0.00338914276865271   0
0.0760772478086583   0.0579144057451382   0.0186881967953334   -0.000632709154516728   0
0.0793150336235471   0.0671571657115791   0.00323778581488877   0.00924275996644092   0
0.0609616956671491   0.0624863374651011   -0.018353337956398   -0.00467082824647802   0
0.0674135134116566   0.0599715702141648   0.00645181774450751   -0.00251476725093632   0
0.09267210649681   0.066014143619095   0.0252585930851534   0.00604257340493019   0
0.0834599027654622   0.0750744173413569   -0.00921220373134786   0.00906027372226187   0
0.0767121876575685   0.0681690445635473   -0.00674771510789368   -0.00690537277780955   0
0.0772110284276178   0.0694398134983815   0.000498840770049302   0.00127076893483415   0
0.114673031916599   0.0729738017340641   0.0374620034889808   0.00353398823568266   0
0.0963024382293746   0.076301709252562   -0.018370593687224   0.00332790751849785   0
0.0865920540286833   0.081786786216798   -0.00971038420069131   0.00548507696423606   0
0.0896099490403404   0.077706450727455   0.00301789501165713   -0.00408033548934299   0
0.123052127513247   0.0809635172485886   0.0334421784729066   0.00325706652113356   0
0.0745901897591526   0.0817536584401579   -0.0484619377540944   0.000790141191569324   0
0.150285481055511   0.0618587334302522   0.0756952912963585   -0.0198949250099057   0
0.153251924696778   0.0819959026675266   0.0029664436412668   0.0201371692372744   0
0.123783333880171   0.0819198127343441   -0.0294685908166065   -7.60899331825604e-05   0
0.110231318166345   0.0775863206734971   -0.0135520157138264   -0.00433349206084696   0
0.117089297689499   0.0883388872846043   0.00685797952315342   0.0107525666111072   0
0.130951789217292   0.0901553866564034   0.0138624915277932   0.00181649937179909   0
0.139430778924633   0.0966075512243867   0.00847898970734171   0.0064521645679833   0
0.11043079402884   0.0938290301619873   -0.0289999848957938   -0.00277852106239938   0
0.143225495700486   0.108147915368909   0.0327947016716466   0.0143188852069213   0
0.165383646774553   0.118442571944424   0.0221581510740664   0.0102946565755151   0
0.1421699316095   0.143522106845156   -0.0232137151650524   0.0250795349007327   0
0.119688423337639   0.140605944190173   -0.0224815082718609   -0.00291616265498362   0
0.18295325117912   0.144868398536473   0.0632648278414801   0.0042624543463006   0
0.14751207879689   0.165405595047417   -0.0354411723822291   0.0205371965109433   0
0.164570472675265   0.1656877450349   0.0170583938783741   0.000282149987483188   0
0.157286074449616   0.178073880355177   -0.00728439822564905   0.0123861353202774   0
0.206816797381088   0.186441493919004   0.0495307229314725   0.00836761356382668   0
0.183383780191052   0.20741468865536   -0.0234330171900362   0.0209731947363562   0
0.18800538786346   0.209547314558073   0.00462160767240813   0.00213262590271282   0
0.197930967791526   0.223293641786998   0.00992557992806581   0.0137463272289246   0
0.222421059960697   0.234458914085709   0.0244900921691713   0.0111652722987116   0
0.243857843050598   0.263233007570289   0.0214367830899008   0.0287740934845802   0
0.228454036324596   0.27147787254351   -0.0154038067260015   0.00824486497322013   0
0.236547874001628   0.283250174019364   0.00809383767703151   0.0117723014758545   0
0.252633047896272   0.293941671680369   0.016085173894644   0.0106914976610052   0
0.286460967350196   0.313034243514587   0.033827919453924   0.0190925718342181   0
0.265561535168246   0.310470259363115   -0.0208994321819498   -0.00256398415147213   0
0.25098683011194   0.311109502015769   -0.0145747050563057   0.000639242652654137   0
0.266473464510465   0.33494313860863   0.0154866343985245   0.0238336365928607   0
0.294555466048349   0.345527153292256   0.028082001537884   0.0105840146836256   0
0.267689437276128   0.357622617302094   -0.026866028772221   0.0120954640098383   0
0.275133377644171   0.361412630134518   0.00744394036804308   0.00379001283242414   0
0.274539022291568   0.366232830318706   -0.000594355352603049   0.00482020018418772   0
0.269753271099722   0.385390556537456   -0.00478575119184615   0.01915772621875   0
0.285426601352239   0.390362947264786   0.0156733302525173   0.00497239072733002   0
0.300902699779447   0.381027136752095   0.015476098427208   -0.0093358105126905   0
0.280649861971236   0.388743952785442   -0.0202528378082114   0.00771681603334667   0
0.280388496172168   0.403590695723402   -0.000261365799067381   0.0148467429379604   0
0.310165639333412   0.405744921959906   0.0297771431612441   0.0021542262365033   0
0.307643224995371   0.428306543338413   -0.0025224143380414   0.0225616213785074   0
0.304260114703006   0.422516134097859   -0.00338311029236482   -0.00579040924055413   0
0.323054195859085   0.419521983244025   0.0187940811560788   -0.00299415085383403   0
0.343074779224227   0.438016184331983   0.0200205833651426   0.0184942010879583   0
0.317853111209754   0.441433675690075   -0.0252216680144732   0.00341749135809133   0
0.311852801349728   0.439215385057832   -0.00600030986002625   -0.00221829063224221   0
0.336520082922268   0.450988624430816   0.0246672815725398   0.011773239372984   0
0.336544982599593   0.460241406995829   2.4899677324719e-05   0.00925278256501222   0
0.28680493491354   0.444076936994312   -0.0497400476860524   -0.0161644700015168   0
0.351494652292179   0.455267924469757   0.0646897173786392   0.0111909874754447   0
0.34788134973114   0.467574124405158   -0.00361330256103892   0.0123061999354012   0
0.317357495856896   0.465414069400034   -0.030523853874244   -0.0021600550051234   0
0.323663825770442   0.454450073821647   0.00630632991354596   -0.0109639955783878   0
0.356941055729425   0.466473769965686   0.0332772299589822   0.0120236961440398   0
0.344365577373207   0.484299109719913   -0.0125754783562173   0.0178253397542263   0
0.324101419859081   0.488322907405028   -0.0202641575141261   0.00402379768511579   0
0.33063121722532   0.481055317204529   0.0065297973662391   -0.00726759020049944   0
0.353724086124608   0.495262987663373   0.0230928688992875   0.0142076704588436   0
0.351192529155006   0.515385191572527   -0.00253155696960133   0.0201222039091541   0
0.331249928739335   0.503087546912563   -0.0199426004156715   -0.012297644659964   0
0.32635877967392   0.494822169641782   -0.00489114906541521   -0.00826537727078119   0
0.334525366035059   0.495618834862034   0.00816658636113904   0.000796665220252346   0
0.339432703111335   0.510301838438291   0.00490733707627622   0.0146830035762575   0
0.338299058570982   0.513339994863541   -0.00113364454035259   0.00303815642524941   0
0.327396538036507   0.502045740449513   -0.0109025205344753   -0.0112942544140275   0
0.383529837082645   0.512618190104819   0.0561332990461378   0.0105724496553055   0
0.3543150156778   0.538966719512903   -0.0292148214048443   0.0263485294080841   0
0.274351953514013   0.535753278635558   -0.079963062163788   -0.00321344087734454   0
0.324040756476543   0.530555663472269   0.0496888029625301   -0.00519761516328876   0
0.33604921411329   0.550039145313313   0.0120084576367476   0.0194834818410438   0
0.347273135171409   0.550689304989211   0.0112239210581191   0.000650159675897433   0
0.354118496079999   0.570051713389452   0.00684536090858923   0.0193624084002415   0
0.345233115157078   0.579118106815225   -0.00888538092292102   0.00906639342577253   0
0.35979326465658   0.592641553201638   0.0145601494995026   0.0135234463864133   0
0.350398540061071   0.595441517180548   -0.00939472459550922   0.0027999639789098   0
0.368701597629153   0.613403691842892   0.0183030575680821   0.0179621746623445   0
0.360640648821302   0.614858732643607   -0.00806094880785074   0.00145504080071457   0
0.366471996326541   0.617892844024838   0.00583134750523817   0.00303411138123089   0
0.36142530880287   0.636112418811494   -0.00504668752367055   0.0182195747866565   0
0.37455562996842   0.612304322836858   0.01313032116555   -0.0238080959746367   0
0.358659620978233   0.598906121179239   -0.0158960089901867   -0.0133982016576185   0
0.357027208765789   0.608865956490289   -0.00163241221244476   0.00995983531105027   0
0.375414820368403   0.604977970120419   0.0183876116026139   -0.00388798636987031   0
0.371268969160109   0.60167255496206   -0.00414585120829353   -0.00330541515835947   0
0.383987032577417   0.606968408376748   0.0127180634173076   0.0052958534146883   0
0.383621016108815   0.616923770436227   -0.000366016468601238   0.00995536205947878   0
0.363688439061513   0.59966282101852   -0.0199325770473022   -0.0172609494177062   0
0.388493374031321   0.607911719594219   0.024804934969808   0.00824889857569833   0
0.386848016773306   0.6264530692945   -0.00164535725801523   0.0185413497002815   0
0.368656835088962   0.61814844594179   -0.0181911816843441   -0.00830462335271032   0
0.401146658853093   0.637620381958968   0.0324898237641314   0.0194719360171778   0
0.423137511531228   0.63978039090105   0.0219908526781347   0.00216000894208201   0
0.409434067095595   0.631467354802487   -0.0137034444356332   -0.00831303609856282   0
0.398409881671326   0.642224137207759   -0.0110241854242686   0.0107567824052718   0
0.398728404178283   0.628440275370898   0.000318522506956631   -0.0137838618368608   0
0.42754532224825   0.635055049081771   0.0288169180699674   0.0066147737108726   0
0.4372686082112   0.648772268351923   0.00972328596294997   0.0137172192701527   0
0.4139928888211   0.642062085307955   -0.0232757193900996   -0.00671018304396798   0
0.428552117750175   0.632069674108203   0.0145592289290748   -0.00999241119975214   0
0.453710207651194   0.64508970262379   0.0251580899010192   0.013020028515587   0
0.435262806552593   0.64254752959606   -0.0184474010986014   -0.00254217302772974   0
0.423386744929078   0.65125494329218   -0.0118760616235152   0.00870741369611916   0
0.402869327813623   0.646405050409764   -0.0205174171154552   -0.00484989288241511   0
0.433511833865294   0.659582966219755   0.0306425060516712   0.0131779158099902   0
0.445316732627059   0.657430975970862   0.0118048987617658   -0.00215199024889268   0
0.450980767069118   0.650907924435169   0.00566403444205843   -0.00652305153569277   0
0.444395114917221   0.651307956866796   -0.00658565215189694   0.000400032431626673   0
0.445594882447599   0.666838031365188   0.00119976753037848   0.0155300744983925   0
0.456297682251795   0.662162964012636   0.0107027998041955   -0.00467506735255196   0
0.474877616956032   0.687656470856815   0.0185799347042373   0.0254935068441789   0
0.45542157132166   0.680621844937591   -0.019456045634372   -0.00703462591922455   0
0.457233822229896   0.680943807973903   0.00181225090823567   0.000321963036312378   0
0.470537107877965   0.676139276739822   0.0133032856480695   -0.00480453123408087   0
0.509514656552527   0.676766270097181   0.0389775486745622   0.000626993357358385   0
0.467223476472833   0.680860541550911   -0.0422911800796944   0.00409427145373042   0
0.455503140928841   0.686371752753018   -0.0117203355439916   0.00551121120210685   0
0.459258382632707   0.68407467003336   0.0037552417038656   -0.00229708271965823   0
0.463437841226944   0.699898177326531   0.0041794585942368   0.0158235072931711   0
0.44132767434318   0.682171770751693   -0.0221101668837638   -0.0177264065748381   0
0.450238461584481   0.677475347483029   0.00891078724130073   -0.00469642326866415   0
0.471525913030758   0.676200463025019   0.0212874514462771   -0.00127488445800961   0
0.419735660636322   0.689115075741527   -0.0517902523944355   0.0129146127165076   0
0.39406323011664   0.608846553607927   -0.0256724305196824   -0.0802685221335998   0
0.4454613860243   0.623924738709926   0.0513981559076595   0.0150781851019998   0
