0.122678276713076   0.197972005981906   0   0   0
0.104263832733168   0.157579630191373   -0.018414443979908   -0.040392375790533   0
0.0877247698373783   0.131005756047206   -0.0165390628957895   -0.0265738741441676   0
0.105208000295462   0.11948344585202   0.017483230458084   -0.0115223101951862   0
0.106168385184762   0.0952009250690349   0.00096038488929974   -0.0242825207829847   0
0.14320892661849   0.0609304489418468   0.0370405414337278   -0.0342704761271881   0
0.133977970084675   0.0451329475856411   -0.00923095653381506   -0.0157975013562057   0
0.141089327026462   0.0311518713208408   0.00711135694178744   -0.0139810762648003   0
0.117311167989284   0.0295253153519569   -0.0237781590371783   -0.00162655596888395   0
0.0905786774202958   0.0304560033147835   -0.0267324905689882   0.000930687962826665   0
0.0896465901581873   0.05971617134305   -0.0009320872621085   0.0292601680282664   0
0.112398798381166   0.0473124853088749   0.0227522082229787   -0.0124036860341751   0
0.0987117064588086   0.00649943176259471   -0.0136870919223573   -0.0408130535462802   0
0.0631660675842655   0.0467553310334503   -0.0355456388745431   0.0402558992708556   0
0.0811227110289714   0.0149684596117603   0.0179566434447059   -0.03178687142169   0
0.141118577234076   0.0238053708879425   0.0599958662051051   0.00883691127618217   0
0.0785938738101768   0.0359520294774857   -0.0625247034238996   0.0121466585895432   0
0.0943352162481753   0.0226603602022171   0.0157413424379985   -0.0132916692752686   0
0.126247158995203   0.00727194684488618   0.0319119427470274   -0.0153884133573309   0
0.084992808703678   0.0270339692457328   -0.0412543502915248   0.0197620224008466   0
0.0475060567765838   0.0181685827433402   -0.0374867519270942   -0.00886538650239255   0
0.0832621118156992   0.0318823744690934   0.0357560550391155   0.0137137917257532   0
0.0859748061916396   0.0295701211403183   0.00271269437594042   -0.00231225332877511   0
0.0673450890831692   0.0855780795198987   -0.0186297171084704   0.0560079583795804   0
0.0425391924118218   0.0558519137960375   -0.0248058966713474   -0.0297261657238612   0
0.124637710478892   0.0657846917361129   0.0820985180670697   0.00993277794007542   0
0.0705764517107512   0.0669053674436633   -0.0540612587681403   0.00112067570755039   0
0.0859314998948581   0.0517907725669593   0.0153550481841069   -0.015114594876704   0
0.090793997621106   0.0545670590495367   0.00486249772624783   0.00277628648257743   0
0.0807670070420466   0.0526228202381106   -0.0100269905790594   -0.00194423881142611   0
0.075347407290364   0.0419923854388879   -0.00541959975168256   -0.0106304347992227   0
0.0809159946361311   0.03726923969633   0.00556858734576712   -0.00472314574255792   0
0.0698682213707527   0.0737632893872013   -0.0110477732653785   0.0364940496908713   0
0.0725734550414957   0.0491387610870736   0.00270523367074305   -0.0246245283001277   0
0.0804914141023128   0.0635010275806227   0.00791795906081708   0.0143622664935491   0
0.0749879706705682   0.0967617586654976   -0.00550344343174458   0.0332607310848749   0
0.089747156762429   0.088593025120844   0.0147591860918607   -0.00816873354465358   0
0.0858980211486272   0.0783070301584251   -0.00384913561380179   -0.0102859949624189   0
0.0920318024331807   0.104788646231367   0.00613378128455351   0.0264816160729415   0
0.0601613293777656   0.0952278490849841   -0.0318704730554151   -0.00956079714638253   0
0.0808752433187066   0.0951639312807773   0.020713913940941   -6.3917804206795e-05   0
0.0621683924393256   0.088834297241606   -0.018706850879381   -0.00632963403917131   0
0.080601303771279   0.104327222512871   0.0184329113319534   0.0154929252712646   0
0.0605668484557353   0.112970909273903   -0.0200344553155438   0.00864368676103282   0
0.075240521416189   0.109251519418496   0.0146736729604538   -0.00371938985540739   0
0.10043271871467   0.133853886673875   0.0251921972984808   0.0246023672553787   0
0.06172945553178   0.131007130334469   -0.0387032631828899   -0.0028467563394059   0
0.0586056720242162   0.13117675856073   -0.00312378350756375   0.000169628226260987   0
0.0561909798973109   0.134778927990432   -0.0024146921269053   0.00360216942970198   0
0.0741132123765392   0.129226933711591   0.0179222324792283   -0.00555199427884054   0
0.0928293353013475   0.141745953974717   0.0187161229248083   0.0125190202631254   0
0.0651634703598573   0.141929455828071   -0.0276658649414902   0.000183501853354806   0
0.0971773037222684   0.126645676860681   0.0320138333624111   -0.0152837789673906   0
0.105637400273104   0.130693838658332   0.00846009655083561   0.00404816179765066   0
0.0965873079955125   0.13770097508097   -0.0090500922775915   0.00700713642263873   0
0.111539757046983   0.149331733185716   0.0149524490514705   0.0116307581047461   0
0.110881225484615   0.161776492602448   -0.000658531562368198   0.0124447594167318   0
0.0910192871276742   0.17071539160105   -0.0198619383569406   0.00893889899860215   0
0.105913209001852   0.168285993310495   0.0148939218741779   -0.00242939829055533   0
0.10380625377741   0.179653339490948   -0.00210695522444228   0.0113673461804534   0
0.134002670607604   0.186407580797429   0.0301964168301942   0.00675424130648045   0
0.135933306007137   0.211887464176742   0.00193063539953325   0.0254798833793128   0
0.131920827867703   0.227311614031268   -0.00401247813943464   0.0154241498545259   0
0.111507653059196   0.229129899166935   -0.0204131748085067   0.00181828513566781   0
0.16127870228102   0.247718894641689   0.0497710492218245   0.0185889954747531   0
0.174442215148857   0.262535076609774   0.0131635128678363   0.0148161819680856   0
0.15203085307348   0.247127225373895   -0.0224113620753769   -0.0154078512358789   0
0.125473333593477   0.252922879062967   -0.0265575194800027   0.00579565368907128   0
0.149012770709124   0.241455728340621   0.023539437115647   -0.011467150722345   0
0.153333097643659   0.245893130882605   0.00432032693453535   0.00443740254198371   0
0.138704232586795   0.237230429049479   -0.0146288650568649   -0.00866270183312595   0
0.183430494808906   0.247380460867972   0.0447262622221112   0.0101500318184923   0
0.197517998597596   0.252450537520224   0.0140875037886904   0.0050700766522524   0
0.17613713656197   0.250075150191398   -0.0213808620356263   -0.00237538732882642   0
0.189191827225808   0.259217672720727   0.0130546906638382   0.00914252252932957   0
0.206666206896628   0.26865817627703   0.0174743796708203   0.00944050355630338   0
0.228896490033137   0.264758482587433   0.0222302831365087   -0.00389969368959764   0
0.245732113684801   0.29535635268477   0.016835623651664   0.0305978700973368   0
0.226931196929345   0.304207271682894   -0.0188009167554565   0.00885091899812424   0
0.245413214254571   0.320597866725201   0.0184820173252265   0.0163905950423075   0
0.225438425670958   0.32700846763769   -0.0199747885836132   0.00641060091248841   0
0.229184365256468   0.345269801046587   0.00374593958550978   0.0182613334088976   0
0.257263468898637   0.369104329143875   0.0280791036421694   0.0238345280972876   0
0.25740571604067   0.362043677093662   0.00014224714203287   -0.00706065205021267   0
0.272759489398334   0.370560678949143   0.0153537733576644   0.00851700185548099   0
0.256321975701967   0.364107950074562   -0.0164375136963669   -0.00645272887458098   0
0.275253491455149   0.366699503897606   0.018931515753182   0.00259155382304321   0
0.322484815345917   0.387610017765924   0.0472313238907673   0.0209105138683186   0
0.299959679743278   0.385097971605279   -0.0225251356026385   -0.00251204616064549   0
0.355605206520166   0.390129625798272   0.0556455267768879   0.00503165419299367   0
0.402903595204064   0.405523126789336   0.0472983886838976   0.0153935009910638   0
0.383574601854242   0.41805169621621   -0.0193289933498221   0.0125285694268734   0
0.214056446885045   0.290663844493945   -0.169518154969197   -0.127387851722265   0
0.235897683584557   0.297941649398418   0.0218412366995127   0.00727780490447372   0
0.25552981332956   0.351446654253885   0.0196321297450029   0.0535050048554671   0
0.286106583986737   0.376750594932841   0.0305767706571769   0.0253039406789561   0
0.311846499980359   0.396600472565591   0.0257399159936216   0.0198498776327494   0
0.345697868056776   0.414288351082009   0.0338513680764169   0.0176878785164182   0
0.347397933874469   0.466912994920895   0.00170006581769327   0.0526246438388863   0
0.391019571246006   0.483014158206051   0.0436216373715365   0.0161011632851556   0
0.421314316757323   0.51097403017399   0.0302947455113176   0.0279598719679394   0
0.331483378458003   0.58802761292668   -0.0898309382993202   0.0770535827526901   0
0.309254707726948   0.651017646163489   -0.0222286707310549   0.0629900332368086   0
0.294369207226656   0.682223214602999   -0.0148855005002919   0.0312055684395102   0
0.307719872167155   0.710070951807106   0.0133506649404986   0.027847737204107   0
0.307148229861381   0.730480885712708   -0.000571642305773223   0.0204099339056018   0
0.325254476564753   0.687613302780894   0.0181062467033718   -0.0428675829318137   0
0.325100745444727   0.68804855732935   -0.000153731120026701   0.000435254548455721   0
0.268822017518971   0.662332261652903   -0.0562787279257555   -0.0257162956764467   0
0.177336546534238   0.672468494275568   -0.0914854709847329   0.0101362326226648   0
0.23983270661409   0.799516871195505   0.0624961600798515   0.127048376919937   0
0.261123919646516   0.823933940709144   0.0212912130324261   0.0244170695136393   0
0.29223663163156   0.797687001843455   0.0311127119850441   -0.0262469388656894   0
0.270382047770594   0.770526818954733   -0.0218545838609654   -0.027160182888722   0
0.316314462827737   0.852185058026864   0.0459324150571429   0.0816582390721314   0
0.320464310095524   0.866431910660613   0.00414984726778644   0.0142468526337481   0
0.317834483121325   0.881155925558723   -0.00262982697419845   0.0147240148981105   0
0.234590066102318   0.84532586543785   -0.0832444170190071   -0.035830060120873   0
0.279980661008935   1.00416921792274   0.0453905949066165   0.158843352484893   0
0.324626220556812   1.00685465127313   0.0446455595478774   0.0026854333503894   0
0.314602963102702   0.997706893572858   -0.0100232574541102   -0.00914775770027387   0
0.39262024545609   0.924146785900217   0.0780172823533877   -0.0735601076726407   0
0.397287395708698   0.983427046355525   0.00466715025260894   0.0592802604553078   0
0.381690435895373   0.988458997062651   -0.0155969598133253   0.00503195070712592   0
0.386139290409562   1.00591143970173   0.00444885451418875   0.0174524426390803   0
0.381008687169991   1.00902806845145   -0.00513060323957099   0.00311662874971663   0
0.408045323641872   1.08331256970683   0.027036636471881   0.0742845012553803   0
0.446621554147356   1.12546855333036   0.0385762305054845   0.0421559836235303   0
0.437337825262119   1.12784845000056   -0.0092837288852371   0.00237989667019844   0
0.437540736194928   1.10567090627198   0.000202910932809108   -0.0221775437285769   0
0.414722090372577   1.12274117830932   -0.0228186458223513   0.0170702720373441   0
0.416310194207396   1.12000553593177   0.00158810383481922   -0.00273564237754953   0
0.438383206158721   1.12122652082655   0.022073011951325   0.00122098489477174   0
0.425346179035383   1.12081719817628   -0.0130370271233384   -0.000409322650268384   0
0.395314952878082   1.12916032291351   -0.0300312261573012   0.00834312473723076   0
0.438497270972124   1.13122577036914   0.0431823180940419   0.00206544745563364   0
0.361843057533235   1.09966666592402   -0.0766542134388887   -0.0315591044451273   0
0.318268858352494   1.13143345924833   -0.0435741991807408   0.0317667933243191   0
0.368656256968466   1.14173630011406   0.0503873986159724   0.0103028408657297   0
0.350386503109067   1.11960088819245   -0.0182697538593998   -0.0221354119216188   0
0.330854804158864   1.11808613832397   -0.019531698950203   -0.00151474986847755   0
0.275653748126159   1.13954101776727   -0.0552010560327045   0.0214548794433009   0
0.374975223840189   1.20828460996264   0.09932147571403   0.0687435921953676   0
0.357914080295816   1.19414091290028   -0.017061143544373   -0.014143697062353   0
0.308221895881847   1.20317810541333   -0.0496921844139694   0.00903719251304236   0
0.399538681938307   1.24220319728658   0.0913167860564607   0.0390250918732544   0
0.398593381802809   1.23942046103421   -0.000945300135498262   -0.0027827362523718   0
0.315500179876335   1.20365579983659   -0.0830932019264737   -0.035764661197623   0
0.31132748678843   1.20485606747611   -0.00417269308790552   0.00120026763952619   0
0.352195576522477   1.19647283791996   0.0408680897340472   -0.00838322955614856   0
0.270801948373715   1.17936138783464   -0.0813936281487624   -0.0171114500853222   0
0.271873958254556   1.20288551954051   0.00107200988084127   0.0235241317058723   0
0.281137371359643   1.20963877482546   0.00926341310508738   0.00675325528495119   0
0.280985905575422   1.21724140081169   -0.000151465784221205   0.00760262598622363   0
0.256053876059805   1.23514026039485   -0.0249320295156171   0.0178988595831588   0
0.321350824796763   1.25923868405684   0.0652969487369582   0.0240984236619934   0
0.369013620513607   1.29551032409327   0.0476627957168433   0.0362716400364302   0
0.35368619126176   1.29113469224787   -0.0153274292518469   -0.00437563184540113   0
0.316649202235676   1.34370761491767   -0.0370369890260837   0.0525729226697964   0
0.342421752915743   1.30694289827425   0.0257725506800668   -0.0367647166434184   0
0.302407941294686   1.30073411619464   -0.0400138116210573   -0.00620878207961173   0
0.299082377764053   1.22797913179599   -0.00332556353063201   -0.0727549843986426   0
0.328244495250111   1.26826306427106   0.0291621174860573   0.0402839324750635   0
0.225704991566026   1.26240291956156   -0.102539503684085   -0.00586014470950058   0
0.308291383629011   1.31590416891488   0.0825863920629847   0.0535012493533238   0
