0.102096929614999   0.148248648524742   0   0   0
0.138518204028496   0.177110141014709   0.0364212744134971   0.0288614924899667   0
0.101556147749558   0.160105841926496   -0.0369620562789381   -0.0170042990882128   0
0.117991600671022   0.171751340097574   0.0164354529214646   0.011645498171078   0
0.111531683677689   0.158448171490901   -0.00645991699333369   -0.0133031686066728   0
0.148505018425102   0.144423042955626   0.0369733347474137   -0.0140251285352754   0
0.110888671500831   0.124746883595032   -0.037616346924271   -0.0196761593605935   0
0.122009110619003   0.101994433131127   0.0111204391181711   -0.0227524504639049   0
0.117969320045892   0.104711583560535   -0.00403979057311095   0.00271715042940818   0
0.103610720848086   0.0897507950306675   -0.0143585991978056   -0.0149607885298679   0
0.120215290653311   0.0934728249752301   0.0166045698052248   0.00372202994456255   0
0.109060004560288   0.0698069420277991   -0.011155286093023   -0.023665882947431   0
0.12298969690222   0.0771090577180787   0.0139296923419324   0.00730211569027968   0
0.139834335749307   0.0980512871671134   0.0168446388470871   0.0209422294490346   0
0.11331011691504   0.0191034478767244   -0.0265242188342674   -0.078947839290389   0
0.140924794807053   0.067395293826498   0.0276146778920132   0.0482918459497736   0
0.108755794665526   0.0515525686176162   -0.0321690001415273   -0.0158427252088818   0
0.117341459741328   0.0699264296716378   0.00858566507580182   0.0183738610540216   0
0.0857795541758786   0.0610429057575285   -0.0315619055654489   -0.0088835239141093   0
0.103674679552917   0.0746098425976928   0.0178951253770382   0.0135669368401644   0
0.0491193563973511   0.0534819898040686   -0.0545553231555657   -0.0211278527936242   0
0.0772219806330426   0.0461715361077038   0.0281026242356914   -0.00731045369636479   0
0.0670943528495506   0.0474624740907224   -0.010127627783492   0.00129093798301861   0
0.0786402403026593   0.0209393862841709   0.0115458874531087   -0.0265230878065515   0
0.0836014002597445   0.0330465161046138   0.00496115995708515   0.0121071298204429   0
0.094047313261358   0.0464327109829374   0.0104459130016135   0.0133861948783236   0
0.109072876784141   0.0545830111775175   0.015025563522783   0.00815030019458005   0
0.0760812577258131   0.0786254332772011   -0.0329916190583279   0.0240424220996836   0
0.115407914803665   0.0395908903457285   0.0393266570778519   -0.0390345429314726   0
0.10366649992511   0.0410644854561091   -0.0117414148785547   0.00147359511038062   0
0.103447330295093   0.0261262559672736   -0.000219169630017141   -0.0149382294888355   0
0.0839701557295209   0.0713056974053441   -0.0194771745655722   0.0451794414380705   0
0.107005676216231   0.0465885038052844   0.0230355204867102   -0.0247171936000597   0
0.104379006684417   0.0709582960295165   -0.00262666953181401   0.0243697922242321   0
0.130546934790557   0.0433548853343542   0.02616792810614   -0.0276034106951623   0
0.127597805841833   0.0464004914051026   -0.00294912894872465   0.0030456060707484   0
0.141353688696298   0.0565761540405938   0.0137558828544657   0.0101756626354912   0
0.160637447727359   0.0732063579812418   0.0192837590310607   0.016630203940648   0
0.20851097906789   0.0897625593959603   0.0478735313405308   0.0165562014147185   0
0.33302835747966   0.0634038572467204   0.12451737841177   -0.0263587021492399   0
0.336087747943539   0.1047096055907   0.0030593904638796   0.0413057483439798   0
0.377797291115712   0.130108337843084   0.0417095431721727   0.0253987322523835   0
0.361595199980863   0.151914381870957   -0.0162020911348494   0.0218060440278735   0
0.395759382169667   0.161142194153176   0.0341641821888048   0.00922781228221922   0
0.380168271843838   0.158514383845449   -0.0155911103258299   -0.00262781030772688   0
0.390488632370521   0.157979883384919   0.0103203605266836   -0.000534500460530829   0
0.379335631039263   0.160502029061972   -0.0111530013312585   0.002522145677053   0
0.382388619754179   0.146033032703435   0.00305298871491666   -0.0144689963585367   0
0.402823721671775   0.155437274768868   0.0204351019175956   0.00940424206543281   0
0.405369256919232   0.152186230955867   0.0025455352474566   -0.00325104381300073   0
0.417429196790617   0.153636332028926   0.0120599398713859   0.00145010107305932   0
0.250186645369352   0.121237470098811   -0.167242551421265   -0.0323988619301157   0
0.365331995579117   0.144947574176976   0.115145350209765   0.0237101040781655   0
0.386140425020393   0.167853143585256   0.0208084294412763   0.0229055694082796   0
0.38616330295678   0.15873601040246   2.28779363868892e-05   -0.00911713318279547   0
0.406887346149091   0.185033218936824   0.0207240431923106   0.0262972085343632   0
0.385775285307976   0.169192402132373   -0.0211120608411151   -0.0158408168044509   0
0.426140509752711   0.192703015919841   0.0403652244447349   0.0235106137874683   0
0.395151064068667   0.189541691176612   -0.0309894456840433   -0.00316132474322942   0
0.421019233019277   0.212656425869288   0.0258681689506094   0.0231147346926765   0
0.395452058898787   0.206836620907155   -0.0255671741204893   -0.00581980496213341   0
0.40094596652945   0.224438501045387   0.00549390763066271   0.0176018801382319   0
0.402198080317957   0.211856170011638   0.00125211378850726   -0.0125823310337488   0
0.42160846532756   0.215079854781311   0.0194103850096023   0.00322368476967358   0
0.439374407718384   0.229323748968571   0.017765942390824   0.0142438941872592   0
0.451127084322212   0.258720449487956   0.0117526766038282   0.0293967005193854   0
0.48750519794987   0.27977320638376   0.0363781136276586   0.021052756895804   0
0.460857479250375   0.261614491386658   -0.0266477186994953   -0.0181587149971016   0
0.483893114558225   0.272917063696098   0.0230356353078503   0.0113025723094395   0
0.467794341199902   0.266356595173181   -0.0160987733583238   -0.0065604685229167   0
0.493121423068828   0.274284557367891   0.0253270818689267   0.00792796219470987   0
0.513099961558966   0.287498506678296   0.0199785384901377   0.0132139493104045   0
0.489898085342584   0.288383381252284   -0.0232018762163818   0.000884874573988059   0
0.538175420862937   0.310896962134161   0.0482773355203532   0.0225135808818774   0
0.509605714234652   0.315708573567855   -0.0285697066282853   0.00481161143369435   0
0.600702715006766   0.276108829081487   0.0910970007721138   -0.0395997444863681   0
0.469614814982715   0.258141810973794   -0.131087900024051   -0.0179670181076931   0
0.444129653010289   0.297981535892427   -0.0254851619724261   0.0398397249186332   0
0.469087106610968   0.301252537840762   0.024957453600679   0.00327100194833507   0
0.446802911477365   0.298190696136566   -0.0222841951336034   -0.00306184170419621   0
0.450874865655731   0.287536836254661   0.00407195417836564   -0.0106538598819048   0
0.426680063582109   0.283518604163047   -0.024194802073622   -0.0040182320916145   0
0.443569766574651   0.284506231315326   0.016889702992542   0.000987627152279347   0
0.420237962687446   0.275276770557379   -0.0233318038872046   -0.00922946075794712   0
0.423726323334366   0.281385166132208   0.00348836064692037   0.00610839557482834   0
0.412593611644885   0.271688961951553   -0.0111327116894817   -0.00969620418065442   0
0.411936373681434   0.284901417143281   -0.000657237963450741   0.0132124551917282   0
0.39383100293254   0.283664909845226   -0.0181053707488944   -0.00123650729805569   0
0.348479844518159   0.254118311293893   -0.045351158414381   -0.0295465985513325   0
0.341828577228879   0.257299689299021   -0.00665126728927912   0.00318137800512736   0
0.346855861777608   0.26283727823304   0.00502728454872869   0.00553758893401951   0
0.375988773172001   0.27184566973561   0.0291329113943924   0.00900839150257021   0
0.365248759330076   0.26116968646091   -0.0107400138419242   -0.0106759832747003   0
0.391524070520459   0.258718501138477   0.026275311190383   -0.00245118532243321   0
0.381791099284528   0.251672157641862   -0.0097329712359312   -0.0070463434966152   0
0.382106543536176   0.265486993170939   0.000315444251647923   0.0138148355290771   0
0.380870256036708   0.265932128490636   -0.00123628749946847   0.000445135319697088   0
0.375419127933367   0.267656028198624   -0.00545112810334031   0.00172389970798803   0
0.376835765427105   0.265515045814434   0.00141663749373805   -0.00214098238418975   0
0.377250370808115   0.265371361745616   0.000414605381009292   -0.000143684068818206   0
0.392958610852126   0.272578519631915   0.0157082400440111   0.00720715788629939   0
0.394003320071418   0.289526961739381   0.00104470921929189   0.0169484421074662   0
0.402811384476656   0.292200781645645   0.0088080644052379   0.00267381990626309   0
0.375353192225909   0.29857166004588   -0.0274581922507469   0.00637087840023537   0
0.393662935009292   0.306838760999262   0.0183097427833833   0.00826710095338257   0
0.414391483574868   0.319329684709299   0.0207285485655759   0.0124909237100361   0
0.43898321845697   0.338361663187099   0.0245917348821023   0.0190319784778007   0
0.39779275625808   0.319560836597701   -0.0411904621988904   -0.0188008265893984   0
0.423203039078242   0.342327581648616   0.0254102828201622   0.0227667450509152   0
0.391973802427216   0.329874380750192   -0.0312292366510262   -0.0124532008984243   0
0.551237695293827   0.340969639655883   0.159263892866611   0.0110952589056909   0
0.592221285200093   0.373946619493755   0.0409835899062662   0.0329769798378723   0
0.478261045805782   0.395593020036059   -0.113960239394311   0.0216464005423043   0
0.462919577515933   0.401509879103631   -0.0153414682898486   0.00591685906757183   0
0.450338765916471   0.388922443675873   -0.0125808115994622   -0.0125874354277582   0
0.436907456822666   0.390900825849489   -0.0134313090938046   0.00197838217361601   0
0.452783442529649   0.397578012840955   0.0158759857069827   0.00667718699146591   0
0.437974539817796   0.393186717073772   -0.0148089027118532   -0.00439129576718333   0
0.423787231385869   0.385638028695952   -0.0141873084319269   -0.00754868837781941   0
0.417078551741851   0.395281766154537   -0.00670867964401772   0.00964373745858477   0
0.419414031538061   0.398643102740095   0.00233547979621024   0.00336133658555826   0
0.421451971690892   0.387152302343018   0.00203794015283015   -0.0114908003970767   0
0.417594539866268   0.397566387182694   -0.00385743182462372   0.0104140848396758   0
0.40217965107847   0.400586540937236   -0.0154148887877976   0.00302015375454184   0
0.421428251460435   0.409409986111111   0.0192486003819652   0.00882344517387468   0
0.438405868565853   0.443192561680688   0.0169776171054176   0.0337825755695768   0
0.436295166774925   0.441878534020945   -0.00211070179092765   -0.00131402765974209   0
0.448070087204826   0.458502617565582   0.0117749204299002   0.0166240835446361   0
0.467626430484677   0.476020959524864   0.019556343279851   0.0175183419592826   0
0.45028482030436   0.502893721878791   -0.0173416101803163   0.0268727623539264   0
0.464973248148494   0.523480048907778   0.0146884278441337   0.0205863270289877   0
0.436680020205233   0.509371676084029   -0.0282932279432612   -0.0141083728237498   0
0.477069133240755   0.525105238141958   0.040389113035522   0.0157335620579295   0
0.511155229938052   0.53849516201564   0.0340860966972971   0.0133899238736817   0
0.494832554151089   0.542001466303738   -0.0163226757869632   0.00350630428809862   0
0.509690921045752   0.557131771975862   0.0148583668946632   0.0151303056721237   0
0.496607630930597   0.552496154854903   -0.0130832901151549   -0.0046356171209595   0
0.507272641052373   0.55752851171532   0.0106650101217763   0.0050323568604177   0
0.536807254960596   0.576292385002622   0.0295346139082223   0.0187638732873014   0
0.515313343142054   0.574174200529987   -0.021493911818542   -0.00211818447263445   0
0.543814425202173   0.585007218241288   0.0285010820601195   0.0108330177113007   0
0.49656934014078   0.55772718681306   -0.0472450850613929   -0.027280031428228   0
0.537661099846848   0.58378397490208   0.0410917597060679   0.0260567880890202   0
0.524335163227854   0.580214870670823   -0.0133259366189944   -0.00356910423125723   0
0.54678647856732   0.589940765902018   0.022451315339466   0.00972589523119516   0
0.537644846670458   0.579083044069218   -0.00914163189686201   -0.0108577218327998   0
0.535704972790467   0.590078223596264   -0.00193987387999073   0.0109951795270457   0
0.586297966220078   0.603562090540269   0.0505929934296112   0.0134838669440049   0
0.525052556736247   0.575112627075958   -0.0612454094838314   -0.028449463464311   0
0.569128407977619   0.600263918283718   0.0440758512413719   0.0251512912077603   0
0.549992218090961   0.603676383479269   -0.019136189886658   0.00341246519555116   0
0.550657414543629   0.604882551568743   0.000665196452667827   0.00120616808947316   0
0.558479978242427   0.609264389339193   0.0078225636987983   0.00438183777045065   0
0.546396571523935   0.584295399623076   -0.0120834067184922   -0.0249689897161174   0
0.574406294528864   0.603637201682453   0.0280097230049292   0.0193418020593772   0
0.56293339502482   0.60733820154937   -0.0114728995040441   0.00370099986691652   0
0.57570613826593   0.615954829892544   0.0127727432411103   0.00861662834317423   0
0.59767795554387   0.628569317088754   0.0219718172779396   0.0126144871962102   0
0.576312812406789   0.625063611080354   -0.021365143137081   -0.0035057060083995   0
0.5836103032519   0.649873520724464   0.00729749084511078   0.0248099096441093   0
0.596690900911287   0.652578380790432   0.0130805976593877   0.00270486006596848   0
0.562876943994733   0.654073305895448   -0.0338139569165541   0.00149492510501548   0
0.575876408793927   0.665897930150305   0.0129994647991938   0.011824624254857   0
0.54364219767572   0.652900564939256   -0.0322342111182068   -0.0129973652110484   0
0.607148103603344   0.667762614205432   0.0635059059276243   0.0148620492661756   0
0.575508642246848   0.66611835492588   -0.0316394613564969   -0.00164425927955236   0
0.59759247053272   0.672976935645948   0.022083828285872   0.00685858072006806   0
0.572893151602421   0.682038334842947   -0.0246993189302989   0.00906139919699944   0
0.619762220973687   0.692038025239345   0.0468690693712661   0.00999969039639803   0
0.596019679823781   0.684567282253549   -0.0237425411499054   -0.00747074298579631   0
0.616939397137004   0.704130752930287   0.0209197173132225   0.019563470676738   0
0.602446792877335   0.701868363178632   -0.014492604259669   -0.00226238975165449   0
0.600195476705048   0.711329595338738   -0.0022513161722868   0.00946123216010553   0
0.584286773392467   0.695212484465557   -0.0159087033125813   -0.0161171108731807   0
0.600148573311576   0.709093838310398   0.0158617999191092   0.0138813538448406   0
0.604146992811744   0.708053064434361   0.00399841950016822   -0.00104077387603652   0
0.604841854813628   0.728189295120822   0.000694862001883956   0.0201362306864611   0
0.636289426443195   0.738239428000071   0.0314475716295668   0.0100501328792489   0
0.612367273903531   0.732870965488639   -0.0239221525396643   -0.00536846251143219   0
0.634881669516864   0.760611032967942   0.0225143956133329   0.027740067479303   0
0.608287019179289   0.749233505141254   -0.0265946503375748   -0.0113775278266877   0
0.645705734520191   0.775573352539508   0.0374187153409027   0.0263398473982539   0
0.623596582406743   0.754667925250073   -0.0221091521134482   -0.0209054272894351   0
