0.105341991044977   0.0666244879218032   0   0   0
0.0985434539764565   0.0697595017444577   -0.00679853706852043   0.00313501382265453   0
0.085551452344481   0.0673878836072368   -0.0129920016319755   -0.00237161813722089   0
0.0988117865231674   0.0717898957428725   0.0132603341786864   0.00440201213563564   0
0.0877879847424464   0.0676582681403759   -0.011023801780721   -0.00413162760249661   0
0.0891383421030148   0.0994335507696472   0.0013503573605684   0.0317752826292713   0
0.114699480474063   0.0827942202597651   0.0255611383710484   -0.016639330509882   0
0.0937597647167483   0.0578281040744464   -0.0209397157573149   -0.0249661161853187   0
0.0891945625444175   0.0516869567888747   -0.00456520217233083   -0.00614114728557168   0
0.0778057259926929   0.0687570257048143   -0.0113888365517246   0.0170700689159397   0
0.0654958223371537   0.066595174044333   -0.0123099036555392   -0.00216185166048137   0
0.108155719343408   0.0584216724341661   0.0426598970062541   -0.00817350161016691   0
0.0783220646102361   0.0625735926613016   -0.0298336547331717   0.00415192022713556   0
0.107759307920662   0.0361163748365613   0.0294372433104257   -0.0264572178247403   0
0.0517108690898393   0.0536772053200658   -0.0560484388308225   0.0175608304835045   0
0.072076544987742   0.0411196217816993   0.0203656758979027   -0.0125575835383665   0
0.0814569648335856   0.0346629738485102   0.00938041984584358   -0.00645664793318913   0
0.0722997973037961   0.0354677765174954   -0.00915716752978951   0.000804802668985249   0
0.0746367065587034   0.0574079368041397   0.00233690925490732   0.0219401602866443   0
0.103582580510673   0.0503102654615609   0.0289458739519693   -0.00709767134257883   0
0.0514290118845385   0.0406022652456116   -0.0521535686261343   -0.00970800021594927   0
0.0744096761575402   0.0394079139654892   0.0229806642730017   -0.0011943512801224   0
0.0508189036546441   0.0354810588335513   -0.0235907725028961   -0.00392685513193788   0
0.0923627557633487   0.046224474729114   0.0415438521087046   0.0107434158955627   0
0.0737284043620232   0.0279418999678676   -0.0186343514013255   -0.0182825747612464   0
0.065483742031744   0.0352530175358082   -0.00824466233027915   0.00731111756794057   0
0.0771416713491482   0.0257753238276942   0.0116579293174042   -0.009477693708114   0
0.0871051605821377   0.0473301216032137   0.00996348923298949   0.0215547977755196   0
0.0822656233152706   0.0321942627974302   -0.0048395372668671   -0.0151358588057835   0
0.100507857470598   0.0318723839130367   0.0182422341553271   -0.000321878884393535   0
0.106656014960667   0.0463962039520231   0.0061481574900691   0.0145238200389864   0
0.0927521567833331   0.0468720493611331   -0.0139038581773338   0.000475845409109991   0
0.105575389806005   0.0370528368333303   0.0128232330226724   -0.0098192125278028   0
0.111099222894357   0.0545652037154861   0.00552383308835146   0.0175123668821558   0
0.117519693721563   0.0406880966803944   0.00642047082720618   -0.0138771070350917   0
0.127331781364762   0.0474109524272082   0.0098120876431991   0.00672285574681376   0
0.125331900925433   0.0544835150996611   -0.00199988043932942   0.0070725626724529   0
0.108860157392592   0.0312992592422728   -0.0164717435328403   -0.0231842558573883   0
0.132368104733353   0.0533347412324744   0.0235079473407609   0.0220354819902015   0
0.101839827204586   0.0401325404337303   -0.030528277528767   -0.013202200798744   0
0.114202107331389   0.0413305419657485   0.0123622801268023   0.00119800153201819   0
0.136073723020317   0.0337632213591209   0.0218716156889286   -0.0075673206066276   0
0.148230859418929   0.0572018142495935   0.0121571363986122   0.0234385928904726   0
0.155961224506734   0.0580921054129776   0.00773036508780506   0.000890291163384065   0
0.142198517524094   0.0451126799408437   -0.0137627069826406   -0.0129794254721339   0
0.132807465295894   0.056135305290521   -0.00939105222820011   0.0110226253496774   0
0.154293614282056   0.0559450231601302   0.0214861489861627   -0.000190282130390879   0
0.146326024710713   0.0581614671282027   -0.00796758957134372   0.00221644396807252   0
0.137134076094346   0.0547173993724802   -0.00919194861636624   -0.00344406775572245   0
0.166432370373855   0.051925087889839   0.0292982942795084   -0.00279231148264127   0
0.159555679350627   0.0467544442260455   -0.00687669102322816   -0.00517064366379345   0
0.151031353922985   0.05279450464083   -0.00852432542764153   0.00604006041478453   0
0.170179561700586   0.057387316596113   0.019148207777601   0.00459281195528292   0
0.165758751886137   0.0511308265480571   -0.00442080981444892   -0.00625649004805585   0
0.18313227782521   0.0540474121639048   0.017373525939073   0.00291658561584766   0
0.16676176889734   0.0632401802277239   -0.0163705089278698   0.00919276806381914   0
0.158356508847379   0.0551828154724342   -0.00840526004996156   -0.00805736475528968   0
0.163013798491784   0.0593945204931398   0.0046572896444052   0.00421170502070554   0
0.168089734082543   0.0571451020034963   0.00507593559075883   -0.00224941848964345   0
0.169309264750659   0.0576942349874318   0.00121953066811653   0.000549132983935489   0
0.197486489379223   0.0628264895284823   0.0281772246285636   0.00513225454105053   0
0.185906569046874   0.0618184066295388   -0.0115799203323495   -0.00100808289894359   0
0.164829855767243   0.0605384748707828   -0.021076713279631   -0.00127993175875596   0
0.175330970665425   0.0608176506557307   0.0105011148981821   0.000279175784947898   0
0.167430985243643   0.0710341346960037   -0.00789998542178197   0.010216484040273   0
0.163401296287278   0.0602687124161451   -0.00402968895636441   -0.0107654222798586   0
0.17208373384705   0.0616519155577351   0.00868243755977216   0.00138320314159003   0
0.17714478518198   0.0622325832721292   0.00506105133493001   0.000580667714394127   0
0.168720751145465   0.0596582467158774   -0.00842403403651526   -0.00257433655625181   0
0.154970881675817   0.0623513239974301   -0.0137498694696484   0.00269307728155265   0
0.185304164572116   0.0667382013948091   0.0303332828962996   0.00438687739737903   0
0.189827524723366   0.0607081731668191   0.00452336015124924   -0.00603002822798997   0
0.165654806705631   0.0626345544920294   -0.0241727180177345   0.00192638132521025   0
0.1914332031021   0.065916794384379   0.0257783963964693   0.00328223989234962   0
0.18361426456548   0.0675816512856798   -0.00781893853662033   0.00166485690130079   0
0.167356635279872   0.0669083385505919   -0.0162576292856083   -0.000673312735087861   0
0.192906069375052   0.0652282164512943   0.0255494340951806   -0.00168012209929765   0
0.203093741364253   0.0717541504914524   0.0101876719892005   0.00652593404015812   0
0.203727940986257   0.0743772699290247   0.0006341996220047   0.00262311943757228   0
0.206780251454166   0.0742783512690946   0.00305231046790844   -9.89186599301278e-05   0
0.210563308055131   0.0769324843221639   0.00378305660096509   0.00265413305306939   0
0.219740090227434   0.0925432603112728   0.00917678217230311   0.0156107759891089   0
0.154119851287399   0.12020279169047   -0.065620238940035   0.0276595313791971   0
0.177454639327836   0.0842581039632984   0.0233347880404373   -0.0359446877271715   0
0.185815845414196   0.106358632717989   0.00836120608635968   0.0221005287546902   0
0.177136518567686   0.102751757684917   -0.00867932684651052   -0.00360687503307112   0
0.182805273080346   0.0860444360020013   0.00566875451266083   -0.0167073216829162   0
0.214794074346788   0.094244378745114   0.0319888012664412   0.00819994274311271   0
0.21845097186031   0.10036983162659   0.00365689751352249   0.00612545288147585   0
0.210128772550857   0.103745108160879   -0.00832219930945255   0.00337527653428921   0
0.233356679120054   0.0834239438654905   0.0232279065691968   -0.0203211642953886   0
0.205221176789848   0.0953913711003385   -0.0281355023302065   0.0119674272348481   0
0.220302299963437   0.0946869867527344   0.0150811231735888   -0.000704384347604156   0
0.21615535365357   0.104973538400458   -0.00414694630986642   0.010286551647724   0
0.211209208526546   0.100979166732846   -0.00494614512702418   -0.00399437166761192   0
0.21886626548742   0.0894779510672043   0.00765705696087438   -0.0115012156656422   0
0.234803128463166   0.0727760815068041   0.0159368629757456   -0.0167018695604001   0
0.226940486951976   0.0811736150634706   -0.00786264151118993   0.00839753355666645   0
0.224911643538724   0.0846648147461654   -0.0020288434132521   0.00349119968269478   0
0.221937038770774   0.082759003898443   -0.00297460476795006   -0.00190581084772237   0
0.242178460680491   0.0856512779274608   0.0202414219097171   0.0028922740290178   0
0.256031547935757   0.0848384124194931   0.0138530872552663   -0.000812865507967706   0
0.237960932251599   0.0887085139395876   -0.0180706156841585   0.00387010152009447   0
0.244981925892177   0.0893651059015906   0.00702099364057795   0.000656591962003031   0
0.245045094108452   0.0842449160935691   6.31682162750002e-05   -0.00512018980802148   0
0.240629164177537   0.0862799211017546   -0.00441592993091491   0.0020350050081855   0
0.257481029828801   0.097009538116427   0.0168518656512643   0.0107296170146724   0
0.278594043162179   0.0812035140195608   0.0211130133333777   -0.0158060240968662   0
0.26011675941669   0.0777526078319242   -0.0184772837454892   -0.00345090618763655   0
0.281017501926215   0.0910433750497668   0.0209007425095249   0.0132907672178426   0
0.280343146422755   0.0815510644759773   -0.000674355503460011   -0.00949231057378953   0
0.256338986764499   0.0921385061377978   -0.0240041596582555   0.0105874416618205   0
0.283910353623534   0.0938329865194138   0.0275713668590348   0.00169448038161604   0
0.278577323926141   0.106158492769361   -0.00533302969739291   0.0123255062499473   0
0.287424804853235   0.0968074809999852   0.0088474809270937   -0.00935101176937592   0
0.295410646695376   0.0841575872679641   0.00798584184214102   -0.0126498937320211   0
0.295918575243833   0.0892266902417656   0.000507928548457326   0.0050691029738015   0
0.279566568651475   0.101428704706114   -0.0163520065923577   0.012202014464348   0
0.320756719361325   0.103896533444925   0.0411901507098502   0.00246782873881174   0
0.297003958649813   0.106429317787018   -0.0237527607115121   0.00253278434209231   0
0.322460333266621   0.0983893364629648   0.0254563746168072   -0.00803998132405286   0
0.313946946610411   0.0929301822102082   -0.00851338665620993   -0.00545915425275662   0
0.272801510177491   0.141587775038137   -0.0411454364329191   0.0486575928279284   0
0.28804935749996   0.131218933565711   0.0152478473224689   -0.0103688414724256   0
0.28769245550193   0.136771768096526   -0.00035690199803029   0.00555283453081531   0
0.290306523857887   0.116467364846349   0.00261406835595712   -0.0203044032501777   0
0.299142887157041   0.117505750366269   0.00883636329915355   0.00103838551992064   0
0.304854699171819   0.116876638027762   0.00571181201477783   -0.000629112338507334   0
0.257452064288189   0.127641858460499   -0.0474026348836292   0.0107652204327368   0
0.263318000232684   0.127866169678496   0.00586593594449508   0.000224311217997486   0
0.250549612833087   0.128865881253534   -0.012768387399597   0.000999711575038031   0
0.253559313428732   0.119360881522434   0.0030097005956447   -0.0095049997311004   0
0.261578193516681   0.121962413465174   0.00801888008794849   0.00260153194273989   0
0.249384741396301   0.114447791698453   -0.0121934521203794   -0.00751462176672073   0
0.272294957596225   0.114013265083158   0.0229102161999239   -0.000434526615294875   0
0.25854379422916   0.115674486147778   -0.0137511633670655   0.00166122106461988   0
0.258405218631997   0.132755383502892   -0.000138575597162904   0.0170808973551142   0
0.287011248347255   0.129969663808223   0.0286060297152588   -0.00278571969466926   0
0.281156562980628   0.109665273679912   -0.0058546853666272   -0.020304390128311   0
0.278931924443063   0.104372035839647   -0.00222463853756566   -0.00529323784026527   0
0.316107653787707   0.0812282916829167   0.0371757293446445   -0.02314374415673   0
0.268344064355128   0.127657720887732   -0.0477635894325794   0.0464294292048149   0
0.293948158395949   0.122699205096946   0.0256040940408214   -0.00495851579078534   0
0.273985783951682   0.131037216680568   -0.0199623744442674   0.00833801158362117   0
0.266166736177908   0.120225163254505   -0.00781904777377385   -0.010812053426062   0
0.286113404503774   0.107699228067846   0.0199466683258657   -0.0125259351866591   0
0.273344742628443   0.127882214511049   -0.0127686618753301   0.0201829864432028   0
0.26515840371065   0.131030979831107   -0.00818633891779358   0.00314876532005792   0
0.284935533696027   0.116523721477742   0.0197771299853776   -0.0145072583533647   0
0.290279033015218   0.118128593289527   0.00534349931919048   0.00160487181178461   0
0.270941100493244   0.133467172620274   -0.0193379325219742   0.0153385793307469   0
0.28028992588122   0.120634251173288   0.0093488253879766   -0.0128329214469857   0
0.256951095530166   0.132353302659964   -0.0233388303510543   0.0117190514866756   0
0.265258885307656   0.132810438336939   0.00830778977748958   0.000457135676975612   0
0.278324110355194   0.131547619846389   0.013065225047538   -0.00126281849055077   0
0.276085933273972   0.134372174825185   -0.00223817708122181   0.002824554978796   0
0.272664686439077   0.117156331202159   -0.0034212468348952   -0.0172158436230256   0
0.302011142709172   0.107721749199094   0.0293464562700956   -0.00943458200306514   0
0.27534431889211   0.128577105148039   -0.0266668238170621   0.0208553559489455   0
0.283567869097982   0.113722650543724   0.00822355020587151   -0.0148544546043154   0
0.288042079985703   0.12697706103663   0.00447421088772126   0.0132544104929056   0
0.286167878756194   0.141057980761459   -0.00187420122950832   0.0140809197248287   0
0.302333027892257   0.125775374542277   0.0161651491360621   -0.0152826062191818   0
0.29945776401082   0.128291833320559   -0.00287526388143655   0.00251645877828188   0
0.292917774145459   0.134991410971217   -0.00653998986536125   0.00669957765065837   0
0.307499170922915   0.121620874013099   0.0145813967774561   -0.0133705369581184   0
0.253070349226689   0.165326415659605   -0.0544288216962257   0.0437055416465064   0
0.279078636509314   0.127918154829963   0.0260082872826245   -0.0374082608296416   0
0.291354860644902   0.153276843715872   0.0122762241355879   0.025358688885909   0
0.289658658765697   0.133510490863462   -0.00169620187920472   -0.0197663528524108   0
0.305937088095372   0.134229565144392   0.0162784293296755   0.000719074280929988   0
0.28947108086053   0.155147071331858   -0.0164660072348421   0.0209175061874659   0
0.289667190104065   0.142318956535136   0.000196109243534581   -0.0128281147967213   0
0.300095450019205   0.155250881739847   0.0104282599151398   0.0129319252047109   0
0.305289154457229   0.148798261123072   0.00519370443802469   -0.00645262061677487   0
0.296922468347588   0.157665961577793   -0.00836668610964125   0.00886770045472041   0
0.307747085854711   0.158481469180154   0.010824617507123   0.000815507602361015   0
0.336372035008772   0.170059415532484   0.0286249491540607   0.0115779463523301   0
0.330186687929435   0.169706592165714   -0.00618534707933688   -0.000352823366769756   0
0.338738423923157   0.151007787368731   0.00855173599372205   -0.0186988047969827   0
0.331814499193035   0.154178600066611   -0.00692392473012149   0.00317081269787964   0
0.326356145620184   0.175485282267488   -0.00545835357285185   0.0213066822008771   0
0.33863031716732   0.194004722439945   0.0122741715471368   0.0185194401724566   0
0.34925907381003   0.182311684264586   0.0106287566427096   -0.011693038175359   0
0.320551935160919   0.200515356425013   -0.0287071386491111   0.0182036721604273   0
0.325327884195612   0.187585983586861   0.00477594903469314   -0.0129293728381522   0
0.332819924632172   0.181965775369985   0.00749204043656027   -0.00562020821687534   0
0.330903372925803   0.204619858609202   -0.00191655170636956   0.022654083239217   0
0.327177320566448   0.200361749693523   -0.00372605235935519   -0.00425810891567935   0
0.349137391789149   0.181309700067316   0.0219600712227018   -0.0190520496262073   0
0.351991196996019   0.202216269470337   0.00285380520686923   0.0209065694030214   0
0.372447100685453   0.206863583128236   0.0204559036894344   0.00464731365789858   0
0.35450461706078   0.213863819463818   -0.0179424836246734   0.00700023633558219   0
0.333044711161565   0.201712391110462   -0.021459905899215   -0.0121514283533559   0
0.345281008918185   0.177479623809756   0.0122362977566208   -0.0242327673007061   0
0.32576150443705   0.210435501197071   -0.0195195044811357   0.0329558773873151   0
0.327588076754041   0.205120180457092   0.00182657231699146   -0.00531532073997903   0
0.344578157018437   0.211531434143368   0.0169900802643956   0.00641125368627588   0
0.351009116889092   0.185125178818692   0.00643095987065501   -0.0264062553246764   0
0.349948126379325   0.196675309146579   -0.00106099050976682   0.0115501303278877   0
0.356754547476497   0.210241541061252   0.00680642109717178   0.0135662319146726   0
0.338064872419851   0.224017602072359   -0.0186896750566459   0.0137760610111077   0
0.361617082377976   0.197998090888044   0.0235522099581253   -0.0260195111843158   0
0.35827635205919   0.194700132838938   -0.00334073031878585   -0.00329795804910593   0
0.346132163442824   0.203832998987529   -0.0121441886163661   0.00913286614859124   0
0.32778107715097   0.207725029714909   -0.0183510862918544   0.00389203072738045   0
0.316780305355052   0.201587729497755   -0.0110007717959177   -0.00613730021715456   0
0.304190110066468   0.194160866245132   -0.0125901952885838   -0.00742686325262298   0
0.321174643646931   0.188451040427613   0.0169845335804625   -0.00570982581751842   0
0.305053761302942   0.215333283507799   -0.0161208823439886   0.0268822430801852   0
0.313896591670892   0.206691142525508   0.00884283036794964   -0.00864214098229035   0
0.310866045354044   0.200253300380418   -0.00303054631684785   -0.00643784214509013   0
0.301039791223991   0.209822185295669   -0.00982625413005284   0.00956888491525068   0
0.316520748215436   0.194222866299259   0.0154809569914452   -0.0155993189964094   0
0.279102586053874   0.206410410766996   -0.0374181621615625   0.0121875444677365   0
0.297489720848318   0.214408305455969   0.018387134794444   0.0079978946889728   0
0.295378406230876   0.212108812576234   -0.00211131461744224   -0.00229949287973466   0
0.320131634705698   0.1772669048469   0.0247532284748223   -0.0348419077293338   0
0.303511415874263   0.207282837618675   -0.0166202188314345   0.0300159327717748   0
0.293844613919336   0.194550645825836   -0.00966680195492742   -0.0127321917928387   0
0.310105813872443   0.197427844691421   0.0162611999531067   0.00287719886558505   0
0.28456941657959   0.211328152451939   -0.0255363972928528   0.0139003077605177   0
0.292820973932896   0.18509031372684   0.00825155735330668   -0.0262378387250992   0
0.300129780517046   0.18249558385161   0.00730880658414917   -0.00259472987522988   0
0.275735194209952   0.207552114604381   -0.0243945863070936   0.0250565307527708   0
0.303550274590042   0.1906025163134   0.0278150803800901   -0.0169495982909805   0
0.299102918194845   0.192773084096951   -0.00444735639519667   0.00217056778355043   0
0.266337757835723   0.198187957291179   -0.0327651603591229   0.00541487319422787   0
0.283052941731634   0.184011674872819   0.0167151838959111   -0.0141762824183597   0
0.263386336025922   0.206111095136707   -0.0196666057057115   0.0220994202638877   0
0.267364348545773   0.22903901261903   0.0039780125198508   0.022927917482323   0
0.282296280265792   0.202454862765136   0.0149319317200188   -0.0265841498538937   0
0.268045838348638   0.229939859028943   -0.014250441917154   0.0274849962638067   0
0.254665777719415   0.206559863081505   -0.0133800606292231   -0.0233799959474378   0
0.28274813523286   0.196447556875875   0.0280823575134451   -0.0101123062056302   0
0.254815899272318   0.210715918174802   -0.0279322359605421   0.0142683612989277   0
0.266589369153929   0.192286843734172   0.0117734698816116   -0.01842907444063   0
0.279479632813828   0.20158853232575   0.0128902636598986   0.00930168859157773   0
0.24754243468345   0.209478134071912   -0.0319371981303782   0.00788960174616207   0
0.280854551986972   0.195381880246736   0.0333121173035218   -0.0140962538251759   0
0.282004302622358   0.194465629925959   0.00114975063538647   -0.000916250320777384   0
0.270613917090862   0.222011279889671   -0.0113903855314957   0.0275456499637125   0
0.269821668538408   0.206609115671357   -0.000792248552454133   -0.0154021642183148   0
0.276594703102662   0.18225219781528   0.00677303456425432   -0.0243569178560764   0
0.266368384865439   0.212028219365961   -0.0102263182372238   0.0297760215506806   0
