0.0805371612931259   0.170473392516574   0   0   0
0.0841720213399322   0.16258797602991   0.00363486004680634   -0.00788541648666455   0
0.114048650093063   0.13568572548157   0.0298766287531311   -0.0269022505483396   0
0.0807959554940772   0.178321695302226   -0.0332526945989862   0.0426359698206561   0
0.136795133221837   0.139078879862149   0.0559991777277593   -0.0392428154400775   0
0.232100489313595   0.104967659815119   0.095305356091758   -0.03411122004703   0
0.223013180886243   0.117058016315458   -0.00908730842735181   0.0120903565003391   0
0.158869787526169   0.102424739292578   -0.064143393360074   -0.0146332770228802   0
0.223342944171984   0.082391926298161   0.0644731566458153   -0.0200328129944167   1
0.18247888219816   0.0615445261220281   -0.0408640619738239   -0.0208474001761329   0
0.134108378790522   0.122814823094405   -0.0483705034076382   0.0612702969723769   0
0.214027092900034   0.123432250234947   0.0799187141095126   0.000617427140541679   1
0.21043502565172   0.147258789773854   -0.00359206724831462   0.0238265395389069   1
0.237258271191312   0.0880688795799776   0.0268232455395918   -0.0591899101938759   0
0.167402189119617   0.0850188407524032   -0.0698560820716947   -0.00305003882757438   0
0.232386989329889   0.0835007734511034   0.0649848002102722   -0.00151806730129982   0
0.206965034263665   0.0789577886549041   -0.0254219550662242   -0.00454298479619936   0
0.223644386275824   0.0728085155272247   0.0166793520121591   -0.00614927312767934   0
0.16002442012343   0.0588297214810252   -0.0636199661523941   -0.0139787940461995   0
0.188257510280042   0.0375281635000968   0.0282330901566118   -0.0213015579809284   0
0.0895428215544943   0.0488336831753709   -0.0987146887255475   0.011305519675274   0
0.156528621293519   0.0876598022785303   0.0669857997390251   0.0388261191031594   0
0.155680601339281   0.0752131180452754   -0.000848019954238777   -0.0124466842332549   0
0.229975281713579   0.0388882026174854   0.0742946803742984   -0.0363249154277899   0
0.112016682406372   0.0713455310596263   -0.117958599307207   0.0324573284421409   0
0.167679175169369   0.0332180347579459   0.0556624927629972   -0.0381274963016804   0
0.11209774865237   0.0967411922644646   -0.0555814265169988   0.0635231575065187   0
0.2385961379406   0.0547272255976182   0.12649838928823   -0.0420139666668463   1
0.200296923916095   0.0967818895129791   -0.0382992140245053   0.0420546639153609   1
0.290485767725374   0.113007829233742   0.0901888438092791   0.0162259397207625   1
0.20148480470966   0.0400242333012764   -0.0890009630157137   -0.0729835959324652   1
0.208659123070715   0.0556700398815083   0.00717431836105506   0.0156458065802319   0
0.249989159425609   0.0292602100454269   0.0413300363548934   -0.0264098298360814   0
0.153903613907601   0.0374932495779574   -0.0960855455180076   0.00823303953253049   0
0.213124246048848   0.0433517071638765   0.059220632141247   0.00585845758591912   0
0.17510092186325   0.0818184190384415   -0.0380233241855982   0.038466711874565   1
0.196034399527863   0.03343260027032   0.0209334776646134   -0.0483858187681215   0
0.291070473940934   0.0144528151294134   0.0950360744130707   -0.0189797851409066   0
0.148170315679525   0.0617386871890106   -0.142900158261409   0.0472858720595972   0
0.358855628646958   0.0513711297496463   0.210685312967434   -0.0103675574393642   0
0.226735499559396   0.0498626729441182   -0.132120129087562   -0.00150845680552811   0
0.248951348038146   0.0410459584707496   0.0222158484787497   -0.00881671447336864   0
0.437961537520078   0.063462582376784   0.189010189481932   0.0224166239060344   0
0.192731263516224   0.0744450077161155   -0.245230274003855   0.0109824253393315   0
0.322302689256163   0.0265452925803828   0.12957142573994   -0.0478997151357327   0
0.222230045102479   0.0517084244066187   -0.100072644153684   0.0251631318262359   0
0.323692171556187   0.0245802000535492   0.101462126453708   -0.0271282243530695   0
0.228237796940395   0.0468764437815253   -0.0954543746157922   0.0222962437279761   0
0.237726848630629   0.0500274789147877   0.00948905169023417   0.0031510351332624   0
0.225409519183596   0.0455636671860925   -0.0123173294470328   -0.0044638117286952   0
0.173326874625951   0.0252136287228857   -0.0520826445576456   -0.0203500384632068   0
0.373799079650619   0.0373598434292453   0.200472205024669   0.0121462147063597   0
0.225940918353848   0.0431252250402534   -0.147858161296772   0.00576538161100808   0
0.235458927290281   0.0749385939180373   0.00951800893643381   0.0318133688777839   0
0.503251314782306   0.0361095117506191   0.267792387492025   -0.0388290821674182   0
0.438043912214118   0.057444972627485   -0.0652074025681882   0.0213354608768659   0
0.59752892186523   0.0319696828619804   0.159485009651112   -0.0254752897655046   0
0.592645018957403   0.0450405955747425   -0.00488390290782759   0.0130709127127621   0
0.511358138736952   0.0339641794451555   -0.0812868802204504   -0.0110764161295869   0
0.490910332783595   0.0582226339402478   -0.0204478059533573   0.0242584544950923   0
0.715852302617797   0.168228088274298   0.224941969834202   0.11000545433405   0
0.324817217693105   0.0319533437539016   -0.391035084924692   -0.136274744520396   1
0.264281000189495   0.0556715448965627   -0.0605362175036097   0.0237182011426612   0
0.454615526627677   0.0753042178136291   0.190334526438182   0.0196326729170664   1
0.713104069596437   0.223853801689607   0.25848854296876   0.148549583875978   1
0.346469214843108   0.366502111454013   -0.366634854753329   0.142648309764406   1
0.310558499414345   0.0472442401177382   -0.035910715428763   -0.319257871336275   0
0.321964528426966   0.124942553577634   0.0114060290126203   0.0776983134598961   0
0.214192808856157   0.15122249319239   -0.107771719570809   0.026279939614756   0
0.201576972300806   0.126621102232063   -0.0126158365553503   -0.0246013909603274   0
0.402971117080133   0.108790867155623   0.201394144779326   -0.0178302350764394   0
0.352586376520566   0.165961391913119   -0.0503847405595664   0.057170524757496   0
0.550202777019646   0.12513448696027   0.19761640049908   -0.0408269049528493   0
0.430240421608733   0.138307066522286   -0.119962355410913   0.0131725795620158   0
0.326084493852452   0.113541574205982   -0.10415592775628   -0.0247654923163039   0
0.484207668567981   0.175431284374838   0.158123174715529   0.0618897101688559   1
0.224229122609857   0.159977804846555   -0.259978545958124   -0.0154534795282826   0
0.396235294355513   0.0980606082642898   0.172006171745656   -0.0619171965822654   0
0.589225128044248   0.170149318552272   0.192989833688735   0.0720887102879821   0
0.628162974667753   0.0792339921894891   0.0389378466235053   -0.0909153263627828   1
0.885752313865451   0.164345037003829   0.257589339197698   0.0851110448143401   1
1.34143504679504   0.564342314331692   0.455682732929585   0.399997277327863   1
1.24934072858648   0.414667567248151   -0.0920943182085543   -0.149674747083541   1
1.1815326108848   0.273541009992103   -0.0678081177016823   -0.141126557256048   0
1.03503721313197   0.216161838374053   -0.146495397752827   -0.0573791716180508   1
1.07995300043335   0.600301259878113   0.0449157873013799   0.384139421504061   1
1.00468375839664   0.676527401114722   -0.0752692420367114   0.0762261412366088   1
1.03223902416979   0.474345281840665   0.0275552657731488   -0.202182119274057   1
1.04738648309256   0.422725381349183   0.0151474589227696   -0.0516199004914817   0
0.75406440285223   0.400314447586335   -0.29332208024033   -0.0224109337628484   0
0.690756885167278   0.401656572955989   -0.063307517684952   0.00134212536965445   0
1.05006565191992   0.494048714228478   0.359308766752639   0.0923921412724888   1
1.0365912518534   0.29065020292914   -0.0134744000665161   -0.203398511299339   0
0.756208192103868   0.26703094358426   -0.280383059749533   -0.02361925934488   0
0.378262983001245   0.350840761934157   -0.377945209102623   0.0838098183498976   1
0.665336209308497   0.168098774904072   0.287073226307252   -0.182741987030085   1
0.320424809164709   0.227643879833552   -0.344911400143788   0.0595451049294793   0
0.669734924806822   0.135789961450617   0.349310115642114   -0.0918539183829348   0
0.355607311790984   0.101440293101213   -0.314127613015839   -0.0343496683494038   0
0.617073812519086   0.0952763541654486   0.261466500728102   -0.00616393893576438   1
0.325083070530165   0.11311632219313   -0.291990741988921   0.0178399680276814   1
0.428548266795013   0.155522944397282   0.103465196264849   0.0424066222041518   1
0.390764200717005   0.120220762869024   -0.037784066078008   -0.0353021815282582   0
0.469071796271104   0.115351692648233   0.0783075955540986   -0.00486907022079018   0
0.337279603757491   0.137456832341103   -0.131792192513613   0.0221051396928693   0
0.599255058630296   0.0977508588546029   0.261975454872806   -0.0397059734864997   0
0.257426107599462   0.163543321528273   -0.341828951030834   0.0657924626736698   1
0.51151370368519   0.14117467791874   0.254087596085727   -0.0223686436095326   0
0.61474771276679   0.210909299895334   0.103234009081601   0.0697346219765941   1
0.55433120792988   0.265428025012286   -0.0604165048369101   0.0545187251169514   1
0.611376283486692   0.237462922423823   0.0570450755568119   -0.0279651025884627   0
0.735208359294833   0.14872085954002   0.123832075808141   -0.0887420628838024   0
0.691227293758717   0.187527951670951   -0.0439810655361156   0.0388070921309304   0
0.51097540392469   0.191253598017384   -0.180251889834027   0.00372564634643283   1
1.0750987554104   0.13939986563323   0.564123351485714   -0.051853732384154   1
1.12136519389938   0.181163176731642   0.0462664384889786   0.0417633110984118   1
0.768999418810574   0.498418732814839   -0.352365775088809   0.317255556083198   1
0.736169611463962   0.395828051882696   -0.032829807346612   -0.102590680932144   1
0.56774207316439   0.313992389231411   -0.168427538299571   -0.0818356626512844   0
0.194480511770636   0.391552000948469   -0.373261561393755   0.077559611717058   1
0.580000327543149   0.450378216320739   0.385519815772513   0.0588262153722695   1
0.755733176541833   0.426413013019361   0.175732848998684   -0.0239652033013774   0
0.78474961992282   0.361607176559385   0.0290164433809863   -0.0648058364599766   0
0.790281556581355   0.300703310395396   0.00553193665853557   -0.0609038661639885   1
1.49321427040797   0.469003023442547   0.702932713826613   0.168299713047151   1
1.41002027727441   0.481744201086012   -0.0831939931335597   0.0127411776434653   1
1.4556250711447   0.4349656296048   0.0456047938702873   -0.0467785714812121   1
0.946219150295961   0.431969856804951   -0.509405920848735   -0.00299577279984881   1
0.912467009161975   0.730883220540607   -0.0337521411339855   0.298913363735656   1
1.67253749747532   0.52242928253066   0.760070488313343   -0.208453938009947   1
1.2586148424252   0.726905256974559   -0.413922655050123   0.204475974443899   1
1.74823347413468   0.949090821766942   0.489618631709481   0.222185564792383   1
1.65022009652561   0.508538292064789   -0.0980133776090644   -0.440552529702154   1
1.70001978334371   0.421735194579101   0.0497996868180999   -0.0868030974856875   1
2.23843344396701   0.413655313356555   0.538413660623296   -0.0080798812225461   1
2.21433321522417   0.424092221208595   -0.0241002287428396   0.0104369078520399   0
2.14314777011409   0.418648798753203   -0.0711854451100771   -0.00544342245539198   0
2.3433986491186   0.438864309788017   0.200250879004509   0.0202155110348138   1
2.85706595717565   0.519109913648834   0.513667308057047   0.0802456038608171   1
2.8274108408376   0.436871165054095   -0.029655116338045   -0.0822387485947389   1
2.74803010471465   0.453434135873614   -0.0793807361229546   0.0165629708195184   0
2.65398683953155   0.425607193203664   -0.0940432651831027   -0.02782694266995   0
2.68515454810573   0.427560244239335   0.0311677085741868   0.00195305103567167   0
2.8625627696407   0.466948777706131   0.177408221534964   0.039388533466796   0
2.77612195358504   0.518373170845678   -0.0864408160556578   0.0514243931395468   0
2.7141807139106   0.456388419461595   -0.061941239674439   -0.0619847513840833   0
2.46413139823285   0.461928607751523   -0.250049315677745   0.00554018828992786   0
2.55037513430519   0.505796568981295   0.0862437360723347   0.0438679612297724   0
2.61686701957417   0.502510667959895   0.0664918852689835   -0.00328590102139981   0
2.52319777259199   0.506950132373491   -0.093669246982186   0.00443946441359577   0
2.6856853558916   0.503640298254617   0.162487583299618   -0.00330983411887364   0
2.53664838992876   0.475882213786828   -0.149036965962846   -0.027758084467789   0
2.59765397338295   0.429834654612937   0.0610055834541887   -0.0460475591738916   0
2.31940348485271   0.412910769141772   -0.278250488530238   -0.0169238854711643   1
2.64728388116688   0.387056760164721   0.327880396314175   -0.0258540089770518   1
2.66278803069677   0.384648584152145   0.0155041495298898   -0.0024081760125752   0
2.33819046293346   0.354539827576889   -0.324597567763311   -0.0301087565752566   1
2.53025928439775   0.333852906267775   0.192068821464285   -0.0206869213091134   0
2.73003018288809   0.345925077117502   0.199770898490347   0.012072170849727   0
2.67780295698731   0.331694796638039   -0.0522272259007805   -0.0142302804794635   0
2.39064848225184   0.341790159374871   -0.287154474735471   0.0100953627368325   1
1.66013046712234   0.342009540510203   -0.730518015129502   0.00021938113533132   1
2.01686999294079   0.443135898683745   0.356739525818454   0.101126358173542   1
2.0833425716461   0.411915101582231   0.0664725787053091   -0.0312207971015133   0
2.25812027032131   0.361381864098076   0.174777698675209   -0.0505332374841557   0
2.62429675959241   0.267966843163012   0.366176489271102   -0.0934150209350642   1
2.63679844608666   0.431534297827531   0.0125016864942404   0.163567454664519   1
2.44979171076799   0.367304209796185   -0.187006735318664   -0.0642300880313454   1
2.15841985362243   0.517906967298423   -0.291371857145557   0.150602757502238   1
2.69408685468175   0.408322183355558   0.535667001059315   -0.109584783942865   1
2.61277231619845   0.536699510143712   -0.0813145384833014   0.128377326788153   0
2.57898588123394   0.497451363857061   -0.0337864349645072   -0.0392481462866506   0
2.37203757645832   0.368805541065681   -0.206948304775622   -0.12864582279138   0
2.44698513034563   0.442755047278684   0.0749475538873101   0.0739495062130029   0
2.51195436721452   0.392932017208448   0.0649692368688903   -0.0498230300702364   1
2.03977482964939   0.484024328168017   -0.472179537565125   0.0910923109595689   1
2.41157819393463   0.478475314167043   0.371803364285235   -0.00554901400097429   1
2.53158577116226   0.490255310523252   0.120007577227631   0.0117799963562092   0
2.49341774063031   0.458124998232196   -0.0381680305319492   -0.0321303122910553   0
1.88259853309243   0.476837720671824   -0.610819207537877   0.0187127224396271   1
2.27482472027847   0.682690810690499   0.392226187186033   0.205853090018675   1
2.26957719028973   0.668878510737563   -0.0052475299887389   -0.0138122999529356   1
2.45071234974527   0.615180314381483   0.181135159455547   -0.0536981963560801   0
2.46532989581111   0.559401220757293   0.0146175460658324   -0.0557790936241895   0
2.4286377614737   0.603743328906208   -0.0366921343374025   0.044342108148915   0
2.27584717328284   0.608603378740827   -0.152790588190864   0.0048600498346183   0
1.90655782430772   0.497203585474049   -0.369289348975116   -0.111399793266778   1
2.34262824999226   0.506501343749698   0.436070425684539   0.00929775827564921   1
2.38969145507051   0.591842230534033   0.0470632050782456   0.0853408867843352   0
2.28885987378302   0.553443312649769   -0.100831581287492   -0.0383989178842644   0
2.27213075577397   0.61164725346743   -0.0167291180090436   0.0582039408176606   0
1.92333579132798   0.515416437849289   -0.348794964445988   -0.0962308156181406   1
1.63671455731809   0.476286663934914   -0.28662123400989   -0.0391297739143746   1
1.83744547775573   0.588731626656408   0.200730920437642   0.112444962721493   1
2.01260522544288   0.538053111983613   0.175159747687149   -0.0506785146727952   0
2.03338271950585   0.425568340508901   0.020777494062965   -0.112484771474711   0
1.95669877916182   0.433352319444872   -0.0766839403440278   0.00778397893597044   0
1.47409719019901   0.411950256194847   -0.482601588962813   -0.0214020632500246   1
1.77255025712587   0.592857071187061   0.298453066926865   0.180906814992214   1
1.96329930025582   0.499820614365044   0.190749043129949   -0.0930364568220171   1
1.87294605848433   0.470304632701242   -0.0903532417714885   -0.0295159816638021   0
1.59487845670378   0.52738626450686   -0.278067601780551   0.0570816318056184   1
2.25876662483688   0.596452228108212   0.663888168133099   0.0690659636013514   1
1.91328886006638   0.564541589289266   -0.345477764770507   -0.0319106388189458   1
1.93788969356875   0.498926189189844   0.0246008335023786   -0.0656154000994218   0
1.94219462587095   0.46073349797117   0.00430493230219864   -0.0381926912186741   0
1.47116663701499   0.481515328283794   -0.471027988855961   0.0207818303126243   1
1.65195445906508   0.523404352324997   0.180787822050088   0.0418890240412033   0
1.87658465075386   0.483619787187725   0.224630191688784   -0.0397845651372729   1
1.61411112415162   0.422159714773035   -0.262473526602246   -0.0614600724146899   1
1.56036171373026   0.411533784152954   -0.0537494104213529   -0.0106259306200808   0
1.67944652104942   0.522134519652982   0.119084807319155   0.110600735500028   1
1.81550697712017   0.521362358971426   0.136060456070745   -0.000772160681555834   0
1.89424714892883   0.575881601370889   0.0787401718086649   0.0545192423994635   0
1.84985865864855   0.635047303191857   -0.0443884902802836   0.0591657018209673   0
1.83520919273335   0.558720212036848   -0.0146494659151948   -0.076327091155009   1
1.50641180337245   0.476706893611787   -0.328797389360901   -0.0820133184250602   1
1.41219312930811   0.358960918223697   -0.0942186740643383   -0.11774597538809   1
1.0925998283864   0.621365719653362   -0.319593300921708   0.262404801429664   1
1.18198800323734   0.826192077507707   0.0893881748509382   0.204826357854345   1
1.35049053543148   0.802549234473499   0.168502532194136   -0.0236428430342071   1
1.51085059353895   0.603021432147109   0.160360058107472   -0.199527802326391   0
1.46523788446177   0.61600037900658   -0.0456127090771818   0.0129789468594712   0
1.18647615288671   0.611109040339774   -0.278761731575062   -0.00489133866680536   0
1.41891779949721   0.462438653316037   0.232441646610502   -0.148670387023737   0
1.29085916792848   0.450541186049899   -0.128058631568731   -0.0118974672661378   0
1.50137209414189   0.405548185478927   0.210512926213412   -0.0449930005709725   0
1.20237746860738   0.482189613198221   -0.298994625534509   0.0766414277192942   0
1.37469081976057   0.565673889535968   0.172313351153195   0.0834842763377465   0
1.30430140494749   0.475550512056028   -0.070389414813083   -0.09012337747994   0
1.39375353515067   0.480344150309442   0.0894521302031823   0.00479363825341467   0
1.56759982908968   0.462127614408077   0.173846293939008   -0.0182165359013655   0
1.347346532984   0.44164390566213   -0.220253296105684   -0.0204837087459471   0
1.50934386073419   0.488728201301603   0.161997327750195   0.0470842956394732   0
1.48340528945329   0.522852340061943   -0.025938571280903   0.0341241387603405   0
1.24840697833839   0.379889669373885   -0.234998311114896   -0.142962670688058   1
1.51194136996745   0.335530106326541   0.263534391629052   -0.0443595630473442   1
1.33135255449862   0.311330944460232   -0.180588815468827   -0.0241991618663093   1
1.21371390036038   0.352861829335861   -0.117638654138242   0.0415308848756287   0
1.12807081310217   0.35612774542185   -0.0856430872582035   0.00326591608598936   0
1.35346249561855   0.348735117907919   0.225391682516378   -0.00739262751393127   0
1.05575690684688   0.346899387408294   -0.297705588771673   -0.00183573049962427   0
1.41545844568924   0.462658056565808   0.359701538842361   0.115758669157513   1
1.07796306476614   0.356004038274975   -0.337495380923105   -0.106654018290832   0
1.12036397908805   0.365029301718167   0.0424009143219106   0.00902526344319166   0
