0.376452337648261   0.167473015029653   0   0   0
0.337323284172439   0.173442635283254   -0.0391290534758217   0.00596962025360101   0
0.332570920797655   0.149706857113527   -0.00475236337478407   -0.0237357781697274   0
0.394729167829349   0.153870118105734   0.0621582470316937   0.00416326099220687   0
0.378969656038435   0.12332576432815   -0.0157595117909131   -0.0305443537775835   0
0.183843616325942   0.163297961591381   -0.195126039712494   0.0399721972632301   0
0.27283231482176   0.118559614510761   0.0889886984958186   -0.0447383470806196   0
0.209860844217877   0.145962460628033   -0.0629714706038831   0.0274028461172718   0
0.292274975825848   0.11846781133693   0.082414131607971   -0.0274946492911025   0
0.259028968745583   0.104540115921891   -0.0332460070802654   -0.0139276954150388   0
0.151190132974245   0.124564578370177   -0.107838835771337   0.0200244624482857   0
0.183398063832092   0.0954579759424272   0.0322079308578463   -0.02910660242775   1
0.189908389458444   0.123654471093247   0.00651032562635212   0.0281964951508197   1
0.198856864939609   0.0641402730495825   0.0089484754811654   -0.0595141980436644   1
0.130218985199663   0.159383722055775   -0.0686378797399464   0.0952434490061924   1
0.109771404542167   0.145444232303966   -0.0204475806574962   -0.013939489751809   1
0.210665878425648   0.036654575651389   0.100894473883482   -0.108789656652577   0
0.187809501710457   0.11479597550711   -0.0228563767151916   0.0781413998557211   0
0.235431737492123   0.0754752669224495   0.0476222357816666   -0.0393207085846606   0
0.155572404296938   0.0598671786091093   -0.079859333195185   -0.0156080883133402   0
0.0851017520650427   0.051956747749763   -0.0704706522318955   -0.00791043085934638   0
0.172589534131273   0.0715814327809447   0.0874877820662307   0.0196246850311817   0
0.169488693572725   0.0551297895321803   -0.00310084055854892   -0.0164516432487643   0
0.142328133093672   0.0389697459756825   -0.0271605604790525   -0.0161600435564978   0
0.214875931304579   0.105781334776628   0.0725477982109067   0.0668115888009452   0
0.139610191361125   0.0510837789590808   -0.0752657399434535   -0.054697555817547   0
0.149677273155947   0.108887298539143   0.0100670817948219   0.0578035195800624   0
0.144222721587307   0.0739483558295923   -0.00545455156863961   -0.0349389427095509   0
0.133323725789861   0.128681237151148   -0.0108989957974466   0.0547328813215557   1
0.151609891797996   0.173378338068867   0.018286166008135   0.0446971009177194   1
0.225579155242579   0.106283357185227   0.0739692634445833   -0.0670949808836407   1
0.193435534297709   0.17314963838914   -0.0321436209448705   0.0668662812039134   1
0.213519554177715   0.107702521355363   0.020084019880006   -0.0654471170337768   1
0.186742911436017   0.196607821709234   -0.0267766427416978   0.0889053003538708   1
0.1855213735099   0.117100183388637   -0.00122153792611629   -0.0795076383205968   0
0.166193437906706   0.1546406155389   -0.0193279356031949   0.037540432150263   0
0.155551420829319   0.170364822832503   -0.0106420170773863   0.0157242072936022   0
0.230474138447245   0.13420380698773   0.074922717617926   -0.0361610158447722   0
0.145317381400712   0.196054766293382   -0.0851567570465333   0.0618509593056512   0
0.244694668120027   0.154080611737988   0.0993772867193147   -0.041974154555394   0
0.119432020771693   0.220208718291965   -0.125262647348334   0.0661281065539774   0
0.242133907882415   0.15391671456831   0.122701887110723   -0.0662920037236553   0
0.210128912482338   0.17503168518514   -0.0320049954000775   0.0211149706168305   0
0.167520131615546   0.209159822483311   -0.0426087808667914   0.0341281372981705   0
0.273205048896264   0.179651728359345   0.105684917280718   -0.0295080941239652   0
0.163239984475649   0.238409644840708   -0.109965064420615   0.0587579164813626   0
0.193692545716808   0.224006007545557   0.030452561241159   -0.0144036372951512   0
0.225776516223455   0.247688245957575   0.0320839705066473   0.0236822384120179   0
0.156161043882118   0.270860836774163   -0.0696154723413366   0.0231725908165888   0
0.254230234452632   0.243206423743802   0.0980691905705132   -0.0276544130303609   0
0.20438512731422   0.235239185036741   -0.0498451071384114   -0.00796723870706162   0
0.231685476686067   0.246685790218042   0.0273003493718466   0.0114466051813015   0
0.234712629856171   0.276386386448392   0.00302715317010432   0.0297005962303498   0
0.147981042339382   0.345711601882986   -0.086731587516789   0.0693252154345935   0
0.264457906004951   0.274890727618267   0.116476863665569   -0.0708208742647192   0
0.158245297834501   0.306823177992635   -0.10621260817045   0.0319324503743682   0
0.281636377767947   0.255687788673511   0.123391079933446   -0.0511353893191238   0
0.198662937677967   0.316760480585884   -0.0829734400899799   0.0610726919123727   0
0.291359832842484   0.242970965372408   0.0926968951645161   -0.0737895152134754   0
0.200430849165716   0.294782306655691   -0.0909289836767676   0.051811341283283   0
0.290993816435831   0.248815350937698   0.0905629672701148   -0.0459669557179929   0
0.236464180391027   0.283682395485691   -0.0545296360448042   0.0348670445479926   0
0.326504114335425   0.247239308166198   0.0900399339443979   -0.0364430873194935   0
0.301826814681864   0.270318959583397   -0.024677299653561   0.0230796514171991   0
0.247140840300748   0.275286894370673   -0.0546859743811152   0.00496793478727625   0
0.39654655687006   0.244034201031843   0.149405716569312   -0.0312526933388297   0
0.237087913780943   0.295785508964266   -0.159458643089117   0.0517513079324231   0
0.29880715963847   0.283278412423626   0.0617192458575265   -0.0125070965406401   0
0.23107870517856   0.31608722713596   -0.0677284544599095   0.032808814712334   0
0.250330936852879   0.301845979024899   0.0192522316743185   -0.0142412481110607   0
0.364230381011634   0.277235485861749   0.113899444158755   -0.0246104931631504   0
0.202352261855409   0.322759211781012   -0.161878119156225   0.0455237259192628   0
0.283034594894758   0.346724357902282   0.0806823330393494   0.0239651461212706   0
0.334778512277894   0.358565649396662   0.0517439173831356   0.0118412914943797   0
0.139054477986184   0.471070287063406   -0.19572403429171   0.112504637666744   0
0.228101263102597   0.453508381436606   0.0890467851164131   -0.0175619056268004   0
0.22794827258569   0.415392333522479   -0.000152990516906676   -0.0381160479141273   0
0.334689717469569   0.392276249066904   0.106741444883879   -0.0231160844555742   0
0.198305613042697   0.453330501178224   -0.136384104426872   0.0610542521113198   0
0.382253990545462   0.429865352377346   0.183948377502765   -0.023465148800878   0
0.247575418233798   0.469379355671135   -0.134678572311664   0.039514003293789   0
0.220550084167329   0.480508758239379   -0.0270253340664686   0.011129402568244   0
0.328105538044224   0.485044841455406   0.107555453876895   0.00453608321602705   0
0.168257798183413   0.551928667422929   -0.159847739860812   0.0668838259675226   0
0.349520758331762   0.508284733769617   0.181262960148349   -0.0436439336533122   0
0.161420376985993   0.551051278806247   -0.188100381345769   0.0427665450366304   0
0.353105741856515   0.473186041293485   0.191685364870523   -0.0778652375127616   0
0.207639061886245   0.554464973266121   -0.14546667997027   0.0812789319726354   0
0.236203689319727   0.507462761393878   0.0285646274334815   -0.0470022118722427   0
0.327918538612625   0.497575279090511   0.0917148492928987   -0.009887482303367   0
0.192165784977998   0.542953394522955   -0.135752753634628   0.0453781154324444   0
0.391605895079747   0.521776934839496   0.19944011010175   -0.0211764596834592   0
0.22449174930273   0.588627209779883   -0.167114145777017   0.0668502749403864   0
0.399569621034933   0.508457420158267   0.175077871732203   -0.0801697896216161   0
0.245579392093474   0.578324436662069   -0.15399022894146   0.0698670165038029   0
0.362419999990467   0.516951784949525   0.116840607896993   -0.0613726517125444   0
0.26056992871972   0.557351569850889   -0.101850071270747   0.0403997849013635   0
0.244291416341958   0.54389759238068   -0.0162785123777618   -0.013453977470209   0
0.30392483770439   0.523621249942647   0.059633421362432   -0.0202763424380326   0
0.168953829838953   0.612918830722511   -0.134971007865437   0.0892975807798638   0
0.349712683460595   0.538880159609027   0.180758853621641   -0.0740386711134843   0
0.206799779095167   0.633027581115744   -0.142912904365427   0.0941474215067175   0
0.290010631641324   0.567151639299623   0.0832108525461571   -0.0658759418161207   0
0.227167425864713   0.61103368501356   -0.0628432057766112   0.0438820457139362   0
0.199914289182239   0.60085153734034   -0.027253136682474   -0.0101821476732195   0
0.256035586324558   0.616454413476982   0.0561212971423183   0.0156028761366419   0
0.172093700840124   0.622893382987008   -0.0839418854844339   0.00643896951002632   0
0.268569453784845   0.599277345515622   0.0964757529447213   -0.0236160374713864   0
0.160697259578656   0.646536373455121   -0.107872194206189   0.0472590279394993   0
0.27211191423611   0.57176296638664   0.111414654657454   -0.0747734070684813   0
0.188946450981779   0.70558501434944   -0.0831654632543303   0.133822047962801   0
0.269185465981654   0.668704619452603   0.0802390149998741   -0.0368803948968378   0
0.187798642847199   0.653474483690832   -0.0813868231344541   -0.0152301357617702   0
0.217349330563151   0.64648735908156   0.0295506877159518   -0.00698712460927242   0
0.22822799028649   0.617939578518199   0.0108786597233384   -0.0285477805633605   0
0.155858054118162   0.664692142339219   -0.0723699361683273   0.0467525638210191   0
0.228943523225624   0.593491590131023   0.0730854691074612   -0.0712005522081958   0
0.164935982727997   0.660105116890863   -0.0640075404976269   0.0666135267598402   0
0.226335566465127   0.606093625631593   0.0613995837371306   -0.0540114912592697   0
0.209889596990894   0.634197182109003   -0.0164459694742329   0.0281035564774097   0
0.156500337522192   0.679738962607154   -0.0533892594687023   0.0455417804981511   0
0.260490699745692   0.638477957164145   0.1039903622235   -0.0412610054430088   0
0.162353280504984   0.657182120593866   -0.0981374192407076   0.0187041634297204   0
0.267384108858417   0.645257993800348   0.105030828353433   -0.0119241267935176   0
0.179134949294887   0.654477140886716   -0.0882491595635308   0.00921914708636784   0
0.340914128267296   0.586399156617743   0.161779178972409   -0.068077984268973   0
0.187574727205608   0.688371118400533   -0.153339401061687   0.10197196178279   0
0.293341205564595   0.642071518247189   0.105766478358987   -0.0462996001533439   0
0.219645475840045   0.713901601104277   -0.0736957297245496   0.0718300828570879   0
0.249879093285633   0.649591987067652   0.0302336174455874   -0.0643096140366252   0
0.244636276668036   0.699934037467996   -0.00524281661759654   0.0503420504003445   0
0.200753684798686   0.716530649068482   -0.0438825918693508   0.016596611600486   0
0.237240059928103   0.725196895816061   0.0364863751294176   0.00866624674757854   0
0.194693316532361   0.718025364492091   -0.0425467433957425   -0.00717153132396964   0
0.235891327542769   0.683260474994895   0.0411980110104084   -0.0347648894971956   0
0.208596444630201   0.737921273529399   -0.0272948829125684   0.0546607985345037   0
0.295244885943517   0.675412130261961   0.0866484413133158   -0.0625091432674381   0
0.238760333672095   0.773041462699285   -0.0564845522714219   0.0976293324373241   1
0.236570123862334   0.684556694337474   -0.00219020980976081   -0.0884847683618109   0
0.271730370926844   0.763766462040099   0.0351602470645097   0.0792097677026249   0
0.218384151492845   0.708983189363648   -0.0533462194339983   -0.0547832726764512   0
0.230153310384622   0.712815553935589   0.0117691588917764   0.00383236457194081   0
0.218109807955741   0.753956170546074   -0.0120435024288812   0.0411406166104851   0
0.217279381131068   0.69783291359483   -0.000830426824672298   -0.0561232569512432   0
0.315542085120591   0.821170395941823   0.0982627039895223   0.123337482346992   0
0.236103779962986   0.696072634327769   -0.0794383051576047   -0.125097761614054   0
0.260089136533324   0.775789292376641   0.0239853565703381   0.0797166580488723   0
0.217636309282482   0.728421112459682   -0.0424528272508423   -0.0473681799169599   0
0.298736961280321   0.808725686233596   0.0811006519978393   0.080304573773914   0
0.244196785269726   0.698044308701998   -0.0545401760105945   -0.110681377531598   0
0.319031973905438   0.796324709347575   0.0748351886357114   0.0982804006455774   0
0.29387866641131   0.745149876650664   -0.0251533074941279   -0.0511748326969108   0
0.307984770155928   0.807191103106321   0.0141061037446184   0.0620412264556572   0
0.337943689964709   0.821841894730519   0.029958919808781   0.0146507916241979   0
0.262919799914156   0.761008256188788   -0.075023890050553   -0.0608336385417314   0
0.354960849053808   0.887403975118013   0.0920410491396513   0.126395718929225   1
0.271304142370514   0.839585285050899   -0.0836567066832938   -0.047818690067113   0
0.327466869791434   0.884147622776451   0.0561627274209202   0.044562337725552   0
0.350537768923749   0.872768516154341   0.0230708991323155   -0.0113791066221106   0
0.25117275864315   0.807850672100358   -0.0993650102805997   -0.064917844053983   0
0.355517697788577   0.866968834612295   0.104344939145427   0.0591181625119368   0
0.278934134800404   0.790813089293703   -0.076583562988173   -0.0761557453185917   0
0.29444889858174   0.865969536338317   0.0155147637813363   0.0751564470446143   0
0.332509943308378   0.849873291168307   0.0380610447266379   -0.0160962451700102   0
0.265941947458575   0.802315489195803   -0.066567995849803   -0.0475578019725044   0
0.352912347364045   0.894607052956353   0.0869703999054693   0.0922915637605499   0
0.363120689855439   0.874664421916343   0.0102083424913946   -0.0199426310400099   0
0.264096138027178   0.836314653638958   -0.0990245518282616   -0.0383497682773849   0
0.368828782739363   0.920335441837649   0.104732644712185   0.084020788198691   0
0.264060895185202   0.811597850419159   -0.104767887554161   -0.108737591418489   0
0.365588746556961   0.90755767501052   0.10152785137176   0.0959598245913602   0
0.283755508491448   0.793619506218188   -0.0818332380655135   -0.113938168792332   0
0.350348044667014   0.893484332109411   0.0665925361755663   0.0998648258912234   0
0.322180706928953   0.857726132620722   -0.0281673377380608   -0.0357581994886891   0
0.314911723028867   0.830792767396449   -0.0072689839000859   -0.0269333652242729   0
0.411490731430551   0.872420549267525   0.0965790084016839   0.0416277818710761   0
0.309247794452927   0.809948150628329   -0.102242936977624   -0.0624723986391963   0
0.518129449822146   0.943329887446592   0.208881655369219   0.133381736818263   0
0.312761912810304   0.8164216218727   -0.205367537011843   -0.126908265573892   0
0.408896931870368   0.897243317245244   0.0961350190600638   0.0808216953725442   0
0.364668872186316   0.848991200867977   -0.044228059684051   -0.0482521163772671   0
0.368948530261553   0.920020223765489   0.00427965807523639   0.0710290228975118   0
0.342639900113282   0.872740920301237   -0.0263086301482707   -0.047279303464252   0
0.330488327229571   0.936045827210132   -0.0121515728837113   0.0633049069088949   0
0.205076022714553   0.86324857663494   -0.125412304515018   -0.0727972505751918   0
0.280873365122078   0.855396311918049   0.0757973424075244   -0.00785226471689104   0
0.274981885284631   0.833729531417114   -0.0058914798374467   -0.0216667805009354   0
0.3457577758192   0.81927472306379   0.0707758905345687   -0.0144548083533236   0
0.242346788981596   0.803950071381924   -0.103410986837604   -0.0153246516818665   0
