0.148942927796186   0.286850148806724   0   0   0
0.132936672586048   0.280418526743959   -0.0160062552101389   -0.00643162206276543   0
0.17832444225986   0.29383069835358   0.0453877696738121   0.0134121716096209   0
0.134809772938055   0.276787276689162   -0.0435146693218045   -0.0170434216644183   0
0.155316778276173   0.273103133634992   0.0205070053381182   -0.00368414305416925   0
0.134993446618345   0.272811569942515   -0.0203233316578282   -0.000291563692476959   0
0.121674888905682   0.247942942967737   -0.0133185577126634   -0.0248686269747783   0
0.135153914142839   0.232370750151756   0.0134790252371577   -0.0155721928159807   0
0.119379124354889   0.200930952769005   -0.0157747897879506   -0.0314397973827517   0
0.131233069507499   0.196850659316022   0.01185394515261   -0.00408029345298286   0
0.12947776667602   0.205248780978378   -0.00175530283147829   0.00839812166235573   0
0.0845197451498169   0.185311737398876   -0.0449580215262035   -0.0199370435795015   0
0.0964459957535304   0.159955291340651   0.0119262506037135   -0.0253564460582252   0
0.112451158715995   0.152436784478386   0.016005162962465   -0.00751850686226446   0
0.0745605894507279   0.121880251933814   -0.0378905692652675   -0.0305565325445723   0
0.0725164348410759   0.112411310560793   -0.00204415460965207   -0.00946894137302133   0
0.0870967661063257   0.102928156087899   0.0145803312652498   -0.00948315447289333   0
0.0568822475359967   0.0747536022140245   -0.030214518570329   -0.028174553873875   0
0.08105649665215   0.0638166739081341   0.0241742491161533   -0.0109369283058903   0
0.0663886872104728   0.0796000627691335   -0.0146678094416771   0.0157833888609994   0
0.0393283199980625   0.0505417501084144   -0.0270603672124104   -0.0290583126607191   0
0.0657612541734113   0.0255330852288829   0.0264329341753488   -0.0250086648795315   0
0.0769705439426018   0.0467817913820687   0.0112092897691906   0.0212487061531858   0
0.0235096331271779   0.0714002379251113   -0.0534609108154239   0.0246184465430426   0
0.0420985998255476   0.0751026118868379   0.0185889666983698   0.00370237396172657   0
0.0932605833301508   0.056792305967468   0.0511619835046031   -0.0183103059193699   0
0.0484983971593536   0.0790787991586556   -0.0447621861707971   0.0222864931911877   0
0.0566346652068095   0.0731759726001814   0.0081362680474559   -0.00590282655847424   0
0.070263648332477   0.0793481244725576   0.0136289831256675   0.00617215187237623   0
0.0625654073805166   0.0967629928285086   -0.00769824095196042   0.0174148683559509   0
0.0612757155301348   0.102435844545611   -0.00128969185038182   0.00567285171710204   0
0.058858634622068   0.126908038021632   -0.00241708090806678   0.0244721934760214   0
0.0687268527675318   0.118077315516667   0.00986821814546385   -0.00883072250496517   0
0.0820353285759861   0.139707180959391   0.0133084758084542   0.021629865442724   0
0.0770547539084384   0.144328515871986   -0.00498057466754773   0.0046213349125947   0
0.0879219146145123   0.164746199142378   0.010867160706074   0.0204176832703922   0
0.102548699656407   0.178731137427282   0.0146267850418948   0.0139849382849044   0
0.0967523934508082   0.203962960284766   -0.00579630620559891   0.0252318228574838   0
0.198261918329813   0.1430945922195   0.101509524879005   -0.0608683680652659   0
0.243174116545943   0.168756666791189   0.0449121982161299   0.0256620745716893   0
0.236010079139789   0.15431998847263   -0.00716403740615401   -0.0144366783185598   0
0.226299097745572   0.147338370829869   -0.00971098139421717   -0.00698161764276048   0
0.208895727470525   0.166822079654133   -0.0174033702750467   0.0194837088242643   0
0.209944357902807   0.170884717382216   0.00104863043228204   0.00406263772808313   0
0.192098908970146   0.18251611161479   -0.0178454489326615   0.0116313942325736   0
0.200884409299135   0.195402852761212   0.00878550032898937   0.0128867411464222   0
0.238252253493015   0.202980820872331   0.03736784419388   0.00757796811111897   0
0.242356152211021   0.204655777056384   0.00410389871800576   0.00167495618405314   0
0.242841520054065   0.218574675931141   0.000485367843044038   0.0139188988747562   0
0.27910939719257   0.226813380518109   0.0362678771385053   0.0082387045869684   0
0.29075786053643   0.258779833498116   0.0116484633438599   0.0319664529800067   0
0.294865380345762   0.309607656206242   0.00410751980933205   0.0508278227081262   0
0.33543911952797   0.314654447686172   0.040573739182208   0.00504679147993015   0
0.360745599931226   0.346937716261017   0.0253064804032554   0.032283268574845   0
0.364827401630689   0.366034546698058   0.00408180169946315   0.0190968304370405   0
0.374964568213385   0.36269444860083   0.0101371665826958   -0.00334009809722779   0
0.364858832873236   0.398623729023073   -0.0101057353401486   0.0359292804222427   0
0.360273556017993   0.406378284282656   -0.00458527685524301   0.00775455525958396   0
0.40662867526826   0.380163457731109   0.0463551192502668   -0.0262148265515478   0
0.425007515249378   0.428940544793809   0.0183788399811178   0.0487770870627006   0
0.453326897096621   0.454457445892803   0.0283193818472429   0.0255169010989937   0
0.480322630140305   0.485872620174815   0.0269957330436842   0.031415174282012   0
0.492212041595924   0.526904086274791   0.0118894114556193   0.0410314660999762   0
0.538452526241971   0.583256494530547   0.0462404846460466   0.0563524082557563   0
0.562634461809299   0.59417451424941   0.0241819355673288   0.0109180197188629   0
0.576873944314527   0.63679503866673   0.0142394825052276   0.04262052441732   0
0.610179199754334   0.6600436344667   0.0333052554398074   0.0232485957999693   0
0.623122398417237   0.693825621873798   0.0129431986629027   0.0337819874070983   0
0.631638383908079   0.735882481738433   0.00851598549084209   0.0420568598646355   0
0.682253121383113   0.780802418987842   0.0506147374750333   0.0449199372494088   0
0.700676636144384   0.781616258551625   0.0184235147612718   0.000813839563782448   0
0.705990078879817   0.798422671222613   0.00531344273543255   0.0168064126709883   0
0.766466814319603   0.83046095878423   0.0604767354397856   0.032038287561617   0
0.800228331886569   0.849787817759305   0.033761517566966   0.0193268589750756   0
0.837387540907816   0.8747345127179   0.0371592090212479   0.0249466949585949   0
0.727189336840138   0.791262392676932   -0.110198204067678   -0.0834721200409687   0
0.854392106053333   0.69811815049304   0.127202769213195   -0.0931442421838917   0
0.916220726817048   0.77508241099929   0.061828620763715   0.0769642605062503   0
0.91706035250195   0.816024985424314   0.000839625684901368   0.0409425744250244   0
0.92728430675872   0.856063628865869   0.0102239542567704   0.0400386434415543   0
0.9510739958284   0.884531662958581   0.0237896890696804   0.028468034092712   0
0.985272200455285   0.921652565699761   0.0341982046268851   0.0371209027411804   0
1.00941063138101   0.925439615349955   0.0241384309257201   0.00378704965019361   0
1.05013971481989   0.936318225305811   0.0407290834388847   0.0108786099558559   0
1.05489984652857   0.958604893383464   0.00476013170867962   0.0222866680776534   0
1.05671299598188   0.987696460831976   0.00181314945331001   0.0290915674485115   0
1.07567398534798   0.983903606867981   0.018960989366102   -0.00379285396399465   0
1.07729827489717   1.0203154596657   0.00162428954918448   0.036411852797716   0
1.08155339980136   1.03538898628478   0.00425512490419822   0.0150735266190822   0
1.10234792085178   1.05048483305696   0.020794521050419   0.0150958467721778   0
1.08259852650463   1.09575111733824   -0.0197493943471516   0.045266284281287   0
1.09697841440351   1.13136114705801   0.0143798878988786   0.0356100297197635   0
1.10270818875048   1.14548328579381   0.00572977434696753   0.0141221387357979   0
1.09440095145714   1.17717824483985   -0.00830723729333926   0.0316949590460491   0
1.11092895000645   1.18924528819124   0.0165279985493141   0.0120670433513843   0
1.1216372207085   1.21514792106334   0.0107082707020481   0.0259026328721035   0
1.13307361286845   1.27984542415942   0.0114363921599483   0.0646975030960795   0
1.19469237518493   1.29077029532217   0.0616187623164768   0.0109248711627448   0
1.22372879857495   1.33083317175181   0.029036423390024   0.04006287642964   0
1.21838375523741   1.36779990548319   -0.00534504333754104   0.0369667337313835   0
1.25777658534018   1.41093567803095   0.0393928301027697   0.0431357725477612   0
1.29322112109664   1.44435710037151   0.0354445357564575   0.0334214223405609   0
1.28214241912315   1.48508439646784   -0.011078701973487   0.0407272960963292   0
1.32431968419838   1.5177224878307   0.0421772650752283   0.0326380913628588   0
1.33731145314227   1.55545623261021   0.0129917689438928   0.0377337447795139   0
1.34234732936934   1.57367531855123   0.00503587622707036   0.0182190859410123   0
1.33910050364993   1.61525069705234   -0.0032468257194127   0.0415753785011113   0
1.35926997608211   1.62080812111468   0.0201694724321786   0.00555742406234372   0
1.37464523299119   1.65444815034426   0.0153752569090859   0.0336400292295813   0
1.36929298910556   1.68391619991188   -0.00535224388563194   0.0294680495676156   0
1.47357231367595   1.65654491577215   0.104279324570389   -0.0273712841397269   0
1.50034801734839   1.64648413427165   0.0267757036724425   -0.0100607815005058   0
1.50008617408697   1.7016513779704   -0.000261843261419203   0.0551672436987551   0
1.53975845354166   1.71853371709521   0.039672279454686   0.0168823391248125   0
1.52872543972691   1.71644376768163   -0.0110330138147468   -0.00208994941358531   0
1.53016056206636   1.73647986435794   0.00143512233945198   0.0200360966763102   0
1.56876406961817   1.7256830078918   0.0386035075518056   -0.0107968564661354   0
1.59622465497198   1.6742216479445   0.0274605853538086   -0.0514613599473019   0
1.60455160044582   1.69291962005355   0.00832694547384483   0.0186979721090472   0
1.62610104421825   1.71824841853237   0.0215494437724293   0.0253287984788249   0
1.62519493815316   1.72992930762763   -0.000906106065096335   0.0116808890952538   0
1.60322662467464   1.72513380760131   -0.0219683134785154   -0.00479550002631468   0
1.621135168316   1.76486307291104   0.017908543641364   0.0397292653097285   0
1.66241915513307   1.78102474848442   0.0412839868170687   0.016161675573382   0
1.62770034254466   1.80299222924587   -0.034718812588411   0.0219674807614498   0
1.63625294121106   1.82264664565406   0.00855259866639657   0.0196544164081889   0
1.67409871404437   1.85748842971255   0.0378457728333075   0.03484178405849   0
1.689484669314   1.91210380888571   0.0153859552696349   0.0546153791731614   0
1.74338893410553   1.93134098879224   0.0539042647915275   0.019237179906531   0
1.79844367504152   1.91854274048228   0.0550547409359896   -0.0127982483099656   0
1.78176405873646   1.96921811184852   -0.0166796163050533   0.0506753713662422   0
1.83794776555528   1.98030962923283   0.0561837068188134   0.0110915173843056   0
1.88060916384771   2.00749645679818   0.0426613982924362   0.0271868275653551   0
1.88222061155887   2.01794749485362   0.00161144771115418   0.0104510380554395   0
1.92443870516745   2.03742302385446   0.0422180936085785   0.019475529000839   0
1.94907554116847   2.08059946024151   0.0246368360010218   0.0431764363870477   0
1.91809671632737   2.11950625349254   -0.0309788248410987   0.0389067932510372   0
1.94447747148368   2.11495795747244   0.0263807551563084   -0.00454829602010287   0
1.93456302424042   2.13590268957934   -0.00991444724325596   0.020944732106897   0
1.91594890039968   2.15691112344302   -0.018614123840738   0.0210084338636864   0
1.96557741805501   2.18455585317611   0.0496285176553282   0.0276447297330846   0
1.97688865107189   2.21110226547666   0.0113112330168781   0.0265464123005463   0
1.96635861102907   2.23557654652083   -0.0105300400428243   0.0244742810441743   0
2.00917423095316   2.24408619126611   0.0428156199240908   0.00850964474528348   0
2.01630799602318   2.27521321288846   0.00713376507002206   0.0311270216223511   0
2.01396233980227   2.30146169770018   -0.00234565622090832   0.0262484848117168   0
2.06570528157921   2.28279109526277   0.0517429417769404   -0.0186706024374108   0
2.17303924291532   2.15719797630659   0.107333961336111   -0.12559311895618   0
2.13961978014436   2.20632706128398   -0.0334194627709627   0.0491290849773893   0
2.20867920854858   2.21609175561144   0.0690594284042154   0.00976469432746185   0
2.20823213501839   2.32609935245364   -0.000447073530182696   0.1100075968422   0
2.23228136708635   2.38788899535369   0.024049232067954   0.0617896429000475   0
2.2137463271629   2.41883828589682   -0.0185350399234419   0.030949290543127   0
2.22578519776413   2.47237057782324   0.0120388706012213   0.0535322919264192   0
2.26001530375241   2.49654219979575   0.0342301059882821   0.0241716219725143   0
2.3027633791567   2.52262257993645   0.0427480754042868   0.0260803801407041   0
2.31201720226682   2.58987385214917   0.00925382311012424   0.0672512722127196   0
2.31320158005777   2.60991060891216   0.00118437779094993   0.020036756762988   0
2.32920320884423   2.62902214240371   0.0160016287864586   0.0191115334915501   0
2.35155150645704   2.66030120555103   0.0223482976128113   0.0312790631473159   0
2.36863075231236   2.67993462289666   0.0170792458553199   0.0196334173456303   0
2.40094950316291   2.69046434366616   0.0323187508505494   0.0105297207695059   0
2.41252882818311   2.7347398842139   0.0115793250201981   0.0442755405477357   0
2.42602920130313   2.73578516758942   0.0135003731200229   0.00104528337551679   0
2.4190636423015   2.74634849630873   -0.00696555900162643   0.0105633287193188   0
2.41017645567064   2.77310014432264   -0.0088871866308633   0.0267516480139056   0
2.43349930025852   2.79259187977804   0.0233228445878795   0.0194917354554005   0
2.44575517155554   2.82057058027715   0.0122558712970235   0.0279787004991126   0
2.46593741451978   2.86737979808697   0.0201822429642387   0.0468092178098125   0
2.51709353526037   2.8725428810768   0.0511561207405915   0.0051630829898337   0
2.52142219944896   2.89282871799511   0.00432866418858291   0.0202858369183141   0
2.51693250980002   2.9092592255035   -0.00448968964893792   0.016430507508391   0
2.52681656024144   2.9155642379236   0.00988405044141727   0.00630501242009096   0
2.53461329503793   2.94302074998754   0.00779673479649157   0.0274565120639489   0
2.53673056516533   2.99119043252448   0.00211727012740237   0.0481696825369373   0
2.59763530244957   3.02529838006208   0.0609047372842446   0.0341079475375978   0
2.63747146938382   3.08174727570988   0.0398361669342449   0.0564488956477973   0
2.63606682942762   3.09515567900647   -0.00140463995619378   0.0134084032965927   0
2.66788173168733   3.11851404832157   0.0318149022597094   0.0233583693151025   0
2.6837348773986   3.16867829475165   0.0158531457112678   0.0501642464300813   0
2.7038645293368   3.180824485452   0.020129651938193   0.0121461907003497   0
2.73183817416283   3.22830614347373   0.0279736448260324   0.0474816580217303   0
2.76219001148309   3.250092211774   0.0303518373202643   0.0217860683002646   0
2.8017167268159   3.244002515778   0.039526715332808   -0.00608969599599751   0
2.80489733731595   3.26818342333203   0.00318061050004737   0.0241809075540265   0
2.82684714572547   3.26377960438906   0.0219498084095235   -0.00440381894296893   0
2.84237220946956   3.28091592594675   0.0155250637440929   0.0171363215576883   0
2.83952377594448   3.29099107719046   -0.00284843352508179   0.0100751512437172   0
2.86427114389297   3.27365630259821   0.0247473679484917   -0.0173347745922512   0
