0.341064159347768   0.242229152293464   0   0   0
0.351093997679439   0.236006034650589   0.0100298383316706   -0.00622311764287464   0
0.351118723577653   0.246182323565808   2.47258982135068e-05   0.0101762889152186   0
0.314776103747298   0.227003923591411   -0.0363426198303541   -0.0191783999743969   0
0.316715557249798   0.238216109467438   0.00193945350249941   0.0112121858760276   0
0.292092479602437   0.226704843150968   -0.024623077647361   -0.0115112663164702   0
0.234863428203201   0.160320509071438   -0.0572290513992361   -0.0663843340795301   0
0.250555698195371   0.177434823432225   0.0156922699921706   0.0171143143607874   0
0.204011868675085   0.14361462963847   -0.0465438295202867   -0.033820193793755   0
0.187589033722763   0.142879575230279   -0.0164228349523214   -0.00073505440819116   0
0.174873291594171   0.124668785837013   -0.0127157421285921   -0.0182107893932662   0
0.106553865084144   0.0915123400925525   -0.0683194265100269   -0.0331564457444604   0
0.109096261064667   0.0868613616200508   0.00254239598052292   -0.00465097847250177   0
0.144608600049438   0.108816292576355   0.0355123389847712   0.0219549309563043   0
0.102218503481446   0.0840796417334703   -0.0423900965679922   -0.0247366508428847   0
0.101130520102143   0.0784849980092803   -0.00108798337930281   -0.00559464372419007   0
0.100676306104068   0.0722144461141157   -0.000454213998075256   -0.00627055189516453   0
0.0604942236397823   0.0600333894397285   -0.0401820824642857   -0.0121810566743873   0
0.0796144420920602   0.0533959449875178   0.0191202184522778   -0.00663744445221068   0
0.0922813354694762   0.0469874575224336   0.012666893377416   -0.00640848746508419   0
0.0538680330877228   0.0426475162284394   -0.0384133023817533   -0.00433994129399421   0
0.0584593745469801   0.0314464195240889   0.00459134145925725   -0.0112010967043505   0
0.0551763753308425   0.0445974697832456   -0.00328299921613762   0.0131510502591566   0
0.0875135906740439   0.0873669872430612   0.0323372153432014   0.0427695174598157   0
0.0899180866259953   0.0351261113874351   0.00240449595195145   -0.0522408758556261   0
0.0822043966928169   0.0733284987837418   -0.00771368993317846   0.0382023873963067   0
0.10009066163515   0.090592581799022   0.0178862649423332   0.0172640830152802   0
0.0892762252764419   0.044097560311456   -0.0108144363587082   -0.046495021487566   0
0.0740569874146255   0.0682783889636575   -0.0152192378618164   0.0241808286522014   0
0.0785884439239001   0.0779739461065041   0.00453145650927464   0.0096955571428466   0
0.0794871082977611   0.0680547219940117   0.000898664373860936   -0.00991922411249233   0
0.0955129939353196   0.0763973249970999   0.0160258856375585   0.00834260300308813   0
0.112722783768056   0.0923913294419991   0.0172097898327368   0.0159940044448992   0
0.107379444974585   0.0764057312268851   -0.00534333879347107   -0.015985598215114   0
0.112959674417125   0.0755704442206905   0.00558022944253972   -0.000835287006194521   0
0.128795454005178   0.0966057410917307   0.0158357795880532   0.0210352968710401   0
0.104106862270361   0.0855198900906976   -0.0246885917348169   -0.0110858510010331   0
0.107819692311238   0.0998610136414607   0.00371283004087641   0.0143411235507631   0
0.145239392597222   0.124229850506602   0.0374197002859842   0.0243688368651415   0
0.136225262476385   0.141181261533967   -0.00901413012083702   0.0169514110273652   0
0.173851368505837   0.217392767718144   0.0376261060294516   0.0762115061841769   0
0.20510974384056   0.233412954520657   0.0312583753347229   0.0160201868025132   0
0.198095369983062   0.213702121946718   -0.00701437385749715   -0.0197108325739393   0
0.216772538721222   0.232829633116497   0.0186771687381593   0.0191275111697786   0
0.24439044074311   0.242066490281994   0.0276179020218883   0.00923685716549683   0
0.245260617006698   0.242540087151387   0.000870176263588318   0.00047359686939355   0
0.248480919804179   0.258153745080354   0.00322030279748076   0.015613657928967   0
0.288642189794192   0.275424722057521   0.0401612699900125   0.0172709769771665   0
0.257518057141169   0.260444163401779   -0.0311241326530224   -0.0149805586557418   0
0.258002746248729   0.274102706386917   0.000484689107559333   0.0136585429851382   0
0.301893115121022   0.294720030435178   0.0438903688722939   0.0206173240482614   0
0.297508238629812   0.290512743097721   -0.00438487649121078   -0.00420728733745734   0
0.288394582497431   0.28872157984154   -0.00911365613238058   -0.00179116325618073   0
0.327752800179895   0.308018465922378   0.0393582176824636   0.0192968860808373   0
0.33807705140479   0.32281891839016   0.0103242512248953   0.0148004524677818   0
0.303822681158289   0.296122522466736   -0.0342543702465006   -0.0266963959234237   0
0.324975071688951   0.31848749011544   0.0211523905306615   0.0223649676487041   0
0.358383296195222   0.3242105575891   0.033408224506271   0.00572306747365975   0
0.335680638255951   0.300945142649371   -0.0227026579392711   -0.0232654149397292   0
0.355527611717965   0.336627935969599   0.0198469734620146   0.0356827933202286   0
0.369602399044359   0.340706641470067   0.0140747873263936   0.00407870550046741   0
0.349821212982668   0.309234682197651   -0.0197811860616914   -0.0314719592724151   0
0.37023093911405   0.322256075823234   0.0204097261313828   0.0130213936255826   0
0.386890468189769   0.350505572047307   0.0166595290757189   0.0282494962240731   0
0.366926008765855   0.318538983392065   -0.0199644594239147   -0.0319665886552425   0
0.384227561191284   0.330779467654618   0.017301552425429   0.0122404842625534   0
0.412759703944211   0.364910479483904   0.0285321427529271   0.0341310118292857   0
0.405337470142868   0.355310984809522   -0.00742223380134305   -0.00959949467438154   0
0.378117771500417   0.335120763179574   -0.0272196986424506   -0.0201902216299484   0
0.409942867306249   0.363801668777385   0.0318250958058314   0.0286809055978111   0
0.393555114151439   0.340318106878271   -0.0163877531548096   -0.0234835618991142   0
0.468788146828048   0.482261080864217   0.0752330326766092   0.141942973985946   0
0.419609983364556   0.416208417094516   -0.0491781634634922   -0.0660526637697006   0
0.402252634660362   0.41167543017324   -0.0173573487041943   -0.00453298692127563   0
0.414108028835396   0.389972368966318   0.011855394175034   -0.0217030612069218   0
0.260775653153395   0.312591987001027   -0.153332375682   -0.0773803819652918   0
0.288495928183553   0.355327394926496   0.027720275030158   0.0427354079254693   0
0.286724902788823   0.337783001796849   -0.00177102539473051   -0.0175443931296471   0
0.349935613180139   0.381872652972575   0.0632107103913163   0.0440896511757259   0
0.33750057355692   0.37972257542502   -0.0124350396232192   -0.00215007754755481   0
0.310331550418548   0.37145694181493   -0.0271690231383717   -0.00826563361009031   0
0.318916930811621   0.348327260612775   0.00858538039307288   -0.0231296812021547   0
0.313914704039339   0.335898587063864   -0.00500222677228251   -0.0124286735489113   0
0.329081126192804   0.346171069620571   0.0151664221534649   0.010272482556707   0
0.347314404439858   0.360969742369773   0.0182332782470543   0.0147986727492019   0
0.302676064963413   0.325876517820017   -0.0446383394764451   -0.0350932245497554   0
0.337503839500671   0.355751627587633   0.0348277745372583   0.0298751097676159   0
0.321799417895442   0.332642651014944   -0.0157044216052292   -0.0231089765726888   0
0.315003614711147   0.349432348889595   -0.00679580318429451   0.0167896978746512   0
0.348579504329682   0.394171313423808   0.0335758896185348   0.0447389645342127   0
0.310345140308802   0.346416761558242   -0.0382343640208802   -0.047754551865566   0
0.333055728011648   0.372860693493227   0.0227105877028461   0.0264439319349847   0
0.344190585643017   0.365261230178625   0.0111348576313693   -0.00759946331460176   0
0.312612706729388   0.339482149869842   -0.0315778789136298   -0.0257790803087829   0
0.347314427117634   0.378976368039582   0.0347017203882469   0.0394942181697396   0
0.335647290857058   0.362367215489343   -0.0116671362605765   -0.0166091525502388   0
0.318377840396217   0.362306577479971   -0.0172694504608407   -6.0638009372338e-05   0
0.333433286214983   0.39411646486096   0.0150554458187652   0.0318098873809889   0
0.295870423503854   0.347380816059624   -0.0375628627111283   -0.0467356488013361   0
0.316063029176499   0.377034388936871   0.0201926056726446   0.0296535728772477   0
0.32492796176811   0.370131053017918   0.00886493259161153   -0.0069033359189537   0
0.29735933776883   0.336920361602445   -0.0275686239992808   -0.0332106914154722   0
0.341267798095448   0.377523429021925   0.0439084603266186   0.0406030674194797   0
0.322798798426612   0.363317259364598   -0.0184689996688363   -0.0142061696573271   0
0.301105412770802   0.351968897470359   -0.0216933856558095   -0.011348361894239   0
0.323845402998372   0.356382909129338   0.0227399902275698   0.0044140116589792   0
0.326618690634848   0.366690002517794   0.00277328763647627   0.0103070933884563   0
0.303883297037694   0.342710328027549   -0.0227353935971542   -0.0239796744902457   0
0.337318102890199   0.387378234212378   0.0334348058525047   0.0446679061848294   0
0.309308701380824   0.351426183741693   -0.0280094015093753   -0.0359520504706853   0
0.302596237523495   0.34070223537937   -0.00671246385732838   -0.0107239483623223   0
0.365584701205237   0.342451186900411   0.0629884636817418   0.00174895152104015   0
0.321031905818004   0.353974892246258   -0.0445527953872328   0.0115237053458474   0
0.330529634641676   0.358187263761918   0.00949772882367206   0.00421237151566017   0
0.293811502730816   0.338097357705588   -0.0367181319108608   -0.0200899060563307   0
0.337004316853271   0.365509409084773   0.0431928141224556   0.0274120513791855   0
0.334328125500802   0.357756975199995   -0.00267619135246916   -0.00775243388477775   0
0.324030347997431   0.370596610709677   -0.0102977775033707   0.0128396355096819   0
0.374084963898176   0.392515524987547   0.0500546159007452   0.0219189142778703   0
0.346982913539154   0.369806404361796   -0.0271020503590225   -0.0227091206257517   0
0.338830975148928   0.366022092634106   -0.00815193839022582   -0.00378431172768984   0
0.352948972590204   0.40646286295528   0.0141179974412763   0.0404407703211738   0
0.29905319045255   0.346996385263651   -0.0538957821376549   -0.0594664776916289   0
0.337126954645071   0.380437744144259   0.0380737641925217   0.0334413588806078   0
0.343765030720158   0.381658087349204   0.00663807607508626   0.00122034320494518   0
0.293601197977188   0.334768853852177   -0.0501638327429694   -0.0468892334970272   0
0.323806713311661   0.36902306864771   0.0302055153344726   0.0342542147955333   0
0.338430306128174   0.357464587595502   0.0146235928165133   -0.0115584810522077   0
0.29986997215008   0.327210320260914   -0.0385603339780937   -0.0302542673345881   0
0.318106405337852   0.353077903308179   0.018236433187772   0.0258675830472652   0
0.306662411135949   0.338469537832062   -0.0114439942019037   -0.0146083654761168   0
0.282004580465172   0.319969988906382   -0.0246578306707768   -0.0184995489256807   0
0.321593114420318   0.352294128587889   0.0395885339551465   0.0323241396815072   0
0.29955965919556   0.329184514237836   -0.0220334552247585   -0.023109614350053   0
0.25985234140869   0.324958745464713   -0.0397073177868699   -0.00422576877312308   0
0.286346266504961   0.344027140522866   0.0264939250962707   0.0190683950581534   0
0.287621489897734   0.333257279175174   0.00127522339277342   -0.0107698613476921   0
0.267059526215798   0.308794634503726   -0.0205619636819364   -0.0244626446714477   0
0.283896288105023   0.346742359218718   0.0168367618892247   0.0379477247149916   0
0.282272717177119   0.33964528965562   -0.00162357092790305   -0.00709706956309802   0
0.251870136709651   0.308434659259477   -0.0304025804674683   -0.0312106303961425   0
0.287257830052411   0.326421271192749   0.03538769334276   0.0179866119332712   0
0.275960876423483   0.306520182829598   -0.011296953628928   -0.019901088363151   0
0.264083245198319   0.279033223669691   -0.0118776312251641   -0.0274869591599063   0
0.236568969813921   0.274425601548944   -0.0275142753843979   -0.004607622120747   0
0.306965875029326   0.333541153022382   0.070396905215405   0.0591155514734376   0
0.225302649990319   0.265880839857821   -0.0816632250390077   -0.0676603131645614   0
0.158278997572135   0.279508119650843   -0.0670236524181833   0.0136272797930225   0
0.151963707557101   0.324616803459094   -0.00631529001503467   0.0451086838082509   0
0.124030142751389   0.319364602751307   -0.0279335648057113   -0.00525220070778709   0
0.121468137391886   0.35175193387457   -0.00256200535950325   0.0323873311232633   0
0.137802781573886   0.378753923177371   0.0163346441819995   0.027001989302801   0
0.0958135244109619   0.321004814948701   -0.0419892571629236   -0.0577491082286698   0
0.120091152919647   0.352527724993368   0.0242776285086849   0.031522910044667   0
0.159189504055669   0.383483748213989   0.0390983511360226   0.0309560232206204   0
0.106841589805983   0.335216263852904   -0.0523479142496861   -0.0482674843610844   0
0.163193958002035   0.390910809208763   0.0563523681960518   0.0556945453558587   0
0.123042526105814   0.351281884371013   -0.0401514318962208   -0.0396289248377498   0
0.109647426711807   0.368119220350215   -0.013395099394007   0.0168373359792016   0
0.14019535141065   0.389350088157817   0.0305479246988425   0.0212308678076023   0
0.103416061863523   0.357722755802241   -0.0367792895471269   -0.0316273323555758   0
0.147747356990134   0.381481723140506   0.0443312951266107   0.023758967338265   0
0.165010269356682   0.407934256931494   0.0172629123665488   0.0264525337909874   0
0.116742211206273   0.35695749795809   -0.0482680581504097   -0.0509767589734036   0
0.124942150042861   0.373085642128922   0.00819993883658865   0.0161281441708317   0
0.156873833888192   0.396921309605254   0.0319316838453304   0.023835667476332   0
0.122656290644304   0.332160752887062   -0.0342175432438877   -0.0647605567181918   0
0.120812913784123   0.362539746837847   -0.00184337686018082   0.0303789939507846   0
0.0695562693659601   0.311360726144532   -0.0512566444181632   -0.0511790206933151   0
0.0954166079855598   0.347398474674616   0.0258603386195997   0.0360377485300847   0
0.0721630095008516   0.320967821371941   -0.0232535984847082   -0.0264306533026756   0
0.062985977668466   0.327943653338115   -0.00917703183238559   0.00697583196617474   0
0.0952537840011619   0.331650432530247   0.0322678063326959   0.00370677919213175   0
0.0636924213498749   0.321669357381924   -0.031561362651287   -0.00998107514832308   0
0.0868140363117624   0.343721000057096   0.0231216149618875   0.0220516426751717   0
0.0869095207098883   0.344657623566127   9.54843981258863e-05   0.000936623509031009   0
0.0734023374576723   0.323760316210542   -0.013507183252216   -0.020897307355585   0
0.10830491094498   0.348364849239271   0.0349025734873075   0.0246045330287292   0
0.0981089554136624   0.344802119282205   -0.0101959555313174   -0.00356272995706586   0
0.0659702321133555   0.329421170515041   -0.0321387233003069   -0.0153809487671637   0
0.0890913149595964   0.348851630781268   0.0231210828462409   0.0194304602662264   0
0.0628099703407827   0.323426523428815   -0.0262813446188137   -0.0254251073524525   0
0.075068731199652   0.345622081977194   0.0122587608588693   0.0221955585483785   0
0.113894819242303   0.370828210006669   0.0388260880426512   0.025206128029475   0
0.0613697656946806   0.315206431188356   -0.0525250535476225   -0.0556217788183124   0
0.0857755205886854   0.348716371627789   0.0244057548940048   0.0335099404394323   0
0.0827131447731254   0.334975874643608   -0.00306237581556006   -0.0137404969841809   0
0.105399987091365   0.374775279109028   0.0226868423182401   0.0397994044654205   0
0.0820439775335765   0.347761805190349   -0.023356009557789   -0.0270134739186796   0
