0.162349110742036   0.155255442045521   0   0   0
0.143393062330017   0.140236424888472   -0.0189560484120199   -0.0150190171570488   0
0.141695079906608   0.131012606540363   -0.00169798242340857   -0.0092238183481087   0
0.0913869313525189   0.0983033423308287   -0.050308148554089   -0.0327092642095344   0
0.0985057001670969   0.0930641654355859   0.00711876881457807   -0.00523917689524281   0
0.0833131122600374   0.0872208565618603   -0.0151925879070595   -0.00584330887372563   0
0.0891624381681569   0.0785960005882138   0.00584932590811948   -0.0086248559736465   0
0.108146874348037   0.0761265690627431   0.0189844361798796   -0.00246943152547065   0
0.117754951633042   0.0672560369337393   0.00960807728500523   -0.00887053212900385   0
0.108688531872088   0.0810132337847496   -0.00906641976095326   0.0137571968510104   0
0.127482126766853   0.0798300332560528   0.0187935948947646   -0.0011832005286968   0
0.116485742552512   0.05771490229815   -0.0109963842143415   -0.0221151309579028   0
0.0839076161645056   0.0446345964720753   -0.0325781263880059   -0.0130803058260747   0
0.0786793371340278   0.0603440676458962   -0.00522827903047783   0.0157094711738209   0
0.0778155145756295   0.0368058526867046   -0.0008638225583983   -0.0235382149591916   0
0.0670275691602344   0.0449518418214374   -0.0107879454153951   0.00814598913473277   0
0.051319164572409   0.0422876683289881   -0.0157084045878254   -0.0026641734924493   0
0.052517888299607   0.0456010089733769   0.00119872372719801   0.00331334064438883   0
0.0642070277651909   0.0268852617116702   0.0116891394655839   -0.0187157472617067   0
0.0509556602156228   0.0224013373237046   -0.0132513675495682   -0.00448392438796563   0
0.0353363053900659   0.0240036701986905   -0.0156193548255569   0.00160233287498587   0
0.0368043892789923   0.0431033513842311   0.00146808388892637   0.0190996811855407   0
0.0443059991537816   0.0480253038073941   0.00750160987478938   0.00492195242316295   0
0.0964379056704365   0.0331556305241659   0.0521319065166548   -0.0148696732832282   0
0.0639912619097326   0.0375916947689912   -0.0324466437607038   0.00443606424482532   0
0.0670593686628498   0.0180249525286476   0.00306810675311715   -0.0195667422403436   0
0.0697524119973639   0.0135027433408919   0.00269304333451413   -0.00452220918775573   0
0.0690724689324915   0.00587845622986999   -0.000679943064872457   -0.00762428711102189   0
0.0660651744018738   0.0339249185930858   -0.00300729453061767   0.0280464623632158   0
0.0663983844327556   0.015442290397182   0.000333210030881798   -0.0184826281959038   0
0.066958943938058   0.0299494787947615   0.000560559505302441   0.0145071883975795   0
0.0825518597743867   0.0218058166274099   0.0155929158363286   -0.00814366216735162   0
0.0801420875621543   0.021025897833208   -0.00240977221223242   -0.000779918794201893   0
0.0907618283716784   0.0125703138341779   0.0106197408095241   -0.00845558399903006   0
0.0863091804447823   0.00347466169911187   -0.00445264792689601   -0.00909565213506605   0
0.0751376947296761   0.0210403679042668   -0.0111714857151062   0.0175657062051549   0
0.103406961352029   0.0152651971643015   0.0282692666223528   -0.00577517073996524   0
0.0973293242245625   0.0230833798947213   -0.00607763712746645   0.00781818273041978   0
0.0964582031214038   0.0253002339462721   -0.000871121103158651   0.00221685405155079   0
0.0968736367246012   0.0282128739443176   0.000415433603197374   0.0029126399980455   0
0.12988461354196   0.0256367752334903   0.0330109768173592   -0.00257609871082735   0
0.148148801285869   0.0333071318379822   0.0182641877439089   0.00767035660449189   0
0.16340580436184   0.0410829325716592   0.0152570030759709   0.00777580073367708   0
0.160353601388712   0.061289883306403   -0.00305220297312805   0.0202069507347438   0
0.160786257540873   0.052336267380159   0.000432656152161009   -0.00895361592624398   0
0.136781392802729   0.0655775303207585   -0.024004864738144   0.0132412629405994   0
0.143076627620003   0.0614322821118524   0.00629523481727348   -0.00414524820890606   0
0.143080914779075   0.0544857896213774   4.28715907258015e-06   -0.00694649249047501   0
0.171460993125652   0.0421897297463272   0.0283800783465768   -0.0122960598750502   0
0.174679773436752   0.0421897297463272   0.00321878031109968   0   0
0.146567919873466   0.0421897297463272   -0.0281118535632852   0   0
0.134204994826381   0.0602597108198753   -0.0123629250470857   0.0180699810735481   0
0.159276687707231   0.0698350270305847   0.0250716928808506   0.00957531621070942   0
0.154593746580392   0.0518554762474032   -0.00468294112683923   -0.0179795507831815   0
0.179214416883009   0.0602845176734043   0.0246206703026167   0.00842904142600111   0
0.233297518761002   0.0742701728654411   0.0540831018779929   0.0139856551920367   0
0.280221618865069   0.0697653558283229   0.0469241001040672   -0.00450481703711822   0
0.280395158977487   0.0686666633256087   0.000173540112417714   -0.00109869250271412   0
0.318911787333676   0.0794625291997429   0.0385166283561897   0.0107958658741342   0
0.308155088805377   0.0862984427546349   -0.0107566985282991   0.00683591355489196   0
0.303379254385365   0.0861788846213249   -0.00477583442001234   -0.000119558133310049   0
0.293670015648806   0.0922792466338586   -0.00970923873655888   0.00610036201253371   0
0.284301119061885   0.0858955775131205   -0.0093688965869213   -0.00638366912073803   0
0.295417549591692   0.0893227505278051   0.0111164305298075   0.00342717301468451   0
0.309067954453224   0.0960799985640222   0.0136504048615315   0.00675724803621711   0
0.336536908036251   0.0978239461279931   0.0274689535830271   0.00174394756397095   0
0.361860565348105   0.0921901325091927   0.0253236573118539   -0.00563381361880044   0
0.361510547684089   0.0982646375993037   -0.000350017664015767   0.00607450509011107   0
0.347395555641476   0.106600852554342   -0.0141149920426128   0.00833621495503796   0
0.314832486611547   0.123215098828482   -0.0325630690299291   0.0166142462741399   0
0.333494715815678   0.118117724151585   0.0186622292041312   -0.00509737467689633   0
0.347789446946712   0.119756925700562   0.014294731131034   0.001639201548977   0
0.334041819159353   0.122091758268116   -0.0137476277873592   0.0023348325675534   0
0.363686739203246   0.133027858613985   0.0296449200438931   0.0109361003458697   0
0.344705602481726   0.125927184225855   -0.0189811367215197   -0.00710067438813014   0
0.312883534189417   0.111735556525676   -0.0318220682923095   -0.0141916277001795   0
0.328633157078116   0.120341456454966   0.0157496228886996   0.00860589992929027   0
0.328636161633744   0.121080824107711   3.00455562707302e-06   0.000739367652745113   0
0.315644234018444   0.111211577187359   -0.0129919276152999   -0.00986924692035181   0
0.328597454899973   0.106269920960978   0.0129532208815297   -0.00494165622638147   0
0.330252406326646   0.114124514995037   0.00165495142667255   0.00785459403405939   0
0.327487922123443   0.104846569219706   -0.00276448420320324   -0.00927794577533181   0
0.346011703434176   0.111625178264628   0.0185237813107332   0.00677860904492258   0
0.35305123418909   0.114089674179185   0.0070395307549147   0.0024644959145565   0
0.341616151876532   0.102261712183984   -0.0114350823125581   -0.0118279619952005   0
0.372630017652577   0.115241555011907   0.0310138657760449   0.0129798428279234   0
0.357211309275966   0.105699738513395   -0.015418708376611   -0.00954181649851285   0
0.357743865113715   0.108087762583097   0.00053255583774886   0.00238802406970264   0
0.392896651372546   0.127917154350238   0.0351527862588309   0.0198293917671403   0
0.376052945665953   0.133649823043476   -0.0168437057065933   0.00573266869323863   0
0.377142876347731   0.1285716742303   0.00108993068177837   -0.00507814881317575   0
0.359499227265599   0.124798594616416   -0.0176436490821326   -0.00377307961388457   0
0.365023870002917   0.125597686582327   0.0055246427373184   0.000799091965911353   0
0.379385719959613   0.120797058323164   0.0143618499566956   -0.00480062825916275   0
0.3702125248549   0.12556878469994   -0.00917319510471254   0.00477172637677598   0
0.369757307921196   0.128597827403897   -0.000455216933704317   0.00302904270395662   0
0.375298977679804   0.128019090229622   0.00554166975860837   -0.000578737174275451   0
0.384709110798606   0.136048036694296   0.0094101331188014   0.00802894646467431   0
0.393450871357528   0.129415890669655   0.00874176055892256   -0.00663214602464129   0
0.394268275721654   0.133947446158381   0.000817404364126195   0.00453155548872683   0
0.394724695293365   0.137907205732478   0.000456419571710887   0.0039597595740965   0
0.376456545530929   0.123342340502937   -0.0182681497624362   -0.0145648652295408   0
0.310842081011307   0.124170412271573   -0.0656144645196218   0.000828071768636196   0
0.307522618476316   0.125185912716218   -0.00331946253499077   0.00101550044464439   0
0.338926360317061   0.127209093361576   0.0314037418407442   0.002023180645358   0
0.363052975272549   0.131732735140217   0.0241266149554883   0.00452364177864095   0
0.359054384778922   0.134093868386568   -0.00399859049362716   0.00236113324635079   0
0.302725677508615   0.229326020720502   -0.0563287072703068   0.0952321523339343   0
0.362650526198612   0.194400736422994   0.0599248486899968   -0.0349252842975075   0
0.351172405678293   0.170536275283296   -0.0114781205203187   -0.0238644611396986   0
0.394032742915395   0.15292805743061   0.0428603372371016   -0.0176082178526855   0
0.388602421566644   0.141844378615263   -0.00543032134875038   -0.0110836788153474   0
0.407548194454246   0.1449202203355   0.0189457728876019   0.00307584172023773   0
0.386935457090558   0.129648219565764   -0.0206127373636884   -0.0152720007697366   0
0.378442466249826   0.117758893243876   -0.00849299084073157   -0.0118893263218882   0
0.3830314416458   0.115563498016037   0.0045889753959738   -0.00219539522783901   0
0.372124706788464   0.117640065609681   -0.0109067348573363   0.00207656759364416   0
0.347867100939198   0.119534437441151   -0.0242576058492653   0.00189437183147045   0
0.364001190782585   0.111185454763978   0.0161340898433869   -0.00834898267717368   0
0.396706193797904   0.102325093854074   0.0327050030153185   -0.00886036090990382   0
0.408074184183636   0.103086422230112   0.0113679903857317   0.000761328376038595   0
0.394869633235651   0.0968534860849237   -0.0132045509479845   -0.00623293614518869   0
0.401757605662788   0.100197423167789   0.00688797242713707   0.00334393708286544   0
0.352196365891771   0.0864905860945138   -0.0495612397710174   -0.0137068370732753   0
0.366882307444995   0.0917048709835661   0.014685941553224   0.0052142848890523   0
0.405368744487844   0.0934542801177801   0.0384864370428495   0.00174940913421397   0
0.404486473058216   0.100522057130214   -0.000882271429628267   0.00706777701243391   0
0.405923500236789   0.0990383278231211   0.00143702717857253   -0.00148372930709288   0
0.407172597085049   0.0941237251345802   0.00124909684826097   -0.00491460268854091   0
0.40964016002709   0.101861622679889   0.00246756294204059   0.00773789754530846   0
0.363448023683181   0.0961937075693104   -0.0461921363439092   -0.00566791511057826   0
0.391627018452724   0.0976222219959805   0.0281789947695428   0.00142851442667015   0
0.387488887416362   0.0997289119429767   -0.00413813103636179   0.00210668994699617   0
0.378960648581267   0.101304446684548   -0.00852823883509507   0.00157553474157168   0
0.376220549539668   0.102908746650856   -0.00274009904159861   0.0016042999663073   0
0.369368494396774   0.102251220880881   -0.00685205514289378   -0.000657525769975104   0
0.404063431566357   0.109478896748821   0.0346949371695825   0.00722767586793994   0
0.430914608833351   0.123957941573836   0.0268511772669942   0.0144790448250153   0
0.463658686359104   0.133253119725696   0.0327440775257528   0.00929517815185997   0
0.449810066529643   0.122024000911183   -0.0138486198294613   -0.0112291188145124   0
0.417878104045115   0.115680395697845   -0.0319319624845276   -0.00634360521333845   0
0.460375971862108   0.115178948233824   0.0424978678169926   -0.000501447464020616   0
0.478231395204832   0.118264317989279   0.0178554233427243   0.00308536975545427   0
0.487535412875742   0.13654012931524   0.00930401767090994   0.0182758113259615   0
0.47274113775393   0.13379770602671   -0.0147942751218121   -0.0027424232885298   0
0.494042795176693   0.150082558197447   0.0213016574227635   0.0162848521707364   0
0.454855191000332   0.149544129081552   -0.0391876041763617   -0.000538429115894412   0
0.475483220018887   0.164117184069562   0.020628029018555   0.0145730549880096   0
0.557492744041355   0.174462991235247   0.0820095240224686   0.0103458071656853   0
0.54658543043334   0.156404214885469   -0.0109073136080148   -0.0180587763497783   0
0.535464777582877   0.173167041324417   -0.0111206528504634   0.0167628264389483   0
0.542477616652521   0.179079430149508   0.00701283906964434   0.00591238882509051   0
0.566313101500583   0.209393851475664   0.023835484848062   0.0303144213261562   0
0.555791772852172   0.227469637608127   -0.0105213286484117   0.0180757861324626   0
0.539931982734576   0.222684346417882   -0.0158597901175961   -0.00478529119024487   0
0.530541853406835   0.239664091424852   -0.00939012932774008   0.0169797450069705   0
0.565763680886145   0.267560308116021   0.0352218274793099   0.0278962166911685   0
0.568884755186681   0.264962018608309   0.00312107430053565   -0.00259828950771163   0
0.504906137286427   0.241420725127194   -0.0639786179002543   -0.0235412934811156   0
0.480956994171995   0.225577493812997   -0.0239491431144322   -0.0158432313141971   0
0.513433862481712   0.241222318876079   0.0324768683097179   0.015644825063082   0
0.505084986146054   0.228734817171047   -0.00834887633565795   -0.012487501705031   0
0.515996524176946   0.221076879589432   0.0109115380308918   -0.00765793758161595   0
0.512218476426066   0.181640158190583   -0.00377804775088064   -0.0394367213988486   0
0.554588105370788   0.204729758396893   0.0423696289447221   0.0230896002063096   0
