0   0   0   0   0
0.0681685967663997   0.038111977986225   0.0681685967663997   0.038111977986225   0
0.046536243844798   0.070473761404405   -0.0216323529216017   0.03236178341818   0
0.0719029067632179   0.0883627648084052   0.0253666629184199   0.0178890034040002   0
0.0666388545420012   0.076194219441077   -0.00526405222121661   -0.0121685453673281   0
0.0823399902932955   0.0862966457983739   0.0157011357512943   0.0101024263572968   0
0.0643059327983235   0.138135748753934   -0.018034057494972   0.0518391029555602   0
0.0568216589506369   0.130995146685135   -0.00748427384768657   -0.00714060206879924   0
0.0316431267469082   0.143278163964576   -0.0251785322037287   0.0122830172794414   0
0.0594313954482174   0.166043304224561   0.0277882687013092   0.0227651402599844   0
0.0996498480545254   0.167334975468549   0.040218452606308   0.00129167124398866   0
0.128282083136383   0.17806888708323   0.0286322350818581   0.0107339116146804   0
0.135038195380666   0.182781388194586   0.00675611224428241   0.00471250111135646   0
0.161215593115492   0.214095211220361   0.0261773977348265   0.0313138230257746   0
0.22407136827337   0.218159677026627   0.0628557751578772   0.00406446580626627   0
0.246851411770988   0.24276307454836   0.0227800434976187   0.0246033975217328   0
0.283864276234066   0.252892659376528   0.0370128644630775   0.010129584828168   0
0.312192790143716   0.305064823654387   0.0283285139096499   0.0521721642778595   0
0.31741218441076   0.349300344643761   0.00521939426704388   0.0442355209893733   0
0.330287133165387   0.366536842284988   0.0128749487546274   0.0172364976412271   0
0.331375413550794   0.393797086335717   0.00108828038540754   0.027260244050729   0
0.352710186637075   0.394829714314918   0.0213347730862801   0.00103262797920151   0
0.334461850167758   0.415591622577381   -0.0182483364693162   0.0207619082624625   0
0.403725214399906   0.44773161845379   0.0692633642321476   0.032139995876409   0
0.425275703509864   0.469918372246181   0.0215504891099583   0.0221867537923909   0
0.457659683636389   0.471201369877571   0.0323839801265251   0.00128299763139084   0
0.463195943807165   0.491147193456809   0.00553626017077535   0.0199458235792374   0
0.512636777510978   0.500076866019115   0.0494408337038134   0.00892967256230626   0
0.524910625797611   0.509306538395837   0.0122738482866334   0.00922967237672179   0
0.549780617605068   0.492150504408458   0.0248699918074566   -0.0171560339873786   0
0.585985762568716   0.502988808786538   0.0362051449636484   0.0108383043780792   0
0.631249616954212   0.527816230214172   0.0452638543854961   0.0248274214276346   0
0.652258639035805   0.54776020079365   0.0210090220815922   0.0199439705794781   0
0.652482846832007   0.55496287805447   0.000224207796202136   0.00720267726081947   0
0.647462499561944   0.564360731079865   -0.00502034727006295   0.00939785302539564   0
0.635345153835055   0.551912208006174   -0.0121173457268886   -0.0124485230736916   0
0.687828834652924   0.557678874544412   0.0524836808178691   0.00576666653823876   0
0.665922453219112   0.570658503049074   -0.0219063814338126   0.0129796285046615   0
0.693426078001138   0.624513460444409   0.0275036247820261   0.0538549573953346   0
0.673112461346728   0.639741764161329   -0.02031361665441   0.0152283037169207   0
0.64479365899783   0.643336554946165   -0.0283188023488977   0.00359479078483582   0
0.668942248481295   0.644493777559567   0.0241485894834645   0.00115722261340145   0
0.632212698876138   0.669459183030041   -0.0367295496051568   0.0249654054704744   0
0.690041721479216   0.68486457189232   0.0578290226030783   0.0154053888622785   0
0.675104156967678   0.694112052186281   -0.0149375645115376   0.00924748029396116   0
0.701626071326807   0.708639598848562   0.0265219143591288   0.0145275466622808   0
0.710244642164233   0.69290189236428   0.00861857083742623   -0.0157377064842816   0
0.698957045929834   0.70629885893172   -0.0112875962343995   0.0133969665674403   0
0.755959541931974   0.718553833230329   0.0570024960021401   0.0122549742986092   0
0.718929377885095   0.716191715022765   -0.037030164046879   -0.00236211820756405   0
0.782282820716453   0.728973893510769   0.0633534428313577   0.0127821784880037   0
0.773571011269709   0.719356912655324   -0.0087118094467441   -0.0096169808554446   0
0.760181388325898   0.718737152546047   -0.0133896229438105   -0.000619760109277223   0
0.816137949648642   0.759450909741538   0.0559565613227441   0.0407137571954911   0
0.800896508963549   0.758382225484617   -0.0152414406850934   -0.00106868425692175   0
0.819859248497722   0.752738869221093   0.0189627395341735   -0.0056433562635233   0
0.835595851323024   0.756277962313626   0.0157366028253021   0.00353909309253253   0
0.837393591942857   0.760920982601019   0.0017977406198324   0.00464302028739294   0
0.867479104708004   0.768119128457461   0.030085512765147   0.00719814585644263   0
0.873600852140724   0.779182584733193   0.00612174743272054   0.0110634562757319   0
0.953635895900002   0.780392743237179   0.0800350437592777   0.0012101585039862   0
0.906921021183212   0.797750517249284   -0.0467148747167903   0.0173577740121044   0
0.962250085714644   0.797859831223261   0.0553290645314322   0.000109313973976954   0
0.96207954377648   0.791822822533589   -0.000170541938164126   -0.0060370086896715   0
1.00108703197287   0.785677438843384   0.03900748819639   -0.00614538369020501   0
0.932083015157668   0.77067928603554   -0.0690040168152019   -0.014998152807844   0
0.978290211327012   0.783185175326531   0.0462071961693439   0.0125058892909912   0
1.00745729316137   0.790927271676258   0.0291670818343608   0.007742096349727   0
1.05171134053454   0.795782758625116   0.0442540473731676   0.00485548694885796   0
1.11785666382822   0.804900712508381   0.0661453232936806   0.00911795388326508   0
1.0926027702434   0.807237067778884   -0.0252538935848174   0.00233635527050213   0
1.17706120251063   0.784751695350988   0.0844584322672219   -0.0224853724278956   0
1.15967528596284   0.796461255257593   -0.0173859165477832   0.0117095599066047   0
1.21824203488798   0.80853186449051   0.0585667489251351   0.012070609232917   0
1.09717497999895   0.876946759196076   -0.12106705488903   0.0684148947055661   0
1.17190451340425   0.84983266666518   0.074729533405302   -0.0271140925308962   0
1.11064401444567   0.887175417820794   -0.0612604989585761   0.0373427511556143   0
1.14038721237673   0.905104110537843   0.029743197931053   0.0179286927170492   0
1.12314073501821   0.931227948648047   -0.0172464773585139   0.0261238381102042   0
1.16881207003397   0.939503662996851   0.045671335015756   0.0082757143488037   0
1.20197358911459   0.940534543808998   0.033161519080618   0.00103088081214708   0
1.20689790111444   0.941449941633781   0.00492431199985366   0.000915397824783004   0
1.24235754086633   0.942701934163843   0.0354596397518923   0.0012519925300617   0
1.25220456320561   0.943242103354833   0.00984702233928103   0.000540169190990536   0
1.29244372456288   0.919683735768443   0.0402391613572632   -0.0235583675863899   0
1.29120172727872   0.962259591226427   -0.00124199728415242   0.0425758554579834   0
1.28261165876186   1.00373563959155   -0.00859006851686805   0.0414760483651192   0
1.27770227177172   1.00672394587655   -0.00490938699013754   0.00298830628500357   0
1.34491618132181   0.98463221337665   0.0672139095500954   -0.0220917324999   0
1.28302424508551   1.00820835292141   -0.0618919362363011   0.0235761395447592   0
1.35171509196424   0.984045607183681   0.0686908468787262   -0.0241627457377274   0
1.33472186447852   0.993004669144234   -0.0169932274857214   0.00895906196055285   0
1.36196657977278   0.983049118169713   0.027244715294261   -0.00995555097452139   0
1.31146522608662   1.00316868225451   -0.0505013536861543   0.020119564084797   0
1.36188865221493   0.993487347628796   0.0504234261283099   -0.00968133462571386   0
1.31956588311314   1.01365448350264   -0.0423227691017944   0.020167135873842   0
1.39586039940298   0.971868595879865   0.0762945162898383   -0.0417858876227732   0
1.38709224099742   0.991397080050799   -0.00876815840555945   0.0195284841709341   0
1.39554619732247   0.965374764388033   0.00845395632505275   -0.0260223156627658   0
1.41311904024036   0.960166025512906   0.0175728429178901   -0.00520873887512718   0
1.39117809504637   0.966221969962648   -0.0219409451939938   0.006055944449742   0
1.43276486798526   0.972052357431558   0.041586772938889   0.00583038746891051   0
1.43428836449943   0.981643290520289   0.00152349651417016   0.00959093308873049   0
1.44694947041699   0.973644146518378   0.0126611059175608   -0.00799914400191115   0
1.4507308842289   0.971862247419612   0.00378141381191055   -0.00178189909876525   0
1.45829532584701   0.956894785018317   0.00756444161811665   -0.0149674624012959   0
1.44820874517593   0.970706542680639   -0.0100865806710853   0.0138117576623228   0
1.41295450899032   0.973452171363981   -0.0352542361856045   0.00274562868334194   0
1.47548224259318   0.95247504101748   0.0625277336028589   -0.0209771303465015   0
1.44509469184765   0.951599356463633   -0.0303875507455353   -0.000875684553847123   0
1.50122007333381   0.913401125216627   0.0561253814861582   -0.0381982312470058   0
1.46467734320635   0.939696132756355   -0.0365427301274606   0.0262950075397286   0
1.44405381751104   0.942401116065367   -0.0206235256953053   0.00270498330901192   0
1.48111807949969   0.951680126421819   0.0370642619886461   0.00927901035645184   0
1.48183511852218   0.967849961218809   0.000717039022491983   0.0161698347969897   0
1.51648368813637   0.96156578125381   0.0346485696141925   -0.00628417996499919   0
1.50118982044277   0.973898204419872   -0.0152938676935999   0.0123324231660619   0
1.50036841599182   0.972280846201472   -0.000821404450949137   -0.00161735821839992   0
1.54829599243072   0.974106873903603   0.0479275764389018   0.00182602770213136   0
1.54390433715077   0.996592651518162   -0.00439165527995344   0.0224857776145587   0
1.57119217155795   0.964699292068777   0.0272878344071839   -0.0318933594493844   0
1.55922682965091   0.958098176741951   -0.0119653419070402   -0.00660111532682672   0
1.62980927694777   0.955402457274551   0.0705824472968519   -0.00269571946739955   0
1.62082936086022   0.974542541761646   -0.00897991608754256   0.0191400844870951   0
1.62722755416263   0.96693152648882   0.0063981933024051   -0.00761101527282593   0
1.64287081701336   0.952051933460696   0.0156432628507357   -0.014879593028124   0
1.66023896712956   0.95952141500646   0.0173681501161993   0.0074694815457641   0
1.69079881331889   0.95982720240846   0.0305598461893246   0.000305787401999269   0
1.71568653065251   0.965810881063938   0.0248877173336199   0.00598367865547822   0
1.74523903361368   0.966261811635439   0.0295525029611712   0.000450930571500807   0
1.74838306646929   0.964845634141027   0.00314403285561138   -0.00141617749441181   0
1.69877935603681   0.949420560366295   -0.0496037104324802   -0.0154250737747317   0
1.7472982811245   0.948146320333787   0.0485189250876916   -0.00127424003250831   0
1.77040181520795   0.952907511184191   0.0231035340834493   0.00476119085040461   0
1.75826645479086   0.931948386221174   -0.0121353604170942   -0.0209591249630178   0
1.75438078630624   0.947283589437318   -0.00388566848462046   0.0153352032161447   0
1.74395361819915   0.940931819402182   -0.0104271681070915   -0.00635177003513665   0
1.76665465684594   0.946634068595806   0.0227010386467932   0.00570224919362472   0
1.76122613762816   0.923305932312525   -0.00542851921777721   -0.0233281362832819   0
1.75704693098214   0.920498986767775   -0.00417920664602045   -0.00280694554474969   0
1.79771983897893   0.901353318337487   0.0406729079967918   -0.0191456684302878   0
1.80229491397067   0.916087619296047   0.0045750749917417   0.0147343009585603   0
1.78451779988897   0.913791940144473   -0.0177771140817071   -0.00229567915157458   0
1.82318157024793   0.909426219088443   0.0386637703589581   -0.00436572105603006   0
1.78417361318145   0.918238386907915   -0.0390079570664725   0.00881216781947225   0
1.83685893518031   0.911452309649962   0.0526853219988621   -0.00678607725795333   0
1.80492476149451   0.915162189529402   -0.0319341736858059   0.00370987987944071   0
1.84411320587765   0.888536510610706   0.0391884443831454   -0.0266256789186963   0
1.81752407058271   0.911304259643836   -0.0265891352949397   0.0227677490331297   0
1.8196458655123   0.93003417431888   0.00212179492958309   0.0187299146750437   0
1.83652576539061   0.951268785372988   0.0168798998783108   0.0212346110541085   0
1.80702288420581   0.935517589754463   -0.0295028811847968   -0.015751195618525   0
1.85146522616251   0.923539992754645   0.0444423419566999   -0.0119775969998179   0
1.82748378057294   0.9592536240041   -0.0239814455895733   0.0357136312494553   0
1.86829453272235   0.924655127789815   0.0408107521494159   -0.034598496214285   0
1.85785765090502   0.935278442108686   -0.0104368818173319   0.0106233143188703   0
1.93002441936984   0.90584867159987   0.0721667684648182   -0.0294297705088152   0
1.92136080429334   0.905201509669117   -0.00866361507649982   -0.000647161930752982   0
1.93599467185399   0.915871416974157   0.0146338675606497   0.0106699073050395   0
1.96818313506803   0.891811896551061   0.0321884632140372   -0.0240595204230961   0
1.95589782810821   0.909816577456138   -0.0122853069598199   0.0180046809050768   0
2.00842759361715   0.901474979635181   0.0525297655089385   -0.008341597820957   0
2.01554193633026   0.919982261424371   0.00711434271310996   0.0185072817891905   0
2.02791156642277   0.927525122103978   0.0123696300925129   0.0075428606796073   0
2.02818199945306   0.945632311237301   0.000270433030290285   0.0181071891333227   0
1.99618024932792   0.924190727934445   -0.0320017501251362   -0.0214415833028556   0
2.06637073747208   0.913381628075718   0.0701904881441615   -0.0108090998587271   0
2.0488100475952   0.950430164283652   -0.0175606898768859   0.0370485362079338   0
2.07750647630995   0.950746747065826   0.0286964287147473   0.000316582782174057   0
2.06159563739722   0.970447036259708   -0.0159108389127285   0.0197002891938813   0
2.00839978536556   0.975251326023323   -0.0531958520316578   0.00480428976361558   0
2.03423715839827   0.958529320634612   0.0258373730327057   -0.0167220053887114   0
1.99116113948333   0.988027403714087   -0.0430760189149342   0.0294980830794757   0
2.0415221594645   0.976577794730788   0.0503610199811719   -0.0114496089832991   0
2.03123438447297   0.997411095866945   -0.0102877749915327   0.0208333011361568   0
2.03463837215554   1.00488400045988   0.00340398768257266   0.00747290459293382   0
2.07302652948003   1.01210883965609   0.0383881573244822   0.00722483919621264   0
2.04742688717859   1.01548010969996   -0.0255996423014357   0.00337127004387217   0
2.09551843514938   0.981611107074996   0.0480915479707891   -0.0338690026249675   0
2.1036405707423   0.99362120755623   0.00812213559292374   0.0120101004812334   0
2.14336114974374   0.972869011987867   0.0397205790014414   -0.0207521955683622   0
2.09811599603378   1.01020622804715   -0.0452451537099599   0.0373372160592821   0
2.1468003205516   0.968058888225815   0.0486843245178146   -0.042147339821335   0
2.11526026292105   0.931277093508425   -0.0315400576305462   -0.0367817947173897   0
2.16565192136247   0.883195539663924   0.0503916584414177   -0.0480815538445009   0
2.02381884968256   0.906365364418511   -0.141833071679911   0.0231698247545871   0
1.68251734799245   0.928967812708815   -0.341301501690106   0.0226024482903041   1
0.584955785194274   1.7413645512733   -1.09756156279818   0.812396738564481   1
0.217563463467123   1.6861583760184   -0.367392321727152   -0.0552061752548987   1
