0.299573503239188   0.0952429880090918   0   0   0
0.275642749962048   0.315428487001421   -0.0239307532771406   0.220185498992329   1
0.472755519822878   0.508503622854717   0.197112769860831   0.193075135853296   1
0.505283648342196   0.289524366555736   0.0325281285193175   -0.218979256298982   1
0.311833456776209   0.176763254562169   -0.193450191565987   -0.112761111993567   0
0.307881542808269   0.155858737945006   -0.0039519139679402   -0.0209045166171627   0
0.24223626021172   0.132109315547211   -0.0656452825965493   -0.0237494223977951   0
0.247467215238706   0.137470031989849   0.00523095502698614   0.00536071644263786   0
0.201582107236729   0.100782243468889   -0.0458851080019772   -0.0366877885209592   0
0.204716167126488   0.102123154017894   0.00313405988975887   0.00134091054900459   0
0.157746330837487   0.0690564935410132   -0.0469698362890003   -0.0330666604768808   0
0.166629892260092   0.0467269597894781   0.0088835614226051   -0.0223295337515352   0
0.15163257802237   0.0426082973565596   -0.0149973142377229   -0.0041186624329185   0
0.143787804442171   0.0383220357686019   -0.00784477358019861   -0.0042862615879577   0
0.192150548046187   0.0422416398267752   0.048362743604016   0.00391960405817334   0
0.133268480629892   0.0242658949089952   -0.0588820674162946   -0.01797574491778   0
0.140269704755161   0.024071012871294   0.00700122412526849   -0.000194882037701245   0
0.130810008459483   0.028832383531153   -0.00945969629567794   0.00476137065985898   0
0.0759790453541633   0.0248212180250587   -0.0548309631053197   -0.00401116550609423   0
0.0929326524414858   0.0203850789225385   0.0169536070873225   -0.00443613910252019   0
0.060830579101715   0.030755626235018   -0.0321020733397709   0.0103705473124794   0
0.0580480111074445   0.0333477115430073   -0.00278256799427045   0.00259208530798938   0
0.0892931993791801   0.0169975055872362   0.0312451882717356   -0.0163502059557712   0
0.0631099521426692   0.0446100754806019   -0.0261832472365108   0.0276125698933657   0
0.1137598739729   0.0183322439774765   0.0506499218302304   -0.0262778315031254   0
0.0907687590712245   0.0113675869119451   -0.0229911149016751   -0.00696465706553146   0
0.0999652950973487   0.0217661965402347   0.00919653602612416   0.0103986096282896   0
0.105779707353821   0.0488719983392842   0.00581441225647227   0.0271058017990495   0
0.100088098755247   0.0390357863719946   -0.00569160859857432   -0.00983621196728961   0
0.111365271738815   0.037004889565198   0.0112771729835679   -0.00203089680679661   0
0.10769571469845   0.0329976335909244   -0.00366955704036424   -0.00400725597427364   0
0.130482315485471   0.0109147638578178   0.0227866007870211   -0.0220828697331066   0
0.149015267786392   0.0220063079840963   0.0185329523009202   0.0110915441262785   0
0.158733719943842   0.0236902959267445   0.00971845215745021   0.00168398794264817   0
0.171486937284243   0.0307178075311781   0.0127532173404015   0.00702751160443361   0
0.199133966102119   0.0280152721836233   0.027647028817876   -0.00270253534755471   0
0.211520927823533   0.0461021979397132   0.012386961721414   0.0180869257560899   0
0.20976002271382   0.0463421129210581   -0.00176090510971305   0.000239914981344853   0
0.232405861809184   0.0511863999738244   0.0226458390953639   0.00484428705276629   0
0.254432396318256   0.0503929774845863   0.0220265345090717   -0.000793422489238062   0
0.250919647122465   0.0493821601535666   -0.00351274919579059   -0.00101081733101975   0
0.24221570737929   0.0667353838669749   -0.00870393974317493   0.0173532237134084   0
0.264522207719671   0.0604289065928302   0.0223065003403809   -0.00630647727414473   0
0.266869941390314   0.0661290814330957   0.00234773367064278   0.00570017484026546   0
0.278743365034578   0.0956962936718685   0.011873423644264   0.0295672122387728   0
0.300901715220984   0.0837089512428032   0.0221583501864058   -0.0119873424290653   0
0.281469902392085   0.0802601957327074   -0.0194318128288985   -0.0034487555100958   0
0.312126118411452   0.0943638762165507   0.0306562160193671   0.0141036804838433   0
0.302892213375468   0.0763369978585745   -0.00923390503598442   -0.0180268783579762   0
0.239087339912112   0.0829564919163202   -0.0638048734633555   0.00661949405774574   0
0.274638506773213   0.115899435346996   0.0355511668611003   0.0329429434306758   0
0.271045699710473   0.054555858454111   -0.00359280706273957   -0.0613435768928849   0
0.295413907776022   0.0492809365995108   0.0243682080655488   -0.00527492185460028   0
0.298732874049509   0.0528156353381742   0.00331896627348738   0.00353469873866348   0
0.320433401708405   0.0732374733006437   0.0217005276588956   0.0204218379624695   0
0.351924909760889   0.0845574249907275   0.0314915080524843   0.0113199516900838   0
0.365516837127594   0.0873113858858769   0.0135919273667047   0.00275396089514941   0
0.383449863101931   0.115139259264868   0.0179330259743375   0.0278278733789911   0
0.412120240507112   0.103407248459537   0.0286703774051808   -0.0117320108053306   0
0.401613356118158   0.11208310872946   -0.0105068843889546   0.00867586026992283   0
0.44130959379054   0.125822130613269   0.0396962376723827   0.0137390218838087   0
0.454669922244302   0.129311885499023   0.0133603284537622   0.00348975488575431   0
0.477032460659115   0.15991521504398   0.0223625384148124   0.0306033295449572   0
0.498958406113776   0.155363597192199   0.0219259454546615   -0.00455161785178099   0
0.489185907901168   0.153010974485403   -0.00977249821260834   -0.0023526227067969   0
0.515121799070239   0.180767215436732   0.0259358911690712   0.0277562409513298   0
0.5475475111377   0.186181509115433   0.0324257120674606   0.00541429367870047   0
0.590068627935844   0.233896482245351   0.0425211167981445   0.0477149731299186   0
0.59832617799157   0.247068919331226   0.0082575500557257   0.0131724370858748   0
0.624656768590528   0.236097361041478   0.0263305905989575   -0.0109715582897483   0
0.608076239517889   0.243943793152234   -0.0165805290726387   0.0078464321107562   0
0.638143451936914   0.256671465087668   0.0300672124190249   0.0127276719354339   0
0.652097736055915   0.2306145748744   0.0139542841190015   -0.0260568902132685   0
0.644980305571271   0.248487959282236   -0.00711743048464419   0.0178733844078361   0
0.620088003282554   0.122767278747433   -0.0248923022887174   -0.125720680534802   0
0.183094627436798   0.68285968125322   -0.436993375845755   0.560092402505787   1
0.386671415437979   0.349596285096824   0.20357678800118   -0.333263396156396   1
0.128535614998529   0.221239272810005   -0.25813580043945   -0.128357012286819   0
0.226645482527228   0.2372532198654   0.0981098675286993   0.0160139470553949   0
0.311692261695747   0.260882810291307   0.085046779168519   0.0236295904259065   0
0.350969928375196   0.260875731278922   0.0392776666794488   -7.07901238450326e-06   0
0.388810698622402   0.255797347644068   0.0378407702472058   -0.00507838363485469   0
0.424460670197337   0.244670858630816   0.0356499715749359   -0.0111264890132519   0
0.450839256103115   0.255951963937772   0.0263785859057775   0.0112811053069562   0
0.458301232837356   0.23590066747653   0.00746197673424059   -0.0200512964612417   0
0.501488126908115   0.240226726573507   0.0431868940707599   0.00432605909697678   0
0.480743849382652   0.233791555059573   -0.0207442775254634   -0.00643517151393433   0
0.503837851614872   0.228847714233511   0.0230940022322202   -0.00494384082606217   0
0.506755785039984   0.258669212578394   0.00291793342511126   0.0298214983448835   0
0.548577913659892   0.26986920204166   0.0418221286199089   0.0111999894632663   0
0.615805811460082   0.258092234243516   0.0672278978001896   -0.0117769677981442   0
0.47812930918947   0.241293858748   -0.137676502270612   -0.0167983754955157   0
0.29130127774694   0.25991133522992   -0.18682803144253   0.0186174764819198   0
0.289397660365387   0.250812815805931   -0.00190361738155298   -0.00909851942398904   0
0.371057078836882   0.257624929221242   0.0816594184714947   0.00681211341531091   0
0.458152614160838   0.265486289511342   0.0870955353239564   0.00786136029009965   0
0.514904118996781   0.249725713000409   0.056751504835943   -0.0157605765109331   0
0.574901729358123   0.239953578289635   0.0599976103613412   -0.00977213471077368   0
0.541031670129161   0.242691649094587   -0.0338700592289619   0.00273807080495167   0
0.226577832803653   0.313361060092826   -0.314453837325508   0.0706694109982398   0
0.231701476564674   0.355384378981758   0.00512364376102087   0.0420233188889318   0
0.19740782900445   0.292338295741424   -0.034293647560224   -0.0630460832403348   0
0.24795259586058   0.287123479601112   0.0505447668561302   -0.00521481614031183   0
0.279578823113787   0.271610475609834   0.0316262272532069   -0.0155130039912781   0
0.370734611814718   0.274418825158734   0.0911557887009318   0.00280834954890075   0
0.399069659208765   0.314691904758051   0.0283350473940467   0.0402730795993163   0
0.450983606033789   0.368679496996375   0.051913946825024   0.0539875922383242   0
0.466494062046067   0.251680995081571   0.015510456012278   -0.116998501914803   0
0.448242840850805   0.259392620396668   -0.0182512211952623   0.00771162531509673   0
0.518143416941912   0.239837766588688   0.0699005760911071   -0.0195548538079802   0
0.286919747434383   0.300840471466191   -0.231223669507529   0.0610027048775029   0
0.220531949343836   0.291484532598644   -0.0663877980905469   -0.00935593886754682   0
0.223336500895398   0.296654735315737   0.00280455155156195   0.0051702027170929   0
0.183818131850207   0.218220033880943   -0.039518369045191   -0.0784347014347938   0
0.1441134460191   0.2473635076143   -0.0397046858311069   0.0291434737333571   0
0.16497113659089   0.214930357165408   0.0208576905717899   -0.032433150448892   0
0.183871403833875   0.235899725199607   0.0189002672429854   0.0209693680341985   0
0.182095404126985   0.210957715569377   -0.00177599970689016   -0.0249420096302302   0
0.155737319886083   0.257527885875006   -0.0263580842409025   0.0465701703056292   0
0.156660914949869   0.228048130675851   0.000923595063786198   -0.0294797551991547   0
0.225837801640934   0.230723561476174   0.0691768866910656   0.00267543080032331   0
0.212452681866339   0.263242558986004   -0.0133851197745949   0.0325189975098301   0
0.263359046779411   0.215579821110998   0.0509063649130717   -0.0476627378750062   0
0.235318810100765   0.193987904613922   -0.0280402366786459   -0.0215919164970765   0
0.235197574753653   0.216777256422924   -0.000121235347112586   0.0227893518090019   0
0.225036057955164   0.214832684323173   -0.0101615167984885   -0.00194457209975091   0
0.219582957237145   0.203366284883336   -0.00545310071801877   -0.0114663994398372   0
0.257697598362887   0.20541986875726   0.038114641125742   0.0020535838739246   0
0.256192679048719   0.178819038746578   -0.00150491931416824   -0.0266008300106826   0
0.301887971360238   0.204744340752681   0.0456952923115191   0.0259253020061036   0
0.296861163596318   0.181286990587438   -0.00502680776391995   -0.0234573501652427   0
0.343924118370608   0.18815888787538   0.0470629547742897   0.00687189728794202   0
0.325124514733971   0.178487205089048   -0.0187996036366372   -0.00967168278633218   0
0.35645185962737   0.154023477466757   0.0313273448933988   -0.0244637276222917   0
0.362562035344298   0.166980776076028   0.00611017571692835   0.012957298609271   0
0.39220952191529   0.123290983762845   0.0296474865709916   -0.0436897923131831   0
0.390924023316552   0.156310236698081   -0.00128549859873772   0.0330192529352361   0
0.415273191104892   0.132311244708452   0.02434916778834   -0.0239989919896282   0
0.413956477992554   0.148990616138341   -0.00131671311233761   0.0166793714298886   0
0.41404861212255   0.140840125358196   9.21341299958689e-05   -0.00815049078014463   0
0.466583320696497   0.163788757319153   0.0525347085739467   0.0229486319609568   0
0.428242424640904   0.408476867027069   -0.0383408960555932   0.244688109707916   0
0.455687651353779   0.28650610907841   0.0274452267128759   -0.121970757948659   1
0.350068656283821   0.33475447704073   -0.105618995069958   0.0482483679623194   0
0.253082891479867   0.425649375623236   -0.0969857648039543   0.090894898582506   0
0.269652030695116   0.309338358951408   0.0165691392152497   -0.116311016671828   0
0.342185931167545   0.260369573618366   0.0725339004724288   -0.0489687853330412   0
0.378492023214083   0.2484252918008   0.0363060920465379   -0.0119442818175668   0
0.372997546263994   0.236475309514545   -0.00549447695008953   -0.0119499822862544   0
0.362528817835217   0.229521403251396   -0.0104687284287765   -0.00695390626314915   0
0.390893942745344   0.223695613521751   0.0283651249101266   -0.00582578972964531   0
0.188751318788108   0.891048021861617   -0.202142623957236   0.667352408339866   1
0.269735895204476   1.13315255646901   0.0809845764163678   0.242104534607392   1
0.290507641677461   0.807124853957088   0.020771746472985   -0.326027702511921   0
0.202387424400767   0.700703189440793   -0.088120217276694   -0.106421664516295   0
0.210919140801137   0.632562390729365   0.00853171640037051   -0.0681407987114279   0
0.211071185759686   0.59788613245082   0.000152044958549008   -0.0346762582785448   0
0.201730699284963   0.562060148976291   -0.00934048647472377   -0.0358259834745297   0
0.212708336825335   0.529504149876618   0.0109776375403721   -0.0325559990996726   0
0.217054674432503   0.537564997560704   0.00434633760716865   0.0080608476840861   0
0.220094468840087   0.508443751105764   0.00303979440758365   -0.0291212464549402   0
0.2441984557056   0.510304775891391   0.0241039868655133   0.00186102478562689   0
0.235204430982922   0.487787349238951   -0.00899402472267841   -0.0225174266524397   0
0.264603840138423   0.483439008031841   0.029399409155501   -0.00434834120711058   0
0.250942084961849   0.454380182538205   -0.0136617551765735   -0.0290588254936355   0
0.272518104552707   0.494355862512887   0.0215760195908574   0.0399756799746815   0
0.246530298263723   0.482449434196033   -0.0259878062889842   -0.0119064283168535   0
0.258775552686107   0.524646467256668   0.0122452544223841   0.0421970330606353   0
0.254204387837818   0.532814742000822   -0.00457116484828829   0.00816827474415349   0
0.248442920986612   0.503120394691658   -0.00576146685120627   -0.0296943473091636   0
0.28105458840711   0.621276578223935   0.0326116674204978   0.118156183532276   0
0.227037005549756   0.5382254818089   -0.0540175828573538   -0.0830510964150346   0
0.267318410729602   0.537493686041169   0.0402814051798454   -0.00073179576773108   0
0.278059004004546   0.55189095258321   0.0107405932749442   0.0143972665420407   0
0.282806480431407   0.539381011256656   0.00474747642686157   -0.0125099413265538   0
0.303592637572126   0.563433922505472   0.0207861571407182   0.0240529112488164   0
0.297119142523668   0.541517560159006   -0.00647349504845718   -0.0219163623464663   0
0.326343571746097   0.558344099062444   0.0292244292224287   0.0168265389034384   0
0.319265860140103   0.540226030472776   -0.00707771160599374   -0.0181180685896682   0
0.339052095887933   0.562132693368078   0.0197862357478295   0.0219066628953024   0
0.334495200460335   0.572781425870788   -0.00455689542759735   0.0106487325027093   0
0.347698186328315   0.55226898401999   0.01320298586798   -0.0205124418507971   0
0.360051761248296   0.603405697669505   0.0123535749199806   0.051136713649515   0
0.512936781421473   0.701653772315984   0.152885020173177   0.0982480746464781   0
