0.120356729861441   0.564690763295053   0   0   0
0.233551028901202   0.594613122397454   0.11319429903976   0.0299223591024009   0
0.197021642048786   0.543894261763488   -0.0365293868524158   -0.0507188606339658   0
0.122569788567534   0.459699730638381   -0.074451853481252   -0.0841945311251074   0
0.111071821427624   0.432330367286986   -0.01149796713991   -0.0273693633513952   0
0.130367114625583   0.42001304293349   0.0192952931979594   -0.0123173243534954   0
0.175963143350674   0.414391801278995   0.0455960287250911   -0.0056212416544954   0
0.192619790940106   0.427766672756598   0.0166566475894312   0.0133748714776026   0
0.215617916798257   0.425974158332697   0.0229981258581512   -0.00179251442390016   0
0.265374969303211   0.395693194697609   0.0497570525049538   -0.0302809636350883   0
0.214306454314587   0.356433738454288   -0.051068514988624   -0.0392594562433209   0
0.205054239614888   0.360702453289065   -0.00925221469969842   0.00426871483477653   0
0.232853859622403   0.291107019198696   0.0277996200075153   -0.0695954340903687   0
0.193718086508849   0.224063823135842   -0.0391357731135542   -0.0670431960628538   0
0.128074111567053   0.195496702159525   -0.065643974941796   -0.0285671209763173   0
0.0916288427570162   0.175105068891509   -0.036445268810037   -0.0203916332680162   0
0.125792231594403   0.135236040365069   0.0341633888373871   -0.03986902852644   0
0.217083933807295   0.14275563864213   0.0912917022128915   0.00751959827706161   0
0.187582330988289   0.0672591594744614   -0.0295016028190059   -0.075496479167669   0
0.0787324128093379   0.103940590212979   -0.108849918178951   0.036681430738518   0
0.088133792450172   0.0681283009355943   0.0094013796408341   -0.035812289277385   0
0.0964285780619522   0.0796369137782907   0.00829478561178013   0.0115086128426963   0
0.15221711043861   0.0388441015528214   0.0557885323766579   -0.0407928122254693   0
0.153298748341139   0.0703041623615736   0.00108163790252935   0.0314600608087522   0
0.152239104457147   0.0892140774176923   -0.00105964388399249   0.0189099150561187   0
0.124230715812194   0.120374336065926   -0.0280083886449533   0.0311602586482337   0
0.112846896837131   0.0997926480588124   -0.011383818975063   -0.0205816880071136   0
0.0535295330060977   0.155412520855182   -0.0593173638310329   0.0556198727963699   0
0.0632134812198798   0.26447377797052   0.00968394821378215   0.109061257115338   0
0.0514517387357794   0.242529650169314   -0.0117617424841004   -0.0219441278012058   0
0.0522224516836389   0.235818293243442   0.000770712947859527   -0.00671135692587227   0
0.0441009564458142   0.227779180582862   -0.00812149523782472   -0.00803911266058019   0
0.0367009994166971   0.210921972010978   -0.0073999570291171   -0.0168572085718834   0
0.0460327395026236   0.214335452791296   0.00933174008592649   0.00341348078031781   0
0.0512780505162784   0.215164629454402   0.00524531101365484   0.000829176663105446   0
0.0431383469099292   0.210426762909926   -0.00813970360634918   -0.00473786654447622   0
0.0476772493469369   0.203198136331267   0.00453890243700773   -0.00722862657865897   0
0.0645835246555962   0.209518250110223   0.0169062753086592   0.00632011377895653   0
0.0602203728571154   0.357351162034017   -0.0043631517984808   0.147832911923794   0
0.245267518405923   0.52280989486165   0.185047145548808   0.165458732827633   0
0.232430538798777   0.416919623154752   -0.012836979607146   -0.105890271706899   0
0.287916129701863   0.375565109254707   0.0554855909030856   -0.0413545139000445   0
0.261453009944617   0.365891210739613   -0.026463119757246   -0.00967389851509382   0
0.282998945618   0.409664977553   0.0215459356733834   0.0437737668133867   0
0.301526824677424   0.437090669678126   0.0185278790594235   0.0274256921251259   0
0.274015802502775   0.405808992199991   -0.0275110221746486   -0.0312816774781346   0
0.294203430943815   0.320626082158053   0.0201876284410396   -0.0851829100419383   0
0.347648618077219   0.149073586619025   0.0534451871334039   -0.171552495539028   0
0.344551888576975   0.193771975006869   -0.00309672950024414   0.0446983883878434   0
0.333961555972555   0.232847262519747   -0.0105903326044197   0.0390752875128785   0
0.385708241071422   0.179849635748234   0.0517466850988667   -0.0529976267715129   0
0.37191328429076   0.212025317417968   -0.0137949567806613   0.0321756816697336   0
0.380153220456226   0.221811639003142   0.00823993616546559   0.00978632158517376   0
0.360837342766308   0.225767865157937   -0.0193158776899182   0.0039562261547956   0
0.360336019358057   0.206988633076167   -0.000501323408250987   -0.0187792320817704   0
0.376944392785302   0.217611306563566   0.016608373427245   0.0106226734873997   0
0.368682342353156   0.221971214058693   -0.00826205043214562   0.00435990749512633   0
0.368436925761833   0.214343923355084   -0.000245416591323822   -0.00762729070360907   0
0.390479318073544   0.19767366743006   0.0220423923117116   -0.0166702559250236   0
0.361275845127127   0.167823168208452   -0.0292034729464169   -0.0298504992216077   0
0.377953716973106   0.170874764173619   0.016677871845979   0.00305159596516688   0
0.389736439765627   0.188874942855028   0.0117827227925211   0.0180001786814085   0
0.367381248603573   0.197183344100288   -0.0223551911620548   0.00830840124526003   0
0.400060152729724   0.188814886638931   0.0326789041261514   -0.00836845746135642   0
0.399164252614527   0.189076597692417   -0.000895900115197301   0.000261711053485353   0
0.384992367713504   0.193735668021818   -0.0141718849010224   0.0046590703294011   0
0.393863115633147   0.194040472475229   0.0088707479196431   0.000304804453410912   0
0.400553963281865   0.205570165354654   0.00669084764871813   0.0115296928794258   0
0.396420024356832   0.205922003250776   -0.00413393892503389   0.000351837896121254   0
0.398211334097361   0.208642246766858   0.00179130974052938   0.0027202435160823   0
0.424566262579313   0.194709444014275   0.0263549284819521   -0.013932802752583   0
0.418556698459229   0.193565242138586   -0.00600956412008402   -0.00114420187568862   0
0.466948807960488   0.201734658514941   0.0483921095012592   0.00816941637635496   0
0.429602772220493   0.282569615678666   -0.0373460357399957   0.080834957163725   0
0.435692315814973   0.300626942003351   0.00608954359448066   0.0180573263246844   0
0.640008869684976   0.199227329963593   0.204316553870002   -0.101399612039757   0
0.556145259230985   0.264828337481039   -0.08386361045399   0.0656010075174452   0
0.467661933256803   0.240640234684903   -0.0884833259741829   -0.0241881027961355   0
0.416703087176241   0.219072154188603   -0.0509588460805614   -0.0215680804963002   0
0.405166181081603   0.268590102783726   -0.0115369060946385   0.0495179485951232   0
0.502814119001008   0.267076078861698   0.0976479379194056   -0.00151402392202793   0
0.458116406844167   0.25818009812701   -0.0446977121568417   -0.00889598073468811   0
0.473518766440413   0.258931728192631   0.015402359596246   0.000751630065620956   0
0.480733460728541   0.232921887097096   0.00721469428812876   -0.0260098410955346   0
0.466279214012216   0.229771939652502   -0.0144542467163253   -0.00314994744459463   0
0.458369994021304   0.214306004915215   -0.00790921999091238   -0.0154659347372866   0
0.446504666952295   0.195742835287189   -0.0118653270690086   -0.0185631696280262   0
0.461775234288988   0.205957142101118   0.0152705673366931   0.0102143068139287   0
0.459519103330362   0.204630433404717   -0.00225613095862609   -0.00132670869640023   0
0.475450808633207   0.208180419149478   0.0159317053028444   0.00354998574476093   0
0.481922743209002   0.208869265213984   0.00647193457579581   0.000688846064505644   0
0.492039393471844   0.220032879476165   0.0101166502628415   0.0111636142621809   0
0.470809761112596   0.200204816983283   -0.0212296323592476   -0.0198280624928815   0
0.473569314623879   0.20436330963586   0.00275955351128226   0.00415849265257684   0
0.451800350838565   0.23363953019654   -0.0217689637853139   0.0292762205606799   0
0.464677652403481   0.250818883825187   0.0128773015649161   0.0171793536286465   0
0.455414134208426   0.23152126245188   -0.009263518195055   -0.0192976213733063   0
0.484661167642137   0.258410255542543   0.0292470334337116   0.0268889930906628   0
0.536474487868053   0.252374292133851   0.0518133202259159   -0.006035963408692   0
0.506861987204732   0.245817078000904   -0.0296125006633212   -0.0065572141329473   0
0.444090986504838   0.232907479011001   -0.0627710006998943   -0.0129095989899027   0
0.47699602061338   0.263709931165974   0.0329050341085422   0.0308024521549723   0
0.451547587738391   0.27917428302328   -0.0254484328749888   0.0154643518573066   0
0.507613995547404   0.292086740822504   0.0560664078090129   0.0129124577992237   0
0.524384432725315   0.29916637137605   0.0167704371779105   0.00707963055354593   0
0.433629301233185   0.300658784122088   -0.0907551314921299   0.00149241274603851   0
0.535697978658161   0.327980995839321   0.102068677424977   0.0273222117172324   0
0.516905086810915   0.326054032784403   -0.018792891847246   -0.00192696305491769   0
0.490264222076627   0.32419434763668   -0.0266408647342887   -0.001859685147723   0
0.505718770605373   0.339455595471543   0.0154545485287464   0.0152612478348633   0
0.550605333317214   0.345072636145932   0.0448865627118405   0.00561704067438834   0
0.533306095637355   0.341009014673091   -0.0172992376798584   -0.00406362147284045   0
0.56942555239579   0.333821637117567   0.0361194567584343   -0.00718737755552429   0
0.5527166619186   0.348645570760984   -0.0167088904771896   0.0148239336434174   0
0.587807863536207   0.350740840262882   0.035091201617607   0.00209526950189776   0
0.587800372759536   0.337418650428977   -7.49077667050457e-06   -0.0133221898339047   0
0.585547244961497   0.352237861873993   -0.00225312779803899   0.014819211445016   0
0.583084017129684   0.327826292300988   -0.00246322783181308   -0.0244115695730059   0
0.537863158090643   0.30608062802107   -0.0452208590390414   -0.0217456642799177   0
0.523560787473709   0.314535644669348   -0.0143023706169343   0.00845501664827841   0
0.553154958013295   0.33234675694815   0.0295941705395861   0.0178111122788015   0
0.522997860765223   0.318124800196181   -0.0301570972480715   -0.0142219567519689   0
0.578883404055817   0.323252879806155   0.0558855432905934   0.00512807960997413   0
0.579798045382882   0.31320786025881   0.000914641327064869   -0.0100450195473447   0
0.547383280327268   0.292925696349881   -0.032414765055614   -0.0202821639089297   0
0.536511510595942   0.299261570236745   -0.0108717697313251   0.00633587388686474   0
0.508734434118432   0.288217375008105   -0.0277770764775102   -0.0110441952286406   0
0.520300958361879   0.296739529672068   0.011566524243447   0.00852215466396306   0
0.503851859982922   0.294970933756853   -0.0164490983789574   -0.00176859591521444   0
0.497463059271982   0.281154531702767   -0.00638880071093945   -0.0138164020540859   0
0.532589611565453   0.305461962505665   0.0351265522934704   0.0243074308028978   0
0.519698554386185   0.323744857066568   -0.0128910571792683   0.0182828945609027   0
0.496203876357329   0.323746509628911   -0.0234946780288551   1.65256234291311e-06   0
0.512214458074506   0.327240153015396   0.0160105817171767   0.00349364338648539   0
0.522606396438314   0.314632342940014   0.0103919383638076   -0.0126078100753824   0
0.517097047594173   0.319821690660499   -0.00550934884414112   0.00518934772048529   0
0.53586835285596   0.30068697888595   0.0187713052617877   -0.0191347117745487   0
0.546003375960662   0.304872706121789   0.0101350231047017   0.00418572723583815   0
0.572884743362048   0.315160436456977   0.0268813674013862   0.0102877303351889   0
0.549048238505042   0.318514184163751   -0.0238365048570058   0.00335374770677371   0
0.536850315284437   0.315232360767958   -0.012197923220605   -0.00328182339579319   0
0.537263026119135   0.316069914248893   0.000412710834697294   0.000837553480934894   0
0.562658658470693   0.302742995676713   0.0253956323515583   -0.0133269185721803   0
0.487075464441435   0.314460170363418   -0.0755831940292577   0.0117171746867056   0
0.524711631279086   0.313737236069345   0.0376361668376511   -0.000722934294072997   0
0.551848180565416   0.309980655518193   0.0271365492863295   -0.00375658055115258   0
0.568152830618875   0.310844349670883   0.0163046500534589   0.000863694152690442   0
0.56437678761246   0.281455758639031   -0.00377604300641465   -0.029388591031852   0
0.521422627076578   0.278271275787674   -0.0429541605358823   -0.00318448285135658   0
0.541010550697498   0.288304509548624   0.01958792362092   0.0100332337609493   0
0.547259236708025   0.300985566876453   0.00624868601052686   0.0126810573278296   0
0.566460745044032   0.307754004928758   0.0192015083360074   0.00676843805230454   0
0.587570691015983   0.314004227002396   0.0211099459719509   0.00625022207363846   0
0.564540218005024   0.308432287491846   -0.0230304730109592   -0.00557193951055085   0
0.562469156592039   0.318669669245349   -0.00207106141298474   0.0102373817535032   0
0.525979595523144   0.292316981410831   -0.0364895610688953   -0.026352687834518   0
0.546377625792135   0.293903514388825   0.0203980302689909   0.00158653297799455   0
0.571199481669057   0.27890203158188   0.0248218558769226   -0.0150014828069454   0
0.590911968556366   0.263278786059421   0.0197124868873088   -0.0156232455224588   0
0.585988999433616   0.281510784809077   -0.00492296912275059   0.0182319987496558   0
0.581628193844452   0.300041972365768   -0.00436080558916319   0.0185311875566905   0
0.616169840732091   0.286414089189765   0.0345416468876383   -0.0136278831760028   0
0.630909382173859   0.27813644093596   0.0147395414417679   -0.00827764825380517   0
0.565008093311379   0.281877263367835   -0.0659012888624796   0.00374082243187579   0
0.600027025076071   0.287169691727278   0.0350189317646921   0.00529242835944294   0
0.590712331383906   0.279704336861573   -0.00931469369216475   -0.00746535486570488   0
0.601260764105234   0.297841763380847   0.0105484327213277   0.0181374265192736   0
0.597166722366752   0.305312368658645   -0.0040940417384816   0.00747060527779825   0
0.676998310088002   0.309044758014616   0.0798315877212492   0.0037323893559707   0
0.673427722715185   0.2880637932977   -0.00357058737281668   -0.020980964716916   0
0.65102952058932   0.273537695353785   -0.0223982021258647   -0.0145260979439152   0
0.638866668248618   0.294005222402005   -0.0121628523407019   0.0204675270482204   0
0.632593828144758   0.315798981948886   -0.00627284010385998   0.0217937595468803   0
0.645005208559288   0.312454787261597   0.0124113804145294   -0.00334419468728825   0
0.608300748921913   0.298670669530944   -0.0367044596373749   -0.013784117730653   0
0.663458571292888   0.253800530849307   0.0551578223709751   -0.0448701386816374   0
0.634742721391904   0.324401886294608   -0.028715849900984   0.0706013554453014   0
0.598537275365536   0.302485200251599   -0.0362054460263675   -0.0219166860430093   0
0.590599039877318   0.33911345547287   -0.00793823548821826   0.0366282552212707   0
0.573864021134938   0.348363192080837   -0.0167350187423805   0.00924973660796707   0
0.609428094385064   0.359316310236082   0.035564073250126   0.0109531181552455   0
0.613282356867936   0.373492429626174   0.00385426248287202   0.0141761193900917   0
0.630396118004386   0.386888931771445   0.0171137611364506   0.0133965021452713   0
0.614809332757726   0.362030327889198   -0.0155867852466604   -0.0248586038822475   0
0.643964962648311   0.310779840495346   0.0291556298905847   -0.051250487393852   0
0.626142934827185   0.295348029980462   -0.017822027821126   -0.0154318105148835   0
0.649241994084063   0.296811805568798   0.0230990592568779   0.00146377558833588   0
0.657811237927206   0.279869862132385   0.00856924384314295   -0.0169419434364134   0
0.688331589077452   0.272426314655729   0.0305203511502462   -0.00744354747665521   0
