0.320186038997893   0.135393456271684   0   0   0
0.247131183962284   0.118529700249526   -0.073054855035609   -0.0168637560221583   0
0.229624004525333   0.143424730047027   -0.0175071794369508   0.0248950297975007   0
0.293246902840405   0.200332918137522   0.0636228983150724   0.056908188090495   0
0.225248322662456   0.176440868140894   -0.0679985801779489   -0.0238920499966273   0
0.281220574312129   0.149972329480049   0.0559722516496726   -0.026468538660845   0
0.203384176435853   0.076575143115276   -0.0778363978762763   -0.0733971863647735   0
0.182271711372939   0.0744662849312526   -0.0211124650629135   -0.00210885818402338   0
0.172408583732597   0.0903800294631231   -0.00986312764034181   0.0159137445318705   0
0.144772016604764   0.0642868687628741   -0.0276365671278335   -0.026093160700249   0
0.163739433120095   0.067282337478849   0.018967416515331   0.00299546871597488   0
0.126316919246988   0.0588147724492963   -0.0374225138731072   -0.00846756502955271   0
0.130689036002566   0.0530958181427926   0.00437211675557836   -0.00571895430650372   0
0.11302091947905   0.0534688770883852   -0.0176681165235156   0.000373058945592614   0
0.126457782637695   0.0774274199211106   0.0134368631586441   0.0239585428327255   0
0.103930650936911   0.0731149441564616   -0.0225271317007833   -0.00431247576464901   0
0.158178088719424   0.0623306768777221   0.0542474377825128   -0.0107842672787395   0
0.12833680915061   0.0813334783449886   -0.0298412795688145   0.0190028014672665   0
0.1405916940456   0.072427316229255   0.0122548848949904   -0.00890616211573363   0
0.103757344746529   0.0458757223322424   -0.0368343492990713   -0.0265515938970126   0
0.0619807979897   0.0525782604707972   -0.0417765467568287   0.00670253813855488   0
0.0824314858643225   0.0652581067844877   0.0204506878746225   0.0126798463136905   0
0.108733309741679   0.0598025352087654   0.026301823877357   -0.0054555715757223   0
0.165243957034804   0.0489099102544924   0.0565106472931241   -0.010892624954273   0
0.0955196665846359   0.0597768902399163   -0.0697242904501677   0.0108669799854239   0
0.0789538348912129   0.0674507907413434   -0.016565831693423   0.00767390050142715   0
0.0806786667464206   0.099859706804196   0.00172483185520779   0.0324089160628526   0
0.111989348087307   0.10631138981017   0.0313106813408863   0.00645168300597433   0
0.228630571831503   0.120215435578007   0.116641223744196   0.0139040457678368   0
0.166956464666841   0.0890353393953315   -0.0616741071646623   -0.0311800961826757   0
0.118010799397555   0.129347292136181   -0.0489456652692855   0.0403119527408494   0
0.0675599536021925   0.127451007263576   -0.0504508457953627   -0.00189628487260521   0
0.0984685093819339   0.147264072291929   0.0309085557797414   0.0198130650283534   0
0.0741688914611106   0.157663480326168   -0.0242996179208233   0.0103994080342391   0
0.09628778177635   0.168149786130432   0.0221188903152394   0.0104863058042638   0
0.116718530707649   0.150551766936036   0.020430748931299   -0.017598019194396   0
0.0835290651756645   0.154467900189845   -0.0331894655319845   0.0039161332538093   0
0.0992511402982857   0.163483586604474   0.0157220751226213   0.00901568641462858   0
0.0966160400165733   0.19042166163084   -0.00263510028171242   0.0269380750263658   0
0.107090078699103   0.205456881567642   0.0104740386825293   0.0150352199368022   0
0.115209557391564   0.198072616154404   0.008119478692461   -0.0073842654132375   0
0.154572536907336   0.213648245264851   0.0393629795157719   0.0155756291104468   0
0.109463385100635   0.254347794978647   -0.0451091518067002   0.0406995497137962   0
0.107632221485297   0.279823012792461   -0.00183116361533853   0.025475217813814   0
0.135023315672257   0.285030838515326   0.0273910941869603   0.00520782572286499   0
0.101844459546605   0.287238731876901   -0.0331788561256524   0.00220789336157434   0
0.0948046877027186   0.282347773694959   -0.00703977184388607   -0.00489095818194124   0
0.116104534862942   0.269531600090323   0.0212998471602229   -0.012816173604636   0
0.0665653417851212   0.299649546361662   -0.0495391930778203   0.0301179462713389   0
0.089720881944729   0.295646193582363   0.0231555401596078   -0.00400335277929942   0
0.0795556608159344   0.304941651726195   -0.0101652211287946   0.00929545814383209   0
0.0690991315911423   0.307104029976   -0.0104565292247921   0.00216237824980514   0
0.0759824459133161   0.296835460352196   0.00688331432217375   -0.0102685696238043   0
0.110019604758061   0.283660286783632   0.0340371588447451   -0.0131751735685635   0
0.0553113751754781   0.28415949362015   -0.054708229582583   0.000499206836517607   0
0.0661475295225755   0.295663322675472   0.0108361543470974   0.0115038290553217   0
0.0700421877443937   0.295579948974047   0.00389465822181821   -8.33737014249158e-05   0
0.0742443467878868   0.289493976996932   0.00420215904349308   -0.00608597197711491   0
0.0854701638802103   0.306980324878077   0.0112258170923234   0.0174863478811458   0
0.101908867680394   0.259832634026213   0.0164387038001835   -0.0471476908518644   0
0.046652352217422   0.292596979146231   -0.0552565154629717   0.032764345120018   0
0.0565794810973059   0.30415855474731   0.00992712887988394   0.0115615756010791   0
0.0602033821575665   0.296556905961638   0.00362390106026059   -0.00760164878567188   0
0.06749299887818   0.311383528923191   0.00728961672061343   0.0148266229615531   0
0.0732531190761185   0.295821438783162   0.00576012019793858   -0.0155620901400295   0
0.0913609200830421   0.295953287027653   0.0181078010069235   0.000131848244491306   0
0.0236869208339201   0.289399169025245   -0.0676739992491219   -0.0065541180024079   0
0.0203185004406676   0.297466973911647   -0.00336842039325256   0.00806780488640169   0
0.0399067033915356   0.314051825741803   0.019588202950868   0.0165848518301563   0
0.0236975245831796   0.317344672613958   -0.016209178808356   0.00329284687215442   0
0.0330835100692535   0.317244323415156   0.00938598548607397   -0.000100349198801808   0
0.0570665644669451   0.249103288662459   0.0239830543976916   -0.0681410347526966   0
0.0382109029223336   0.297954407058345   -0.0188556615446115   0.0488511183958858   0
0.0632946024344888   0.312611377451465   0.0250836995121553   0.0146569703931202   0
0.0658235996416179   0.315694125567471   0.00252899720712907   0.00308274811600551   0
0.0550425978143256   0.365318605944691   -0.0107810018272923   0.0496244803772204   0
0.0437880707899948   0.359101527362907   -0.0112545270243307   -0.00621707858178433   0
0.105932699776131   0.316699176862085   0.0621446289861366   -0.0424023505008214   0
0.0385906626764817   0.331729653692521   -0.0673420370996497   0.0150304768304356   0
0.0816261359152012   0.34046255297912   0.0430354732387195   0.00873289928659876   0
0.0511451034476391   0.350703580648562   -0.0304810324675622   0.0102410276694422   0
0.0575303211659174   0.364487413671889   0.00638521771827832   0.0137838330233266   0
0.0507832065375396   0.359396017725186   -0.00674711462837782   -0.00509139594670227   0
0.0627667545286515   0.326005914578632   0.011983547991112   -0.0333901031465549   0
0.0413011044453886   0.329146027044547   -0.0214656500832629   0.00314011246591595   0
0.06365204673245   0.329134496829245   0.0223509422870614   -1.15302153029795e-05   0
0.0801946630898216   0.324149211419097   0.0165426163573716   -0.00498528541014742   0
0.11548131762506   0.330969449928045   0.0352866545352384   0.0068202385089477   0
0.120943661932075   0.312823642904976   0.00546234430701477   -0.0181458070230687   0
0.11921429326876   0.308038399619792   -0.00172936866331444   -0.00478524328518437   0
0.128432723952465   0.305608112149207   0.00921843068370436   -0.00243028747058438   0
0.142401754220382   0.31366692964114   0.0139690302679173   0.00805881749193282   0
0.129583619410827   0.307950385555044   -0.0128181348095552   -0.00571654408609656   0
0.159503089096168   0.31820802321516   0.0299194696853409   0.0102576376601167   0
0.138604669547819   0.312051496258875   -0.020898419548349   -0.00615652695628555   0
0.0643767719458657   0.266840028655747   -0.0742278976019529   -0.0452114676031275   0
0.1073746659206   0.321664107688828   0.042997893974734   0.0548240790330808   0
0.125678709308339   0.313212221083501   0.0183040433877394   -0.00845188660532692   0
0.152872940212256   0.285927390444065   0.0271942309039169   -0.0272848306394367   0
0.134248920424896   0.306342429405135   -0.0186240197873602   0.0204150389610703   0
0.149885290899274   0.325752676059081   0.0156363704743783   0.0194102466539461   0
0.0720306908697258   0.311087341252806   -0.0778546000295482   -0.0146653348062746   0
0.139547733631543   0.303251171598516   0.0675170427618169   -0.00783616965429051   0
0.142693536549803   0.320542375317305   0.00314580291826042   0.0172912037187891   0
0.155768180120158   0.328088960718797   0.0130746435703551   0.00754658540149156   0
0.173275141763497   0.327831070512547   0.0175069616433388   -0.000257890206249611   0
0.161849629484902   0.338864805078648   -0.0114255122785952   0.011033734566101   0
0.124448173146294   0.331402692122292   -0.0374014563386077   -0.00746211295635607   0
0.144287138616198   0.3179140586061   0.0198389654699041   -0.0134886335161923   0
0.249668526252309   0.327173292577512   0.105381387636111   0.00925923397141204   0
0.206825100890438   0.334403399774967   -0.0428434253618709   0.00723010719745504   0
0.191525071506605   0.368309036345502   -0.0153000293838337   0.0339056365705357   0
0.177530372513945   0.349862651426103   -0.0139946989926599   -0.0184463849193998   0
0.0909653857095654   0.331875422097016   -0.0865649868043794   -0.0179872293290866   0
0.140861216631171   0.335802365326675   0.0498958309216053   0.00392694322965947   0
0.100316861787139   0.346874552761604   -0.0405443548440314   0.0110721874349282   0
0.138749618511548   0.346293000139853   0.0384327567244084   -0.000581552621750914   0
0.0814333352865397   0.364833760775798   -0.0573162832250079   0.0185407606359457   0
0.0724549680644854   0.342680200450274   -0.00897836722205433   -0.0221535603255243   0
0.088762631363767   0.335048112844353   0.0163076632992816   -0.00763208760592082   0
0.091837411801346   0.357977623297058   0.00307478043757893   0.0229295104527042   0
0.123547339013554   0.349312467336424   0.0317099272122078   -0.00866515596063394   0
0.109247033622611   0.355876302903481   -0.0143003053909424   0.00656383556705725   0
0.0795358654114608   0.361648934469604   -0.0297111682111507   0.00577263156612329   0
0.0773733151254358   0.362750920253485   -0.00216255028602491   0.0011019857838806   0
0.0267090420996729   0.368577096485254   -0.0506642730257629   0.00582617623176895   0
0.0586249073467925   0.361083589547836   0.0319158652471195   -0.00749350693741774   0
0.0748503367625751   0.380551494321399   0.0162254294157826   0.0194679047735634   0
0.0465065700613107   0.341704798317568   -0.0283437667012644   -0.038846696003831   0
0.0507683388937446   0.360236374312062   0.00426176883243391   0.0185315759944936   0
0.0676938323738581   0.344826802335607   0.0169254934801135   -0.0154095719764546   0
0.0502990708201613   0.356898962507949   -0.0173947615536968   0.0120721601723412   0
0.0280713451688657   0.329770399977393   -0.0222277256512956   -0.0271285625305552   0
0.0577394350774235   0.343534243270595   0.0296680899085578   0.0137638432932012   0
0.115520422542669   0.377652173331824   0.057780987465246   0.0341179300612294   0
0.0529632915747086   0.349926582567329   -0.0625571309679609   -0.0277255907644945   0
0.0846564503713096   0.367399338139374   0.031693158796601   0.0174727555720445   0
0.0641309985013488   0.343789825227929   -0.0205254518699608   -0.0236095129114449   0
0.0490616879559805   0.314272645056009   -0.0150693105453683   -0.0295171801719203   0
0.112376704969771   0.353764290967379   0.0633150170137903   0.0394916459113704   0
0.0829346114973115   0.3571860620685   -0.0294420934724592   0.00342177110112113   0
0.0692148138741267   0.354664325924176   -0.0137197976231849   -0.00252173614432444   0
0.126992725397235   0.394797259894557   0.0577779115231086   0.0401329339703808   0
0.025373660666179   0.381036569714115   -0.101619064731056   -0.0137606901804411   0
0.152416104535118   0.46825100809128   0.127042443868939   0.0872144383771645   0
0.160702360055515   0.480710069213762   0.00828625552039741   0.012459061122482   0
0.0720067211499211   0.452715426756699   -0.0886956389055942   -0.0279946424570632   0
0.113483964889715   0.471638893515473   0.0414772437397936   0.0189234667587745   0
0.0727573100589412   0.458657462838554   -0.0407266548307735   -0.012981430676919   0
0.123057973209622   0.466436838909889   0.0503006631506806   0.00777937607133489   0
0.05875482919999   0.420757097157612   -0.0643031440096318   -0.0456797417522774   0
0.126948947165897   0.484653461663589   0.0681941179659065   0.0638963645059773   0
0.0990711997903528   0.461334256780536   -0.0278777473755438   -0.0233192048830527   0
0.137514122615097   0.482794038012588   0.0384429228247444   0.0214597812320513   0
0.0773012555455602   0.410666506335128   -0.060212867069537   -0.0721275316774593   0
0.144524797812175   0.449975418660009   0.0672235422666146   0.0393089123248802   0
0.106506973465731   0.426686335431837   -0.0380178243464434   -0.0232890832281717   0
0.109667381377828   0.43769903267685   0.00316040791209678   0.0110126972450129   0
0.130560802585462   0.453980560839613   0.0208934212076339   0.0162815281627636   0
0.092149666253655   0.423449294720749   -0.0384111363318071   -0.0305312661188641   0
0.174102416432541   0.485530534664402   0.0819527501788862   0.0620812399436527   0
0.107904181019551   0.429529636271468   -0.0661982354129904   -0.0560008983929336   0
0.130575327379716   0.446635182846694   0.0226711463601651   0.0171055465752258   0
0.0439104316881536   0.417112546559079   -0.0866648956915624   -0.0295226362876149   0
0.133213969273684   0.463363571898191   0.0893035375855303   0.0462510253391117   0
0.061405428948343   0.41574706152329   -0.0718085403253409   -0.0476165103749012   0
0.142781137276252   0.461503800744371   0.0813757083279093   0.0457567392210813   0
0.0996245229142403   0.446010400015515   -0.043156614362012   -0.0154934007288556   0
0.115357296156463   0.440715603651039   0.015732773242223   -0.00529479636447594   0
0.10802906801528   0.433367794027487   -0.00732822814118333   -0.0073478096235528   0
0.0746735344601419   0.437654941521286   -0.0333555335551381   0.00428714749379921   0
0.139768605967757   0.49748341597007   0.0650950715076147   0.0598284744487846   0
0.0602146163005296   0.460176535776489   -0.079553989667227   -0.0373068801935817   0
0.136171003840539   0.478691999859513   0.0759563875400091   0.0185154640830245   0
0.113759835920856   0.469613319289392   -0.022411167919683   -0.00907868057012157   0
0.109654622387248   0.461347528897956   -0.00410521353360742   -0.00826579039143588   0
0.0616001544122253   0.423850207869183   -0.0480544679750229   -0.0374973210287723   0
0.186813092755005   0.493888999283746   0.125212938342779   0.0700387914145627   0
0.0976676152598188   0.461192197823749   -0.0891454774951859   -0.032696801459997   0
0.147892762618223   0.49505584361085   0.0502251473584039   0.0338636457871007   0
0.094289849329501   0.475473818430163   -0.0536029132887218   -0.0195820251806864   0
0.164096367184195   0.509483390507728   0.0698065178546935   0.0340095720775646   0
0.110558883624881   0.471460150684286   -0.0535374835593135   -0.0380232398234415   0
0.186653563406542   0.509202321964894   0.0760946797816609   0.037742171280608   0
0.137986779339508   0.48159424403917   -0.0486667840670343   -0.0276080779257241   0
0.169960940568855   0.518208095981962   0.0319741612293477   0.0366138519427913   0
0.178151907952062   0.523811718633587   0.00819096738320665   0.00560362265162562   0
0.15131271172314   0.574112922572946   -0.0268391962289223   0.0503012039393591   0
0.278528563294252   0.587899234817551   0.127215851571112   0.0137863122446049   0
0.211536586397342   0.576104748801162   -0.0669919768969101   -0.0117944860163894   0
0.140568663083384   0.573385517264781   -0.0709679233139574   -0.00271923153638132   0
0.160623947396302   0.554520537849817   0.0200552843129178   -0.0188649794149639   0
0.128834663768762   0.535352791074785   -0.0317892836275398   -0.0191677467750316   0
0.127885835024447   0.554746698611242   -0.000948828744315455   0.0193939075364573   0
0.129636547857848   0.561989780226349   0.00175071283340084   0.00724308161510656   0
0.150863058077251   0.558682855922043   0.0212265102194034   -0.00330692430430624   0
0.120097414025657   0.513891094909038   -0.0307656440515943   -0.0447917610130046   0
0.124794367547778   0.498748666141397   0.00469695352212168   -0.0151424287676413   0
0.199554066791434   0.515902219543076   0.0747596992436554   0.0171535534016795   0
0.112342774023922   0.468410473774242   -0.0872112927675118   -0.0474917457688341   0
0.154328256744836   0.501910613675393   0.0419854827209139   0.0335001399011512   0
0.164408458168976   0.533447562238504   0.0100802014241403   0.0315369485631105   0
0.121310487952732   0.502361354096332   -0.043097970216244   -0.0310862081421722   0
0.147278886136344   0.526809943920006   0.0259683981836115   0.0244485898236746   0
0.132824135801141   0.497751856693925   -0.0144547503352025   -0.0290580872260808   0
0.140580657782677   0.504420741522888   0.00775652198153531   0.00666888482896244   0
0.155121758310947   0.536023792767168   0.014541100528271   0.0316030512442802   0
0.148927084145564   0.527237374764204   -0.00619467416538313   -0.00878641800296376   0
0.137450162284262   0.51369100247352   -0.0114769218613022   -0.0135463722906843   0
0.154298430986903   0.505680889672034   0.0168482687026406   -0.00801011280148578   0
0.182526083978044   0.528255271606446   0.0282276529911413   0.0225743819344119   0
0.154772949271667   0.484992654533551   -0.0277531347063771   -0.0432626170728954   0
0.169168525408836   0.499655747725121   0.014395576137169   0.0146630931915706   0
0.170646788028372   0.506570345106679   0.0014782626195356   0.00691459738155786   0
0.16298210989767   0.4737481929203   -0.00766467813070187   -0.0328221521863789   0
0.183867556093129   0.527101750828291   0.0208854461954594   0.0533535579079911   0
0.146301447041135   0.501906749272213   -0.0375661090519942   -0.0251950015560783   0
0.15134346741214   0.519203028021072   0.00504202037100548   0.017296278748859   0
0.161507979373807   0.485177052609663   0.0101645119616664   -0.0340259754114085   0
0.174029789178319   0.5641363266749   0.0125218098045118   0.078959274065237   0
0.130473891052195   0.583416189301833   -0.0435558981261237   0.0192798626269329   0
0.209169726492244   0.550943570943724   0.0786958354400488   -0.0324726183581089   0
0.111364743293737   0.510829047733743   -0.0978049831985064   -0.0401145232099815   0
0.165762725958673   0.539188929269148   0.0543979826649354   0.0283598815354048   0
0.138315332520802   0.544210349905579   -0.0274473934378707   0.0050214206364313   0
0.120202823303989   0.54011798393418   -0.0181125092168129   -0.00409236597139939   0
0.106638226189706   0.524123768240041   -0.013564597114283   -0.0159942156941387   0
0.125188323429424   0.525987433883586   0.0185500972397177   0.00186366564354545   0
0.102458045786068   0.48595308421324   -0.0227302776433558   -0.0400343496703465   0
0.114084816095614   0.504724613854488   0.0116267703095458   0.0187715296412487   0
0.133179349723334   0.522309513467312   0.0190945336277199   0.0175848996128234   0
0.108592961864812   0.464084393840606   -0.0245863878585217   -0.058225119626706   0
0.121016231246763   0.500896789730063   0.012423269381951   0.0368123958894568   0
0.140368039681403   0.528417008337594   0.0193518084346403   0.027520218607531   0
0.0941956433458576   0.490881614056699   -0.0461723963355457   -0.0375353942808945   0
0.125171675666018   0.518719631798482   0.0309760323201608   0.0278380177417828   0
0.111476550152128   0.535026504865649   -0.0136951255138899   0.0163068730671675   0
0.113196766672232   0.491492615783289   0.0017202165201034   -0.0435338890823601   0
0.124735372025621   0.541996810171289   0.0115386053533889   0.0505041943880001   0
0.110621888843257   0.48969266805182   -0.0141134831823633   -0.0523041421194692   0
0.120585339554773   0.523275330272133   0.00996345071151598   0.033582662220313   0
0.0954997982216193   0.50969301600121   -0.0250855413331541   -0.0135823142709229   0
0.12864564831307   0.528591979952789   0.0331458500914504   0.0188989639515791   0
0.103890585627861   0.507194497552379   -0.0247550626852082   -0.0213974824004105   0
0.133940567490137   0.525029931735489   0.0300499818622758   0.0178354341831104   0
