0.163101380060317   0.0502443430434216   0   0   0
0.111649720661843   0.0540593233818414   -0.0514516593984739   0.00381498033841981   0
0.121356536263112   0.0468825655834077   0.00970681560126876   -0.00717675779843367   0
0.134951743488591   0.0454400474058401   0.0135952072254789   -0.00144251817756756   0
0.0931808671737927   0.0287110298839139   -0.041770876314798   -0.0167290175219262   0
0.15819695806949   0.0531993336002661   0.0650160908956974   0.0244883037163521   0
0.152806029810018   0.0348927199910669   -0.00539092825947243   -0.0183066136091992   0
0.125961704231921   0.0395106076354405   -0.0268443255780964   0.00461788764437355   0
0.0783529250064093   0.0238517498985399   -0.0476087792255119   -0.0156588577369005   0
0.0931361899513825   0.0230226158887457   0.0147832649449732   -0.000829134009794261   0
0.0861130214658039   0.0257620762493049   -0.00702316848557862   0.00273946036055923   0
0.107414950182784   0.0411652871672542   0.0213019287169803   0.0154032109179493   0
0.0896463972348025   0.0647569464478522   -0.0177685529479817   0.0235916592805981   0
0.258951044964149   0.051951759239956   0.169304647729347   -0.0128051872078962   0
0.0900430660354255   0.0403037498368638   -0.168907978928724   -0.0116480094030922   0
0.0981855842055747   0.0505577070866671   0.00814251817014917   0.0102539572498033   0
0.0790234153879722   0.037128108292943   -0.0191621688176025   -0.0134295987937241   0
0.0837988086275097   0.0301277366403452   0.00477539323953752   -0.00700037165259774   0
0.0841780178408235   0.0309948315925817   0.000379209213313775   0.000867094952236469   0
0.0904826963617906   0.0277926712925926   0.00630467852096714   -0.00320216029998911   0
0.0640444170139755   0.0328574521471599   -0.0264382793478151   0.00506478085456727   0
0.0986377920670875   0.0366325290103618   0.034593375053112   0.00377507686320196   0
0.0837419097301942   0.027426723282093   -0.0148958823368933   -0.00920580572826886   0
0.180033461132834   0.0436612603063485   0.0962915514026396   0.0162345370242556   0
0.120856807537846   0.0297974385846334   -0.0591766535949877   -0.0138638217217151   0
0.094013827897496   0.0333549611949497   -0.0268429796403502   0.00355752261031628   0
0.121372842404551   0.046253934833585   0.0273590145070551   0.0128989736386353   0
0.127288806904181   0.0169827362731245   0.00591596449963037   -0.0292711985604604   0
0.0991675572012339   0.0180649565671357   -0.0281212497029476   0.00108222029401118   0
0.133003752448418   0.0371568801588562   0.0338361952471839   0.0190919235917205   0
0.169823236270688   0.0298031514107988   0.0368194838222704   -0.00735372874805737   0
0.17166640678901   0.0259516969099807   0.00184317051832222   -0.00385145450081816   0
0.209309529742461   0.032255224189734   0.0376431229534502   0.00630352727975332   0
0.144055409615328   0.0210995987541233   -0.0652541201271324   -0.0111556254356107   0
0.113659346681388   0.0232867297663954   -0.03039606293394   0.00218713101227212   0
0.145489595448781   0.01763276873741   0.0318302487673928   -0.00565396102898542   0
0.122552573010688   0.0291169841959122   -0.0229370224380932   0.0114842154585022   0
0.150479841334213   0.0372907452754031   0.0279272683235253   0.00817376107949093   0
0.232697633996652   0.0346212801830392   0.0822177926624391   -0.00266946509236395   0
0.176582767554963   0.0433505432050594   -0.0561148664416896   0.00872926302202027   0
0.139640634663303   0.037483319610995   -0.03694213289166   -0.00586722359406446   0
0.143929880514958   0.0300070862953757   0.00428924585165491   -0.00747623331561926   0
0.157557185669077   0.0469746904728493   0.0136273051541193   0.0169676041774736   0
0.128807369490918   0.044750506201299   -0.0287498161781585   -0.00222418427155031   0
0.317376314659176   0.0675342748400396   0.188568945168257   0.0227837686387406   0
0.178479709871599   0.0524841912732063   -0.138896604787577   -0.0150500835668333   0
0.178153649517039   0.0553110792652114   -0.00032606035455951   0.00282688799200514   0
0.123826017079166   0.033821233805632   -0.0543276324378727   -0.0214898454595794   0
0.193957509741515   0.0437125174446348   0.070131492662349   0.00989128363900278   0
0.174271250409412   0.0444060200658931   -0.0196862593321032   0.000693502621258314   0
0.239528433296216   0.0466907148820536   0.0652571828868044   0.0022846948161605   0
0.233781703127426   0.0634745749980455   -0.00574673016879035   0.0167838601159919   0
0.319305330525345   0.048113295121463   0.0855236273979192   -0.0153612798765824   0
0.188226853261404   0.0402937113762083   -0.131078477263942   -0.0078195837452547   0
0.369960037520995   0.020709333962349   0.181733184259591   -0.0195843774138594   0
0.26503352643826   0.0295213574056822   -0.104926511082735   0.00881202344333321   0
0.272754081726672   0.037111860401077   0.00772055528841159   0.00759050299539481   0
0.241491631024783   0.0515701599315333   -0.0312624507018887   0.0144582995304564   0
0.27239518619522   0.0422341234908933   0.0309035551704366   -0.00933603644064004   0
0.231231207571037   0.0610804199252856   -0.0411639786241827   0.0188462964343923   0
0.343880792062056   0.0441325350649068   0.112649584491019   -0.0169478848603788   0
0.605542206580186   0.117308080249242   0.26166141451813   0.0731755451843348   0
0.258992831967238   0.0208784067977306   -0.346549374612947   -0.0964296734515109   0
0.291004251268774   0.0284461253596641   0.0320114193015363   0.00756771856193346   0
0.264332508695034   0.0557853608549098   -0.0266717425737408   0.0273392354952457   0
0.205318561978843   0.0658437500856573   -0.0590139467161905   0.0100583892307475   0
0.311669406392623   0.0253126186696478   0.10635084441378   -0.0405311314160096   0
0.259415132695338   0.0833481189897829   -0.0522542736972846   0.0580355003201351   0
0.38919446638024   0.0485555803944562   0.129779333684902   -0.0347925385953266   0
0.354435504586462   0.0440988455405581   -0.0347589617937782   -0.00445673485389811   0
0.294662962347742   0.0845302065185133   -0.0597725422387205   0.0404313609779552   0
0.329712831888918   0.0533929081794811   0.0350498695411766   -0.0311372983390322   0
0.363715188541092   0.0491586907329976   0.0340023566521742   -0.00423421744648354   0
0.380571553883104   0.102170660494256   0.0168563653420112   0.0530119697612584   0
0.353592707729896   0.0833133781278253   -0.0269788461532071   -0.0188572823664306   0
0.579787805242789   0.055140293375353   0.226195097512892   -0.0281730847524723   0
0.272812745748105   0.191569631714647   -0.306975059494684   0.136429338339294   1
0.189920172384005   0.132829773851131   -0.0828925733641001   -0.0587398578635167   1
0.209449456355203   0.151391966051051   0.0195292839711983   0.0185621921999201   0
0.165197274071453   0.132161736361371   -0.0442521822837494   -0.0192302296896799   0
0.233599213276265   0.0689501170679572   0.0684019392048117   -0.0632116192934137   0
0.204950700547742   0.0761538931130248   -0.0286485127285236   0.0072037760450676   0
0.190912602073855   0.131550403840173   -0.0140380984738868   0.0553965107271478   0
0.233103243052037   0.101829557605307   0.0421906409781819   -0.0297208462348658   0
0.359140551580088   0.107085295280024   0.126037308528052   0.0052557376747175   0
0.262406168717696   0.140842963029477   -0.0967343828623921   0.0337576677494523   0
0.29494148686648   0.15410348646627   0.0325353181487839   0.0132605234367939   0
0.258495519394437   0.129637877883212   -0.0364459674720426   -0.0244656085830588   0
0.252026706366726   0.114819621509131   -0.0064688130277113   -0.0148182563740811   0
0.221530598862211   0.123212941068501   -0.0304961075045148   0.00839331955937085   0
0.235088215586511   0.134230284228346   0.0135576167242999   0.0110173431598444   0
0.422882265572299   0.178355682315601   0.187794049985787   0.0441253980872552   0
0.346818070418036   0.173319065841038   -0.0760641951542623   -0.00503661647456322   0
0.27258155979466   0.152557555437948   -0.0742365106233759   -0.02076151040309   0
0.216894173209794   0.137713834406606   -0.0556873865848666   -0.0148437210313421   0
0.191229854114989   0.122420714203367   -0.0256643190948047   -0.0152931202032385   0
0.288048084051483   0.121052983667287   0.0968182299364936   -0.00136773053607997   0
0.181467857322888   0.141846111772195   -0.106580226728595   0.0207931281049077   0
0.316301724964566   0.126807349966632   0.134833867641678   -0.0150387618055624   0
0.423125790922995   0.168803047845862   0.106824065958429   0.0419956978792299   0
0.254318267216671   0.167300141461574   -0.168807523706324   -0.00150290638428885   0
0.240761419568771   0.154489078579167   -0.0135568476478994   -0.0128110628824066   0
0.54443654190663   0.203975564168155   0.303675122337859   0.0494864855889884   0
0.303171063867662   0.175796786796972   -0.241265478038968   -0.0281787773711834   0
0.316504161818214   0.17292835891959   0.0133330979505517   -0.00286842787738203   0
0.413775290571654   0.160188502800607   0.0972711287534405   -0.0127398561189832   0
0.415150042912162   0.174771151579065   0.00137475234050782   0.0145826487784582   0
0.404653146316805   0.162644069709473   -0.0104968965953566   -0.0121270818695917   0
0.467698121913056   0.135352730625291   0.0630449755962508   -0.0272913390841826   0
0.40963683913209   0.160375219216343   -0.058061282780966   0.0250224885910521   0
0.441402483101942   0.177115492006035   0.0317656439698515   0.0167402727896927   0
0.393008838639298   0.210773145969523   -0.0483936444626434   0.0336576539634879   0
0.377553450847704   0.188307726263349   -0.0154553877915939   -0.0224654197061741   0
0.291233802409301   0.207504619853806   -0.0863196484384031   0.0191968935904566   0
0.371378436328888   0.207985195164608   0.0801446339195867   0.000480575310801867   0
0.408460433258951   0.232906757692344   0.037081996930063   0.0249215625277357   0
0.3468981219544   0.0782522081277616   -0.0615623113045508   -0.154654549564582   0
0.4605399980664   0.189422162326779   0.113641876112   0.111169954199017   0
0.307400077575283   0.19009388838545   -0.153139920491117   0.000671726058671496   0
0.328661850766726   0.187724108431762   0.0212617731914435   -0.00236977995368801   0
0.358117016634801   0.20772908249328   0.0294551658680741   0.020004974061518   0
0.352123934777246   0.399670791684857   -0.00599308185755482   0.191941709191576   0
0.253834015322001   0.310162026638094   -0.0982899194552444   -0.0895087650467622   0
0.203667683037835   0.237510020989642   -0.0501663322841664   -0.0726520056484528   0
0.1721377243756   0.232453821815753   -0.0315299586622351   -0.00505619917388825   0
0.171856747608699   0.240673483951286   -0.000280976766901114   0.00821966213553285   0
0.459503981110338   0.219917655629329   0.287647233501639   -0.0207558283219575   0
0.427196881670454   0.191399298936804   -0.032307099439884   -0.0285183566925248   0
0.259408979170807   0.193027149084008   -0.167787902499648   0.00162785014720454   0
0.246584514778402   0.213723730538399   -0.0128244643924046   0.0206965814543902   0
0.283462153795952   0.202014756780291   0.03687763901755   -0.0117089737581078   0
0.216261892648913   0.218261974707575   -0.067200261147039   0.016247217927284   0
0.278026256494598   0.21552298199148   0.0617643638456849   -0.00273899271609429   0
0.40194226342027   0.208586521078185   0.123916006925672   -0.00693646091329572   0
0.246416072992896   0.236278140496005   -0.155526190427375   0.0276916194178206   0
0.264207094208104   0.246944859307194   0.0177910212152086   0.0106667188111891   0
0.388439179504334   0.250769559949967   0.12423208529623   0.00382470064277249   0
0.302109312736979   0.269836625752046   -0.0863298667673543   0.0190670658020797   0
0.321186860267182   0.24673000304584   0.0190775475302022   -0.0231066227062069   0
0.442894301426379   0.308265462790595   0.121707441159197   0.0615354597447559   0
0.353435693116867   0.297175812145773   -0.089458608309512   -0.0110896506448221   0
0.277662550730198   0.29203862966267   -0.0757731423866684   -0.00513718248310358   0
0.274355186821755   0.32891556696096   -0.00330736390844349   0.0368769372982906   0
0.252155778777723   0.319335234700933   -0.0221994080440318   -0.0095803322600273   0
0.648744740764039   0.379062053669317   0.396588961986316   0.0597268189683837   0
0.440331678782722   0.374962371888834   -0.208413061981317   -0.00409968178048309   0
0.331098601643076   0.328889989226261   -0.109233077139646   -0.0460723826625728   0
0.272094926804966   0.332666975178631   -0.0590036748381092   0.00377698595237025   0
0.556543171449628   0.452640399494179   0.284448244644662   0.119973424315548   0
0.358497494257966   0.39990204840842   -0.198045677191662   -0.0527383510857595   0
0.360387146048524   0.362839776365547   0.00188965179055828   -0.0370622720428728   0
0.339367964134802   0.384386295801827   -0.0210191819137222   0.0215465194362807   0
0.523650779142932   0.449549274057083   0.184282815008131   0.0651629782552552   0
0.388444726325909   0.423950992559576   -0.135206052817024   -0.0255982814975063   0
0.304902824870482   0.398932633154083   -0.0835419014554262   -0.0250183594054935   0
0.245226989819636   0.35132592476716   -0.059675835050846   -0.047606708386923   0
0.386342402214668   0.404410080884799   0.141115412395031   0.0530841561176397   0
0.320638179893303   0.41455342259985   -0.0657042223213648   0.0101433417150507   0
0.37688931705167   0.453481866504329   0.0562511371583674   0.0389284439044787   0
0.509219716730411   0.493865628076352   0.132330399678741   0.0403837615720236   0
0.45485430131197   0.519111815747581   -0.0543654154184414   0.0252461876712282   0
0.588464309195689   0.503619711811402   0.13361000788372   -0.0154921039361783   0
0.531929443006307   0.484303048142638   -0.0565348661893823   -0.0193166636687646   0
0.673159939713891   0.52831005709195   0.141230496707584   0.0440070089493128   0
0.719381154013642   0.613231241967702   0.046221214299751   0.0849211848757513   0
0.346188339529222   0.50043236152701   -0.37319281448442   -0.112798880440692   1
0.412289319708503   0.712307484235039   0.0661009801792806   0.211875122708029   0
0.188862551238328   0.50327946351555   -0.223426768470175   -0.209028020719489   0
0.133807608089226   0.502890318069955   -0.0550549431491014   -0.000389145445595651   0
0.508934504630016   0.588071402896791   0.37512689654079   0.0851810848268366   1
0.666775531667142   0.7198187333185   0.157841027037126   0.131747330421709   0
0.170222476679456   0.80132901016218   -0.496553054987686   0.0815102768436803   1
0.276664757783242   0.595771235619218   0.106442281103786   -0.205557774542962   0
0.168856096864312   0.61510955128924   -0.10780866091893   0.0193383156700216   0
0.37339231359483   0.6869945890653   0.204536216730518   0.0718850377760598   0
0.435037402060352   0.712020750715876   0.0616450884655215   0.0250261616505767   0
0.397048390892093   0.700010564478316   -0.037989011168259   -0.0120101862375608   0
0.237390530241541   0.796094736716366   -0.159657860650552   0.0960841722380503   1
0.567632751644054   0.721452526834233   0.330242221402513   -0.0746422098821328   1
0.438925241810368   0.704269573492637   -0.128707509833686   -0.0171829533415966   1
0.439314794102134   0.715273403099297   0.000389552291765627   0.0110038296066609   0
0.5539968145741   0.751252138130235   0.114682020471967   0.0359787350309378   0
0.536130403865515   0.754104613923857   -0.0178664107085853   0.00285247579362202   0
0.530858579798132   0.813720980624348   -0.00527182406738247   0.0596163667004903   0
0.488921018938325   0.782172395532468   -0.0419375608598073   -0.0315485850918794   0
0.520323711272127   0.776775017780084   0.0314026923338021   -0.00539737775238402   0
0.48601094789558   0.765379791162041   -0.0343127633765474   -0.0113952266180428   0
0.686468378066317   0.780071067019698   0.200457430170737   0.0146912758576565   0
0.555436065368463   0.772623019031921   -0.131032312697854   -0.00744804798777698   0
0.520015981464993   0.72756946195707   -0.0354200839034704   -0.0450535570748511   0
0.489167122261912   0.703395644689744   -0.0308488592030814   -0.0241738172673261   0
0.503757821087921   0.687736282045124   0.0145906988260095   -0.0156593626446199   0
0.544098227368   0.709750191286519   0.040340406280079   0.0220139092413951   0
0.612671220243982   0.767581647928251   0.068572992875982   0.0578314566417325   0
0.626593930096677   0.784561242489234   0.0139227098526954   0.0169795945609822   0
0.564339751073766   0.756421926878445   -0.0622541790229115   -0.0281393156107883   0
0.565744573809595   0.758418772488689   0.00140482273582887   0.00199684561024394   0
0.639967740041207   0.862246275172587   0.0742231662316123   0.103827502683897   0
0.585946685855462   0.842181677807259   -0.0540210541857447   -0.0200645973653275   0
0.562072160541687   0.842808663277882   -0.0238745253137754   0.000626985470622898   0
0.722106260730372   0.969916886008796   0.160034100188685   0.127108222730914   0
0.613274962978271   0.916749548127786   -0.108831297752101   -0.0531673378810099   0
0.598289408578323   0.88003210603378   -0.0149855543999479   -0.0367174420940062   0
0.476590314414802   1.00085208065428   -0.121699094163521   0.1208199746205   0
0.446678975176804   0.902996343661064   -0.0299113392379981   -0.0978557369932157   0
0.484048224920823   0.882882602864192   0.0373692497440192   -0.0201137407968722   0
0.720805236466134   0.966937824004341   0.236757011545311   0.0840552211401495   0
0.609604839408489   0.962267515535181   -0.111200397057645   -0.00467030846916028   0
0.470954229832369   0.915712656362382   -0.13865060957612   -0.0465548591727988   0
0.432615811086465   0.914376775338946   -0.0383384187459041   -0.00133588102343596   0
0.425875680865907   0.889080432223795   -0.00674013022055781   -0.0252963431151512   0
0.58031982169166   0.931042474404364   0.154444140825753   0.0419620421805686   0
0.532884687629519   0.952853319415428   -0.0474351340621411   0.0218108450110645   0
0.465593389083221   0.946703868464817   -0.0672912985462975   -0.0061494509506107   0
0.586325501234673   0.948006884622812   0.120732112151451   0.00130301615799477   0
0.542154950036426   0.884355529746945   -0.0441705511982461   -0.0636513548758669   0
0.674805964977341   0.960456390854499   0.132651014940914   0.0761008611075537   0
0.756067082330662   0.924779048192188   0.0812611173533212   -0.0356773426623105   0
0.585971907379526   0.915019559373596   -0.170095174951136   -0.00975948881859234   0
0.586384979756474   0.879367392351598   0.000413072376947432   -0.0356521670219976   0
0.680741350889337   0.982915381804049   0.0943563711328638   0.103547989452451   0
0.580459984163603   1.00548325691493   -0.100281366725735   0.0225678751108779   0
0.566206372729944   0.941740264311238   -0.014253611433659   -0.0637429926036893   0
0.535943916009875   0.980079703686899   -0.0302624567200688   0.0383394393756611   0
0.644884144803545   0.990633909433879   0.10894022879367   0.0105542057469797   0
0.565433279423841   0.957876853720378   -0.0794508653797038   -0.0327570557135011   0
0.72761577025516   0.994312184194305   0.162182490831319   0.0364353304739274   0
0.57319332072696   0.978647607390551   -0.1544224495282   -0.0156645768037541   0
0.56187729082959   0.975288678399375   -0.01131602989737   -0.00335892899117574   0
0.577361715673112   0.966027804372239   0.0154844248435221   -0.00926087402713582   0
0.573082227731763   0.970358868834747   -0.0042794879413498   0.00433106446250775   0
0.594538686818789   1.00595555582702   0.0214564590870263   0.0355966869922734   0
0.611191898480502   0.95417655821656   0.0166532116617132   -0.0517789976104608   0
0.579692932225329   1.086687695697   -0.031498966255173   0.132511137480438   0
0.278810603384466   1.25431017696113   -0.300882328840863   0.167622481264128   1
0.392935893898343   1.05467176268129   0.114125290513877   -0.19963841427984   1
0.400322320993971   0.949566071488709   0.00738642709562787   -0.105105691192577   1
0.531696704090782   0.962823672684802   0.13137438309681   0.0132576011960928   0
0.286344453082297   1.13329937557216   -0.245352251008484   0.170475702887359   0
0.164769942432381   1.21225960992726   -0.121574510649917   0.0789602343551019   0
0.353556654717854   1.49988021005654   0.188786712285474   0.287620600129277   1
0.378803701850972   1.22606798683209   0.0252470471331177   -0.273812223224448   1
0.558487219554754   1.10138807420568   0.179683517703782   -0.124679912626411   0
0.396232936806117   1.10147697632327   -0.162254282748637   8.890211758672e-05   0
0.212702045370984   1.17363222760806   -0.183530891435133   0.0721552512847885   0
