0.0509601324500003   0.0655588761152142   0   0   0
0.0769390288631849   0.0366081877282255   0.0259788964131846   -0.0289506883869887   0
0.0670658163124801   0.0322956832032549   -0.00987321255070485   -0.00431250452497061   0
0.0690163351380671   0.0430151029035442   0.00195051882558707   0.0107194197002894   0
0.0940010907148422   0.0442585885436092   0.0249847555767751   0.001243485640065   0
0.094358068000304   0.0477311590019821   0.000356977285461801   0.00347257045837288   0
0.08943628954401   0.107515292749311   -0.00492177845629399   0.0597841337473288   0
0.135582866495623   0.206533104224476   0.0461465769516132   0.099017811475165   0
0.159412972970521   0.232682794466421   0.0238301064748976   0.0261496902419447   0
0.121243505762989   0.215948392670436   -0.0381694672075316   -0.0167344017959844   0
0.151129828089295   0.244058246171611   0.0298863223263062   0.0281098535011745   0
0.127705900863233   0.264808866044837   -0.023423927226062   0.0207506198732265   0
0.183710832729809   0.276602108113012   0.0560049318665759   0.0117932420681751   0
0.142064141710784   0.253533566647526   -0.0416466910190258   -0.0230685414654865   0
0.166172674453564   0.274220751288542   0.0241085327427799   0.0206871846410164   0
0.127399154166776   0.272595862605283   -0.0387735202867873   -0.00162488868325961   0
0.104346087923506   0.260535534467681   -0.0230530662432704   -0.0120603281376019   0
0.118702943604655   0.306141041411112   0.0143568556811496   0.045605506943431   0
0.149561982797267   0.282094414177793   0.0308590391926116   -0.0240466272333182   0
0.1247653493129   0.271803164540725   -0.0247966334843668   -0.0102912496370683   0
0.155082461923455   0.28740394514309   0.0303171126105553   0.0156007806023652   0
0.13375204306477   0.288096748068982   -0.0213304188586858   0.000692802925891689   0
0.151893030270813   0.304306432494965   0.018140987206043   0.0162096844259826   0
0.11885783930588   0.299056117812397   -0.0330351909649322   -0.00525031468256731   0
0.17213716293433   0.316914959909618   0.0532793236284494   0.017858842097221   0
0.13066256068974   0.303137601102622   -0.0414746022445897   -0.0137773588069962   0
0.151068649123635   0.299585771857264   0.0204060884338951   -0.00355182924535835   0
0.1357961989123   0.297741951205125   -0.0152724502113354   -0.00184382065213884   0
0.143985647508528   0.30867791169365   0.00818944859622792   0.0109359604885246   0
0.134784413865142   0.322436971336306   -0.00920123364338526   0.0137590596426567   0
0.124874828545588   0.298809724599573   -0.00990958531955444   -0.0236272467367336   0
0.133893106074607   0.314815891008419   0.00901827752901949   0.0160061664088467   0
0.092793792024844   0.283376228733238   -0.0410993140497635   -0.0314396622751813   0
0.149239134695997   0.31560494364181   0.0564453426711532   0.0322287149085718   0
0.10489977167917   0.299499333666521   -0.0443393630168267   -0.016105609975289   0
0.119092876616698   0.261115857941571   0.0141931049375273   -0.0383834757249503   0
0.0884180114710798   0.254451282374765   -0.030674865145618   -0.00666457556680539   0
0.135297126845399   0.270425743254003   0.0468791153743192   0.0159744608792379   0
0.103050737071697   0.266378359604553   -0.0322463897737022   -0.00404738364945018   0
0.127490666062932   0.301311262795755   0.024439928991235   0.0349329031912021   0
0.116714202921881   0.262252596816738   -0.0107764631410509   -0.0390586659790171   0
0.114154519456612   0.276009326103503   -0.00255968346526898   0.0137567292867654   0
0.0975073698384896   0.280176574958382   -0.0166471496181223   0.00416724885487907   0
0.138632131900014   0.294680941529156   0.0411247620615244   0.0145043665707739   0
0.10913620246834   0.275764596104631   -0.0294959294316745   -0.0189163454245257   0
0.182921201022216   0.311629479200444   0.0737849985538766   0.0358648830958135   0
0.129881272166528   0.283530697530867   -0.0530399288556886   -0.0280987816695771   0
0.160937472503982   0.300455922613118   0.0310562003374546   0.0169252250822511   0
0.124914064667064   0.312248840398379   -0.0360234078369179   0.0117929177852611   0
0.173945867334447   0.321249984870389   0.0490318026673824   0.0090011444720095   0
0.114622617924736   0.289521103866773   -0.0593232494097107   -0.0317288810036153   0
0.186489317752117   0.325571164312355   0.0718666998273809   0.0360500604455816   0
0.128405766487997   0.312774410355167   -0.0580835512641199   -0.0127967539571879   0
0.169183969884058   0.348338219389177   0.0407782033960615   0.0355638090340099   0
0.129387322240087   0.345718706922637   -0.0397966476439719   -0.00261951246654035   0
0.168416243800561   0.336193784876033   0.0390289215604745   -0.00952492204660355   0
0.132314337329331   0.338009221876283   -0.03610190647123   0.00181543700024939   0
0.187457975414331   0.352670394894071   0.0551436380850002   0.0146611730177885   0
0.129910428761205   0.344724836002209   -0.0575475466531267   -0.00794555889186188   0
0.181961345176524   0.370812189508722   0.0520509164153191   0.026087353506513   0
0.126528288951523   0.336713104110161   -0.0554330562250011   -0.0340990853985613   0
0.203778843143664   0.359948223712106   0.0772505541921413   0.0232351196019447   0
0.12048775196326   0.313323170690678   -0.0832910911804042   -0.0466250530214271   0
0.177581460850675   0.345841516849051   0.0570937088874158   0.0325183461583727   0
0.121775769985905   0.33434676394437   -0.0558056908647707   -0.0114947529046808   0
0.149634567390694   0.375442733593407   0.0278587974047887   0.0410959696490366   0
0.121528892040082   0.356509359227037   -0.0281056753506111   -0.0189333743663699   0
0.184132965957674   0.380418150094107   0.0626040739175918   0.0239087908670699   0
0.126303289930382   0.353963576406528   -0.0578296760272923   -0.0264545736875789   0
0.166618711585485   0.40413164036696   0.0403154216551027   0.0501680639604321   0
0.141627844645355   0.438042486085143   -0.0249908669401293   0.0339108457181826   0
0.153658062156102   0.416538581249111   0.0120302175107463   -0.0215039048360315   0
0.125231356514932   0.348198728226572   -0.0284267056411696   -0.0683398530225388   0
0.15338757641064   0.382725183929291   0.0281562198957082   0.034526455702719   0
0.128626314454244   0.366108347364892   -0.0247612619563961   -0.0166168365643993   0
0.16465329551251   0.385465019047971   0.036026981058266   0.0193566716830787   0
0.121932298596486   0.389794931811446   -0.0427209969160247   0.00432991276347533   0
0.179300516885479   0.436559908352221   0.0573682182889936   0.0467649765407752   0
0.126143692033811   0.413784456297648   -0.0531568248516683   -0.0227754520545736   0
0.184267058236816   0.439010141643106   0.0581233662030048   0.0252256853454583   0
0.116750674254814   0.421256580727423   -0.067516383982002   -0.017753560915683   0
0.202423092968169   0.470739881040474   0.0856724187133554   0.0494833003130514   0
0.118223020449488   0.427079366272172   -0.0842000725186813   -0.0436605147683025   0
0.175574063608638   0.447776014829837   0.0573510431591501   0.0206966485576647   0
0.115905936822969   0.437513546258459   -0.0596681267856692   -0.010262468571378   0
0.166510344553279   0.430683685968545   0.0506044077303101   -0.00682986028991345   0
0.106703238761108   0.413090645344412   -0.0598071057921708   -0.0175930406241336   0
0.178140671690668   0.452573659853788   0.0714374329295605   0.0394830145093765   0
0.121286064467522   0.424516591360173   -0.056854607223146   -0.0280570684936153   0
0.130519261424052   0.436168085901238   0.00923319695652947   0.0116514945410655   0
0.127066093417638   0.444891872529562   -0.00345316800641349   0.00872378662832363   0
0.118075584046195   0.420105422058145   -0.00899050937144362   -0.0247864504714166   0
0.129608597361016   0.422356818640897   0.0115330133148214   0.00225139658275214   0
0.145115141433652   0.443283323470557   0.0155065440726361   0.0209265048296596   0
0.147932157679965   0.461005541672321   0.00281701624631264   0.0177222182017637   0
0.10011120464054   0.463870937264278   -0.0478209530394253   0.00286539559195759   0
0.154451916183808   0.46652300087119   0.0543407115432682   0.00265206360691134   0
0.109612927842705   0.44924151041895   -0.0448389883411031   -0.0172814904522393   0
0.185523107611087   0.485902856784926   0.0759101797683821   0.0366613463659758   0
0.113240757447175   0.445716416369268   -0.0722823501639115   -0.0401864404156584   0
0.12752928675185   0.448605529286131   0.0142885293046747   0.0028891129168635   0
0.109646241655836   0.443889200849153   -0.017883045096014   -0.004716328436978   0
0.132471902910504   0.43190996838472   0.022825661254668   -0.0119792324644332   0
0.109708227264732   0.412088863454644   -0.0227636756457724   -0.0198211049300763   0
0.0820241889462493   0.359024754760852   -0.0276840383184824   -0.0530641086937917   0
0.121282845533282   0.402378364063402   0.039258656587033   0.0433536093025503   0
0.0641495111642326   0.401559019339113   -0.0571333343690497   -0.000819344724289517   0
0.107867533009845   0.418653146003123   0.0437180218456124   0.0170941266640105   0
0.0646807925215052   0.370775449855718   -0.0431867404883398   -0.0478776961474055   0
0.0940007693031334   0.371302846729354   0.0293199767816282   0.000527396873636621   0
0.0463160806162708   0.336152252448143   -0.0476846886868625   -0.0351505942812115   0
0.111541783372369   0.374155327969418   0.0652257027560977   0.0380030755212747   0
0.0646533867467127   0.343923882829577   -0.0468883966256559   -0.0302314451398408   0
0.081357298781971   0.344177866921291   0.0167039120352583   0.000253984091714288   0
0.0709081355234567   0.314571035588561   -0.0104491632585143   -0.0296068313327297   0
0.0871137876847655   0.298696677075072   0.0162056521613088   -0.0158743585134892   0
0.07805110321197   0.290876517704459   -0.00906268447279544   -0.00782015937061309   0
0.0696628938606781   0.305639146719825   -0.00838820935129198   0.0147626290153655   0
0.0886510060598299   0.29668164897399   0.0189881121991518   -0.00895749774583432   0
0.0398931968226413   0.280020620483926   -0.0487578092371886   -0.0166610284900644   0
0.0676440832715619   0.310513190909939   0.0277508864489206   0.0304925704260133   0
0.0432892026767426   0.291233411965097   -0.0243548805948193   -0.0192797789448427   0
0.0543650673213048   0.292015006496653   0.0110758646445622   0.000781594531556018   0
0.088898341824187   0.290249252900403   0.0345332745028822   -0.00176575359624925   0
0.096797551363503   0.301449055679102   0.00789920953931599   0.011199802778699   0
0.0653305959636831   0.290912307268201   -0.0314669553998199   -0.0105367484109015   0
0.111341544738431   0.284280734576387   0.0460109487747478   -0.00663157269181402   0
0.0693166775901731   0.29003382837008   -0.0420248671482578   0.0057530937936931   0
0.104368487942769   0.290208992037635   0.0350518103525963   0.000175163667555045   0
0.116081707905466   0.304914459446072   0.0117132199626969   0.0147054674084367   0
0.0846567089347324   0.286750053427724   -0.0314249989707339   -0.0181644060183477   0
0.0873220742403297   0.294548653381869   0.00266536530559726   0.00779859995414534   0
0.0889410749223327   0.299769872347627   0.00161900068200305   0.00522121896575772   0
0.0665073951270834   0.304168060061495   -0.0224336797952493   0.00439818771386774   0
0.0873317745403699   0.305560023105461   0.0208243794132865   0.0013919630439666   0
0.0886425012445497   0.295302921845586   0.0013107267041798   -0.0102571012598757   0
0.0971105823532636   0.312638832704112   0.00846808110871392   0.0173359108585269   0
0.104006098668924   0.328494698105042   0.00689551631566059   0.0158558654009293   0
0.141677929113359   0.366501726558856   0.0376718304444349   0.0380070284538143   0
0.136667837535427   0.345654515749285   -0.00501009157793161   -0.0208472108095714   0
0.111543178570005   0.338588892897951   -0.0251246589654226   -0.00706562285133389   0
0.12945190585453   0.303663964285024   0.0179087272845247   -0.0349249286129273   0
0.0835805113218387   0.287370303243255   -0.0458713945326909   -0.0162936610417689   0
0.0750090083956587   0.287367208138412   -0.00857150292617996   -3.09510484219899e-06   0
0.04917890373707   0.294316195012103   -0.0258301046585887   0.00694898687369105   0
0.200498297095013   0.249989818374169   0.151319393357943   -0.0443263766379344   0
0.200462995172126   0.224132909922561   -3.53019228863105e-05   -0.0258569084516077   0
0.271033920310429   0.167646510818866   0.0705709251383025   -0.0564863991036958   0
0.222659815806378   0.136415492372219   -0.0483741045040514   -0.0312310184466463   0
0.0515306026615253   0.196275584375643   -0.171129213144852   0.0598600920034234   0
0.0302637384958369   0.215628397982501   -0.0212668641656884   0.0193528136068588   0
0.0856522734664183   0.218415986562912   0.0553885349705814   0.00278758858041026   0
0.0537167181858684   0.220743339120912   -0.0319355552805499   0.00232735255800051   0
0.105190805040365   0.229944667279978   0.0514740868544963   0.00920132815906632   0
0.0401112238728875   0.238781700450956   -0.0650795811674771   0.00883703317097739   0
0.03605921339644   0.259338182241837   -0.00405201047644747   0.0205564817908807   0
0.0645567651808081   0.262293976770341   0.0284975517843681   0.00295579452850409   0
0.0807668339531147   0.257456915386342   0.0162100687723066   -0.00483706138399875   0
0.105227092026712   0.270730765449736   0.0244602580735972   0.0132738500633942   0
0.104487978869581   0.2747187211658   -0.000739113157130961   0.00398795571606381   0
0.135802172253171   0.280425811078242   0.0313141933835903   0.00570708991244234   0
0.153254269803487   0.29922709858716   0.0174520975503158   0.0188012875089179   0
0.0683013692318097   0.305666452091639   -0.0849529005716773   0.00643935350447855   0
0.065856839725262   0.296032553080417   -0.00244452950654769   -0.00963389901122147   0
0.064302451309573   0.333628126584229   -0.00155438841568906   0.0375955735038122   0
0.0827581469462826   0.33561901393826   0.0184556956367096   0.00199088735403075   0
0.105256901869427   0.350360139242755   0.022498754923144   0.0147411253044947   0
0.103958458692018   0.349822543956875   -0.00129844317740868   -0.000537595285879378   0
0.104303724548839   0.366531927199218   0.000345265856820681   0.0167093832423421   0
0.120766160093629   0.372549705981484   0.0164624355447903   0.00601777878226628   0
0.201263680750229   0.372041352018106   0.0804975206565999   -0.000508353963378172   0
0.159559656005395   0.355642724111418   -0.0417040247448337   -0.0163986279066878   0
0.158474662760455   0.361593414814765   -0.00108499324493988   0.00595069070334692   0
0.155517716258984   0.361597593585936   -0.00295694650147071   4.1787711717034e-06   0
0.117677561823314   0.350630691452046   -0.03784015443567   -0.0109669021338902   0
0.12255102341172   0.376346017433013   0.00487346158840579   0.0257153259809672   0
0.110898582989234   0.359237053516212   -0.0116524404224864   -0.0171089639168011   0
0.138055410191633   0.366814533374211   0.0271568272023989   0.0075774798579985   0
0.110103534294454   0.34249665328797   -0.0279518758971789   -0.0243178800862408   0
0.135741241137872   0.365166025292705   0.0256377068434184   0.022669372004735   0
0.111110133951994   0.363685773932185   -0.0246311071858786   -0.00148025136051988   0
0.140185821437833   0.364482037555903   0.0290756874858392   0.000796263623717652   0
0.100586979330428   0.335457816474903   -0.0395988421074048   -0.0290242210809993   0
0.12257523110792   0.338003000906164   0.0219882517774918   0.00254518443126078   0
0.0975775863124826   0.340034289317136   -0.0249976447954374   0.00203128841097211   0
0.144912661014212   0.364874961920591   0.0473350747017296   0.0248406726034543   0
0.109989015636699   0.351471855068212   -0.0349236453775133   -0.0134031068523789   0
0.0829704182911597   0.353510118906181   -0.0270185973455393   0.00203826383796968   0
0.0964764525126209   0.361853549827223   0.0135060342214613   0.00834343092104151   0
0.0939086378994691   0.326434402979664   -0.00256781461315185   -0.0354191468475584   0
0.103497647682061   0.317629624922582   0.00958900978259181   -0.00880477805708269   0
0.0678365867869987   0.306816976275861   -0.0356610608950622   -0.0108126486467204   0
0.0846393484966065   0.30207865525441   0.0168027617096078   -0.00473832102145177   0
0.0648789918482092   0.310595999634336   -0.0197603566483972   0.00851734437992646   0
0.0844980234675936   0.30017616177773   0.0196190316193844   -0.010419837856606   0
0.0480941164753029   0.304350287849379   -0.0364039069922907   0.00417412607164919   0
0.0739679596720769   0.296533554712991   0.0258738431967741   -0.00781673313638814   0
0.0623671875838207   0.299097484147765   -0.0116007720882563   0.00256392943477374   0
0.0594765063320375   0.325229145803036   -0.00289068125178316   0.0261316616552713   0
0.0427593796532924   0.340472507921345   -0.0167171266787451   0.0152433621183085   0
0.0520841737825417   0.324501102556293   0.00932479412924921   -0.0159714053650513   0
0.0592933986090357   0.294526081661285   0.00720922482649407   -0.0299750208950081   0
0.0790848382218109   0.31779181087978   0.0197914396127752   0.0232657292184951   0
0.0532904677172466   0.317219496461835   -0.0257943705045643   -0.000572314417945419   0
0.0582650132180848   0.327804804125904   0.00497454550083826   0.0105853076640696   0
0.138523955703734   0.307160771572071   0.080258942485649   -0.0206440325538333   0
0.127211658489346   0.311234934585194   -0.0113122972143878   0.00407416301312297   0
0.109953952695935   0.302974394080176   -0.0172577057934106   -0.00826054050501757   0
0.0920606189105445   0.306181126175749   -0.0178933337853909   0.00320673209557271   0
0.087160089968345   0.314441988725265   -0.00490052894219946   0.00826086254951636   0
0.0481067945593354   0.305297676872098   -0.0390532954090096   -0.00914431185316739   0
0.0520500941168217   0.31428230062358   0.00394329955748635   0.00898462375148146   0
0.0671511037970367   0.322856205176763   0.015101009680215   0.00857390455318335   0
0.056484084695514   0.328621093152129   -0.0106670191015227   0.00576488797536573   0
0.0825277564957154   0.343190700835978   0.0260436718002014   0.0145696076838498   0
0.060834139986524   0.342888810911117   -0.0216936165091914   -0.000301889924861076   0
0.0996642180456958   0.361695543109519   0.0388300780591718   0.0188067321984018   0
0.0741392228932162   0.361968700377546   -0.0255249951524796   0.000273157268027291   0
0.0945498507324517   0.345190184740604   0.0204106278392355   -0.0167785156369422   0
0.107148437534152   0.28399030073006   0.0125985868016999   -0.0611998840105441   0
0.0691056581446845   0.284908990371048   -0.0380427793894671   0.000918689640988013   0
0.084088597116637   0.317515660041029   0.0149829389719525   0.0326066696699804   0
0.0473335496700807   0.314497635073382   -0.0367550474465563   -0.00301802496764686   0
0.0618460056589753   0.321083966976708   0.0145124559888945   0.0065863319033268   0
0.0261989247750533   0.303363596930729   -0.035647080883922   -0.0177203700459792   0
0.0285556398396184   0.318662558215191   0.0023567150645651   0.0152989612844617   0
0.0320474366647319   0.321185569564154   0.00349179682511349   0.00252301134896293   0
0.0286912891222824   0.339872427317957   -0.00335614754244947   0.0186868577538031   0
0.0384745206649803   0.342869163221921   0.00978323154269795   0.00299673590396349   0
0.0427589659506588   0.33992184287936   0.00428444528567847   -0.00294732034256096   0
0.059915745799394   0.344652995812817   0.0171567798487352   0.00473115293345794   0
0.0679139692680379   0.360868322315426   0.00799822346864392   0.0162153265026083   0
0.0669881334795828   0.361260123461267   -0.00092583578845512   0.000391801145841475   0
0.0728662665774774   0.359299113445191   0.0058781330978946   -0.00196101001607651   0
0.0276311424023691   0.368279410636815   -0.0452351241751083   0.00898029719162458   0
0.0731137159573359   0.383332576033853   0.0454825735549668   0.0150531653970381   0
0.0289772276411944   0.372331931005454   -0.0441364883161416   -0.0110006450283996   0
0.0567569405024619   0.390682987855243   0.0277797128612675   0.0183510568497893   0
0.034646135174668   0.376346651622211   -0.0221108053277939   -0.0143363362330319   0
0.0533962848986706   0.397321701105666   0.0187501497240026   0.0209750494834545   0
0.0218706475498761   0.397712485288996   -0.0315256373487946   0.000390784183330439   0
0.0867513609824589   0.421262636431802   0.0648807134325829   0.0235501511428057   0
0.124008244209407   0.376379857222062   0.0372568832269484   -0.0448827792097396   0
0.116668131630407   0.368575957509778   -0.00734011257900016   -0.0078038997122839   0
0.0889031301571548   0.368426353610274   -0.0277650014732524   -0.000149603899504636   0
