0.308493919752432   0.0742472949528803   0   0   0
0.271670742076507   0.0817159049751179   -0.036823177675925   0.00746861002223764   0
0.174178542915744   0.0700213948987915   -0.0974921991607633   -0.0116945100763264   0
0.224277913510559   0.0526327361189308   0.0500993705948157   -0.0173886587798607   0
0.295646575224625   0.0453490584634896   0.0713686617140658   -0.00728367765544115   0
0.221388240731661   0.0149712091878846   -0.074258334492964   -0.030377849275605   0
0.213738524556361   0.0307169463764045   -0.00764971617530058   0.0157457371885199   0
0.234864569318512   0.0377467993907417   0.021126044762151   0.00702985301433723   0
0.213284974576012   0.070978950821455   -0.0215795947424999   0.0332321514307133   0
0.250890537836025   0.0369297016342537   0.0376055632600134   -0.0340492491872013   0
0.252345525078155   0.0476720885708031   0.00145498724213022   0.0107423869365495   0
0.212022450815931   0.0417117335587362   -0.040323074262224   -0.00596035501206694   0
0.219006640681579   0.0598716847681356   0.00698418986564714   0.0181599512093994   0
0.225603767584638   0.0378444158253831   0.0065971269030593   -0.0220272689427525   0
0.203038686097754   0.0430771666927213   -0.0225650814868836   0.0052327508673382   0
0.182347470648571   0.0263025893661538   -0.0206912154491829   -0.0167745773265675   0
0.161566984250186   0.0245331970714583   -0.0207804863983849   -0.00176939229469556   0
0.110548542116964   0.035261667531861   -0.0510184421332227   0.0107284704604027   0
0.11813162484648   0.0312324430706677   0.00758308272951673   -0.00402922446119328   0
0.0917843423106033   0.0227435303271304   -0.0263472825358772   -0.00848891274353732   0
0.0645068879581863   0.0280956287080055   -0.027277454352417   0.00535209838087505   0
0.0805046915306183   0.015851757443821   0.015997803572432   -0.0122438712641845   0
0.0667197739454354   0.0554769579202213   -0.0137849175851829   0.0396252004764004   0
0.0721481898984999   0.0160475567808127   0.00542841595306448   -0.0394294011394086   0
0.0791048596416807   0.0110276179135391   0.00695666974318078   -0.00501993886727361   0
0.187038051009531   0.00817650142618773   0.107933191367851   -0.0028511164873514   0
0.25320747925975   0.0202405985341154   0.0661694282502181   0.0120640971079277   0
0.209975255085838   0.0336702492044984   -0.0432322241739112   0.013429650670383   0
0.229911247820827   0.0321402442624508   0.0199359927349884   -0.00153000494204762   0
0.14679995545788   0.0486570949455277   -0.0831112923629466   0.0165168506830769   0
0.138884503019919   0.0257454674218245   -0.00791545243796071   -0.0229116275237033   0
0.122359253362131   0.0177334251419321   -0.0165252496577887   -0.00801204227989238   0
0.2306294769002   0.0261380154486717   0.10827022353807   0.00840459030673961   0
0.222039848402151   0.0280554848988397   -0.0085896284980497   0.00191746945016805   0
0.253069675187138   0.0430047930076234   0.0310298267849874   0.0149493081087837   0
0.227124074329429   0.0234795928837045   -0.0259456008577089   -0.0195252001239189   0
0.220088732485346   0.0291331136538306   -0.00703534184408325   0.00565352077012603   0
0.195889477684679   0.0521419269472467   -0.0241992548006666   0.0230088132934161   0
0.184036504863407   0.0192137319694466   -0.0118529728212719   -0.0329281949778001   0
0.213508079603199   0.0339104954081697   0.0294715747397921   0.0146967634387231   0
0.161776503452788   0.0465316622193964   -0.0517315761504111   0.0126211668112266   0
0.109523098093918   0.0283935909366427   -0.0522534053588701   -0.0181380712827536   0
0.0835011241644101   0.108539693884311   -0.026021973929508   0.0801461029476686   0
0.109957971174308   0.0958244176235499   0.0264568470098982   -0.0127152762607614   0
0.130639001120033   0.115786626957603   0.0206810299457248   0.0199622093340534   0
0.167731020826948   0.128501003402597   0.0370920197069148   0.0127143764449937   0
0.168398074059058   0.105228234192397   0.000667053232110221   -0.0232727692101997   0
0.122990089781657   0.108751946599452   -0.0454079842774012   0.0035237124070545   0
0.112176116968653   0.0907280257799237   -0.0108139728130039   -0.018023920819528   0
0.109372838653525   0.0985758352016862   -0.00280327831512799   0.00784780942176252   0
0.0378170308574602   0.112443786233222   -0.0715558077960647   0.0138679510315357   0
0.0392659289939764   0.11769794127215   0.0014488981365162   0.00525415503892822   0
0.0828743303263441   0.0854226163367904   0.0436084013323677   -0.0322753249353597   0
0.0773942661683668   0.0758737646122327   -0.00548006415797736   -0.0095488517245577   0
0.140205581477236   0.0643542463853202   0.0628113153088697   -0.0115195182269125   0
0.136897354888763   0.0613094236652491   -0.00330822658847321   -0.00304482272007117   0
0.154366881072593   0.0487102729100087   0.0174695261838295   -0.0125991507552404   0
0.152929856932576   0.0447293738364679   -0.00143702414001698   -0.00398089907354078   0
0.143145522421219   0.0561244698438212   -0.00978433451135713   0.0113950960073533   0
0.097688456069896   0.0690328584940534   -0.0454570663513227   0.0129083886502322   0
0.0883166767790206   0.110133502834673   -0.00937177929087536   0.0411006443406199   0
0.152851560276695   0.121510101788329   0.064534883497674   0.0113765989536554   0
0.13398121080445   0.122303946381842   -0.0188703494722446   0.000793844593513351   0
0.152211023874664   0.142069171590813   0.0182298130702142   0.0197652252089714   0
0.12173332938784   0.151033470401431   -0.030477694486824   0.00896429881061775   0
0.120806351902443   0.14956561004957   -0.000926977485396774   -0.00146786035186136   0
0.172730686969079   0.154706543900056   0.0519243350666357   0.00514093385048631   0
0.172168103060092   0.150448620396632   -0.000562583908986725   -0.00425792350342374   0
0.224941865097385   0.171084077573718   0.0527737620372923   0.0206354571770857   0
0.197205352342659   0.157469070971096   -0.0277365127547254   -0.0136150066026224   0
0.239068927141797   0.188399219585034   0.041863574799138   0.0309301486139386   0
0.17128033481661   0.174783624357375   -0.0677885923251874   -0.0136155952276593   0
0.148250598802096   0.145314290276284   -0.023029736014514   -0.0294693340810915   0
0.149949004986262   0.161339925271924   0.00169840618416597   0.0160256349956404   0
0.117812104041957   0.17078075414036   -0.0321369009443049   0.00944082886843578   0
0.22177493975436   0.169405506091892   0.103962835712403   -0.00137524804846789   0
0.198748650706715   0.173154688970585   -0.0230262890476445   0.00374918287869305   0
0.14260523153412   0.171983039752471   -0.0561434191725954   -0.00117164921811394   0
0.138302236639506   0.171404719474844   -0.00430299489461378   -0.000578320277626859   0
0.198836818475754   0.181226216433357   0.0605345818362478   0.00982149695851303   0
0.270163129110266   0.193798098780664   0.0713263106345115   0.0125718823473069   0
0.267140257458998   0.195126427162622   -0.00302287165126708   0.00132832838195795   0
0.226264682976663   0.192979956661955   -0.0408755744823351   -0.00214647050066699   0
0.184572800092917   0.183143328430222   -0.0416918828837461   -0.0098366282317334   0
0.188708562751164   0.18367973813543   0.00413576265824672   0.000536409705208074   0
0.151860503068811   0.162690182989786   -0.0368480596823528   -0.0209895551456438   0
0.0630455874244828   0.16259890169217   -0.0888149156443284   -9.12812976157362e-05   0
0.0580082355947843   0.15024575588099   -0.00503735182969847   -0.0123531458111803   0
0.122473431694633   0.161362874220652   0.0644651960998489   0.0111171183396623   0
0.220260392652719   0.168367776133826   0.0977869609580859   0.00700490191317346   0
0.285787235489498   0.199123598717606   0.0655268428367793   0.0307558225837799   0
0.276611824173172   0.196526055889544   -0.00917541131632604   -0.00259754282806193   0
0.25211122206788   0.180676318227514   -0.0245006021052921   -0.0158497376620293   0
0.253534294792756   0.187045062186897   0.00142307272487557   0.00636874395938231   0
0.274400973338941   0.165387162126478   0.0208666785461851   -0.0216579000604183   0
0.28591767721386   0.17542929968954   0.0115167038749189   0.0100421375630619   0
0.315263149394153   0.167866753309917   0.0293454721802932   -0.00756254637962325   0
0.325261850015353   0.168132013421745   0.00999870062120001   0.000265260111828564   0
0.316804512081536   0.184178260147751   -0.00845733793381714   0.0160462467260051   0
0.356391691415471   0.154901793407952   0.0395871793339347   -0.0292764667397981   0
0.363000492858137   0.182692711806574   0.00660880144266596   0.0277909183986218   0
0.425676569072165   0.152271569835902   0.0626760762140289   -0.0304211419706722   0
0.481963943736998   0.231323258238493   0.0562873746648325   0.0790516884025909   0
0.420040799626953   0.172359955816055   -0.061923144110045   -0.0589633024224377   0
0.399854341332362   0.184560160660887   -0.0201864582945909   0.012200204844832   0
0.361256056634806   0.163875402666248   -0.0385982846975562   -0.020684757994639   0
0.400527885598356   0.189777983137059   0.0392718289635505   0.0259025804708112   0
0.392870712256208   0.183571956409864   -0.00765717334214855   -0.00620602672719542   0
0.390577300497355   0.18526351955356   -0.00229341175885306   0.00169156314369651   0
0.418574114535383   0.195842618227047   0.0279968140380285   0.0105790986734868   0
0.358769961508146   0.251806658014681   -0.0598041530272367   0.0559640397876337   0
0.285569194911584   0.258239444403755   -0.0732007665965629   0.00643278638907385   0
0.33854767957533   0.248165389460461   0.0529784846637461   -0.0100740549432934   0
0.389488944079148   0.235329421096625   0.0509412645038189   -0.0128359683638368   0
0.430130149037347   0.225258375571148   0.0406412049581981   -0.0100710455254763   0
0.512996429197611   0.280853020069413   0.0828662801602649   0.0555946444982645   0
0.439248251853607   0.259334156085331   -0.0737481773440042   -0.0215188639840822   0
0.415205434577319   0.260764082350589   -0.0240428172762887   0.00142992626525884   0
0.370037211642559   0.242619893577943   -0.0451682229347596   -0.0181441887726462   0
0.393169496007495   0.230436034801878   0.023132284364936   -0.0121838587760648   0
0.442755436829885   0.248966082316894   0.0495859408223902   0.0185300475150157   0
0.461185804009111   0.237698333109727   0.0184303671792257   -0.0112677492071676   0
0.522586918277802   0.25988379282183   0.0614011142686912   0.0221854597121037   0
0.517215504664632   0.253001451249914   -0.00537141361316995   -0.00688234157191647   0
0.57352406885256   0.231377540272387   0.0563085641879281   -0.0216239109775269   0
0.558130623385754   0.271501514165207   -0.0153934454668064   0.04012397389282   0
0.546174923376138   0.271828899855221   -0.011955700009616   0.000327385690014559   0
0.533700625137961   0.262699895853615   -0.012474298238177   -0.00912900400160671   0
0.573245032223185   0.307442167018449   0.039544407085224   0.0447422711648345   0
0.626835040707912   0.304136727833881   0.0535900084847276   -0.00330543918456855   0
0.672273210701431   0.377087157519651   0.0454381699935184   0.0729504296857701   0
0.585205550224876   0.328919630766012   -0.0870676604765546   -0.0481675267536384   0
0.52922802740306   0.290932094522932   -0.0559775228218158   -0.0379875362430809   0
0.465012243549232   0.270752460951881   -0.0642157838538286   -0.0201796335710502   0
0.48410021897195   0.266706192140809   0.0190879754227184   -0.00404626881107256   0
0.434511347145779   0.262725733184342   -0.0495888718261707   -0.00398045895646687   0
0.560159273319043   0.275779040288144   0.125647926173264   0.0130533071038026   0
0.627528952395027   0.277349131819445   0.0673696790759839   0.00157009153130078   0
0.718232494560786   0.33166113667492   0.0907035421657594   0.0543120048554748   0
0.663434853734713   0.308729062675512   -0.0547976408260733   -0.0229320739994085   0
0.635246761466039   0.313673459075676   -0.0281880922686745   0.00494439640016475   0
0.621944249139977   0.305829202102252   -0.0133025123260614   -0.0078442569734245   0
0.578516090678781   0.302535320196667   -0.0434281584611957   -0.00329388190558461   0
0.625216925817344   0.304095607358525   0.0467008351385625   0.00156028716185747   0
0.623692950276705   0.323794984248521   -0.00152397554063932   0.0196993768899963   0
0.652159705773149   0.310601809138727   0.0284667554964442   -0.0131931751097943   0
0.664187890501031   0.301646465351411   0.0120281847278825   -0.00895534378731566   0
0.6867966129232   0.31190246648632   0.0226087224221687   0.010256001134909   0
0.675787376383578   0.310740507057336   -0.0110092365396217   -0.0011619594289845   0
0.628996579894622   0.310903859786671   -0.0467907964889561   0.000163352729335542   0
0.595911301128826   0.307424268718737   -0.0330852787657964   -0.00347959106793438   0
0.581626180376786   0.312089622907828   -0.0142851207520394   0.00466535418909086   0
0.608749020124066   0.331437720811165   0.0271228397472792   0.0193480979033378   0
0.617686742446663   0.306549530668781   0.00893772232259726   -0.0248881901423842   0
0.726590376177114   0.320083489791726   0.108903633730451   0.0135339591229449   0
0.772567378175613   0.325980168125977   0.0459770019984985   0.00589667833425056   0
0.744905551947614   0.341937337274204   -0.0276618262279983   0.015957169148227   0
0.720370749344558   0.315674950198416   -0.0245348026030563   -0.0262623870757875   0
0.685212145192867   0.307759078382767   -0.0351586041516915   -0.00791587181564934   0
0.695069775866108   0.28716986193682   0.00985763067324152   -0.0205892164459464   0
0.705020663556025   0.251688759197824   0.00995088768991714   -0.0354811027389969   0
0.497570115129717   0.192899783576369   -0.207450548426308   -0.0587889756214545   0
0.830298732357553   0.215160222495499   0.332728617227836   0.0222604389191297   1
0.521170794476254   0.216756006976739   -0.309127937881299   0.00159578448124001   1
0.304712220892107   0.173023720692424   -0.216458573584148   -0.0437322862843146   0
