0.251467863884533   0.287154199005082   0   0   0
0.270017532189764   0.220754888558555   0.0185496683052306   -0.0663993104465267   0
0.249290169341222   0.212252861974815   -0.020727362848542   -0.00850202658373964   0
0.305228189159071   0.198320811656896   0.0559380198178495   -0.0139320503179193   0
0.292679996408262   0.185171669303109   -0.0125481927508094   -0.0131491423537869   0
0.18716844438839   0.166478019667012   -0.105511552019871   -0.0186936496360972   0
0.213570818165966   0.134400457124929   0.0264023737775753   -0.0320775625420825   0
0.189967028958501   0.13054349016731   -0.0236037892074646   -0.0038569669576197   0
0.199460083301522   0.123143282801875   0.00949305434302061   -0.00740020736543502   0
0.226688238947701   0.113029656062955   0.0272281556461793   -0.0101136267389193   0
0.215677592605838   0.105794382006478   -0.0110106463418626   -0.00723527405647792   0
0.217314533029363   0.0860618645894917   0.00163694042352439   -0.0197325174169858   0
0.203229939726237   0.0645691622864971   -0.0140845933031256   -0.0214927023029946   0
0.169630210200601   0.0438507970740271   -0.0335997295256364   -0.0207183652124701   0
0.12496111931557   0.0303976156626634   -0.0446690908850313   -0.0134531814113636   0
0.131543104489365   0.0314221814391522   0.0065819851737955   0.00102456577648877   0
0.121978481756251   0.0437160138032392   -0.00956462273311424   0.012293832364087   0
0.141732539955968   0.0349872976463244   0.019754058199717   -0.00872871615691476   0
0.126232261381511   0.0260004845975513   -0.0155002785744572   -0.00898681304877319   0
0.0825445273854663   0.0376502368400917   -0.0436877339960442   0.0116497522425405   0
0.059968006549993   0.0502553868408651   -0.0225765208354734   0.0126051500007734   0
0.054530783728551   0.0634291656543147   -0.005437222821442   0.0131737788134496   0
0.0807842476771066   0.0354634098740959   0.0262534639485556   -0.0279657557802188   0
0.0708287954205774   0.0604471726499677   -0.00995545225652922   0.0249837627758717   0
0.0484831068669284   0.0611860686935147   -0.022345688553649   0.000738896043547051   0
0.0573905733939817   0.049806177040052   0.00890746652705331   -0.0113798916534627   0
0.0679021523085977   0.0480833070179766   0.010511578914616   -0.00172287002207535   0
0.0704909760177854   0.0361558107434338   0.00258882370918773   -0.0119274962745429   0
0.0837323757752639   0.0529514463600986   0.0132413997574785   0.0167956356166648   0
0.0905685328353595   0.066424013882876   0.00683615706009565   0.0134725675227774   0
0.101709084920571   0.0529498547940171   0.0111405520852118   -0.0134741590888588   0
0.135280455978312   0.0470961205046127   0.0335713710577406   -0.00585373428940444   0
0.113079151412141   0.0532301993898905   -0.0222013045661705   0.00613407888527782   0
0.202550012638286   0.0976992661270416   0.089470861226145   0.0444690667371511   0
0.169066879986028   0.137422083643978   -0.0334831326522584   0.0397228175169364   0
0.178863171528574   0.115198183618504   0.00979629154254574   -0.0222239000254743   0
0.129208981160638   0.109532535841194   -0.0496541903679361   -0.00566564777730948   0
0.171253422125369   0.0967863021321328   0.0420444409647319   -0.0127462337090614   0
0.131604647843456   0.103928883164282   -0.0396487742819137   0.00714258103214926   0
0.101573629297028   0.10648079431664   -0.0300310185464281   0.00255191115235746   0
0.152346013328508   0.119548197963206   0.0507723840314805   0.0130674036465669   0
0.195936021917793   0.152785696033693   0.0435900085892852   0.0332374980704865   0
0.195187574633863   0.16515884638962   -0.000748447283929948   0.0123731503559268   0
0.192458199813882   0.169257412077729   -0.00272937481998173   0.00409856568810882   0
0.149327042886076   0.169447798741972   -0.0431311569278056   0.000190386664243924   0
0.162799887819802   0.165289477324632   0.0134728449337256   -0.00415832141734054   0
0.185896352380702   0.153430447788241   0.0230964645609   -0.0118590295363914   0
0.241256415438885   0.146338533258503   0.0553600630581836   -0.00709191452973748   0
0.249642604159727   0.168198102119198   0.00838618872084146   0.0218595688606945   0
0.245211159735054   0.169411633729771   -0.00443144442467311   0.00121353161057319   0
0.247748410798051   0.175747777524525   0.00253725106299768   0.00633614379475442   0
0.292457976691695   0.162843234815144   0.0447095658936437   -0.0129045427093816   0
0.291622696335453   0.1444874934821   -0.000835280356241752   -0.0183557413330432   0
0.298271963338109   0.13878852866834   0.00664926700265539   -0.00569896481376087   0
0.256890180972045   0.144902394920348   -0.0413817823660637   0.00611386625200849   0
0.251784588453404   0.140987891078179   -0.00510559251864101   -0.0039145038421689   0
0.260826208186946   0.14956935372446   0.00904161973354184   0.00858146264628046   0
0.17934971786033   0.156360060842467   -0.0814764903266157   0.00679070711800747   0
0.230624791276307   0.159671447584321   0.0512750734159765   0.00331138674185374   0
0.244767541876471   0.164812072769025   0.0141427506001644   0.00514062518470454   0
0.249612702317009   0.177824820558528   0.00484516044053845   0.0130127477895022   0
0.21750250460728   0.176663164084714   -0.0321101977097291   -0.00116165647381378   0
0.208851623804652   0.167637996073899   -0.00865088080262807   -0.00902516801081496   0
0.233728210235757   0.171586781441411   0.0248765864311043   0.00394878536751206   0
0.239212760285253   0.165938208235543   0.00548455004949663   -0.00564857320586765   0
0.166988295236962   0.168653338234083   -0.0722244650482916   0.00271512999853982   0
0.211355556259683   0.171311550134609   0.0443672610227214   0.00265821190052554   0
0.227805161073427   0.169807442590865   0.016449604813744   -0.0015041075437433   0
0.191199241999648   0.157042095818478   -0.0366059190737789   -0.0127653467723873   0
0.19349860405636   0.159717455908622   0.00229936205671194   0.00267536009014374   0
0.312924822499974   0.153562307383363   0.119426218443614   -0.00615514852525853   0
0.235146358321791   0.174545058932615   -0.0777784641781829   0.0209827515492517   0
0.232490951950845   0.173109533694616   -0.002655406370946   -0.00143552523799936   0
0.219778405426489   0.175148373145003   -0.0127125465243561   0.00203883945038794   0
0.208567774451112   0.156823525887604   -0.0112106309753765   -0.0183248472573994   0
0.194010877503196   0.186641931158585   -0.0145568969479165   0.0298184052709812   0
0.169045883459048   0.198835675588041   -0.0249649940441478   0.0121937444294552   0
0.178374979909028   0.210522227658441   0.00932909644997998   0.0116865520704006   0
0.138559663003332   0.216786658779063   -0.039815316905696   0.00626443112062219   0
0.172704480034175   0.226940133824766   0.0341448170308435   0.0101534750457023   0
0.178595839941052   0.214865602108039   0.00589135990687695   -0.0120745317167268   0
0.186282856710541   0.190030495479074   0.0076870167694888   -0.0248351066289644   0
0.154573525521028   0.188456081485906   -0.0317093311895128   -0.00157441399316821   0
0.146586368981498   0.192491447527475   -0.00798715653952992   0.00403536604156843   0
0.17476010868791   0.185386177032303   0.0281737397064113   -0.00710527049517129   0
0.185102269237873   0.186143960079853   0.0103421605499632   0.000757783047549976   0
0.17363871902073   0.195124720343323   -0.011463550217143   0.00898076026346972   0
0.187782084271344   0.193552037015243   0.0141433652506137   -0.00157268332807997   0
0.190005429161958   0.200747388318005   0.00222334489061482   0.00719535130276225   0
0.21630339530717   0.194239005908957   0.0262979661452119   -0.00650838240904783   0
0.225853304117274   0.201988253498811   0.00954990881010401   0.00774924758985374   0
0.194306790299156   0.213304245666255   -0.0315465138181188   0.0113159921674437   0
0.188107136083775   0.217263654696891   -0.00619965421538013   0.00395940903063643   0
0.206402524764694   0.226114170502978   0.0182953886809183   0.00885051580608717   0
0.238015371685969   0.239910817273836   0.0316128469212753   0.0137966467708577   0
0.214689611740205   0.243916203084686   -0.023325759945764   0.0040053858108503   0
0.180691965524895   0.254373210119993   -0.0339976462153096   0.0104570070353063   0
0.165849600645585   0.256780174494158   -0.0148423648793105   0.00240696437416471   0
0.216534708833111   0.252730049522213   0.0506851081875257   -0.00405012497194496   0
0.202372910075064   0.254914776173332   -0.0141617987580465   0.00218472665111952   0
0.188518696779312   0.27247588239191   -0.0138542132957526   0.0175611062185779   0
0.179641173314583   0.28559433616364   -0.0088775234647287   0.0131184537717296   0
0.156685696075073   0.303866566825391   -0.0229554772395103   0.0182722306617517   0
0.113192172264428   0.3343768214556   -0.0434935238106443   0.0305102546302085   0
0.12929712457406   0.349244211887971   0.0161049523096318   0.0148673904323713   0
0.10291078275968   0.360469878510674   -0.0263863418143803   0.0112256666227028   0
0.130216671015888   0.369661769766972   0.0273058882562082   0.00919189125629832   0
0.12800645846261   0.371522735350745   -0.00221021255327758   0.00186096558377313   0
0.106846452485518   0.384234662493183   -0.0211600059770926   0.0127119271424374   0
0.123549305994166   0.444274658168233   0.016702853508648   0.06003999567505   0
0.0859893240225785   0.44695594591106   -0.0375599819715872   0.00268128774282678   0
0.235869415345653   0.368423638961319   0.149880091323074   -0.0785323069497409   0
0.573947493576233   0.384599637254769   0.33807807823058   0.0161759982934506   0
0.274089169452553   0.350124818052077   -0.29985832412368   -0.0344748192026921   0
0.119048004799871   0.336616036452373   -0.155041164652683   -0.0135087815997041   0
0.10962905051363   0.347867970860918   -0.00941895428624073   0.0112519344085452   0
0.0911076797244338   0.372497107175428   -0.018521370789196   0.0246291363145102   0
0.0749508028938983   0.391531488801986   -0.0161568768305354   0.0190343816265581   0
0.0683880926134075   0.39450811936247   -0.00656271028049085   0.00297663056048325   0
0.0469486361956138   0.400274997177444   -0.0214394564177937   0.00576687781497393   0
0.051267421436815   0.393742418199259   0.00431878524120119   -0.00653257897818471   0
0.0625606880428924   0.413770701808079   0.0112932666060774   0.0200282836088199   0
0.0854527345589947   0.398619802386196   0.0228920465161023   -0.0151508994218827   0
0.1190484337679   0.372137985169332   0.033595699208905   -0.026481817216864   0
0.138870262683557   0.373826473096225   0.0198218289156569   0.00168848792689275   0
0.145306831099883   0.347879563082272   0.0064365684163267   -0.0259469100139527   0
0.143280818023244   0.344682268869099   -0.00202601307663913   -0.00319729421317283   0
0.136974478590064   0.354054948009839   -0.00630633943317976   0.00937267914074003   0
0.141249443208708   0.355810025826722   0.00427496461864352   0.00175507781688267   0
0.18264050412737   0.350932138770892   0.0413910609186625   -0.00487788705583003   0
0.208679895468037   0.336614311424162   0.0260393913406667   -0.0143178273467303   0
0.223742663516943   0.333207932468766   0.0150627680489062   -0.0034063789553952   0
0.206335043692065   0.326877331310249   -0.0174076198248782   -0.00633060115851791   0
0.181076878735018   0.352223827384321   -0.0252581649570471   0.0253464960740725   0
0.224101419532586   0.349575371725902   0.0430245407975677   -0.00264845565841909   0
0.244258008541317   0.319566400284217   0.0201565890087311   -0.0300089714416848   0
0.222495950128536   0.357758615695695   -0.0217620584127808   0.0381922154114779   0
0.194721744978854   0.342148585061772   -0.0277742051496816   -0.0156100306339232   0
0.15885224187694   0.323461289389955   -0.0358695031019139   -0.0186872956718164   0
0.191293192005309   0.312445102042779   0.0324409501283685   -0.0110161873471766   0
0.19013684139016   0.317168330424256   -0.0011563506151494   0.0047232283814771   0
0.165961005001597   0.338315091660515   -0.0241758363885629   0.0211467612362588   0
0.204030595488152   0.317998164194673   0.0380695904865555   -0.0203169274658413   0
0.192268600566421   0.306964836184044   -0.0117619949217311   -0.0110333280106296   0
0.255730518153661   0.289162374482055   0.06346191758724   -0.0178024617019893   0
0.275139777727776   0.296784644318692   0.0194092595741149   0.00762226983663733   0
0.234836402580605   0.296442523922159   -0.040303375147171   -0.000342120396532586   0
0.220789281310235   0.300314347133316   -0.0140471212703702   0.00387182321115687   0
0.134743926543833   0.256778145478373   -0.0860453547664013   -0.0435362016549432   0
0.117939436372358   0.228359270697973   -0.016804490171475   -0.0284188747804003   0
0.0798533848556841   0.285539017523875   -0.0380860515166744   0.0571797468259027   1
0.277165381954096   0.227835439533318   0.197311997098412   -0.0577035779905578   1
0.24625490704723   0.234283146143166   -0.0309104749068659   0.00644770660984825   0
0.279393185883192   0.238228719272997   0.033138278835962   0.00394557312983138   0
0.283712486472908   0.234085529617616   0.0043193005897158   -0.00414318965538071   0
0.286051253852802   0.225615197497443   0.00233876737989369   -0.00847033212017392   0
0.288985318390161   0.207142403836521   0.00293406453735884   -0.0184727936609212   0
0.316553084352625   0.212617610828248   0.0275677659624642   0.00547520699172707   0
0.307915260425657   0.230303447843411   -0.0086378239269681   0.017685837015162   0
0.361337613728712   0.238516744424139   0.0534223533030554   0.00821329658072845   0
0.295742856608389   0.211442800653752   -0.0655947571203234   -0.0270739437703865   0
0.26047689266743   0.220880428431063   -0.0352659639409585   0.00943762777731061   0
0.291567971078375   0.225522039694291   0.0310910784109445   0.00464161126322757   0
0.357895814946822   0.219328735669565   0.0663278438684474   -0.00619330402472548   0
0.300388125366167   0.240997249266584   -0.0575076895806553   0.0216685135970188   0
0.281169650636614   0.236233925994029   -0.0192184747295528   -0.00476332327255466   0
0.323797184805257   0.249420273807428   0.0426275341686433   0.013186347813399   0
0.326234824181907   0.219581681732727   0.00243763937664998   -0.0298385920747016   0
0.288561766623872   0.27529409142043   -0.0376730575580353   0.0557124096877031   0
0.277360183012443   0.261534364409828   -0.0112015836114286   -0.0137597270106022   0
0.269944323401623   0.259500696185752   -0.00741585961082047   -0.00203366822407558   0
0.272109469377841   0.259271403471613   0.0021651459762177   -0.000229292714138907   0
0.305589716028288   0.255610175432317   0.0334802466504479   -0.00366122803929586   0
0.308753042340703   0.264414754882363   0.00316332631241456   0.00880457945004554   0
0.305496494351716   0.251059787489454   -0.00325654798898695   -0.0133549673929084   0
0.295952798018969   0.244119116649823   -0.00954369633274754   -0.00694067083963115   0
0.313897882074744   0.263003369735542   0.0179450840557756   0.0188842530857183   0
0.41970633213908   0.28791406568063   0.105808450064336   0.0249106959450882   0
0.453362941515129   0.281819908403842   0.0336566093760484   -0.00609415727678758   0
0.433025088951327   0.28145094442771   -0.0203378525638019   -0.000368963976131953   0
0.403592070866101   0.273841167851457   -0.0294330180852261   -0.00760977657625289   0
0.394095806244636   0.262983480360934   -0.00949626462146425   -0.0108576874905228   0
0.411644229771826   0.29617610272311   0.0175484235271898   0.0331926223621752   0
0.374751668925917   0.285115070003762   -0.0368925608459093   -0.0110610327193479   0
0.331776243472917   0.280997084366991   -0.0429754254530004   -0.00411798563677052   0
0.31721777876935   0.30663207599958   -0.014558464703567   0.0256349916325892   0
0.261805389555467   0.33378079521252   -0.0554123892138822   0.02714871921294   0
0.273725810588351   0.316650592948853   0.011920421032884   -0.0171302022636678   0
0.236818786083896   0.303305914269162   -0.0369070245044555   -0.0133446786796902   0
