0   0   0   0   0
0.119584837143344   0.0487733556260229   0.119584837143344   0.0487733556260229   0
0.133647678452938   0.0541827934538263   0.0140628413095948   0.00540943782780338   0
0.130987191797061   0.0686857598710135   -0.00266048665587748   0.0145029664171872   0
0.141630252962909   0.0652751593081166   0.0106430611658482   -0.00341060056289691   0
0.166134847383353   0.0722866876489371   0.024504594420444   0.00701152834082056   0
0.185958031007899   0.0796652363896103   0.0198231836245464   0.0073785487406732   0
0.17892814911746   0.0836115708402642   -0.00702988189043949   0.0039463344506539   0
0.206577610522099   0.0989102302670847   0.027649461404639   0.0152986594268205   0
0.234387666961383   0.0990417076216883   0.0278100564392836   0.000131477354603615   0
0.194591532708903   0.0970936931302513   -0.0397961342524798   -0.00194801449143707   0
0.176135589300686   0.105099141152116   -0.0184559434082166   0.00800544802186517   0
0.227944235402346   0.149083615808081   0.0518086461016596   0.0439844746559649   0
0.156334755520997   0.152087277641307   -0.0716094798813484   0.00300366183322598   0
0.166389637536146   0.137108688552185   0.0100548820151486   -0.0149785890891226   0
0.167895596624331   0.150703008673219   0.00150595908818496   0.0135943201210345   0
0.209886815760305   0.143789075825713   0.0419912191359737   -0.00691393284750677   0
0.182070843929197   0.155589140911215   -0.0278159718311076   0.0118000650855027   0
0.141502617832074   0.176841812555996   -0.0405682260971229   0.0212526716447807   0
0.173463883979231   0.167991280877788   0.0319612661471566   -0.00885053167820751   0
0.1807315906697   0.153231300136925   0.00726770669046936   -0.0147599807408631   0
0.221034529212429   0.1530434979518   0.0403029385427287   -0.000187802185125707   0
0.246527283862132   0.153598621163332   0.0254927546497029   0.000555123211532754   0
0.24472683679041   0.125188183377835   -0.00180044707172153   -0.0284104377854972   0
0.221579967429368   0.147441488341986   -0.0231468693610416   0.0222533049641508   0
0.289666408491837   0.141227691206372   0.0680864410624689   -0.00621379713561354   0
0.288802084067221   0.126616158683568   -0.000864324424616703   -0.0146115325228044   0
0.333388473481823   0.138340225260125   0.0445863894146021   0.0117240665765568   0
0.302900125178597   0.125984262742418   -0.0304883483032253   -0.0123559625177072   0
0.302126682280021   0.124281072325225   -0.000773442898576171   -0.00170319041719219   0
0.314125294128601   0.124249509775256   0.0119986118485796   -3.15625499696104e-05   0
0.309944443565052   0.122096862020132   -0.00418085056354839   -0.00215264775512396   0
0.350192287167065   0.144129594169026   0.0402478436020123   0.022032732148894   0
0.330964329207862   0.138842014649036   -0.0192279579592028   -0.0052875795199899   0
0.363024263412841   0.150556761557579   0.0320599342049795   0.0117147469085431   0
0.352871477401575   0.141232358328448   -0.0101527860112668   -0.00932440322913158   0
0.408155448178363   0.142048267813466   0.0552839707767879   0.000815909485018029   0
0.228909127990847   0.167166566242946   -0.179246320187515   0.0251182984294804   0
0.354706553059568   0.138234384888719   0.125797425068721   -0.028932181354227   0
0.306939584802873   0.12803587477402   -0.0477669682566949   -0.010198510114699   0
0.333052253525215   0.135799758184777   0.0261126687223421   0.00776388341075748   0
0.297688117282047   0.121164095781682   -0.0353641362431676   -0.0146356624030959   0
0.335932414511401   0.150598600686527   0.0382442972293541   0.0294345049048454   0
0.290738552151104   0.146057365079643   -0.0451938623602978   -0.00454123560688427   0
0.18456896063014   0.163804032874316   -0.106169591520964   0.0177466677946733   0
0.217281514690988   0.160468412551193   0.0327125540608484   -0.00333562032312262   0
0.22663396827636   0.162805065054162   0.00935245358537173   0.00233665250296886   0
0.227077474604286   0.167736391239275   0.000443506327925974   0.00493132618511238   0
0.262406417201352   0.160328360213345   0.0353289425970664   -0.00740803102592996   0
0.190895367089958   0.179683606502903   -0.0715110501113936   0.0193552462895581   0
0.169931636095137   0.200284328903162   -0.0209637309948217   0.0206007224002593   0
0.171411141759105   0.180761325776734   0.00147950566396821   -0.0195230031264283   0
0.248684620948783   0.172989690143313   0.0772734791896782   -0.00777163563342095   0
0.264913106788339   0.17078716223083   0.0162284858395559   -0.00220252791248243   0
0.317868819345402   0.178240436592044   0.0529557125570631   0.00745327436121368   0
0.229681044059126   0.157958526895094   -0.0881877752862766   -0.0202819096969505   0
0.210319872721267   0.134203335527479   -0.0193611713378585   -0.0237551913676142   0
0.18732293095948   0.167849946302948   -0.0229969417617874   0.0336466107754685   0
0.213413328292729   0.145114019793868   0.026090397333249   -0.0227359265090803   0
0.22472599955982   0.14225751484499   0.0113126712670908   -0.00285650494887776   0
0.207996629573606   0.132862322552029   -0.0167293699862132   -0.00939519229296079   0
0.197239205468436   0.142352761373498   -0.0107574241051701   0.00949043882146874   0
0.224029106158486   0.135294651749547   0.0267899006900494   -0.0070581096239507   0
0.27131474209696   0.126833418189495   0.0472856359384746   -0.00846123356005246   0
0.280913374714074   0.127371656571988   0.00959863261711424   0.000538238382493561   0
0.230662977538226   0.1362756962325   -0.0502503971758487   0.0089040396605114   0
0.321370067160664   0.117311216775054   0.0907070896224388   -0.0189644794574455   0
0.222236970769942   0.162217487682925   -0.0991330963907226   0.0449062709078712   0
0.141333114520872   0.181752154211143   -0.0809038562490696   0.0195346665282181   0
0.170630094828697   0.201852302084076   0.0292969803078243   0.020100147872933   0
0.118123277209278   0.200961541471521   -0.0525068176194183   -0.000890760612554997   0
0.140096911144179   0.215976102456131   0.0219736339349007   0.0150145609846097   0
0.109245796721705   0.215643994544617   -0.0308511144224744   -0.000332107911513585   0
0.220132585873696   0.22844287923324   0.110886789151991   0.0127988846886221   0
0.24319117689647   0.230709435500623   0.023058591022774   0.00226655626738337   0
0.158181928898065   0.216983244462311   -0.0850092479984047   -0.0137261910383115   0
0.172956084832678   0.202656959044443   0.0147741559346126   -0.014326285417868   0
0.126552893842782   0.189235411367406   -0.0464031909898952   -0.0134215476770378   0
0.239671625394601   0.23613046619007   0.113118731551819   0.0468950548226648   0
0.20475298853438   0.216917558064444   -0.034918636860221   -0.0192129081256269   0
0.200740924901252   0.205061912904396   -0.00401206363312842   -0.0118556451600477   0
0.151508490271492   0.20461826738867   -0.0492324346297593   -0.000443645515725843   0
0.155230387537685   0.178752178965216   0.00372189726619301   -0.0258660884234542   0
0.124464547533263   0.185221857948083   -0.030765840004422   0.00646967898286771   0
0.154402945152222   0.158827466577581   0.0299383976189583   -0.0263943913705028   0
0.15209450796347   0.198593668470677   -0.00230843718875187   0.0397662018930964   0
0.184996245899864   0.184515071854991   0.032901737936394   -0.0140785966156861   0
0.14938288840447   0.20830715557383   -0.0356133574953941   0.0237920837188395   0
0.190743353773388   0.20147266512843   0.0413604653689186   -0.00683449044540047   0
0.140879758440523   0.215490479721634   -0.0498635953328658   0.0140178145932041   0
0.162342207261205   0.178563836134336   0.0214624488206823   -0.0369266435872981   0
0.191802200887842   0.140247630402629   0.0294599936266368   -0.0383162057317067   0
0.189271984145066   0.155240916648479   -0.00253021674277601   0.0149932862458497   0
0.264722506851325   0.159041687971959   0.0754505227062597   0.00380077132348008   0
0.278863287649564   0.151794691959543   0.0141407807982388   -0.00724699601241624   0
0.265223673058928   0.162877803976754   -0.0136396145906366   0.0110831120172115   0
0.192269743245603   0.212911316288392   -0.0729539298133249   0.0500335123116375   0
0.209058102130416   0.21059589905898   0.0167883588848136   -0.002315417229412   0
0.162667238970674   0.175701001743701   -0.0463908631597419   -0.0348948973152789   0
0.134562004940808   0.19946909306642   -0.0281052340298666   0.0237680913227188   0
0.148188997173812   0.180074311292699   0.013626992233004   -0.0193947817737203   0
0.140565686970363   0.206851690105351   -0.00762331020344909   0.0267773788126512   0
0.228007131527591   0.204446687921057   0.0874414445572279   -0.00240500218429379   0
0.165984191759095   0.2003534890381   -0.0620229397684957   -0.00409319888295695   0
0.230480357008509   0.225508730354974   0.0644961652494146   0.0251552413168744   0
0.125332203335815   0.210412422928305   -0.105148153672695   -0.015096307426669   0
0.199713827695355   0.207699383345263   0.0743816243595404   -0.00271303958304231   0
0.222175464255076   0.195346050440596   0.0224616365597206   -0.0123533329046666   0
0.124534657657618   0.199856973319203   -0.0976408065974581   0.00451092287860638   0
0.264947556175048   0.206557183764545   0.14041289851743   0.0067002104453423   0
0.171696231928834   0.205684753784165   -0.0932513242462134   -0.000872429980380202   0
0.193976700962384   0.202105083961265   0.0222804690335494   -0.00357966982289976   0
0.207219223265362   0.205789393285927   0.0132425223029786   0.00368430932466213   0
0.174499282924315   0.187146809881948   -0.0327199403410475   -0.0186425834039791   0
0.231532473686198   0.189906025746446   0.0570331907618834   0.00275921586449843   0
0.171296537278516   0.2124609110654   -0.0602359364076821   0.022554885318954   0
0.226552989263263   0.223587071838825   0.0552564519847467   0.0111261607734248   0
0.171892396443967   0.204874367335966   -0.0546605928192954   -0.0187127045028588   0
0.207619170061172   0.222604391592849   0.0357267736172051   0.0177300242568827   0
0.164181432712503   0.191972570319466   -0.0434377373486698   -0.0306318212733826   0
0.199996922749576   0.207743592500443   0.0358154900370738   0.0157710221809762   0
0.240197945579412   0.213197480358874   0.0402010228298353   0.00545388785843134   0
0.189249742218284   0.204993399590237   -0.0509482033611278   -0.00820408076863724   0
0.167725387689908   0.207093897490341   -0.0215243545283757   0.0021004979001045   0
0.224226927424473   0.203653750906017   0.0565015397345651   -0.00344014658432437   0
0.165343841314819   0.164918391929888   -0.0588830861096544   -0.0387353589761294   0
0.211724726783647   0.171937250814767   0.0463808854688282   0.00701885888487916   0
0.215702026564634   0.197217723132938   0.00397729978098679   0.0252804723181708   0
0.0868012423132872   0.17762480639114   -0.128900784251347   -0.0195929167417974   0
0.0671100045690761   0.175440703372793   -0.0196912377442111   -0.00218410301834743   0
0.296094248886542   0.146701680638805   0.228984244317466   -0.0287390227339874   0
0.275136163808838   0.165083748884687   -0.0209580850777045   0.0183820682458821   0
0.188732226645855   0.187433055159896   -0.0864039371629827   0.0223493062752084   0
0.0623884750878007   0.190880326117061   -0.126343751558054   0.0034472709571654   0
0.156394164677267   0.183163007462096   0.094005689589466   -0.00771731865496464   0
0.158534407228494   0.204398201728568   0.00214024255122744   0.0212351942664719   0
0.171124653343696   0.197918785213209   0.0125902461152015   -0.00647941651535897   0
0.16226556812451   0.202176856745623   -0.0088590852191856   0.00425807153241323   0
0.204619473599777   0.197620682509423   0.0423539054752674   -0.0045561742362   0
0.156183766887119   0.176463742554129   -0.0484357067126582   -0.0211569399552933   0
0.292898094658552   0.1944858645519   0.136714327771433   0.0180221219977708   0
0.18555342351649   0.210248777597047   -0.107344671142062   0.0157629130451469   0
0.252026801189794   0.186666652736931   0.0664733776733038   -0.0235821248601159   0
0.190456025378563   0.185755358348178   -0.0615707758112307   -0.000911294388753092   0
0.257258680682655   0.179632864879843   0.0668026553040911   -0.00612249346833471   0
0.246086262041769   0.202180966593477   -0.0111724186408859   0.0225481017136334   0
0.17605585158821   0.197959236524316   -0.0700304104535581   -0.00422173006916082   0
0.243301087183679   0.220815942326686   0.0672452355954681   0.0228567058023706   0
0.141800814606299   0.204194625978403   -0.10150027257738   -0.0166213163482831   0
0.244023813841211   0.222370640237201   0.102222999234912   0.0181760142587973   0
0.136834737186652   0.197923624263407   -0.10718907665456   -0.0244470159737931   0
0.212706654147537   0.208304131998888   0.0758719169608857   0.0103805077354802   0
0.252436421686115   0.214041086038405   0.0397297675385777   0.00573695403951763   0
0.208742433504283   0.199194693420464   -0.043693988181832   -0.0148463926179417   0
0.251250301209571   0.227964056167464   0.0425078677052877   0.028769362747   0
0.215376717666534   0.197937315401676   -0.0358735835430365   -0.0300267407657878   0
0.274177997069805   0.233707861863508   0.0588012794032707   0.0357705464618321   0
0.259468223994172   0.191996241855023   -0.0147097730756326   -0.0417116200084849   0
0.188934620222552   0.203666733463789   -0.0705336037716203   0.0116704916087658   0
0.22328798262757   0.208525992367432   0.0343533624050179   0.00485925890364367   0
0.139674696622438   0.219300627890255   -0.0836132860051323   0.0107746355228223   0
0.175746944352782   0.203857419990198   0.0360722477303447   -0.0154432079000568   0
0.166522093971491   0.197666253048295   -0.00922485038129164   -0.0061911669419033   0
0.235150253447726   0.183786193892013   0.0686281594762357   -0.013880059156282   0
0.167783225151891   0.198636171309658   -0.0673670282958359   0.0148499774176458   0
0.237867161527227   0.183433075710843   0.0700839363753367   -0.0152030955988151   0
0.19670551297831   0.200850955835845   -0.0411616485489174   0.0174178801250015   0
0.243580962883247   0.201835299340304   0.0468754499049377   0.000984343504458834   0
0.201177221399839   0.216799816886575   -0.0424037414834081   0.0149645175462714   0
0.296572981641973   0.218816473079182   0.0953957602421335   0.00201665619260716   0
0.167971280133391   0.205176527196851   -0.128601701508582   -0.0136399458823316   0
0.263640859194777   0.210830412529976   0.0956695790613859   0.00565388533312566   0
0.304024891165197   0.232357719507143   0.0403840319704207   0.0215273069771664   0
0.327113580027121   0.239181291169293   0.0230886888619242   0.00682357166215006   0
0.228252667494183   0.209643911160687   -0.0988609125329386   -0.0295373800086058   0
0.347765793800095   0.254934285268596   0.119513126305912   0.0452903741079092   0
0.228927936177829   0.217905107400125   -0.118837857622266   -0.0370291778684712   0
0.309488377937347   0.250301679285737   0.0805604417595181   0.0323965718856122   0
0.18010772989797   0.199963697605365   -0.129380648039377   -0.0503379816803717   0
0.234447066097744   0.208105809859168   0.0543393361997744   0.00814211225380218   0
0.183873062846519   0.185467877852534   -0.0505740032512249   -0.0226379320066335   0
0.217708661485114   0.193519325481694   0.0338355986385949   0.00805144762916038   0
0.331439461662684   0.231371207612491   0.11373080017757   0.0378518821307967   0
0.200706467686021   0.209478201086062   -0.130732993976663   -0.0218930065264294   0
0.276550647022946   0.239584738300611   0.0758441793369244   0.0301065372145498   0
0.185317996716455   0.213096961335451   -0.0912326503064909   -0.026487776965161   0
0.238096117629856   0.23821501393712   0.0527781209134006   0.02511805260167   0
0.208120408067566   0.20004723467652   -0.02997570956229   -0.0381677792606009   0
0.186278839659286   0.208842861270795   -0.0218415684082795   0.00879562659427535   0
0.285326355821698   0.220663346807988   0.0990475161624116   0.0118204855371933   0
0.202164689266969   0.198410516780462   -0.083161666554729   -0.0222528300275262   0
0.223444164329279   0.20568647995459   0.0212794750623107   0.0072759631741281   0
0.263527534708406   0.233902855523805   0.0400833703791263   0.0282163755692149   0
0.357919157073214   0.250309987234953   0.0943916223648082   0.0164071317111483   0
0.324411754765283   0.239599165095191   -0.0335074023079311   -0.0107108221397625   0
0.24882655532929   0.222546884567747   -0.0755851994359933   -0.017052280527444   0
0.254694268570064   0.210046973730663   0.00586771324077467   -0.0124999108370834   0
0.249985642587349   0.221867536735458   -0.00470862598271479   0.011820563004795   0
0.201346012940013   0.202323590297018   -0.0486396296473361   -0.0195439464384404   0
0.230206330488651   0.19153050966658   0.0288603175486376   -0.0107930806304378   0
0.26089295204411   0.21825381874107   0.0306866215554586   0.0267233090744901   0
0.209445812156892   0.219916750592264   -0.0514471398872177   0.00166293185119354   0
0.267337054602612   0.219957276187991   0.0578912424457203   4.05255957267592e-05   0
0.215567213076224   0.231573935301039   -0.0517698415263884   0.0116166591130488   0
0.282295942039626   0.234072887843728   0.0667287289634026   0.00249895254268861   0
0.290778547488033   0.277849725167778   0.00848260544840629   0.0437768373240504   0
0.471342587699223   0.35932050535707   0.180564040211191   0.0814707801892914   0
0.429390840737492   0.318946441560789   -0.0419517469617316   -0.0403740637962805   0
0.332893810243988   0.294606221599714   -0.0964970304935041   -0.0243402199610749   0
0.394846917082418   0.321603520096131   0.0619531068384305   0.0269972984964166   0
0.326243419547429   0.306264791817293   -0.0686034975349888   -0.0153387282788376   0
0.410220278248114   0.320508290272951   0.0839768587006845   0.0142434984556573   0
0.281968435652574   0.264131198060471   -0.128251842595539   -0.0563770922124792   0
0.325047000593283   0.281655568257686   0.0430785649407091   0.0175243701972145   0
0.506845400311574   0.313422873916072   0.181798399718291   0.0317673056583861   0
0.358313989452491   0.266980278663163   -0.148531410859083   -0.0464425952529093   0
0.367756519020737   0.296943523026787   0.00944252956824615   0.0299632443636244   0
0.305741349149718   0.274832840734145   -0.062015169871019   -0.0221106822926418   0
0.315982360894734   0.284635657628437   0.0102410117450157   0.0098028168942913   0
0.361845567052631   0.313009407663955   0.0458632061578969   0.0283737500355185   0
0.255202678110948   0.267901057398571   -0.106642888941683   -0.0451083502653839   0
0.436701112095035   0.358315589207074   0.181498433984087   0.0904145318085028   0
0.687408865377986   0.464791997119542   0.250707753282951   0.106476407912468   0
0.518707588230595   0.397894080170917   -0.168701277147391   -0.0668979169486252   0
0.612832787818211   0.441503136005555   0.0941251995876161   0.0436090558346386   0
0.410554601222066   0.319740351641078   -0.202278186596144   -0.121762784364478   0
0.404905525494788   0.315828206334558   -0.00564907572727891   -0.00391214530651962   0
0.499330979368284   0.350868775135463   0.0944254538734968   0.0350405688009048   0
0.378584989745883   0.316900584700959   -0.120745989622402   -0.0339681904345033   0
0.471282258403772   0.35600757377038   0.0926972686578897   0.0391069890694204   0
0.496225061648654   0.360417620440247   0.0249428032448812   0.00441004666986722   0
0.414091553287784   0.340976663859948   -0.0821335083608692   -0.019440956580299   0
0.461330943689983   0.360826153420951   0.0472393904021984   0.0198494895610034   0
0.363017871303879   0.292984649771639   -0.0983130723861033   -0.0678415036493124   0
0.44266176294435   0.349544859501338   0.0796438916404706   0.0565602097296988   0
0.668146712125271   0.453104426868192   0.225484949180921   0.103559567366854   0
0.700464929329685   0.483360800621412   0.0323182172044133   0.0302563737532202   0
0.590842055964409   0.426609645217269   -0.109622873365275   -0.0567511554041428   0
0.5230070795363   0.413761251322982   -0.0678349764281087   -0.012848393894287   0
0.549356113854947   0.401611048568827   0.026349034318647   -0.0121502027541553   0
0.553230875463798   0.418960051955923   0.00387476160885014   0.0173490033870965   0
0.691668269974964   0.474454242835621   0.138437394511167   0.0554941908796978   0
0.64160056775112   0.473267694728652   -0.0500677022238438   -0.00118654810696917   0
0.541144418744165   0.394476435406797   -0.100456149006956   -0.0787912593218553   0
0.559411087231778   0.408878754204336   0.0182666684876132   0.0144023187975396   0
