0.297636897239052   0.242835635981336   0   0   0
0.346712581006228   0.265825317464444   0.0490756837671757   0.0229896814831079   0
0.301115225519883   0.229761705537048   -0.0455973554863447   -0.0360636119273959   0
0.366156146697403   0.241552532079463   0.0650409211775199   0.0117908265424148   0
0.392204839396456   0.277593726028705   0.0260486926990533   0.0360411939492424   0
0.337649526573043   0.274669574167762   -0.0545553128234132   -0.00292415186094291   0
0.257557806379461   0.25982650632345   -0.0800917201935818   -0.0148430678443121   0
0.197735334001008   0.223187072391637   -0.0598224723784536   -0.036639433931813   0
0.128304378719707   0.200396371530581   -0.0694309552813006   -0.0227907008610568   0
0.200074202212804   0.173410061302862   0.071769823493097   -0.0269863102277182   0
0.141582654329618   0.161433207988443   -0.0584915478831864   -0.0119768533144191   0
0.117167231198147   0.131869925084238   -0.0244154231314708   -0.0295632829042055   0
0.18574087081278   0.134326543952601   0.0685736396146336   0.00245661886836299   0
0.0654115345912393   0.127745008311842   -0.120329336221541   -0.00658153564075917   0
0.169942157588869   0.0901958141432988   0.10453062299763   -0.0375491941685429   0
0.0741988029844822   0.0991976300060264   -0.0957433546043868   0.00900181586272755   0
0.104804893992218   0.0890917336698529   0.0306060910077356   -0.0101058963361735   0
0.119891529157234   0.0611562993044183   0.0150866351650167   -0.0279354343654346   0
0.0819562806172291   0.0450404514282717   -0.0379352485400054   -0.0161158478761467   0
0.141919375376479   0.050579817888388   0.0599630947592501   0.00553936646011637   0
0.0454236287548672   0.0483808994523148   -0.0964957466216119   -0.00219891843607321   0
0.178505272825455   0.0255144026615705   0.133081644070587   -0.0228664967907443   0
0.107506002386704   0.0388267504402248   -0.0709992704387507   0.0133123477786543   0
0.104815099388829   0.0547892535762489   -0.00269090299787544   0.015962503136024   0
0.14957460124824   0.0601138364221167   0.0447595018594115   0.0053245828458678   0
0.0988746378849217   0.0417496578364509   -0.0506999633633183   -0.0183641785856658   0
0.141851219912308   0.0713242103714491   0.0429765820273864   0.0295745525349982   0
0.104889807419692   0.055278486704255   -0.0369614124926165   -0.016045723667194   0
0.0965607060415364   0.0588355745076905   -0.00832910137815526   0.00355708780343548   0
0.150002968115601   0.0668713399836552   0.0534422620740646   0.00803576547596468   0
0.118089660989733   0.0771243167806087   -0.0319133071258682   0.0102529767969535   0
0.160802845104588   0.0751609711923183   0.0427131841148549   -0.00196334558829044   0
0.0799640335281431   0.0693189063743255   -0.0808388115764445   -0.00584206481799281   0
0.144344513045872   0.0822501619262844   0.0643804795177292   0.0129312555519589   0
0.0820714147026235   0.0683848589258251   -0.0622730983432488   -0.0138653030004593   0
0.137292562012259   0.0875844518280733   0.0552211473096356   0.0191995929022482   0
0.185747010041185   0.106430558047172   0.0484544480289257   0.0188461062190989   0
0.0963261189620967   0.083304614095559   -0.0894208910790881   -0.0231259439516133   0
0.105835346339585   0.102885739158787   0.00950922737748879   0.0195811250632282   0
0.0999770010795483   0.0982102337865561   -0.00585834526003716   -0.00467550537223113   0
0.132548780154213   0.107883067590563   0.0325717790746651   0.00967283380400698   0
0.119655702106815   0.1023737664944   -0.0128930780473982   -0.00550930109616274   0
0.11379278306023   0.119687678634446   -0.00586291904658552   0.017313912140046   0
0.0968099243473002   0.120397015877679   -0.0169828587129294   0.000709337243232314   0
0.138370625986659   0.141286996494723   0.0415607016393592   0.0208899806170448   0
0.122116402508181   0.133835564802484   -0.0162542234784788   -0.00745143169223905   0
0.168224826272373   0.157616749733333   0.0461084237641921   0.0237811849308482   0
0.113612873152165   0.134258438726398   -0.0546119531202075   -0.0233583110069345   0
0.132236056186314   0.149014361829657   0.0186231830341487   0.0147559231032591   0
0.153094635932223   0.143410916109967   0.0208585797459093   -0.00560344571969021   0
0.132699559912609   0.130613872139409   -0.0203950760196147   -0.0127970439705576   0
0.182376412339654   0.156746368546451   0.0496768524270456   0.026132496407042   0
0.142945269844371   0.155226962417938   -0.0394311424952834   -0.00151940612851328   0
0.152677655433564   0.158200192495142   0.00973238558919282   0.00297323007720388   0
0.151497910539321   0.139882583973033   -0.00117974489424302   -0.0183176085221095   0
0.136555542155454   0.174264756434713   -0.0149423683838666   0.0343821724616809   0
0.18749381078841   0.183027397595961   0.0509382686329557   0.00876264116124756   0
0.138431944382429   0.188822191642693   -0.0490618664059805   0.00579479404673228   0
0.187817208554541   0.179766270330393   0.0493852641721118   -0.00905592131230012   0
0.168688335731527   0.184982310188028   -0.0191288728230137   0.0052160398576353   0
0.220614019015927   0.193642779358023   0.0519256832844001   0.00866046916999458   0
0.211997441218827   0.17765052650499   -0.00861657779710048   -0.0159922528530335   0
0.216022804165695   0.187824139354477   0.00402536294686753   0.0101736128494874   0
0.239087035236836   0.18512141315769   0.0230642310711414   -0.00270272619678744   0
0.24039966329654   0.196273376209689   0.00131262805970453   0.0111519630519992   0
0.270829902772663   0.209809544807309   0.0304302394761224   0.0135361685976198   0
0.269162155126552   0.198094896272595   -0.00166774764611094   -0.011714648534714   0
0.297315435454485   0.209706658006488   0.028153280327933   0.0116117617338932   0
0.300652514232178   0.216121697317738   0.00333707877769307   0.00641503931125034   0
0.351253453678537   0.237465694209185   0.0506009394463588   0.0213439968914466   0
0.363816396931268   0.264735669212707   0.0125629432527312   0.0272699750035227   0
0.410095061845178   0.299133277902681   0.0462786649139095   0.0343976086899735   0
0.401276719407456   0.289789365573704   -0.00881834243772173   -0.00934391232897669   0
0.423949264503884   0.281985786283728   0.0226725450964281   -0.00780357928997588   0
0.398024932569619   0.286381834096613   -0.0259243319342646   0.00439604781288472   0
0.41460980314784   0.280780487830445   0.0165848705782209   -0.00560134626616837   0
0.415026455450565   0.288128938930993   0.000416652302724918   0.00734845110054849   0
0.385905320796384   0.26008222051361   -0.0291211346541813   -0.0280467184173833   0
0.39331662383403   0.2621106908552   0.00741130303764631   0.00202847034158965   0
0.403388816634088   0.270408118233999   0.0100721928000579   0.00829742737879968   0
0.441625035366848   0.304928805701429   0.0382362187327602   0.03452068746743   0
0.47489194933333   0.359808551823397   0.0332669139664815   0.0548797461219675   0
0.511524128288246   0.399632277444528   0.0366321789549162   0.039823725621131   0
0.523309465354297   0.415990388882363   0.0117853370660509   0.0163581114378357   0
0.513210807274418   0.397726490353924   -0.0100986580798786   -0.0182638985284394   0
0.50155011042178   0.385869018304463   -0.011660696852638   -0.011857472049461   0
0.489216284994071   0.361732468301506   -0.0123338254277093   -0.0241365500029571   0
0.503787827828343   0.397078117540176   0.014571542834272   0.0353456492386702   0
0.465502844591738   0.367867523792873   -0.0382849832366047   -0.0292105937473032   0
0.462788381966585   0.329327282333244   -0.00271446262515296   -0.0385402414596293   0
0.460174417812301   0.29720849743362   -0.00261396415428444   -0.0321187848996239   0
0.419384958150921   0.278136864478623   -0.0407894596613795   -0.0190716329549966   0
0.453163777699906   0.294309119420381   0.0337788195489849   0.0161722549417577   0
0.44392132538576   0.292759087574579   -0.009242452314146   -0.00155003184580188   0
0.463373085294442   0.316990957954245   0.0194517599086815   0.0242318703796662   0
0.426327131358315   0.327481601844287   -0.0370459539361266   0.0104906438900416   0
0.431181358359983   0.302294130572775   0.00485422700166782   -0.0251874712715117   0
0.421512528252056   0.328627163911095   -0.00966883010792724   0.0263330333383204   0
0.425945203876332   0.289521993635199   0.00443267562427624   -0.0391051702758968   0
0.465676344169521   0.340807777250608   0.039731140293189   0.0512857836154093   0
0.460623537666455   0.36938836019087   -0.00505280650306594   0.0285805829402622   0
0.513700777769861   0.422197423408173   0.053077240103406   0.0528090632173028   0
0.542609361186517   0.441660344175533   0.028908583416656   0.0194629207673598   0
0.586468617978498   0.490124681010353   0.0438592567919815   0.0484643368348199   0
0.628247555789802   0.512810283851884   0.0417789378113033   0.0226856028415314   0
0.617517979763882   0.5080666690802   -0.0107295760259202   -0.00474361477168361   0
0.656805472105014   0.53131038609296   0.0392874923411323   0.0232437170127593   0
0.626937504058618   0.497089114613265   -0.0298679680463955   -0.0342212714796945   0
0.6064477068637   0.491980606684857   -0.0204897971949185   -0.00510850792840822   0
0.601725965205599   0.481585425828585   -0.00472174165810058   -0.0103951808562716   0
0.577282594637297   0.48419764366527   -0.024443370568302   0.00261221783668475   0
0.610434034531005   0.545868458950277   0.0331514398937076   0.0616708152850066   0
0.629470596725391   0.554203642818684   0.0190365621943863   0.00833518386840759   0
0.62967878516342   0.54017346621664   0.0002081884380285   -0.014030176602044   0
0.66883808671304   0.598493664001967   0.0391593015496202   0.058320197785327   0
0.632277262282466   0.520928601636299   -0.0365608244305741   -0.0775650623656683   0
0.624168857955353   0.494718661011994   -0.00810840432711246   -0.0262099406243054   0
0.598718399468264   0.493875753242908   -0.0254504584870892   -0.000842907769085521   0
0.587414800915537   0.485899992204157   -0.0113035985527271   -0.00797576103875114   0
0.528281133129473   0.470481592720162   -0.0591336677860641   -0.0154183994839955   0
0.565724623196324   0.495914668304437   0.0374434900668508   0.0254330755842757   0
0.586402516294269   0.527863464951165   0.020677893097945   0.0319487966467278   0
0.683711883882151   0.610519977290874   0.0973093675878822   0.0826565123397094   0
0.683358512768371   0.625609623128713   -0.000353371113779866   0.0150896458378383   0
0.684617255412928   0.617792851354724   0.00125874264455661   -0.00781677177398898   0
0.662986048451248   0.644187498948288   -0.0216312069616802   0.0263946475935637   0
0.684568755328871   0.652583711223319   0.0215827068776236   0.00839621227503129   0
0.707730482427343   0.641176655112302   0.0231617270984721   -0.0114070561110167   0
0.717926372123388   0.680231022932283   0.0101958896960451   0.0390543678199807   0
0.716300035035026   0.699888572100588   -0.00162633708836213   0.0196575491683053   0
0.741401406818573   0.730327553814896   0.0251013717835472   0.0304389817143079   0
0.758497442446156   0.765319943205455   0.0170960356275828   0.0349923893905585   0
0.781004147623468   0.79155045955359   0.022506705177312   0.0262305163481356   0
0.802422572446862   0.777013331191943   0.0214184248233941   -0.0145371283616472   0
0.809206958431525   0.786052099235954   0.00678438598466258   0.00903876804401094   0
0.80928128669669   0.808294565106837   7.4328265165069e-05   0.0222424658708827   0
0.822207111779319   0.8244077581449   0.0129258250826294   0.0161131930380635   0
0.836219729086201   0.837517628732076   0.0140126173068819   0.0131098705871762   0
0.860388128480746   0.864716395458794   0.0241683993945444   0.0271987667267181   0
0.901463560791167   0.925829653549723   0.0410754323104214   0.0611132580909286   0
0.915219056273005   0.936376444677166   0.0137554954818382   0.0105467911274432   0
0.936813242458709   0.945503059758799   0.0215941861857039   0.00912661508163259   0
0.955101937605458   0.929100372637559   0.018288695146749   -0.0164026871212402   0
0.983015742475292   0.972050550973173   0.0279138048698341   0.0429501783356149   0
0.97788269772236   0.971923168310773   -0.00513304475293253   -0.000127382662400866   0
0.957238344959081   0.968358534371438   -0.0206443527632789   -0.00356463393933426   0
0.972512231152143   0.987308293077826   0.0152738861930627   0.0189497587063876   0
0.998593129453778   1.01277645699779   0.0260808983016345   0.0254681639199661   0
1.01333657063174   1.00404908106626   0.0147434411779594   -0.0087273759315325   0
1.02177516434333   1.00203729676906   0.00843859371159317   -0.00201178429719717   0
1.0225364691956   1.00573736224275   0.000761304852267219   0.0037000654736854   0
1.0123701696322   0.956002775234596   -0.0101662995633973   -0.0497345870081514   0
0.988765871971722   0.932186538940034   -0.0236042976604783   -0.0238162362945622   0
0.95093283268732   0.902911268005334   -0.0378330392844025   -0.0292752709347002   0
0.962782431886353   0.958804045689864   0.0118495991990334   0.0558927776845296   0
0.956908153780686   0.937341315044979   -0.00587427810566743   -0.0214627306448848   0
0.983076520394013   0.952227633384476   0.0261683666133274   0.0148863183394972   0
0.971995891240801   0.945687283950144   -0.0110806291532117   -0.00654034943433213   0
0.996802301637592   0.976320852673572   0.0248064103967902   0.030633568723428   0
1.00875227043065   1.00104083124766   0.0119499687930629   0.0247199785740853   0
0.928921679977919   0.948126251542615   -0.079830590452735   -0.0529145797050421   0
0.939640651435031   0.967020727344171   0.0107189714571119   0.0188944758015562   0
0.958943755484126   0.990800342726778   0.0193031040490951   0.0237796153826064   0
0.948421715842594   0.995278334027472   -0.0105220396415324   0.00447799130069437   0
0.989446942386503   1.04346524229619   0.0410252265439093   0.0481869082687196   0
0.983947746125779   1.03602468900372   -0.00549919626072437   -0.00744055329247395   0
1.01499624346645   1.05421380793426   0.0310484973406686   0.018189118930541   0
1.03854733712287   1.06430860461334   0.0235510936564207   0.0100947966790834   0
1.08653738316222   1.11363097720351   0.0479900460393496   0.0493223725901704   0
1.07852289086509   1.11274770826545   -0.00801449229712348   -0.000883268938067339   0
1.08023510347192   1.12906367018384   0.00171221260683052   0.0163159619183935   0
1.08591198354471   1.14309301797973   0.00567688007278222   0.0140293477958882   0
1.14572935793755   1.15003349888438   0.059817374392847   0.0069404809046536   0
1.13371807150191   1.15153665007068   -0.0120112864356481   0.00150315118629796   0
1.10674978261258   1.14273676375883   -0.0269682888893228   -0.00879988631184991   0
1.09287786834669   1.13421954882024   -0.0138719142658956   -0.00851721493858348   0
1.1143986967015   1.1355035340021   0.0215208283548118   0.00128398518185135   0
1.10876785628102   1.15159059605139   -0.00563084042048323   0.0160870620492957   0
1.115249963718   1.13884148158655   0.00648210743698363   -0.0127491144648413   0
1.14748381728241   1.19204745162472   0.0322338535644056   0.053205970038174   0
1.14728011298549   1.18782803029142   -0.000203704296914964   -0.00421942133330222   0
1.19722752794822   1.23011709234325   0.049947414962727   0.0422890620518228   0
1.19827015141036   1.22572063924289   0.00104262346213968   -0.00439645310035464   0
1.2174675350649   1.23268505851616   0.0191973836545416   0.00696441927327407   0
