0.0502037064040585   0.136746623243876   0   0   0
0.0638808232881355   0.122405791820169   0.0136771168840771   -0.014340831423707   0
0.146022982239668   0.0915644244594073   0.0821421589515325   -0.0308413673607615   0
0.137521175494612   0.0332035915637526   -0.00850180674505552   -0.0583608328956547   0
0.0965354254116073   0.0839546450550087   -0.0409857500830052   0.0507510534912562   0
0.137114690338563   0.0127263367298881   0.0405792649269556   -0.0712283083251206   0
0.181209307179543   0.0254506139557084   0.0440946168409801   0.0127242772258203   0
0.176481987197561   0.0351693698445465   -0.00472731998198231   0.00971875588883813   0
0.14015438319571   0.0883605622821205   -0.0363276040018505   0.053191192437574   0
0.193767972547426   0.0417589066126916   0.0536135893517156   -0.0466016556694289   0
0.193337607286451   0.0583301943004221   -0.000430365260974813   0.0165712876877305   0
0.107620684136694   0.0731668542071647   -0.0857169231497574   0.0148366599067426   0
0.163116295160386   0.0371703224268367   0.0554956110236918   -0.035996531780328   0
0.180119229951524   0.0444787744595667   0.0170029347911385   0.00730845203272996   0
0.158755361965951   0.03907236112948   -0.0213638679855734   -0.00540641333008667   0
0.131169104097306   0.0252578149019764   -0.0275862578686442   -0.0138145462275036   0
0.135976987251557   0.0307604004977585   0.00480788315425026   0.00550258559578209   0
0.17007228296692   0.0445855160343861   0.034095295715363   0.0138251155366276   0
0.104753359036023   0.0634189390135352   -0.0653189239308964   0.0188334229791491   0
0.126596480394046   0.0889833853306054   0.0218431213580224   0.0255644463170702   0
0.0790084792205875   0.0604069218320426   -0.0475880011734583   -0.0285764634985628   0
0.0628902807207123   0.0934513634168865   -0.0161181984998751   0.033044441584844   0
0.098775144240897   0.0802039682252693   0.0358848635201846   -0.0132473951916173   0
0.046404476379746   0.101261916187738   -0.052370667861151   0.0210579479624689   0
0.120487155465884   0.0423100202300531   0.0740826790861376   -0.0589518959576851   0
0.0987950677494074   0.0814089831720216   -0.0216920877164762   0.0390989629419686   0
0.114587006878267   0.0775477207869451   0.0157919391288596   -0.00386126238507649   0
0.120360795647669   0.0500810699385007   0.00577378876940232   -0.0274666508484444   0
0.122883203491161   0.0428805847163084   0.00252240784349139   -0.00720048522219232   0
0.121994934203761   0.059798753508957   -0.00088826928739956   0.0169181687926486   0
0.109878505440009   0.0321339040873499   -0.0121164287637525   -0.0276648494216072   0
0.112605024078191   0.04617969481206   0.00272651863818252   0.0140457907247101   0
0.19892397758292   0.047805344022426   0.0863189535047287   0.001625649210366   0
0.183896977252591   0.03618286285081   -0.0150270003303288   -0.011622481171616   0
0.115298299895402   0.0760238026753628   -0.0685986773571893   0.0398409398245528   0
0.183211070783209   0.0739398387709393   0.0679127708878072   -0.00208396390442349   0
0.113807233118814   0.0887967463629721   -0.0694038376643953   0.0148569075920328   0
0.114511752768395   0.106874383827862   0.000704519649581264   0.0180776374648899   0
0.096868877169192   0.103369028005552   -0.017642875599203   -0.00350535582231042   0
0.115302905602634   0.0544080759177808   0.0184340284334424   -0.0489609520877707   0
0.148781906212121   0.133014953403264   0.0334790006094871   0.0786068774854832   0
0.248207162799633   0.0490903004040004   0.0994252565875117   -0.0839246529992637   0
0.170125584522758   0.090956736234157   -0.0780815782768754   0.0418664358301566   0
0.191479262695598   0.0803537814057932   0.0213536781728406   -0.0106029548283638   0
0.206530412682781   0.0803600700843553   0.015051149987183   6.28867856210247e-06   0
0.193107859918052   0.092714729090528   -0.0134225527647294   0.0123546590061727   0
0.202441106315639   0.117336592470124   0.00933324639758734   0.0246218633795962   0
0.235409223954628   0.104656027304797   0.0329681176389882   -0.0126805651653267   0
0.255704916532477   0.114212814067602   0.0202956925778491   0.00955678676280444   0
0.27308341679247   0.125215860020736   0.0173785002599935   0.0110030459531339   0
0.215182383313807   0.118902878123958   -0.0579010334786636   -0.00631298189677815   0
0.25639691918504   0.116324578058055   0.0412145358712335   -0.00257830006590266   0
0.265536355200357   0.137839708831536   0.00913943601531658   0.0215151307734806   0
0.216006592031216   0.0914888936837047   -0.0495297631691412   -0.0463508151478308   0
0.261462847011138   0.11830237166529   0.0454562549799229   0.0268134779815857   0
0.270273035347017   0.141822135173613   0.00881018833587877   0.0235197635083224   0
0.216180287066225   0.132109790434768   -0.0540927482807919   -0.00971234473884516   0
0.17199615846492   0.113822612122296   -0.044184128601305   -0.0182871783124718   0
0.266386909318851   0.143937188071395   0.0943907508539311   0.0301145759490987   0
0.238696124627381   0.140504406470086   -0.0276907846914708   -0.00343278160130897   0
0.170974569086926   0.134018968977464   -0.0677215555404547   -0.0064854374926214   0
0.281842065859162   0.14795379541574   0.110867496772236   0.0139348264382754   0
0.289949021685064   0.123060679956841   0.00810695582590221   -0.0248931154588987   0
0.200030184310369   0.125398711528468   -0.0899188373746953   0.00233803157162747   0
0.298101840571926   0.156806649045154   0.0980716562615575   0.0314079375166854   0
0.215008609253885   0.137685753602406   -0.0830932313180406   -0.0191208954427476   0
0.227117949680249   0.147416061984677   0.0121093404263633   0.00973030838227043   0
0.321934423083537   0.137423780885297   0.0948164734032886   -0.00999228109938002   0
0.301910771813913   0.151713868307457   -0.0200236512696239   0.0142900874221608   0
0.211380558014104   0.140909264995679   -0.0905302137998091   -0.0108046033117783   0
0.266463295092983   0.135925429332714   0.0550827370788785   -0.00498383566296554   0
0.292000508924625   0.150713389979026   0.0255372138316423   0.0147879606463126   0
0.25620965117821   0.141152822625515   -0.0357908577464151   -0.00956056735351146   0
0.259802824430702   0.146396696246227   0.00359317325249175   0.00524387362071219   0
0.365010329300939   0.133290154552662   0.105207504870237   -0.0131065416935649   0
0.35906645161208   0.133809316293308   -0.00594387768885934   0.000519161740645924   0
0.217423376784269   0.130656496198515   -0.141643074827811   -0.00315282009479309   0
0.327763539911595   0.151717802156644   0.110340163127327   0.0210613059581291   0
0.288029743931536   0.136109066338295   -0.0397337959800591   -0.0156087358183484   0
0.298975788858446   0.136164722045846   0.0109460449269095   5.56557075505892e-05   0
0.378209164325099   0.139170412749271   0.0792333754666535   0.00300569070342518   0
0.314151140927182   0.134767324631559   -0.0640580233979177   -0.00440308811771201   0
0.265785167785808   0.154450372935344   -0.0483659731413739   0.019683048303785   0
0.202615265663992   0.130300990643586   -0.0631699021218159   -0.0241493822917578   0
0.229874922338941   0.132993127855491   0.027259656674949   0.00269213721190428   0
0.258801652487329   0.137024059508285   0.0289267301483877   0.0040309316527942   0
0.26543981173234   0.131904209521531   0.00663815924501121   -0.00511984998675372   0
0.210977434942445   0.12012438963256   -0.0544623767898948   -0.0117798198889714   0
0.202285060880382   0.120831474874402   -0.00869237406206255   0.000707085241842181   0
0.229174221599027   0.127357173209907   0.0268891607186448   0.00652569833550495   0
0.20791812856134   0.104462335349353   -0.0212560930376869   -0.0228948378605542   0
0.302956257840435   0.107949108927737   0.0950381292790945   0.00348677357838462   0
0.268837691659577   0.126154874432107   -0.0341185661808574   0.0182057655043698   0
0.183449615428351   0.11215595271225   -0.085388076231226   -0.013998921719857   0
0.280718696712296   0.113801482006266   0.0972690812839446   0.00164552929401586   0
0.322205342037558   0.117481211714789   0.0414866453252625   0.00367972970852264   0
0.259779851630183   0.116457447006975   -0.0624254904073752   -0.00102376470781321   0
0.315443407423011   0.113914954569154   0.0556635557928283   -0.00254249243782112   0
0.342959669639741   0.118160456801844   0.027516262216729   0.00424550223268999   0
0.288488745231075   0.140720416843417   -0.0544709244086657   0.0225599600415725   0
0.241918526791301   0.133147367289819   -0.0465702184397734   -0.00757304955359775   0
0.330553765861259   0.123089346045017   0.0886352390699576   -0.0100580212448019   0
0.336613232278085   0.126879377257693   0.00605946641682603   0.00379003121267583   0
0.266430308617469   0.121294519705766   -0.0701829236606156   -0.00558485755192691   0
0.286037991501566   0.115933708824505   0.0196076828840967   -0.00536081088126165   0
0.254950745830445   0.120385174348487   -0.0310872456711213   0.00445146552398254   0
0.436165105006911   0.0926652176851062   0.181214359176466   -0.0277199566633808   0
0.351200722719701   0.117831534719584   -0.0849643822872108   0.0251663170344776   0
0.522045685205203   0.0392994950080163   0.170844962485503   -0.0785320397115676   0
0.415848467680043   0.0404081626907856   -0.10619721752516   0.00110866768276931   0
0.435674299355631   0.0284038273842188   0.0198258316755878   -0.0120043353065668   0
0.558616873575315   0.0349123151523929   0.122942574219684   0.00650848776817402   0
0.364824931460954   0.0369671376909276   -0.193791942114361   0.00205482253853474   0
0.444873098136143   0.00872358568807718   0.0800481666751884   -0.0282435520028504   0
0.457782530942641   0.018291374492381   0.0129094328064983   0.00956778880430379   0
0.328058526672208   0.0187684275149118   -0.129724004270433   0.000477053022530875   0
0.450078396573808   0.0323460909800937   0.1220198699016   0.0135776634651819   0
0.4654418834651   0.0348023046521796   0.0153634868912922   0.00245621367208593   0
0.478526792569915   0.0439953168477055   0.0130849091048143   0.00919301219552586   0
0.34992039144091   0.0446453244542091   -0.128606401129004   0.000650007606503578   0
0.430275674891726   0.0330164097185021   0.0803552834508152   -0.011628914735707   0
0.445074768802951   0.0537172306737093   0.0147990939112251   0.0207008209552072   0
0.370322294122633   0.0444231908393015   -0.0747524746803176   -0.00929403983440785   0
0.369829276158824   0.0440343404980136   -0.000493017963808684   -0.000388850341287911   0
0.500132974260056   0.0353512095223417   0.130303698101232   -0.00868313097567192   0
0.529495997273294   0.0515310923637914   0.0293630230132376   0.0161798828414497   0
0.371731391289436   0.054200027334495   -0.157764605983857   0.00266893497070355   0
0.463014221061732   0.0530888448583598   0.0912828297722958   -0.00111118247613511   0
0.480000898099212   0.0592221994864589   0.0169866770374797   0.00613335462809903   0
0.378559895748189   0.0458678245305192   -0.101441002351022   -0.0133543749559396   0
0.447724993941281   0.0535648820288536   0.0691650981930915   0.00769705749833434   0
0.400993337955682   0.0544988586201583   -0.0467316559855986   0.00093397659130471   0
0.455580053683214   0.0554461490523483   0.0545867157275315   0.000947290432190037   0
0.464387272766513   0.0590893371556544   0.00880721908329946   0.0036431881033061   0
0.465140729946282   0.0697805710500065   0.000753457179768657   0.0106912338943521   0
0.470662639171626   0.0566562439329726   0.00552190922534385   -0.0131243271170338   0
0.5344482530994   0.0609467780876317   0.0637856139277739   0.00429053415465907   0
0.656946158399789   0.0736818067249304   0.122497905300389   0.0127350286372987   0
0.550195629505506   0.0693971138991025   -0.106750528894283   -0.00428469282582793   0
0.467086840606851   0.0654171886012384   -0.0831087888986547   -0.00397992529786403   0
0.604409764962844   0.0583359837284201   0.137322924355992   -0.00708120487281829   0
0.594250959643525   0.0578567404989471   -0.0101588053193191   -0.000479243229473091   0
0.505193699980671   0.0520450919409794   -0.0890572596628538   -0.00581164855796764   0
0.602351424017317   0.0395065709547792   0.0971577240366465   -0.0125385209862003   0
0.571122682699611   0.0758248070542385   -0.0312287413177067   0.0363182360994594   0
0.495571740497024   0.0522972408777461   -0.0755509422025862   -0.0235275661764924   0
0.569665319760304   0.0500270586316379   0.0740935792632801   -0.00227018224610821   0
0.601640877599785   0.0513012337422308   0.031975557839481   0.0012741751105929   0
0.568453287510671   0.0465632746904778   -0.0331875900891141   -0.00473795905175301   0
0.592063669029404   0.0440902668653752   0.0236103815187331   -0.00247300782510262   0
0.495665872042942   0.0563071666309227   -0.0963977969864627   0.0122168997655476   0
0.577499457455165   0.0656033397848578   0.0818335854122233   0.00929617315393502   0
0.627649210180464   0.0619981490898384   0.0501497527252988   -0.00360519069501939   0
0.561877611092629   0.05018786916253   -0.0657715990878346   -0.0118102799273084   0
0.530377521981172   0.0420251548858565   -0.0315000891114569   -0.00816271427667349   0
0.572864054548861   0.0396263855977094   0.0424865325676883   -0.00239876928814707   0
0.63469692154678   0.0474538800660705   0.0618328669979197   0.00782749446836108   0
0.610014755008279   0.0575232968852186   -0.0246821665385019   0.0100694168191481   0
0.573965215468673   0.0995927407522883   -0.0360495395396058   0.0420694438670697   0
0.692405443156681   0.231538460392917   0.118440227688008   0.131945719640629   0
0.618099911833839   0.235777914284931   -0.0743055313228417   0.00423945389201424   1
0.719574977023131   0.195720310600075   0.101475065189292   -0.040057603684856   0
0.846431029783148   0.350767486814984   0.126856052760016   0.155047176214909   0
1.03964629271546   0.355389458293644   0.193215262932312   0.00462197147866039   0
1.03730755062373   0.319978486313533   -0.00233874209173113   -0.0354109719801112   0
