0.259184946329161   0.148412216820424   0   0   0
0.254086271766815   0.191728975049945   -0.00509867456234536   0.0433167582295213   0
0.236238726298609   0.152254885632687   -0.0178475454682069   -0.0394740894172585   0
0.213101279686069   0.155702162365363   -0.0231374466125401   0.00344727673267675   0
0.195142079310486   0.124064707942761   -0.0179592003755825   -0.0316374544226028   0
0.191534331562908   0.148065874843767   -0.00360774774757791   0.0240011669010061   0
0.160504893134509   0.0716813022665081   -0.0310294384283996   -0.0763845725772586   0
0.209630933975237   0.0889660478118479   0.0491260408407281   0.0172847455453397   0
0.123674361693319   0.0768381548912388   -0.0859565722819172   -0.0121278929206091   0
0.16755535191909   0.0573984447662347   0.0438809902257703   -0.019439710125004   0
0.115146621740327   0.0782171765801037   -0.0524087301787625   0.020818731813869   0
0.147170757812617   0.0574702455149837   0.0320241360722899   -0.0207469310651201   0
0.15253135174937   0.0764576520241761   0.00536059393675276   0.0189874065091924   0
0.0964773561210609   0.0611767871294538   -0.056053995628309   -0.0152808648947223   0
0.157947691461446   0.0695747216923826   0.0614703353403847   0.00839793456292889   0
0.12338917968262   0.0860123962174203   -0.0345585117788251   0.0164376745250377   0
0.106931781731018   0.0550366035572009   -0.0164573979516028   -0.0309757926602194   0
0.173728130394764   0.079777664135333   0.066796348663746   0.0247410605781321   0
0.101613408984937   0.037207331250306   -0.072114721409827   -0.042570332885027   0
0.177635970725076   0.0618604427046073   0.0760225617401392   0.0246531114543012   0
0.0777326220365684   0.0520529892830191   -0.0999033486885074   -0.0098074534215882   0
0.20249854838013   0.0514459324472791   0.124765926343562   -0.000607056835740027   0
0.0911227533276404   0.046777337521924   -0.11137579505249   -0.00466859492535505   0
0.182654809459948   0.0550371389705397   0.0915320561323078   0.0082598014486157   0
0.0831216226648638   0.0424871063260667   -0.0995331867950844   -0.012550032644473   0
0.21677195110588   0.0461277201989758   0.133650328441016   0.00364061387290907   0
0.135661606262678   0.0332859190178445   -0.0811103448432015   -0.0128418011811313   0
0.21276926452204   0.0349186996784674   0.077107658259362   0.00163278066062295   0
0.105655421112975   0.0523333990191168   -0.107113843409066   0.0174146993406494   0
0.233028874513889   0.0335787217672516   0.127373453400915   -0.0187546772518652   0
0.142792499287217   0.035231388149633   -0.0902363752266719   0.00165266638238135   0
0.205994895349278   0.018937326955579   0.0632023960620606   -0.016294061194054   0
0.156417420647638   0.019995425935714   -0.0495774747016405   0.001058098980135   0
0.155256216964603   0.0175822314664379   -0.00116120368303418   -0.00241319446927609   0
0.181077354716817   0.0217213892323903   0.0258211377522137   0.00413915776595234   0
0.121788473807048   0.0704988013098982   -0.0592888809097692   0.0487774120775079   0
0.206095431217974   0.0246039158681403   0.0843069574109257   -0.0458948854417579   0
0.131403110925503   0.0168695807340506   -0.0746923202924708   -0.00773433513408971   0
0.206787683382116   0.0406729581231142   0.0753845724566135   0.0238033773890636   0
0.104691368001665   0.0172386115378385   -0.102096315380452   -0.0234343465852756   0
0.171720013769654   0.0355518728017949   0.0670286457679887   0.0183132612639563   0
0.194473222815019   0.0487906012806001   0.0227532090453654   0.0132387284788053   0
0.0983075040683446   0.0733767922005264   -0.0961657187466743   0.0245861909199262   0
0.205942012796321   0.0371904943632244   0.107634508727976   -0.036186297837302   0
0.138416381817976   0.0699471498637085   -0.0675256309783451   0.0327566555004842   0
0.190775995758062   0.022393620504733   0.0523596139400859   -0.0475535293589755   0
0.183048550904098   0.0571991104327681   -0.00772744485396415   0.034805489928035   0
0.19669315063634   0.0272189030993187   0.0136445997322426   -0.0299802073334494   0
0.167882297169684   0.0206085467792036   -0.0288108534666565   -0.00661035632011503   0
0.204169544031645   0.0499791420548112   0.0362872468619617   0.0293705952756076   0
0.135085006335011   0.0835062832803167   -0.0690845376966343   0.0335271412255055   0
0.212057484259723   0.0640140662475444   0.0769724779247115   -0.0194922170327723   0
0.115204233629889   0.0910369503690397   -0.0968532506298338   0.0270228841214954   0
0.221173202894858   0.0399419174618282   0.105968969264969   -0.0510950329072115   0
0.139219923052342   0.111524014214765   -0.081953279842516   0.0715820967529363   0
0.21886843352809   0.0450002975284331   0.0796485104757482   -0.0665237166863314   0
0.151720871536681   0.052001179706498   -0.0671475619914093   0.00700088217806494   0
0.174272173737777   0.0787524137349612   0.0225513022010964   0.0267512340284632   0
0.194647115180369   0.0600454944552254   0.0203749414425922   -0.0187069192797358   0
0.174234823428642   0.117638013868998   -0.0204122917517275   0.0575925194137723   0
0.254321299743631   0.0701591726670504   0.0800864763149895   -0.0474788412019473   0
0.197737382584403   0.121801505942876   -0.0565839171592288   0.0516423332758257   0
0.241328357349152   0.0706491862935448   0.0435909747647494   -0.0511523196493314   0
0.213644825382106   0.0852572330312215   -0.0276835319670465   0.0146080467376766   0
0.25121470360162   0.0856564195579642   0.0375698782195148   0.000399186526742784   0
0.207940158309476   0.11501914920999   -0.0432745452921442   0.029362729652026   0
0.240529264543028   0.0902114520476198   0.0325891062335519   -0.0248076971623705   0
0.203362450599047   0.102043486831889   -0.0371668139439807   0.0118320347842697   0
0.203223001359147   0.139270797316451   -0.00013944923990003   0.0372273104845616   0
0.214880610481076   0.100320033535132   0.0116576091219288   -0.0389507637813191   0
0.192128771533417   0.144491356520909   -0.0227518389476591   0.0441713229857773   0
0.239531026547314   0.102559120552489   0.0474022550138967   -0.0419322359684201   0
0.174247391455367   0.151348126460125   -0.0652836350919466   0.0487890059076359   0
0.230830599588443   0.117663429529538   0.0565832081330755   -0.0336846969305873   0
0.166884700555892   0.147783289715888   -0.0639458990325512   0.0301198601863499   0
0.362707063814589   0.0914711667110598   0.195822363258697   -0.0563121230048279   0
0.478088862893458   0.222214766972343   0.11538179907887   0.130743600261283   0
0.52244668916455   0.321319813757765   0.0443578262710917   0.0991050467854227   0
0.478056843336951   0.318538670208677   -0.0443898458275991   -0.00278114354908793   0
0.457098547897726   0.317213111352999   -0.0209582954392246   -0.00132555885567859   0
0.441604170438652   0.325394523313239   -0.0154943774590743   0.00818141196024014   0
0.500084948084823   0.259776229283012   0.0584807776461708   -0.065618294030227   0
0.451439015967827   0.237645362320097   -0.0486459321169958   -0.0221308669629153   0
0.372690326046491   0.201667969190697   -0.0787486899213357   -0.0359773931293994   0
0.35890218203856   0.209214504533625   -0.0137881440079309   0.00754653534292732   0
0.408760330893557   0.198241683833497   0.0498581488549963   -0.010972820700128   0
0.364034741267918   0.237091484939358   -0.0447255896256388   0.0388498011058619   0
0.370709344551766   0.181088422017395   0.00667460328384811   -0.0560030629219638   0
0.375537581999458   0.218131646759474   0.0048282374476924   0.0370432247420796   0
0.390547365777328   0.176281725911253   0.0150097837778695   -0.0418499208482215   0
0.339650967184903   0.194633218304328   -0.050896398592425   0.0183514923930749   0
0.428590854151136   0.161428148854219   0.0889398869662327   -0.0332050694501081   0
0.397394301084653   0.165815596158051   -0.0311965530664824   0.00438744730383206   0
0.413144626022426   0.165053886899855   0.0157503249377725   -0.000761709258196824   0
0.418100484537162   0.167109039468995   0.00495585851473673   0.00205515256914002   0
0.38573276735016   0.187997317094553   -0.0323677171870021   0.0208882776255586   0
0.408965460390838   0.200658696881047   0.0232326930406776   0.012661379786494   0
0.423275463834711   0.227369148824659   0.0143100034438733   0.0267104519436119   0
0.413795701481735   0.215354006493959   -0.0094797623529766   -0.0120151423307005   0
0.425281945839651   0.232214598928448   0.0114862443579166   0.0168605924344894   0
0.436115267061003   0.284024000699325   0.0108333212213518   0.0518094017708766   0
0.454911422242576   0.305904683939704   0.0187961551815733   0.021880683240379   0
0.451168085224343   0.271458322867346   -0.00374333701823337   -0.0344463610723572   0
0.438859793931775   0.296023761268792   -0.012308291292568   0.0245654384014451   0
0.52036323571833   0.300970899288868   0.0815034417865548   0.00494713802007657   0
0.481977572357869   0.337384373082175   -0.0383856633604607   0.0364134737933072   0
0.583060490468399   0.351228982678836   0.10108291811053   0.0138446095966605   0
0.63494441522805   0.441216381261703   0.0518839247596506   0.0899873985828672   0
0.688845917525828   0.411578183574215   0.0539015022977785   -0.0296381976874883   0
0.734312402195414   0.56487145602274   0.0454664846695862   0.153293272448525   1
0.821006266053317   0.806724522431449   0.0866938638579028   0.24185306640871   1
0.842430093468295   0.736014983378735   0.0214238274149777   -0.0707095390527139   0
0.832285150151443   0.724826272200622   -0.0101449433168519   -0.0111887111781135   0
0.8441455871199   0.724150881256109   0.0118604369684566   -0.000675390944512522   0
0.919310732434012   0.695969849221214   0.0751651453141127   -0.028181032034895   0
0.925747477359377   0.671484338710889   0.0064367449253645   -0.0244855105103254   0
0.883614829332561   0.673843387736535   -0.0421326480268163   0.00235904902564588   0
0.918416551358914   0.63996238566204   0.034801722026353   -0.0338810020744946   0
0.900600870984639   0.609265965742384   -0.0178156803742747   -0.0306964199196561   0
0.939655248041647   0.596839521056121   0.0390543770570086   -0.0124264446862632   0
0.936951520893157   0.5915482918336   -0.00270372714849043   -0.0052912292225209   0
0.937524832547858   0.572298009284717   0.000573311654701425   -0.0192502825488831   0
0.953631470927842   0.596780929214398   0.0161066383799838   0.0244829199296808   0
0.992840900522617   0.589764554944598   0.0392094295947742   -0.00701637426979951   0
1.01689689222753   0.605853707583151   0.0240559917049091   0.0160891526385525   0
1.04854324897448   0.529294393226492   0.0316463567469549   -0.0765593143566591   0
1.08728389604371   0.545957573891507   0.0387406470692342   0.016663180665015   0
1.07218294090675   0.528850619528095   -0.0151009551369683   -0.0171069543634116   0
1.07211596028321   0.578688562476182   -6.69806235316095e-05   0.049837942948087   0
1.09246821541841   0.55824635274805   0.0203522551351973   -0.0204422097281323   0
1.12926032213347   0.589649635044829   0.0367921067150627   0.0314032822967792   0
1.0877680865566   0.566483228795213   -0.0414922355768781   -0.0231664062496157   0
1.14366501461267   0.569870821524712   0.0558969280560737   0.00338759272949851   0
1.1255779440634   0.55955698431125   -0.0180870705492662   -0.0103138372134622   0
1.15469989306183   0.549027728342112   0.0291219489984249   -0.0105292559691376   0
1.13212392756138   0.583918526126719   -0.0225759655004514   0.0348907977846071   0
1.18105370540844   0.55617090021728   0.0489297778470597   -0.0277476259094387   0
1.14662375431743   0.607331903771324   -0.0344299510910067   0.0511610035540431   0
1.21291368148356   0.576254803058725   0.0662899271661279   -0.0310771007125984   0
1.26136208424821   0.652979797087934   0.0484484027646557   0.0767249940292093   0
1.2693297803723   0.623534479844339   0.0079676961240891   -0.0294453172435958   0
1.28843655826315   0.702032373349869   0.0191067778908498   0.0784978935055305   0
1.30942202383494   0.707005771037974   0.0209854655717905   0.00497339768810479   0
1.33223459557129   0.703102635182268   0.0228125717363465   -0.00390313585570545   0
1.27499525036958   0.680948617349723   -0.0572393452017059   -0.0221540178325451   0
1.30960009402184   0.712234296542402   0.034604843652251   0.0312856791926784   0
1.31209202774539   0.714753352402246   0.00249193372355117   0.00251905585984469   0
1.27238256125153   0.567204363557131   -0.039709466493858   -0.147548988845116   0
1.04848550143433   0.509148043202073   -0.223897059817198   -0.0580563203550579   0
1.11562249724268   0.487947435318601   0.0671369958083521   -0.0212006078834722   0
1.13637202161704   0.432424148345695   0.0207495243743581   -0.0555232869729053   0
1.17578121212494   0.515781672167837   0.0394091905079021   0.0833575238221416   0
1.15187196294423   0.465082297230017   -0.02390924918071   -0.0506993749378199   0
1.18777332490337   0.519704511427648   0.0359013619591344   0.0546222141976306   0
1.14396844230687   0.513678663267952   -0.0438048825965003   -0.00602584815969576   0
1.17975549254284   0.530405624774332   0.0357870502359734   0.0167269615063804   0
1.15663554435483   0.564144252248483   -0.0231199481880078   0.0337386274741506   0
1.16009852544687   0.535526648225371   0.00346298109203658   -0.0286176040231122   0
1.16388350527018   0.587850891618147   0.0037849798233105   0.0523242433927759   0
1.13395607876408   0.567717867204521   -0.0299274265061034   -0.0201330244136257   0
1.17693194738736   0.580358439948537   0.0429758686232822   0.0126405727440164   0
1.15902740719018   0.629195641595879   -0.0179045401971749   0.0488372016473417   0
1.1861797706659   0.576844620859465   0.0271523634757134   -0.0523510207364138   0
1.18994620965361   0.583944361761033   0.00376643898771567   0.00709974090156762   0
1.22804175835393   0.517090139196736   0.0380955487003125   -0.0668542225642966   0
1.26232250564584   0.562037048377818   0.034280747291918   0.044946909181082   0
1.23285310680105   0.528647819827388   -0.0294693988447936   -0.0333892285504307   0
1.30608928578601   0.584080383323434   0.0732361789849567   0.0554325634960469   0
1.27889655182505   0.592125877235153   -0.0271927339609574   0.00804549391171905   0
1.3300267939068   0.601943437323018   0.0511302420817505   0.0098175600878645   0
1.33068148318221   0.66508528334906   0.000654689275408238   0.0631418460260426   0
1.34764708372853   0.631014407091074   0.0169656005463181   -0.0340708762579862   0
1.388013117862   0.668691454141033   0.0403660341334779   0.0376770470499592   0
1.35436492071598   0.630467943952942   -0.0336481971460247   -0.0382235101880914   0
1.39917574595367   0.663468590117309   0.0448108252376878   0.0330006461643672   0
1.36602265090774   0.690508044064658   -0.0331530950459302   0.0270394539473491   0
1.40693563569909   0.703030089899785   0.040912984791353   0.0125220458351267   0
1.3774304944617   0.678601035188202   -0.0295051412373908   -0.0244290547115826   0
1.31888155176043   0.617482435429948   -0.0585489427012684   -0.0611185997582542   0
1.38462045758576   0.625395638144767   0.0657389058253299   0.00791320271481855   0
1.30027570895022   0.573972394662844   -0.0843447486355391   -0.0514232434819223   0
1.41712970954003   0.645676073564949   0.116854000589806   0.0717036789021049   0
1.27922950915111   0.528032181899929   -0.137900200388912   -0.11764389166502   0
1.26218309602411   0.531109293483931   -0.0170464131270072   0.00307711158400137   0
1.28953930367864   0.698951420919238   0.0273562076545362   0.167842127435308   1
1.68678096603116   0.661557463450644   0.397241662352513   -0.0373939574685944   1
1.77591036961779   0.71382917603   0.0891294035866355   0.0522717125793565   0
1.73900345168289   0.666338565599015   -0.0369069179349029   -0.0474906104309858   0
1.68897440549583   0.62300289779689   -0.0500290461870561   -0.0433356678021243   0
