0.158870459707146   0.0519301515344169   0   0   0
0.180275367285606   0.0747465780272216   0.0214049075784593   0.0228164264928047   0
0.184461676074354   0.0726129343449955   0.00418630878874868   -0.0021336436822261   0
0.194718292648354   0.0570236216775384   0.0102566165739997   -0.0155893126674571   0
0.161056600625525   0.0500040601272739   -0.0336616920228285   -0.00701956155026447   0
0.18515403018001   0.0529438711881271   0.0240974295544844   0.00293981106085325   0
0.166303671216002   0.0447197357431258   -0.0188503589640081   -0.00822413544500138   0
0.167893370660071   0.0256688130103069   0.00158969944406931   -0.0190509227328189   0
0.167778270729943   0.0427302014535083   -0.000115099930128176   0.0170613884432014   0
0.200643675878409   0.0271791280145721   0.032865405148466   -0.0155510734389361   0
0.157991023894049   0.0310641099429068   -0.0426526519843597   0.00388498192833464   0
0.170236837576037   0.0365997111646048   0.0122458136819878   0.00553560122169806   0
0.154926281363396   0.0377165667964689   -0.0153105562126415   0.00111685563186405   0
0.172350174669769   0.050551520085305   0.0174238933063738   0.0128349532888362   0
0.14434278615563   0.0633382874381286   -0.0280073885141391   0.0127867673528236   0
0.128052783752248   0.0464040492810164   -0.0162900024033822   -0.0169342381571122   0
0.115670134311412   0.0386735336041863   -0.0123826494408364   -0.00773051567683014   0
0.0917445051840163   0.0531704241365677   -0.0239256291273953   0.0144968905323814   0
0.0987127839230563   0.0390953550650717   0.00696827873903996   -0.014075069071496   0
0.0722113959612332   0.0330589339045061   -0.0265013879618231   -0.0060364211605656   0
0.0579513177945938   0.0246413786445178   -0.0142600781666394   -0.00841755525998822   0
0.0638199464412185   0.0287964761168359   0.00586862864662475   0.00415509747231806   0
0.0366275379684466   0.0712730877215483   -0.0271924084727719   0.0424766116047124   0
0.0626583163375781   0.0336963311945455   0.0260307783691314   -0.0375767565270028   0
0.0817317138290884   0.0225145253390389   0.0190733974915104   -0.0111818058555066   0
0.0812630182809499   0.0475539356361017   -0.000468695548138484   0.0250394102970628   0
0.0989038705128369   0.0150674586355132   0.0176408522318869   -0.0324864770005885   0
0.0774789864555003   0.0424651159922177   -0.0214248840573365   0.0273976573567045   0
0.127076097740684   0.0305602960395511   0.0495971112851842   -0.0119048199526666   0
0.117986249049667   0.0181980074904507   -0.00908984869101769   -0.0123622885491004   0
0.15175108827478   0.0412491131506182   0.033764839225113   0.0230511056601674   0
0.177924496733221   0.0287747120921548   0.0261734084584413   -0.0124744010584633   0
0.172533813122066   0.0189793188764112   -0.00539068361115508   -0.00979539321574356   0
0.177089747871665   0.031910104460813   0.00455593474959928   0.0129307855844018   0
0.15331625527259   0.0226228671815157   -0.0237734925990752   -0.00928723727929734   0
0.164364367135003   0.0247221841120986   0.0110481118624128   0.00209931693058289   0
0.188420379794888   0.0252419930191516   0.0240560126598856   0.000519808907053044   0
0.225687445822004   0.0252065340803729   0.0372670660271155   -3.54589387787478e-05   0
0.244817969562081   0.035999323105303   0.019130523740077   0.0107927890249301   0
0.260753943843329   0.0215963627592264   0.0159359742812481   -0.0144029603460766   0
0.263829402054623   0.0372114451822621   0.00307545821129407   0.0156150824230358   0
0.239819773881242   0.0404602394696188   -0.0240096281733812   0.00324879428735667   0
0.24665642711906   0.0475497080535612   0.00683665323781779   0.00708946858394235   0
0.294166451835096   0.0631273918876457   0.0475100247160365   0.0155776838340846   0
0.311668150835197   0.0588073903717254   0.0175016990001005   -0.00432000151592034   0
0.298548729754059   0.0648208334271668   -0.0131194210811378   0.00601344305544138   0
0.304293461111905   0.0643382249996066   0.00574473135784626   -0.000482608427560205   0
0.314085833540664   0.0514449926520794   0.00979237242875869   -0.0128932323475272   0
0.29783279868094   0.0699609737335573   -0.0162530348597233   0.018515981081478   0
0.286350157552427   0.0658981209164002   -0.0114826411285131   -0.00406285281715714   0
0.31149630227083   0.05809135352092   0.0251461447184022   -0.00780676739548022   0
0.281623590230972   0.0671089639715329   -0.0298727120398574   0.00901761045061295   0
0.321352618538717   0.0468037270265147   0.0397290283077446   -0.0203052369450182   0
0.321368013377195   0.0727980726704354   1.53948384781222e-05   0.0259943456439208   0
0.350937353375129   0.0534811772086918   0.0295693399979339   -0.0193168954617436   0
0.358520271065793   0.0570335273934771   0.00758291769066466   0.00355235018478522   0
0.361337022506378   0.0569842588237532   0.00281675144058485   -4.92685697238218e-05   0
0.367270261100365   0.0663249095231573   0.00593323859398637   0.00934065069940403   0
0.368733575716072   0.0574951261240899   0.00146331461570709   -0.00882978339906743   0
0.368931641184732   0.0511956795010331   0.000198065468660469   -0.00629944662305676   0
0.393440921443893   0.0436043680845062   0.0245092802591613   -0.00759131141652692   0
0.400304408475912   0.051364874866829   0.00686348703201872   0.00776050678232281   0
0.419527583396479   0.038370461349129   0.0192231749205672   -0.0129944135177   0
0.430606492879206   0.0468529482578471   0.011078909482727   0.00848248690871815   0
0.44942833617756   0.0470778819640922   0.0188218432983538   0.000224933706245115   0
0.472405955116423   0.0673075029669241   0.022977618938863   0.0202296210028319   0
0.488180109644105   0.0530866278569754   0.0157741545276815   -0.0142208751099487   0
0.492539963362406   0.0541559411674056   0.00435985371830105   0.0010693133104302   0
0.513179704409138   0.0684584994345845   0.0206397410467321   0.0143025582671788   0
0.537449013772404   0.0683261071600197   0.0242693093632665   -0.000132392274564727   0
0.542279671094759   0.0654498730973942   0.00483065732235466   -0.00287623406262556   0
0.535797710950364   0.0882605541117605   -0.00648196014439473   0.0228106810143663   0
0.547450643552293   0.075156400525105   0.0116529326019289   -0.0131041535866555   0
0.547919316306671   0.069588272715038   0.000468672754378008   -0.00556812781006702   0
0.563652897229749   0.0658955121763235   0.0157335809230779   -0.00369276053871447   0
0.556587098929665   0.0411757174506104   -0.00706579830008447   -0.0247197947257131   0
0.529572920591008   0.0717090372237175   -0.0270141783386566   0.0305333197731071   0
0.571954924055978   0.0481958211844658   0.0423820034649706   -0.0235132160392517   0
0.561666906994706   0.0732597235383297   -0.0102880170612721   0.0250639023538639   0
0.598388149466657   0.0634166380759024   0.0367212424719505   -0.00984308546242725   0
0.579102606981811   0.0754047158167843   -0.0192855424848457   0.0119880777408819   0
0.594638040529714   0.0750172050099176   0.0155354335479031   -0.000387510806866748   0
0.63313138542928   0.0754990336104542   0.0384933448995661   0.000481828600536693   0
0.597150064680872   0.0707471169674426   -0.0359813207484081   -0.00475191664301169   0
0.617520892718497   0.0639617806595079   0.0203708280376251   -0.00678533630793465   0
0.64439997895128   0.0657228164955862   0.0268790862327825   0.00176103583607831   0
0.617268808595777   0.084614050241272   -0.0271311703555028   0.0188912337456858   0
0.629519033593306   0.0734829024212606   0.012250224997529   -0.0111311478200114   0
0.663467021928031   0.0810683849345878   0.0339479883347247   0.00758548251332722   0
0.662266785726266   0.0806036029949189   -0.00120023620176468   -0.000464781939668896   0
0.708206019789447   0.0871382252804416   0.0459392340631805   0.00653462228552275   0
0.709962764846354   0.0864210036074564   0.00175674505690793   -0.000717221672985199   0
0.693276460844193   0.112176436675589   -0.0166863040021613   0.0257554330681329   0
0.697215036762956   0.091959061450339   0.00393857591876279   -0.0202173752252503   0
0.697520971855958   0.0766459882283476   0.000305935093001919   -0.0153130732219914   0
0.697203578332487   0.0792209566459124   -0.000317393523470488   0.00257496841756476   0
0.722466866066182   0.0824168294659076   0.0252632877336942   0.00319587281999527   0
0.754442863863586   0.0649661187869877   0.0319759977974047   -0.0174507106789199   0
0.722800644491716   0.077330137901209   -0.0316422193718702   0.0123640191142213   0
0.758091965043146   0.0773108787986852   0.0352913205514304   -1.92591025237471e-05   0
0.752260643316212   0.0836968504668037   -0.0058313217269349   0.00638597166811847   0
0.805269147438738   0.0614478015424881   0.0530085041225266   -0.0222490489243156   0
0.811298153875323   0.0716648529128819   0.00602900643658499   0.0102170513703938   0
0.819239086347546   0.0653576537114438   0.00794093247222316   -0.00630719920143813   0
0.8439574033884   0.0620328275278703   0.0247183170408535   -0.00332482618357351   0
0.83200928409673   0.0760310653072808   -0.0119481192916702   0.0139982377794105   0
0.904316136127273   0.0827528573520728   0.0723068520305439   0.00672179204479195   0
0.882936106684131   0.0965384518498847   -0.0213800294431421   0.0137855944978119   0
0.893317646509854   0.0947749117211934   0.0103815398257231   -0.00176354012869125   0
0.897448902651857   0.0867620049980981   0.00413125614200249   -0.00801290672309532   0
0.901237220878986   0.0837058589096665   0.00378831822712933   -0.00305614608843156   0
0.881704679368551   0.0808903127679236   -0.0195325415104348   -0.00281554614174295   0
0.856432451085735   0.0812630159049152   -0.0252722282828163   0.000372703136991615   0
0.87285664937303   0.0704386120025622   0.0164241982872946   -0.010824403902353   0
0.858045435268707   0.0664259483863046   -0.0148112141043231   -0.00401266361625763   0
0.872207985727755   0.0816274119848994   0.0141625504590484   0.0152014635985948   0
0.892974129334981   0.0704465762466318   0.0207661436072262   -0.0111808357382677   0
0.908316216025702   0.07950659613084   0.0153420866907208   0.00906001988420822   0
0.889753566637262   0.0935844613328115   -0.0185626493884402   0.0140778652019716   0
0.93823179303047   0.0810333004623562   0.0484782263932081   -0.0125511608704553   0
0.922736753378124   0.0871663730076714   -0.015495039652346   0.00613307254531514   0
0.924685412861049   0.0847986850329208   0.00194865948292477   -0.00236768797475061   0
0.932681834086823   0.0902624086986936   0.00799642122577449   0.00546372366577286   0
0.924411760551932   0.107637076516459   -0.00827007353489129   0.0173746678177651   0
0.944328185293118   0.105599590168523   0.0199164247411858   -0.00203748634793587   0
0.934068728653844   0.102845163623575   -0.0102594566392732   -0.00275442654494749   0
0.950510871884567   0.116976686971208   0.0164421432307229   0.0141315233476327   0
0.959939891573193   0.102114320388181   0.0094290196886252   -0.0148623665830275   0
0.979623655925359   0.118812027849288   0.0196837643521667   0.0166977074611074   0
1.00409911432239   0.1286921842722   0.0244754583970348   0.0098801564229124   0
1.01861215097634   0.121244726303869   0.014513036653943   -0.00744745796833191   0
1.04009321102213   0.135841302011759   0.0214810600457929   0.0145965757078907   0
1.0649616268858   0.137392284264801   0.0248684158636656   0.00155098225304212   0
1.08860672853712   0.130800310632276   0.0236451016513242   -0.00659197363252498   0
1.08068693301123   0.14153554545502   -0.0079197955258925   0.0107352348227435   0
1.11853378310065   0.136066534045848   0.0378468500894227   -0.00546901140917158   0
1.14365651081819   0.160776824184955   0.0251227277175414   0.0247102901391069   0
1.1736102592262   0.162561945513087   0.0299537484080137   0.00178512132813219   0
1.19395741754864   0.168192947899875   0.0203471583224397   0.00563100238678738   0
1.19330362262808   0.163289970112986   -0.000653794920562722   -0.00490297778688839   0
1.19097483461315   0.159192734266517   -0.0023287880149363   -0.00409723584646907   0
1.21422652027646   0.174999427034776   0.0232516856633156   0.015806692768259   0
1.23567085797837   0.168167832004407   0.0214443377019085   -0.00683159503036918   0
1.21311939338326   0.188707624655179   -0.0225514645951133   0.0205397926507721   0
1.22315198068031   0.169775576269085   0.0100325872970535   -0.0189320483860939   0
1.20983649543763   0.18582559826017   -0.0133154852426784   0.0160500219910844   0
1.23825496370622   0.185154203428521   0.0284184682685877   -0.00067139483164913   0
1.21032178650171   0.176764423972274   -0.0279331772045137   -0.00838977945624614   0
1.2070623057833   0.19525170198682   -0.00325948071840854   0.0184872780145456   0
1.214703150568   0.185347397034596   0.00764084478469962   -0.00990430495222452   0
1.19437316918097   0.182757646593898   -0.0203299813870268   -0.0025897504406979   0
1.21149113541016   0.21032393950381   0.0171179662291949   0.0275662929099127   0
1.20604113194878   0.195348499052335   -0.00545000346138269   -0.0149754404514757   0
1.20254677352835   0.19531400650747   -0.00349435842043144   -3.44925448647615e-05   0
1.24885584321087   0.186387902312596   0.0463090696825241   -0.00892610419487341   0
1.25275132790591   0.183575763270237   0.00389548469503387   -0.00281213904235975   0
1.26419588646488   0.195474645446027   0.0114445585589669   0.0118988821757903   0
1.23527188415204   0.191574545844431   -0.0289240023128363   -0.00390009960159607   0
1.23324200962715   0.203207547896233   -0.00202987452488679   0.0116330020518024   0
1.25570409377957   0.213110751160048   0.0224620841524132   0.00990320326381486   0
1.27034598494641   0.20625036983785   0.0146418911668429   -0.00686038132219799   0
1.28866904109339   0.211793769526514   0.0183230561469825   0.00554339968866344   0
1.31020605076446   0.221830797496651   0.0215370096710683   0.0100370279701369   0
1.27819333349348   0.216608578562808   -0.0320127172709812   -0.005222218933843   0
1.30870580714215   0.213947786601077   0.0305124736486686   -0.00266079196173055   0
1.28033951157529   0.24222370566689   -0.0283662955668613   0.0282759190658126   0
1.30308133687943   0.219843510920837   0.0227418253041425   -0.0223801947460531   0
1.29866874975384   0.215252111630177   -0.00441258712558468   -0.00459139929065999   0
1.27878762846316   0.240577091157907   -0.0198811212906802   0.0253249795277306   0
1.30078727742506   0.228117108808173   0.0219996489618974   -0.0124599823497339   0
1.32093905681517   0.215072517238954   0.0201517793901076   -0.0130445915692197   0
1.30711895183398   0.213492886317671   -0.0138201049811879   -0.00157963092128258   0
1.31669537371009   0.222781513147411   0.00957642187610519   0.00928862682973983   0
1.32766379736695   0.215495304283527   0.0109684236568601   -0.00728620886388359   0
1.30892448253092   0.220768734678396   -0.0187393148360302   0.00527343039486869   0
1.29482524910902   0.232975465500662   -0.0140992334218935   0.0122067308222657   0
1.34303573333453   0.217532507712066   0.0482104842255051   -0.0154429577885958   0
1.32426861990074   0.232892535967235   -0.018767113433787   0.0153600282551695   0
1.34420087606179   0.221760069663138   0.0199322561610527   -0.0111324663040969   0
1.37879008971173   0.228134540835556   0.0345892136499411   0.00637447117241766   0
1.39624529091292   0.213368004185843   0.0174552012011879   -0.0147665366497129   0
1.38943367240821   0.222132828014006   -0.0068116185047129   0.00876482382816293   0
1.41844514436704   0.220290888095718   0.0290114719588341   -0.00184193991828843   0
1.44951226571397   0.212740602570948   0.0310671213469293   -0.00755028552476977   0
1.50422221660053   0.20112537878771   0.0547099508865598   -0.0116152237832375   0
1.45593498337317   0.247972997195763   -0.0482872332273594   0.0468476184080528   0
1.48849918533336   0.228737706385502   0.0325642019601922   -0.0192352908102615   0
1.46806698857928   0.237731153832433   -0.0204321967540797   0.00899344744693145   0
1.44345915533104   0.246413523058293   -0.0246078332482411   0.00868236922586002   0
