0.177336196135081   0.0527157734726998   0   0   0
0.15911044680677   0.0568647929087498   -0.0182257493283112   0.00414901943604998   0
0.135371933251985   0.0605492420104909   -0.0237385135547846   0.00368444910174114   0
0.121390592057704   0.0666229934027472   -0.0139813411942811   0.00607375139225629   0
0.121133920073605   0.0715536362413015   -0.000256671984099871   0.00493064283855432   0
0.131059568125795   0.0549292772909857   0.00992564805219089   -0.0166243589503158   0
0.133021504562383   0.0454725949705149   0.00196193643658732   -0.00945668232047078   0
0.1243728159321   0.0450138198945613   -0.00864868863028281   -0.000458775075953662   0
0.128946966779564   0.024250260775969   0.00457415084746418   -0.0207635591185923   0
0.129793295534477   0.0501553781878374   0.000846328754912556   0.0259051174118685   0
0.138848236157396   0.0478314313595935   0.00905494062291931   -0.00232394682824399   0
0.147532688848845   0.0328579016969282   0.00868445269144869   -0.0149735296626652   0
0.143366916213783   0.0376917688890426   -0.00416577263506118   0.00483386719211436   0
0.121548726435615   0.0498625009759338   -0.0218181897781683   0.0121707320868912   0
0.170201558982284   0.0420148793076334   0.0486528325466692   -0.00784762166830042   0
0.13237974696856   0.0363788064033855   -0.0378218120137242   -0.0056360729042479   0
0.110614691672761   0.0468612562150077   -0.021765055295799   0.0104824498116222   0
0.114752639666458   0.0481704956823936   0.00413794799369714   0.00130923946738588   0
0.120524284964193   0.0496993753184585   0.0057716452977348   0.00152887963606489   0
0.110284628994797   0.0226467024663642   -0.0102396559693961   -0.0270526728520943   0
0.0835580858600172   0.0417971811240905   -0.0267265431347798   0.0191504786577263   0
0.148487942514973   0.0437034393039395   0.0649298566549561   0.00190625817984903   0
0.130008270748672   0.0294139710808916   -0.0184796717663012   -0.014289468223048   0
0.13013122436072   0.0367593515299172   0.000122953612047838   0.00734538044902563   0
0.122536128038306   0.0488062952525596   -0.00759509632241433   0.0120469437226424   0
0.151667993772483   0.041383136422793   0.0291318657341777   -0.00742315882976658   0
0.138010870367881   0.0471398746874395   -0.0136571234046024   0.00575673826464647   0
0.136506591955297   0.031175677891066   -0.0015042784125836   -0.0159641967963735   0
0.11462738317697   0.048968846096115   -0.0218792087783268   0.017793168205049   0
0.133537805558875   0.0292573600262823   0.018910422381905   -0.0197114860698328   0
0.144835866832978   0.0340680832139849   0.0112980612741022   0.00481072318770263   0
0.0960987162559938   0.0891446215868069   -0.0487371505769838   0.055076538372822   0
0.113616637158561   0.0510727946269097   0.0175179209025668   -0.0380718269598972   0
0.0826211207750779   0.0897929701470694   -0.0309955163834827   0.0387201755201597   0
0.139227603134328   0.0535168711397163   0.0566064823592503   -0.0362760990073531   0
0.139007574706345   0.0453585252524264   -0.000220028427983493   -0.00815834588728994   0
0.106163048396888   0.0762810531676772   -0.0328445263094566   0.0309225279152509   0
0.135725675466656   0.0487142287226227   0.0295626270697678   -0.0275668244450545   0
0.159853207912791   0.0580953767003236   0.0241275324461351   0.00938114797770086   0
0.137002317546274   0.0359017941564903   -0.0228508903665174   -0.0221935825438333   0
0.203737502086116   0.0308861200084277   0.0667351845398421   -0.00501567414806256   0
0.180863622702549   0.0557018911794295   -0.0228738793835667   0.0248157711710017   0
0.123346900880606   0.0363127884805064   -0.0575167218219432   -0.019389102698923   0
0.127130279233902   0.03251971261143   0.00378337835329659   -0.00379307586907642   0
0.146616315713668   0.0481220755853797   0.0194860364797657   0.0156023629739497   0
0.14088913982348   0.0522485958711574   -0.00572717589018842   0.00412652028577766   0
0.119877523658357   0.0603255805505011   -0.0210116161651224   0.00807698467934374   0
0.139979615139062   0.0548898906299238   0.0201020914807051   -0.0054356899205773   0
0.120206776937534   0.0436022393976789   -0.0197728382015286   -0.011287651232245   0
0.121788095634549   0.0424251936727754   0.00158131869701501   -0.0011770457249035   0
0.153962889725706   0.0480931138747794   0.0321747940911575   0.00566792020200404   0
0.141141618003196   0.0390195233104775   -0.0128212717225107   -0.00907359056430188   0
0.109988172655972   0.0433718404002528   -0.0311534453472232   0.00435231708977524   0
0.11539027199539   0.050925009125036   0.00540209933941722   0.00755316872478321   0
0.124208399865186   0.0654595847709486   0.00881812786979662   0.0145345756459126   0
0.138421999942495   0.0538818736590748   0.0142136000773085   -0.0115777111118738   0
0.130688866369136   0.0509701603003905   -0.00773313357335828   -0.00291171335868434   0
0.184730909892741   0.0601110920941593   0.0540420435236046   0.00914093179376882   0
0.124172263594573   0.0625336310623532   -0.0605586462981685   0.00242253896819387   0
0.119270600152678   0.0947988014263893   -0.00490166344189449   0.0322651703640362   0
0.125846860235208   0.0623371035245262   0.00657626008253007   -0.0324616979018631   0
0.11616278035197   0.0557087292862169   -0.00968407988323819   -0.00662837423830933   0
0.111718614696612   0.0585492433865716   -0.00444416565535811   0.00284051410035473   0
0.117039170083353   0.0589498336388874   0.00532055538674109   0.000400590252315779   0
0.123601328686871   0.0614424877315567   0.00656215860351846   0.00249265409266934   0
0.115229921184647   0.0735693152376213   -0.00837140750222415   0.0121268275060646   0
0.13488880779568   0.0703314075734661   0.0196588866110332   -0.00323790766415524   0
0.137455613649716   0.0589980952204603   0.00256680585403565   -0.0113333123530058   0
0.1113474531636   0.0666970049234034   -0.0261081604861165   0.00769890970294312   0
0.105718811053142   0.0874986722606978   -0.00562864211045727   0.0208016673372943   0
0.0763316425387722   0.0863471993286117   -0.0293871685143701   -0.00115147293208606   0
0.109344839290979   0.0696940786007319   0.0330131967522067   -0.0166531207278798   0
0.0999653175598917   0.0918482787583551   -0.00937952173108716   0.0221542001576231   0
0.10544565989978   0.081094313034161   0.00548034233988795   -0.010753965724194   0
0.122250535031181   0.0591871967941759   0.0168048751314013   -0.0219071162399852   0
0.125327164313767   0.0650337221639089   0.00307662928258626   0.00584652536973308   0
0.150233671923907   0.0566180491942499   0.0249065076101394   -0.00841567296965905   0
0.124558282223303   0.0622245216175464   -0.0256753897006036   0.00560647242329651   0
0.12273749321271   0.0639633365374454   -0.00182078901059314   0.00173881491989902   0
0.133573490191654   0.0575071528112156   0.0108359969789445   -0.00645618372622986   0
0.105695852883782   0.0711177253050883   -0.0278776373078728   0.0136105724938728   0
0.129397363718354   0.0599195288092288   0.0237015108345724   -0.0111981964958595   0
0.135849306521785   0.0480831015420959   0.00645194280343137   -0.0118364272671329   0
0.150003762092322   0.0507670605603673   0.0141544555705369   0.00268395901827143   0
0.140314925209865   0.0434135480496872   -0.00968883688245725   -0.00735351251068008   0
0.127407308530005   0.0427844607395606   -0.0129076166798595   -0.000629087310126633   0
0.157441799096968   0.0627253510781925   0.0300344905669624   0.0199408903386319   0
0.156720317369191   0.0502180971917744   -0.000721481727776696   -0.0125072538864181   0
0.153576811161744   0.0559495430706543   -0.00314350620744711   0.00573144587887989   0
0.153715689716958   0.0484204096154969   0.000138878555213579   -0.00752913345515744   0
0.140221649353907   0.0517090255198742   -0.0134940403630508   0.00328861590437734   0
0.247393841739765   0.0838963761258196   0.107172192385858   0.0321873506059454   0
0.197617792071792   0.0729512164423767   -0.0497760496679733   -0.0109451596834429   0
0.344786045230604   0.0514340677071627   0.147168253158812   -0.021517148735214   0
0.216243172633057   0.073051714150234   -0.128542872597547   0.0216176464430713   0
0.177235269391281   0.0761312116617258   -0.0390079032417756   0.00307949751149182   0
0.141032381136638   0.0968991329659997   -0.0362028882546429   0.0207679213042739   0
0.154591870390554   0.0784749506014658   0.0135594892539162   -0.0184241823645339   0
0.178426935346376   0.0747073127304315   0.0238350649558219   -0.00376763787103428   0
0.179920334923432   0.0645171055426776   0.00149339957705572   -0.010190207187754   0
0.139084957257174   0.0967959930546973   -0.0408353776662579   0.0322788875120197   0
0.164745888245048   0.0729875131145219   0.0256609309878742   -0.0238084799401754   0
0.161363095518182   0.0802918655343118   -0.00338279272686626   0.00730435241978991   0
0.167476918658662   0.0817165464725627   0.00611382314047951   0.00142468093825093   0
0.183079271640702   0.0961913099790725   0.0156023529820404   0.0144747635065098   0
0.210304470247044   0.0841195389992866   0.0272251986063423   -0.0120717709797858   0
0.19682795070152   0.0878044213932875   -0.0134765195455244   0.00368488239400089   0
0.164419080200505   0.107560167873567   -0.0324088705010153   0.0197557464802799   0
0.15284574337318   0.125755750820788   -0.0115733368273247   0.0181955829472201   0
0.153645913908311   0.124614583135362   0.000800170535130595   -0.00114116768542571   0
0.162144975523141   0.117267035046086   0.00849906161483038   -0.00734754808927564   0
0.164549455022647   0.131160130781042   0.00240447949950559   0.0138930957349557   0
0.147074503551805   0.122077083066397   -0.0174749514708412   -0.00908304771464483   0
0.179475750548897   0.129200495194484   0.0324012469970919   0.00712341212808743   0
0.183564539260174   0.136999697146563   0.0040887887112768   0.00779920195207862   0
0.16811080860721   0.136965763588022   -0.0154537306529641   -3.39335585408385e-05   0
0.168868894662013   0.142742098199865   0.000758086054802848   0.0057763346118431   0
0.169992421705675   0.146144414416871   0.00112352704366203   0.00340231621700521   0
0.199394080642932   0.145164329757046   0.029401658937257   -0.00098008465982416   0
0.172541042141167   0.138167374442196   -0.0268530385017648   -0.00699695531485034   0
0.172431764216139   0.140387423028204   -0.000109277925028517   0.00222004858600833   0
0.180776470967812   0.13160583900614   0.00834470675167323   -0.00878158402206453   0
0.159339334983707   0.131766846755937   -0.0214371359841048   0.000161007749796854   0
0.180043149027698   0.121473899222107   0.0207038140439914   -0.0102929475338301   0
0.189487669772257   0.116771765783472   0.00944452074455884   -0.00470213343863474   0
0.210943061641667   0.147743322697813   0.0214553918694095   0.0309715569143408   0
0.17643085773563   0.142756394217816   -0.034512203906037   -0.00498692847999663   0
0.274783727122914   0.151321140041213   0.0983528693872842   0.00856474582339736   0
0.216739100532009   0.153133683921925   -0.0580446265909053   0.0018125438807115   0
0.187798168167344   0.146603079212205   -0.0289409323646646   -0.00653060470972006   0
0.174854742618666   0.164379763600937   -0.0129434255486778   0.0177766843887324   0
0.217419029488589   0.179464594489004   0.042564286869923   0.0150848308880664   0
0.167389356814733   0.18389367094941   -0.0500296726738562   0.00442907646040674   0
0.186039804545264   0.184957244728343   0.0186504477305309   0.00106357377893221   0
0.181387896169056   0.183080415623845   -0.00465190837620832   -0.00187682910449707   0
0.232817195290125   0.19475569823371   0.051429299121069   0.0116752826098648   0
0.213664429781843   0.17107590346005   -0.0191527655082818   -0.0236797947736598   0
0.20245836726063   0.191240025385639   -0.0112060625212131   0.0201641219255889   0
0.218195689289889   0.193925158017855   0.0157373220292598   0.00268513263221554   0
0.202882972320104   0.197342424813444   -0.0153127169697857   0.00341726679558957   0
0.207940346766663   0.205954490914862   0.00505737444655904   0.00861206610141757   0
0.20231281050198   0.212307842170868   -0.00562753626468301   0.00635335125600547   0
0.179066696674731   0.193493685841425   -0.0232461138272492   -0.0188141563294427   0
0.217349955473287   0.187252778747072   0.0382832587985567   -0.00624090709435252   0
0.168501914247287   0.1854338698674   -0.0488480412260006   -0.00181890887967184   0
0.139332407698317   0.172637626770643   -0.0291695065489699   -0.012796243096757   0
0.168663147353673   0.185361918727931   0.0293307396553563   0.0127242919572873   0
0.223501856231665   0.209278246055939   0.0548387088779921   0.0239163273280079   0
0.182341600959326   0.210706861227868   -0.0411602552723396   0.00142861517192927   0
0.220024252466313   0.200860273500635   0.0376826515069876   -0.00984658772723268   0
0.188266224240143   0.187382697787843   -0.0317580282261699   -0.0134775757127925   0
0.189334967284757   0.185075137334138   0.00106874304461346   -0.00230756045370484   0
0.162819865349594   0.0432792191598924   -0.0265151019351627   -0.141795918174245   0
0.121505643595473   0.0403782601441125   -0.0413142217541216   -0.00290095901577991   0
0.138333322690702   0.0551895703834293   0.0168276790952298   0.0148113102393168   0
0.153160378697615   0.0919964224439733   0.0148270560069128   0.036806852060544   0
0.0964996588873992   0.120851922932374   -0.0566607198102161   0.0288555004884008   0
0.134570346941256   0.111997075958784   0.0380706880538568   -0.00885484697359028   0
0.187645966078277   0.137248201968268   0.0530756191370213   0.0252511260094842   0
0.185462387360942   0.148193503528841   -0.00218357871733554   0.0109453015605726   0
0.172332295742615   0.15561900906104   -0.0131300916183271   0.0074255055321992   0
0.126502306256103   0.15199637180081   -0.045829989486512   -0.00362263726023007   0
0.162409603577775   0.162866841869639   0.0359072973216722   0.0108704700688292   0
0.151803684729136   0.15521452599194   -0.010605918848639   -0.00765231587769938   0
0.16101036436688   0.169713773455258   0.00920667963774446   0.014499247463318   0
0.125532155939464   0.1740520319732   -0.035478208427416   0.00433825851794287   0
0.185948298133782   0.172249440884064   0.060416142194318   -0.00180259108913688   0
0.185676503773768   0.200527207362393   -0.000271794360014566   0.028277766478329   0
0.105707339245958   0.166828836663277   -0.07996916452781   -0.0336983706991152   0
0.181129873639579   0.163104926584852   0.0754225343936216   -0.00372391007842526   0
0.178413871843111   0.197405036023654   -0.00271600179646847   0.0343001094388015   0
0.152128779997376   0.178924725299496   -0.026285091845735   -0.018480310724158   0
0.183204365445204   0.18643149421034   0.0310755854478285   0.0075067689108442   0
0.201312387956752   0.168162713237804   0.0181080225115481   -0.0182687809725356   0
0.169713499114743   0.173559688188243   -0.0315988888420091   0.00539697495043831   0
0.157720621824415   0.19628206674452   -0.0119928772903288   0.0227223785562769   0
0.163478595271828   0.173410898144407   0.005757973447413   -0.0228711686001122   0
0.216957567205449   0.223079319652786   0.0534789719336214   0.049668421508379   0
0.214051549508384   0.197218177832319   -0.00290601769706536   -0.0258611418204678   0
0.213288895233202   0.192054253642688   -0.000762654275181185   -0.00516392418963033   0
0.192939819119564   0.188648878590624   -0.0203490761136386   -0.00340537505206417   0
0.197614173443228   0.216143296765711   0.00467435432366373   0.0274944181750865   0
0.209640620781613   0.24238201282686   0.0120264473383853   0.0262387160611492   0
0.136563481634068   0.205636354959428   -0.073077139147545   -0.0367456578674314   0
0.187960000338503   0.219973009381265   0.051396518704435   0.0143366544218365   0
0.223228940740868   0.182753161817381   0.0352689404023652   -0.0372198475638833   0
0.199606694637755   0.170082109519197   -0.023622246103113   -0.0126710522981848   0
0.240672681606305   0.145262917584806   0.0410659869685502   -0.0248191919343911   0
0.34453584470554   0.161147358864488   0.103863163099235   0.0158844412796822   0
0.252661384299936   0.15934013227213   -0.0918744604056039   -0.00180722659235738   0
0.228598199773336   0.152760669800836   -0.0240631845266002   -0.00657946247129451   0
0.250202101128448   0.139549399900179   0.0216039013551118   -0.0132112699006572   0
0.19466544354664   0.152679591007607   -0.0555366575818079   0.0131301911074278   0
0.185165389080816   0.150184659134181   -0.00950005446582369   -0.00249493187342595   0
0.202473739346613   0.163160085170976   0.0173083502657964   0.012975426036795   0
0.189579044169681   0.143208384406256   -0.0128946951769311   -0.0199517007647195   0
0.207341374615126   0.14363968089024   0.0177623304454445   0.000431296483984017   0
0.216295201576826   0.136580002040928   0.00895382696170055   -0.00705967884931169   0
0.232957923826042   0.139222966723346   0.0166627222492156   0.00264296468241795   0
0.245752571188258   0.160657096399443   0.0127946473622164   0.0214341296760969   0
0.234003173519164   0.154953757629494   -0.0117493976690943   -0.00570333876994916   0
0.242765923414799   0.140635527031757   0.0087627498956348   -0.0143182305977373   0
0.227972027159233   0.145188388334777   -0.014793896255566   0.00455286130302016   0
0.214298180021297   0.141165717393601   -0.0136738471379363   -0.00402267094117606   0
0.220276408827273   0.139011209468877   0.00597822880597668   -0.00215450792472388   0
0.213367933979523   0.156354309827072   -0.0069084748477504   0.0173431003581949   0
0.217978548823044   0.153493415575392   0.00461061484352077   -0.0028608942516799   0
0.21613935225937   0.128686650219865   -0.00183919656367365   -0.0248067653555265   0
0.244518189572576   0.144688511815901   0.0283788373132056   0.0160018615960351   0
0.266366485720332   0.161953640967099   0.0218482961477568   0.0172651291511984   0
0.257417637984968   0.152661013419439   -0.00894884773536442   -0.00929262754766041   0
0.242276431361967   0.173199969367059   -0.0151412066230007   0.02053895594762   0
0.230764926425226   0.162742795174625   -0.0115115049367411   -0.0104571741924334   0
0.275600754452705   0.16001960234765   0.0448358280274786   -0.00272319282697522   0
0.25479979691132   0.148400643019193   -0.0208009575413845   -0.0116189593284567   0
0.265982517799873   0.185556873152142   0.0111827208885533   0.0371562301329485   0
0.257109557519747   0.170813433509341   -0.00887296028012657   -0.0147434396428009   0
0.270012984630369   0.182505067004316   0.0129034271106224   0.0116916334949756   0
0.264496787696354   0.185349994778122   -0.0055161969340155   0.00284492777380604   0
0.249673873358447   0.187623398959858   -0.0148229143379064   0.00227340418173547   0
0.299916695903396   0.151768977523406   0.0502428225449485   -0.0358544214364523   0
0.27007105194154   0.174634188752518   -0.0298456439618558   0.0228652112291121   0
0.292087047195797   0.16611465800013   0.0220159952542574   -0.00851953075238823   0
0.29878357340371   0.176475998878743   0.00669652620791233   0.0103613408786132   0
0.283417524858309   0.174337564896381   -0.0153660485454011   -0.00213843398236133   0
0.264532131011055   0.164808125756135   -0.0188853938472536   -0.00952943914024645   0
0.256712035567949   0.154057735919038   -0.00782009544310597   -0.0107503898370971   0
0.279952580858634   0.166537230099609   0.0232405452906848   0.0124794941805708   0
0.261188144536482   0.149155151916553   -0.0187644363221524   -0.0173820781830557   0
0.257267535373199   0.151644034471357   -0.00392060916328296   0.00248888255480367   0
0.276222015246794   0.165773369840424   0.0189544798735952   0.0141293353690674   0
0.295231057895066   0.161177566542308   0.0190090426482725   -0.0045958032981164   0
0.305579036928255   0.167805908104423   0.010347979033189   0.00662834156211523   0
0.27368976235877   0.16426299857926   -0.0318892745694853   -0.00354290952516276   0
0.280039681842217   0.161643472764909   0.00634991948344682   -0.00261952581435068   0
0.294874926916549   0.163621722911415   0.014835245074332   0.00197825014650602   0
0.304303414388091   0.166382254947004   0.00942848747154179   0.00276053203558907   0
0.283035141604377   0.159979310845184   -0.0212682727837132   -0.00640294410182049   0
0.295425610909498   0.155630557250175   0.0123904693051204   -0.00434875359500897   0
0.300400418363707   0.175294241252387   0.00497480745420886   0.0196636840022118   0
0.260559789246614   0.148841749567284   -0.0398406291170925   -0.0264524916851031   0
0.266735136967911   0.160781306846443   0.00617534772129635   0.0119395572791591   0
0.287402786281362   0.164665888151584   0.0206676493134511   0.00388458130514127   0
0.258475966384033   0.176564854018998   -0.0289268198973281   0.0118989658674137   0
0.307961068116426   0.172284031789078   0.0494851017323926   -0.00428082222991991   0
