4.20027802379271e-08   0.00508819618396589   0   0   0
0.143528268649838   0.0887236423813997   0.143528226647058   0.0836354461974338   0
0.0984853146528456   0.0611326099761821   -0.0450429539969922   -0.0275910324052176   0
0.138009362500731   0.0883141427838854   0.0395240478478851   0.0271815328077033   0
0.143306675815365   0.051572692140439   0.00529731331463384   -0.0367414506434464   0
0.116339047390032   0.0721336790242429   -0.026967628425333   0.0205609868838039   0
0.172671272453758   0.0990038005273535   0.0563322250637266   0.0268701215031106   0
0.178597396423603   0.113806591160178   0.00592612396984485   0.0148027906328249   0
0.200905012568751   0.133504085411271   0.022307616145148   0.0196974942510928   0
0.259538563879609   0.15147722892237   0.0586335513108583   0.0179731435110985   0
0.212686825436932   0.186637751110272   -0.0468517384426773   0.0351605221879027   0
0.236929452618053   0.178688597825547   0.0242426271811205   -0.00794915328472567   0
0.267221159682196   0.189951457143003   0.0302917070641433   0.011262859317456   0
0.255571779921199   0.177585628003789   -0.0116493797609964   -0.0123658291392141   0
0.227348320920147   0.189871876189603   -0.0282234590010528   0.0122862481858145   0
0.224039016636835   0.242772554792902   -0.00330930428331175   0.0529006786032986   0
0.152855256221826   0.265361583191859   -0.0711837604150092   0.0225890283989574   0
0.186178764824053   0.29470956464832   0.0333235086022271   0.0293479814564611   0
0.185250117811568   0.279257884784947   -0.000928647012484435   -0.0154516798633736   0
0.174235010942926   0.26594891606536   -0.0110151068686423   -0.0133089687195864   0
0.13166588367717   0.222174436558197   -0.0425691272657564   -0.0437744795071627   0
0.258353306537946   0.281151285117212   0.126687422860776   0.0589768485590149   0
0.193536232401817   0.291102501010795   -0.0648170741361295   0.00995121589358278   0
0.136400585610877   0.27931679378722   -0.05713564679094   -0.0117857072235749   0
0.182198627865141   0.324737961695657   0.0457980422542639   0.0454211679084368   0
0.15783668956716   0.26744208854689   -0.0243619382979808   -0.0572958731487671   0
0.179636952359947   0.291669180862158   0.0218002627927875   0.0242270923152685   0
0.190081094542566   0.315623216308718   0.0104441421826189   0.0239540354465599   0
0.134378391661941   0.280593054196291   -0.0557027028806253   -0.0350301621124277   0
0.165445775496875   0.312447810094458   0.0310673838349344   0.0318547558981673   0
0.157525849580696   0.310979693048955   -0.0079199259161796   -0.00146811704550265   0
0.180681395568055   0.270505775966688   0.0231555459873593   -0.0404739170822673   0
0.178380001385161   0.292216763005774   -0.00230139418289421   0.0217109870390856   0
0.121963631996591   0.298339617528116   -0.0564163693885694   0.00612285452234229   0
0.2193778118935   0.344586350943885   0.0974141798969088   0.0462467334157693   0
0.172911539345933   0.3195237997078   -0.0464662725475677   -0.0250625512360858   0
0.209705680249725   0.332223338807586   0.0367941409037927   0.0126995390997863   0
0.189070558534268   0.311699081727254   -0.0206351217154574   -0.0205242570803323   0
0.177603954555466   0.31055090604128   -0.0114666039788019   -0.00114817568597347   0
0.235634630267497   0.350795760148965   0.058030675712031   0.0402448541076846   0
0.211275152009885   0.340554699357666   -0.024359478257612   -0.0102410607912991   0
0.166339378458809   0.355487708467962   -0.0449357735510759   0.014933009110296   0
0.192088627112513   0.371489578147157   0.0257492486537038   0.0160018696791951   0
0.168774430283767   0.327042974221583   -0.0233141968287462   -0.0444466039255734   0
0.170123949217328   0.305438630222439   0.00134951893356139   -0.0216043439991441   0
0.174944838833759   0.332013883871835   0.00482088961643123   0.0265752536493953   0
0.1617011362264   0.326003723784538   -0.0132437026073588   -0.00601016008729671   0
0.203800919409408   0.377634750305851   0.0420997831830075   0.0516310265213132   0
0.239001742594505   0.418057402979543   0.035200823185097   0.0404226526736919   0
0.223431738519061   0.364334318149293   -0.0155700040754441   -0.0537230848302503   0
0.299703303176425   0.412601909236809   0.0762715646573639   0.0482675910875164   0
0.245976787771062   0.402574070765812   -0.053726515405363   -0.0100278384709975   0
0.309390557152622   0.51031579157202   0.0634137693815604   0.107741720806209   0
0.282754121536875   0.598902183780417   -0.0266364356157476   0.0885863922083968   0
0.273627552110017   0.544464791954668   -0.00912656942685769   -0.054437391825749   0
0.340802610149834   0.54591643719859   0.0671750580398175   0.00145164524392238   0
0.285447312319454   0.525682014750193   -0.0553552978303802   -0.020234422448397   0
0.377447863836915   0.57931810334635   0.0920005515174604   0.0536360885961569   0
0.34503951776214   0.568430076089302   -0.0324083460747748   -0.010888027257048   0
0.366007771120368   0.548000207805106   0.0209682533582287   -0.0204298682841958   0
0.35520435223355   0.526617950252859   -0.0108034188868181   -0.0213822575522477   0
0.305374726726689   0.493468267059719   -0.0498296255068613   -0.0331496831931394   0
0.355454993652094   0.545849144755785   0.0500802669254047   0.0523808776960661   0
0.347199370540682   0.542315895812773   -0.00825562311141126   -0.00353324894301277   0
0.333077745473906   0.501245090834377   -0.0141216250667766   -0.0410708049783961   0
0.351332116637065   0.540800780616404   0.0182543711631588   0.0395556897820278   0
0.305246598125745   0.505624584144949   -0.0460855185113198   -0.0351761964714556   0
0.31748727908458   0.469646874683285   0.0122406809588351   -0.0359777094616635   0
0.334958501451822   0.515653323590959   0.0174712223672416   0.0460064489076739   0
0.251375620292382   0.491617961703015   -0.0835828811594393   -0.0240353618879437   0
0.389752933977616   0.552925024778306   0.138377313685234   0.0613070630752903   0
0.225940921211475   0.543109167045008   -0.163812012766141   -0.00981585773329763   0
0.23846065119168   0.586882379401339   0.0125197299802047   0.0437732123563312   0
0.232298662476778   0.529527142718615   -0.00616198871490189   -0.0573552366827248   0
0.0958288936366793   0.498344320101978   -0.136469768840099   -0.0311828226166367   0
0.159780649454463   0.512181789569263   0.0639517558177837   0.0138374694672848   0
0.142069439552389   0.504042544882248   -0.0177112099020737   -0.0081392446870151   0
0.108146197038344   0.510653204546393   -0.033923242514045   0.0066106596641452   0
0.158733285051025   0.404577785817809   0.0505870880126808   -0.106075418728584   0
0.0999018090020476   0.38504841042913   -0.0588314760489776   -0.0195293753886789   0
0.099329010189201   0.430168613837961   -0.000572798812846609   0.0451202034088304   0
0.15075088272312   0.42972340183354   0.0514218725339194   -0.00044521200442077   0
0.129257931967481   0.468189256168379   -0.0214929507556392   0.0384658543348391   0
0.168200650044909   0.505186015418578   0.038942718077428   0.0369967592501994   0
0.173843624798035   0.496467543707794   0.00564297475312589   -0.00871847171078466   0
0.123334069677806   0.48197163562548   -0.0505095551202287   -0.0144959080823142   0
0.217426484870381   0.51258420810975   0.0940924151925746   0.030612572484271   0
0.155748483686263   0.514188780056022   -0.0616780011841184   0.00160457194627128   0
0.130919096280757   0.530674214923101   -0.0248293874055061   0.0164854348670797   0
0.184158597336996   0.539992842512056   0.0532395010562399   0.00931862758895452   0
0.148659933654354   0.518605100435283   -0.0354986636826425   -0.021387742076773   0
0.107892913690474   0.489537348286124   -0.0407670199638802   -0.0290677521491588   0
0.129834157479648   0.478550541624448   0.0219412437891742   -0.0109868066616762   0
0.0700799507496973   0.486634213392359   -0.0597542067299505   0.00808367176791108   0
0.0894500089897307   0.482269244798484   0.0193700582400334   -0.00436496859387514   0
0.12286860065745   0.528376136021963   0.0334185916677197   0.0461068912234791   0
0.142277196538447   0.525292505078361   0.0194085958809971   -0.00308363094360187   0
0.126850043847765   0.498539334474723   -0.0154271526906821   -0.0267531706036379   0
0.120598462181282   0.526446593079488   -0.00625158166648382   0.0279072586047647   0
0.136685678636681   0.517714510386033   0.0160872164553993   -0.00873208269345493   0
0.133206413761125   0.531507242538848   -0.003479264875556   0.0137927321528152   0
0.113392673700332   0.574467562932408   -0.0198137400607927   0.0429603203935597   0
0.135166218666278   0.596171898764526   0.0217735449659455   0.0217043358321179   0
0.155221164870967   0.585527561113266   0.0200549462046896   -0.0106443376512594   0
0.145544412365642   0.638301571285862   -0.00967675250532543   0.0527740101725952   0
0.126856475007348   0.649423530160981   -0.0186879373582935   0.0111219588751189   0
0.270822238005393   0.679872095562283   0.143965762998045   0.0304485654013024   0
0.248907716901043   0.681326431471178   -0.02191452110435   0.00145433590889521   0
0.263362708075555   0.684626267917394   0.0144549911745115   0.00329983644621634   0
0.231515066570537   0.678566998061908   -0.0318476415050184   -0.00605926985548599   0
0.214589552171116   0.690583513830514   -0.0169255143994209   0.0120165157686059   0
0.239017867041546   0.670967670274805   0.02442831487043   -0.0196158435557089   0
0.164107651946232   0.643105841756238   -0.0749102150953138   -0.027861828518567   0
0.238925107327715   0.651765759379089   0.0748174553814828   0.00865991762285023   0
0.134571755212526   0.58750100869807   -0.104353352115189   -0.0642647506810184   0
0.201028352787262   0.58106716516371   0.0664565975747364   -0.00643384353436049   0
0.141401275281596   0.589007896637643   -0.0596270775056667   0.00794073147393293   0
0.171566763616966   0.62303897356285   0.0301654883353707   0.0340310769252075   0
0.185753934053333   0.611828541287917   0.0141871704363667   -0.0112104322749336   0
0.152539932582554   0.597379083764447   -0.0332140014707794   -0.0144494575234697   0
0.168460979786893   0.563453609018081   0.0159210472043395   -0.0339254747463662   0
0.169993590868391   0.546457785623464   0.00153261108149819   -0.0169958233946165   0
0.118103621619364   0.588967416537197   -0.0518899692490269   0.0425096309137327   0
0.168311612520497   0.556786594324497   0.0502079909011328   -0.0321808222126995   0
0.182659578265828   0.523979164037534   0.0143479657453303   -0.0328074302869639   0
0.125588402388129   0.549660878893953   -0.057071175877699   0.0256817148564192   0
0.203633901523322   0.537438216669832   0.0780454991351934   -0.0122226622241203   0
0.135814846634159   0.529889504234137   -0.0678190548891635   -0.00754871243569499   0
0.146584231767352   0.531406116559642   0.0107693851331939   0.0015166123255046   0
0.169695431237732   0.522399638498604   0.02311119947038   -0.00900647806103783   0
0.139825792117191   0.541336810966435   -0.0298696391205412   0.0189371724678308   0
0.177987069954365   0.510143536036979   0.0381612778371736   -0.031193274929456   0
0.157724184656063   0.491820701432788   -0.0202628852983015   -0.0183228346041907   0
0.131704762671097   0.439136412006344   -0.0260194219849664   -0.0526842894264443   0
0.145562766226979   0.447841843572326   0.0138580035558815   0.00870543156598219   0
0.135817865363416   0.470358487220187   -0.00974490086356289   0.0225166436478604   0
0.169837636847196   0.459727760605037   0.0340197714837803   -0.0106307266151494   0
0.141216699108144   0.458027178104029   -0.0286209377390522   -0.0017005825010083   0
0.121589131954011   0.455887759072357   -0.0196275671541323   -0.00213941903167253   0
0.140266115177009   0.429172171372061   0.0186769832229978   -0.0267155877002951   0
0.106025875621048   0.433697281348146   -0.0342402395559609   0.00452510997608419   0
0.085153629856278   0.425173997693618   -0.0208722457647703   -0.00852328365452731   0
0.138281741356189   0.411851578460482   0.0531281114999112   -0.0133224192331365   0
0.120862638611318   0.44795191373105   -0.0174191027448714   0.0361003352705681   0
0.103149474465607   0.441684226461408   -0.0177131641457108   -0.00626768726964166   0
0.127563080319905   0.399808175611267   0.0244136058542979   -0.0418760508501409   0
0.104373764943908   0.415010509006916   -0.0231893153759972   0.015202333395649   0
0.101746375191159   0.440332651731461   -0.0026273897527492   0.0253221427245445   0
0.140319980572476   0.432875263727162   0.0385736053813173   -0.0074573880042989   0
0.119289565428582   0.439654370499376   -0.0210304151438936   0.00677910677221394   0
0.140072218674582   0.480889470099922   0.020782653246   0.0412350996005459   0
0.122659959794269   0.440808316213876   -0.0174122588803136   -0.0400811538860458   0
0.144958932385831   0.428157179478077   0.0222989725915626   -0.0126511367357986   0
0.112813215421466   0.460788320986166   -0.0321457169643657   0.0326311415080888   0
0.13494161255122   0.463453585960776   0.0221283971297545   0.00266526497461006   0
0.144190236584763   0.440364838712246   0.00924862403354318   -0.02308874724853   0
0.112323162377713   0.455329465898429   -0.0318670742070506   0.0149646271861824   0
0.148297211687543   0.431729633785563   0.0359740493098306   -0.0235998321128659   0
0.0926880690052932   0.416975928728255   -0.05560914268225   -0.0147537050573081   0
0.127916292939914   0.465045812230408   0.0352282239346212   0.048069883502154   0
0.134429115761951   0.474947993501436   0.0065128228220365   0.00990218127102788   0
0.0826995770330175   0.457757180266925   -0.0517295387289334   -0.0171908132345118   0
0.105657330911631   0.463961334492703   0.022957753878614   0.00620415422577864   0
0.137225587207343   0.431953880248288   0.0315682562957112   -0.032007454244415   0
0.0974295509141349   0.420450594373774   -0.0397960362932078   -0.011503285874514   0
0.170205886637831   0.434803529469118   0.0727763357236956   0.0143529350953442   0
0.1535467346151   0.426968299105519   -0.0166591520227303   -0.00783523036359929   0
0.126488573767752   0.437614359378494   -0.0270581608473484   0.0106460602729752   0
0.135651454036623   0.433042596648702   0.00916288026887102   -0.00457176272979276   0
0.129120765553902   0.400333773292362   -0.00653068848272131   -0.03270882335634   0
0.124222641426191   0.418814490803506   -0.00489812412771062   0.0184807175111444   0
0.131892098961234   0.41694345947952   0.00766945753504333   -0.00187103132398619   0
0.128561200957725   0.42487947962128   -0.00333089800350941   0.00793602014176054   0
0.0906283656596543   0.446221219462387   -0.0379328352980706   0.0213417398411069   0
0.133917340732408   0.487978253328466   0.0432889750727542   0.0417570338660782   0
0.106034900577121   0.458199176416217   -0.0278824401552872   -0.029779076912248   0
0.0894714774105692   0.445786695961757   -0.0165634231665521   -0.0124124804544604   0
0.16132111697039   0.457891347703252   0.0718496395598212   0.0121046517414944   0
0.101073871085113   0.461559498187124   -0.0602472458852777   0.00366815048387281   0
0.0738727701638675   0.458729112797793   -0.0272011009212453   -0.00283038538933167   0
0.197765821005552   0.479138860619236   0.123893050841684   0.0204097478214437   0
0.127973955701346   0.499673490458269   -0.0697918653042062   0.0205346298390328   0
0.109948699243465   0.473224293702785   -0.0180252564578804   -0.026449196755484   0
0.0626193442955418   0.500228416165945   -0.0473293549479236   0.0270041224631599   0
0.132186017072594   0.506136676802729   0.0695666727770522   0.00590826063678374   0
0.097977583390794   0.486108139224764   -0.0342084336817999   -0.0200285375779649   0
0.153725943255815   0.512386055741908   0.0557483598650208   0.0262779165171445   0
0.196459089687395   0.464568555168664   0.0427331464315804   -0.0478175005732445   0
0.161691985551047   0.461137958587232   -0.0347671041363482   -0.00343059658143163   0
0.179110288514535   0.477375607898539   0.0174183029634881   0.016237649311307   0
0.240521162373231   0.502113086412065   0.0614108738586955   0.0247374785135256   0
0.19125418464452   0.525301870523273   -0.0492669777287111   0.0231887841112084   0
0.214738480518708   0.552993650225073   0.0234842958741886   0.0276917797017993   0
0.228117035700625   0.525061328999289   0.0133785551819164   -0.0279323212257833   0
0.150211829317301   0.473674580877262   -0.0779052063833234   -0.0513867481220273   0
0.278102634897107   0.513455131721848   0.127890805579806   0.0397805508445855   0
0.238768328855588   0.514085369806416   -0.0393343060415194   0.000630238084568635   0
0.14942289835805   0.496013186432075   -0.089345430497538   -0.0180721833743417   0
0.247282413058754   0.532051937262003   0.097859514700704   0.0360387508299281   0
0.236285488621286   0.520076732603469   -0.0109969244374672   -0.0119752046585339   0
0.194690547685706   0.515829450485817   -0.0415949409355807   -0.00424728211765169   0
0.277673110785704   0.541659851817079   0.0829825630999987   0.025830401331262   0
0.218659974812493   0.525808647907915   -0.0590131359732115   -0.0158512039091638   0
0.207604739516594   0.553507278368135   -0.0110552352958987   0.0276986304602197   0
0.331599509831906   0.627042613592768   0.123994770315311   0.0735353352246335   0
0.21309959291695   0.578862181535899   -0.118499916914955   -0.0481804320568696   0
0.215122928107536   0.605769825300355   0.00202333519058531   0.0269076437644561   0
0.178894191073718   0.600104303821877   -0.0362287370338175   -0.00566552147847765   0
0.186121439508644   0.613455279875243   0.00722724843492623   0.0133509760533655   0
0.225299184660953   0.626787554895548   0.0391777451523081   0.0133322750203055   0
0.214423566210083   0.605468347922912   -0.0108756184508692   -0.0213192069726368   0
0.195045858774176   0.612577303215831   -0.0193777074359075   0.00710895529291977   0
0.214543416200288   0.581705874291463   0.0194975574261122   -0.0308714289243681   0
0.188230961340317   0.565616096113468   -0.0263124548599708   -0.0160897781779953   0
0.169113879883137   0.503401717720205   -0.0191170814571802   -0.0622143783932634   0
0.194931025496943   0.513384502668051   0.0258171456138064   0.00998278494784688   0
0.197766178724093   0.48547546923512   0.00283515322714986   -0.0279090334329314   0
0.230885231057251   0.477961622905532   0.0331190523331573   -0.00751384632958813   0
0.191313350980427   0.485415163194417   -0.0395718800768237   0.00745354028888506   0
0.212845616259431   0.509551872755466   0.021532265279004   0.0241367095610489   0
0.221957269852465   0.504928917410612   0.0091116535930342   -0.00462295534485402   0
0.185307192377468   0.493329179071784   -0.0366500774749969   -0.0115997383388282   0
0.239522968906554   0.522188978897972   0.0542157765290857   0.028859799826188   0
0.223038636282058   0.523304403369788   -0.0164843326244963   0.00111542447181656   0
0.254672593582447   0.545379043904835   0.0316339573003889   0.0220746405350473   0
0.238552550187584   0.547249335030188   -0.0161200433948621   0.00187029112535297   0
0.194367737818909   0.547653338486412   -0.0441848123686759   0.00040400345622349   0
0.257922944560212   0.574501567199666   0.063555206741303   0.0268482287132542   0
0.36080094175182   0.595801573085843   0.102877997191608   0.021300005886177   0
0.282225834729583   0.558733083441011   -0.0785751070222366   -0.037068489644832   0
0.339511367363451   0.546676505638389   0.0572855326338675   -0.0120565778026217   0
0.27887951463849   0.577664409512348   -0.0606318527249603   0.0309879038739589   0
0.231065147528484   0.574028307178531   -0.0478143671100066   -0.00363610233381728   0
0.253807396696314   0.5879849331454   0.0227422491678299   0.0139566259668686   0
0.282893001839918   0.623958557146426   0.0290856051436045   0.0359736240010264   0
0.25954716253338   0.607212973098607   -0.023345839306538   -0.0167455840478189   0
0.279613351160866   0.596143101178316   0.0200661886274862   -0.0110698719202913   0
0.265703126535632   0.61314954148988   -0.0139102246252346   0.0170064403115641   0
0.24009134967693   0.598850528068983   -0.0256117768587016   -0.0142990134208969   0
0.241275269140395   0.601892401306496   0.00118391946346469   0.00304187323751282   0
0.249958446793662   0.569047074169835   0.00868317765326709   -0.0328453271366606   0
0.217330454144213   0.536315928361493   -0.0326279926494487   -0.0327311458083425   0
0.248585657901919   0.587595309200346   0.0312552037577059   0.051279380838853   0
0.262458404902301   0.58829984253865   0.0138727470003815   0.000704533338303781   0
0.289986203149753   0.576061313200253   0.0275277982474527   -0.0122385293383966   0
