0.0881088343503079   0.0474284084269649   0   0   0
0.0952445275186979   0.0435451505093762   0.00713569316838997   -0.00388325791758876   0
0.0948832035952623   0.0460786833108326   -0.000361323923435561   0.00253353280145639   0
0.0907937327784798   0.0444615611578136   -0.0040894708167825   -0.00161712215301896   0
0.0807420241812775   0.0372843642729094   -0.0100517085972023   -0.00717719688490425   0
0.09519266705272   0.0633521855868051   0.0144506428714425   0.0260678213138958   0
0.0740073332275255   0.0614450157336012   -0.0211853338251945   -0.00190716985320393   0
0.0588988613054616   0.100608270446445   -0.0151084719220639   0.0391632547128437   0
0.0596172779015144   0.0913346763843421   0.000718416596052839   -0.00927359406210281   0
0.0509366502278477   0.0845887105216766   -0.00868062767366669   -0.00674596586266553   0
0.0639849754336907   0.0716312049948205   0.0130483252058429   -0.0129575055268561   0
0.0695477752162497   0.0926588737609086   0.00556279978255905   0.0210276687660881   0
0.0644894599001263   0.0640254467715425   -0.00505831531612341   -0.0286334269893661   0
0.0658606847233431   0.0556332484224146   0.00137122482321679   -0.0083921983491279   0
0.103701471408317   0.0798821805409255   0.037840786684974   0.0242489321185109   0
0.0546479769792524   0.0786252721297198   -0.0490534944290647   -0.0012569084112057   0
0.0471936692005782   0.0618152917684209   -0.00745430777867423   -0.016809980361299   0
0.0583628131849382   0.0540945133935966   0.0111691439843601   -0.00772077837482428   0
0.0665072274973179   0.0298978967799664   0.00814441431237968   -0.0241966166136302   0
0.057732843984945   0.0489504729424548   -0.0087743835123729   0.0190525761624884   0
0.0362551780828739   0.0477197275070017   -0.0214776659020711   -0.00123074543545305   0
0.0836522484063638   0.0577633633777849   0.0473970703234899   0.0100436358707832   0
0.0726647402100909   0.0420062101367464   -0.0109875081962729   -0.0157571532410385   0
0.0770230969731807   0.0382592493185125   0.00435835676308982   -0.00374696081823394   0
0.0881478832265983   0.0651659316036762   0.0111247862534175   0.0269066822851637   0
0.0793866708007711   0.0588926938539918   -0.00876121242582717   -0.00627323774968439   0
0.0765175230020549   0.050258520745193   -0.00286914779871619   -0.00863417310879872   0
0.0778115049329468   0.050844967936021   0.00129398193089189   0.000586447190827913   0
0.0877884442703594   0.0666040608596803   0.00997693933741263   0.0157590929236594   0
0.0728745437459474   0.0704659843258611   -0.014913900524412   0.00386192346618076   0
0.0806980636053927   0.0738423231229896   0.00782351985944527   0.00337633879712848   0
0.118909411383162   0.121875683175162   0.0382113477777691   0.0480333600521726   0
0.101874949895546   0.0999762092446248   -0.0170344614876158   -0.0218994739305373   0
0.110874742722858   0.107256860912321   0.00899979282731227   0.00728065166769633   0
0.0920328381095574   0.0951762347262172   -0.0188419046133008   -0.0120806261861039   0
0.114903943259446   0.124484180484158   0.0228711051498886   0.029307945757941   0
0.113069112299381   0.135976644927907   -0.00183483096006519   0.0114924644437484   0
0.102188978725007   0.127303276769345   -0.0108801335743735   -0.00867336815856148   0
0.124503695074885   0.154525641665388   0.0223147163498779   0.0272223648960431   0
0.140280972131719   0.209354057610576   0.0157772770568337   0.054828415945188   0
0.102109170387238   0.191588944777498   -0.0381718017444809   -0.0177651128330788   0
0.107508812648917   0.198574769479188   0.00539964226167933   0.0069858247016901   0
0.0938520940902759   0.172629321111247   -0.0136567185586414   -0.0259454483679407   0
0.116760682961089   0.192628708585098   0.0229085888708134   0.0199993874738507   0
0.111028579059763   0.208280721856423   -0.00573210390132649   0.015652013271325   0
0.121442054974914   0.201013519914837   0.0104134759151511   -0.00726720194158587   0
0.125384763380604   0.204325452835948   0.00394270840568993   0.00331193292111071   0
0.109595813408177   0.191383164249634   -0.0157889499724266   -0.0129422885863132   0
0.119988247003321   0.193271678048292   0.0103924335951439   0.00188851379865734   0
0.127740732012346   0.203221390669837   0.00775248500902487   0.00994971262154531   0
0.109618726765366   0.176588921581742   -0.0181220052469799   -0.0266324690880953   0
0.140187811375775   0.205711724018254   0.0305690846104093   0.0291228024365129   0
0.124966358401491   0.19907185889739   -0.0152214529742841   -0.00663986512086412   0
0.10531675806879   0.180396609415234   -0.0196496003327016   -0.0186752494821563   0
0.132457384096056   0.205593892922826   0.0271406260272658   0.0251972835075921   0
0.11619720193163   0.186093708979844   -0.0162601821644256   -0.0195001839429818   0
0.104755107044621   0.160394467228502   -0.011442094887009   -0.0256992417513423   0
0.115994793459836   0.185502765166682   0.011239686415215   0.0251082979381796   0
0.124432221284079   0.205654032582983   0.00843742782424305   0.0201512674163011   0
0.12643270485966   0.180974610540215   0.00200048357558145   -0.0246794220427676   0
0.137534316875498   0.194288327518205   0.011101612015838   0.0133137169779902   0
0.13978988772329   0.185932381644977   0.00225557084779152   -0.00835594587322869   0
0.121736964779355   0.174709127855817   -0.0180529229439346   -0.0112232537891595   0
0.137864164435324   0.189427594111573   0.0161271996559685   0.0147184662557561   0
0.130344617497808   0.197375617568616   -0.00751954693751533   0.00794802345704274   0
0.122396923701905   0.161410935621018   -0.00794769379590331   -0.0359646819475976   0
0.147268114565238   0.195809424267552   0.0248711908633326   0.0343984886465338   0
0.127796781953107   0.184852091254327   -0.0194713326121307   -0.0109573330132249   0
0.116574250655494   0.173450575574378   -0.0112225312976129   -0.0114015156799495   0
0.147779407906176   0.191311340165344   0.0312051572506819   0.0178607645909665   0
0.139625470500765   0.179943641503145   -0.00815393740541112   -0.0113676986621987   0
0.11503540636917   0.162359669019409   -0.0245900641315954   -0.0175839724837364   0
0.137594054174735   0.179485249727916   0.0225586478055656   0.0171255807085074   0
0.147915310942918   0.182724669668418   0.0103212567681823   0.00323941994050173   0
0.145424741502194   0.166969938779365   -0.0024905694407234   -0.0157547308890528   0
0.179749870503875   0.197081806987536   0.0343251290016813   0.030111868208171   0
0.13543727269249   0.186831466037442   -0.0443125978113851   -0.0102503409500939   0
0.120120382277322   0.157432849940038   -0.0153168904151683   -0.0293986160974045   0
0.128893934080516   0.166016127800984   0.00877355180319428   0.00858327786094559   0
0.172176584103182   0.211950607777626   0.0432826500226653   0.0459344799766423   0
0.157827741087301   0.206750208603825   -0.014348843015881   -0.00520039917380122   0
0.198417532466564   0.235080017749133   0.0405897913792634   0.028329809145308   0
0.208503681108152   0.243776681092757   0.0100861486415881   0.0086966633436249   0
0.178435500652337   0.23850079472388   -0.0300681804558156   -0.00527588636887721   0
0.212578943452574   0.267669388451729   0.034143442800237   0.0291685937278485   0
0.206463955877612   0.262689445878141   -0.0061149875749619   -0.00497994257358736   0
0.184189632397075   0.245630303234459   -0.0222743234805368   -0.017059142643682   0
0.197583036368558   0.256476083348204   0.013393403971483   0.0108457801137448   0
0.199038208145079   0.281805706866344   0.00145517177652058   0.0253296235181401   0
0.179022524290304   0.252326873530774   -0.0200156838547748   -0.0294788333355708   0
0.197257989038447   0.265376678273963   0.0182354647481433   0.0130498047431895   0
0.188607489331598   0.26581001111725   -0.00865049970684889   0.000433332843286782   0
0.168076117480957   0.228524162108807   -0.0205313718506413   -0.0372858490084424   0
0.193586863358607   0.269439536845699   0.0255107458776505   0.0409153747368919   0
0.183587574018978   0.247176645167661   -0.00999928933962965   -0.0222628916780379   0
0.164761265997658   0.233651179207917   -0.01882630802132   -0.0135254659597448   0
0.169553750874634   0.258804249273249   0.00479248487697675   0.0251530700653323   0
0.155444561751652   0.260814109678833   -0.0141091891229825   0.00200986040558432   0
0.150336251351695   0.223925647052593   -0.00510831039995699   -0.0368884626262402   0
0.179570702447152   0.28128416338113   0.0292344510954571   0.0573585163285373   0
0.16015741376065   0.259816972313858   -0.0194132886865021   -0.0214671910672725   0
0.195229725728772   0.284549622102191   0.0350723119681223   0.0247326497883336   0
0.18045450906608   0.264240376813844   -0.014775216662692   -0.020309245288347   0
0.195053961089619   0.281615832553747   0.0145994520235384   0.0173754557399025   0
0.188441714670836   0.284433726774639   -0.00661224641878216   0.00281789422089213   0
0.166602383464613   0.262047032978381   -0.0218393312062232   -0.0223866937962584   0
0.187829003482982   0.302201379004895   0.0212266200183687   0.040154346026514   0
0.168570718982509   0.282706164184671   -0.0192582845004729   -0.0194952148202239   0
0.162581976436996   0.279064136557351   -0.00598874254551277   -0.00364202762731947   0
0.19082158963286   0.32284256327272   0.0282396131958637   0.0437784267153684   0
0.144639391410596   0.308083610336241   -0.0461821982222642   -0.0147589529364791   0
0.190562769202198   0.398179886428829   0.0459233777916017   0.090096276092588   0
0.146507539655927   0.329029957527901   -0.0440552295462709   -0.0691499289009274   0
0.165502263541772   0.361282204158955   0.018994723885845   0.0322522466310533   0
0.136760399792667   0.339726512723823   -0.028741863749105   -0.0215556914351314   0
0.146594643395521   0.336100548011841   0.00983424360285451   -0.00362596471198184   0
0.156362348830049   0.349067796756175   0.00976770543452815   0.0129672487443334   0
0.13345307062522   0.341531373157537   -0.0229092782048291   -0.00753642359863804   0
0.158930845021097   0.357758461649351   0.025477774395877   0.0162270884918141   0
0.171454160001034   0.391735383396461   0.0125233149799364   0.0339769217471105   0
0.168312801195156   0.364448418718304   -0.00314135880587785   -0.0272869646781569   0
0.186115951685502   0.403346961784234   0.017803150490346   0.0388985430659298   0
0.173858786081837   0.371110709584893   -0.0122571656036645   -0.0322362521993416   0
0.171892327056358   0.375439064790147   -0.00196645902547896   0.0043283552052541   0
0.138006609473786   0.341581077677061   -0.0338857175825725   -0.0338579871130856   0
0.0710143131993121   0.223028490911055   -0.0669922962744736   -0.118552586766006   0
0.0653674632889911   0.234864849292396   -0.00564684991032102   0.0118363583813413   0
0.0818354362593742   0.246141343500848   0.0164679729703831   0.0112764942084519   0
0.127327561886537   0.28031174751874   0.0454921256271631   0.0341704040178922   0
0.121473441702497   0.259580422386902   -0.00585412018404011   -0.0207313251318382   0
0.108142153197447   0.278952072759659   -0.0133312885050507   0.0193716503727567   0
0.128196168957656   0.290308701821548   0.0200540157602099   0.0113566290618892   0
0.112089845210037   0.281247384538954   -0.0161063237476197   -0.00906131728259357   0
0.126302118961876   0.301115750777525   0.0142122737518397   0.0198683662385705   0
0.125505902953009   0.332558233310258   -0.000796216008867923   0.0314424825327331   0
0.116853424637717   0.303629534747544   -0.00865247831529202   -0.0289286985627141   0
0.128162791749751   0.336994971533794   0.0113093671120343   0.0333654367862499   0
0.112641120855494   0.338899693959441   -0.0155216708942564   0.00190472242564682   0
0.114093499312802   0.311240838001382   0.00145237845730782   -0.0276588559580587   0
0.132188165716187   0.339446034623974   0.0180946664033843   0.0282051966225919   0
0.127237356252989   0.326534895394233   -0.00495080946319768   -0.0129111392297411   0
0.151213269750541   0.347851639359009   0.0239759134975525   0.0213167439647762   0
0.140941737815347   0.325027523346197   -0.0102715319351945   -0.0228241160128121   0
0.153785704803958   0.346254931079115   0.0128439669886107   0.0212274077329179   0
0.162466701787474   0.352176734074388   0.00868099698351632   0.00592180299527367   0
0.144365403586593   0.341972376568346   -0.0181012982008806   -0.0102043575060426   0
0.162496799926799   0.379531068959117   0.0181313963402051   0.0375586923907712   0
0.368722654557366   0.797349702733531   0.206225854630568   0.417818633774414   1
0.233983091300111   0.508889560543346   -0.134739563257255   -0.288460142190185   1
0.155023217503863   0.5359516956429   -0.0789598737962481   0.0270621350995542   0
0.167416584845199   0.507736045243983   0.0123933673413356   -0.0282156503989172   0
0.196803759951836   0.503960010059082   0.0293871751066377   -0.00377603518490133   0
0.189009043591147   0.52633275879262   -0.00779471636068957   0.0223727487335378   0
0.199570766519899   0.530977524471846   0.0105617229287522   0.00464476567922656   0
0.200487428618604   0.51529176514403   0.000916662098705473   -0.0156857593278164   0
0.211337589234026   0.514451294141146   0.0108501606154218   -0.000840471002883758   0
0.198185665084034   0.531287879143219   -0.0131519241499922   0.0168365850020732   0
0.198839941669399   0.489799165347645   0.00065427658536496   -0.041488713795574   0
0.206728030087843   0.536316220541809   0.00788808841844374   0.0465170551941634   0
0.206885040184181   0.520268411523802   0.000157010096337812   -0.0160478090180068   0
0.202425485921511   0.516802086126365   -0.00445955426266917   -0.0034663253974373   0
0.209794532905726   0.514699526920632   0.00736904698421426   -0.00210255920573243   0
0.209594622405242   0.483183537834292   -0.000199910500483319   -0.0315159890863404   0
0.223113727164175   0.536201172764514   0.0135191047589328   0.053017634930222   0
0.216447064923135   0.503981271185994   -0.00666666224103973   -0.0322199015785202   0
0.216142733902821   0.495388809350597   -0.000304331020314658   -0.00859246183539619   0
0.221681166836608   0.523842015198955   0.00553843293378717   0.0284532058483579   0
0.208778579131579   0.49725467488631   -0.0129025877050291   -0.026587340312645   0
0.203796988223265   0.508361880187815   -0.00498159090831379   0.0111072053015044   0
0.208554621717585   0.511212231867793   0.00475763349431979   0.00285035167997827   0
0.211613068135241   0.483090933165796   0.00305844641765587   -0.0281212987019964   0
0.221597627300176   0.497760858724752   0.0099845591649351   0.0146699255589555   0
0.23550190731009   0.49198507867649   0.0139042800099138   -0.00577578004826151   0
0.22730538924177   0.471963629283751   -0.00819651806831986   -0.0200214493927394   0
0.234761437561836   0.488570326527267   0.00745604832006674   0.0166066972435155   0
0.238472126364907   0.4939758351367   0.00371068880307024   0.00540550860943317   0
0.234410682281061   0.477782731181758   -0.00406144408384598   -0.0161931039549418   0
0.242810912030926   0.488948356786532   0.00840022974986518   0.0111656256047742   0
0.232199574146345   0.482727859342363   -0.0106113378845805   -0.00622049744416941   0
0.227309042343328   0.466780441066611   -0.00489053180301724   -0.0159474182757517   0
0.239926989868606   0.474710705687488   0.0126179475252776   0.00793026462087648   0
0.233713492116951   0.476015904875037   -0.00621349775165492   0.00130519918754912   0
0.225320313855104   0.452743200879108   -0.00839317826184691   -0.0232727039959291   0
0.215484652699258   0.472398603898667   -0.00983566115584547   0.0196554030195598   0
0.206042703155268   0.429107124508846   -0.00944194954399008   -0.0432914793898216   0
0.239518775771337   0.479335536617277   0.0334760726160687   0.050228412108431   0
0.238281432462477   0.449579900287479   -0.00123734330885994   -0.0297556363297972   0
0.234313499659687   0.468907126488284   -0.00396793280279031   0.019327226200805   0
0.252835606614515   0.534847196167924   0.0185221069548287   0.0659400696796398   0
