0.0941051890680849   0.112630199469814   0   0   0
0.139930495585844   0.136691612876614   0.0458253065177595   0.0240614134068   0
0.190690190162945   0.140986759994476   0.0507596945771003   0.00429514711786244   0
0.183782488033572   0.117060937775417   -0.00690770212937275   -0.0239258222190593   0
0.09357037788451   0.111763946365107   -0.0902121101490619   -0.00529699141030986   0
0.13036629138786   0.106680421011824   0.03679591350335   -0.00508352535328302   0
0.202684539116061   0.114985343852988   0.0723182477282009   0.00830492284116457   0
0.116039109673118   0.0334838495021854   -0.0866454294429425   -0.0815014943508031   0
0.127296192234018   0.0480453484095494   0.0112570825608993   0.014561498907364   0
0.0998205599209401   0.0421851443297863   -0.0274756323130776   -0.0058602040797631   0
0.0835470137889895   0.0506921272395172   -0.0162735461319507   0.00850698290973088   0
0.131110147037863   0.0562630056529368   0.0475631332488733   0.00557087841341964   0
0.0897917341996467   0.0691111478969377   -0.0413184128382161   0.0128481422440009   0
0.0347271932669616   0.0841830840393864   -0.0550645409326851   0.0150719361424487   0
0.0927646214364614   0.0514276828127362   0.0580374281694999   -0.0327554012266503   0
0.10230510306275   0.0449547004077705   0.00954048162628904   -0.00647298240496569   0
0.0428386479883107   0.0654581019708974   -0.0594664550744397   0.0205034015631269   0
0.066143599226607   0.0517414518894271   0.0233049512382962   -0.0137166500814703   0
0.068000556841323   0.051788952441737   0.00185695761471605   4.7500552309919e-05   0
0.073937854211161   0.0333750732304815   0.005937297369838   -0.0184138792112556   0
0.0608034271238883   0.0374301289367603   -0.0131344270872727   0.00405505570627884   0
0.0943143765213978   0.0438590061840781   0.0335109493975095   0.00642887724731779   0
0.0867018083012113   0.0457292664011517   -0.00761256822018651   0.0018702602170736   0
0.0831044304141482   0.025458380838848   -0.00359737788706314   -0.0202708855623036   0
0.0718669757870053   0.0422041872462319   -0.0112374546271429   0.0167458064073838   0
0.0663248841909279   0.0303542048580769   -0.00554209159607734   -0.011849982388155   0
0.0624813564639885   0.0514470593170892   -0.0038435277269394   0.0210928544590123   0
0.0738501620753807   0.0283817190438159   0.0113688056113922   -0.0230653402732734   0
0.0778958538658509   0.0400672690294722   0.00404569179047018   0.0116855499856563   0
0.0916921713260734   0.0438743474357329   0.0137963174602225   0.0038070784062607   0
0.0683566710299734   0.0390373507967049   -0.0233355002961001   -0.00483699663902794   0
0.0696565670716696   0.0526911508646851   0.0012998960416962   0.0136538000679801   0
0.0463169801298617   0.0681973337074662   -0.0233395869418079   0.0155061828427811   0
0.0777617266573833   0.0608595897781525   0.0314447465275217   -0.00733774392931369   0
0.0726752479971723   0.0625322689376053   -0.00508647866021099   0.00167267915945285   0
0.0817990862243583   0.0480632405280192   0.00912383822718593   -0.0144690284095862   0
0.105866067785528   0.0573627718983532   0.0240669815611697   0.00929953137033404   0
0.0758351742664946   0.0748261624389658   -0.0300308935190334   0.0174633905406126   0
0.0668021417638686   0.0648461619636814   -0.00903303250262595   -0.0099800004752844   0
0.0686992422806831   0.0801877908105405   0.00189710051681452   0.0153416288468591   0
0.108192116259365   0.0581458526512854   0.0394928739786821   -0.022041938159255   0
0.0878149439745878   0.0550535993240678   -0.0203771722847774   -0.00309225332721763   0
0.0971172541566636   0.0846076869413915   0.00930231018207581   0.0295540876173236   0
0.0966805064197535   0.0580600519100052   -0.000436747736910131   -0.0265476350313862   0
0.0824068965316617   0.0983868161798622   -0.0142736098880918   0.040326764269857   0
0.0660009725416224   0.0966255878382636   -0.0164059239900393   -0.0017612283415986   0
0.0822074720942689   0.0919540465786172   0.0162064995526464   -0.00467154125964643   0
0.0915098817442685   0.100835923903996   0.00930240964999959   0.00888187732537894   0
0.079977299980807   0.114241864478712   -0.0115325817634614   0.0134059405747163   0
0.102491582249342   0.111735280399702   0.0225142822685348   -0.00250658407901058   0
0.0937798793368279   0.122917755546137   -0.00871170291251394   0.0111824751464356   0
0.0954255344313465   0.146197784590773   0.00164565509451862   0.0232800290446353   0
0.103629395704763   0.134652979212307   0.00820386127341671   -0.0115448053784657   0
0.121783179457715   0.129173611917102   0.0181537837529517   -0.0054793672952054   0
0.0962916236293168   0.139367028123773   -0.0254915558283981   0.0101934162066712   0
0.0743711612253305   0.116665379575519   -0.0219204624039863   -0.0227016485482536   0
0.0947413514799636   0.114031154358009   0.0203701902546331   -0.00263422521751064   0
0.0798473888695028   0.114164299845661   -0.0148939626104608   0.00013314548765235   0
0.103903405090931   0.118194773162998   0.0240560162214277   0.00403047331733677   0
0.133716565136299   0.133284026888484   0.0298131600453681   0.0150892537254857   0
0.111399314578995   0.133984049498849   -0.0223172505573032   0.000700022610365392   0
0.122151976975242   0.144023755686345   0.0107526623962463   0.0100397061874961   0
0.126478493159984   0.147414748927134   0.00432651618474174   0.00339099324078912   0
0.0952569956475114   0.147811154067817   -0.0312214975124721   0.000396405140683065   0
0.145262261224105   0.159766672563805   0.0500052655765932   0.0119555184959876   0
0.120862035734676   0.153729202465732   -0.024400225489429   -0.00603747009807284   0
0.128058028233337   0.150508612566225   0.00719599249866093   -0.00322058989950705   0
0.139536822471239   0.172770740782988   0.0114787942379022   0.0222621282167633   0
0.15376179603806   0.202613882250477   0.0142249735668214   0.0298431414674884   0
0.171908732968107   0.203626215343826   0.0181469369300471   0.00101233309334892   0
0.200839634755817   0.226074374157842   0.0289309017877098   0.0224481588140166   0
0.146841614484178   0.198839851209717   -0.0539980202716389   -0.0272345229481249   0
0.213849990987257   0.230293928349799   0.0670083765030791   0.0314540771400821   0
0.240127767575701   0.271076486371006   0.026277776588444   0.0407825580212063   0
0.210830973249781   0.264235346652847   -0.0292967943259199   -0.00684113971815903   0
0.221570623499709   0.237927314898374   0.0107396502499281   -0.0263080317544727   0
0.193230012680225   0.246339088480188   -0.0283406108194842   0.00841177358181427   0
0.225761337212132   0.272682045583313   0.0325313245319068   0.0263429571031248   0
0.219439545805901   0.276486834061317   -0.00632179140623135   0.00380478847800353   0
0.177364750137704   0.288350831353925   -0.0420747956681972   0.011863997292609   0
0.158942138474761   0.283442651379428   -0.0184226116629428   -0.00490817997449733   0
0.140597551770541   0.275397478920015   -0.0183445867042195   -0.00804517245941333   0
0.209398791672278   0.317852542397807   0.0688012399017367   0.0424550634777927   0
0.183111237492651   0.292670049080872   -0.0262875541796269   -0.0251824933169355   0
0.184702712957038   0.291027426204988   0.00159147546438715   -0.00164262287588351   0
0.225222694384913   0.346307251474034   0.0405199814278751   0.0552798252690458   0
0.199217657558887   0.357997807212558   -0.0260050368260261   0.011690555738524   0
0.24557399007568   0.388113353090627   0.0463563325167925   0.0301155458780691   0
0.199674612321609   0.341920347654611   -0.0458993777540705   -0.0461930054360164   0
0.220006413290613   0.358902511546311   0.0203318009690038   0.0169821638917002   0
0.246579956115577   0.360633626366843   0.0265735428249643   0.00173111482053234   0
0.216584123425518   0.347948566080534   -0.0299958326900593   -0.012685060286309   0
0.257382210251602   0.39729544672888   0.0407980868260843   0.0493468806483451   0
0.237199136544065   0.388125173959703   -0.0201830737075372   -0.0091702727691762   0
0.247176661381308   0.386524893877807   0.00997752483724335   -0.00160028008189633   0
0.237138086510708   0.395440539675689   -0.0100385748706005   0.00891564579788179   0
0.191446811116926   0.333731294326274   -0.0456912753937818   -0.061709245349415   0
0.185795630220116   0.31351185953316   -0.00565118089681035   -0.0202194347931136   0
0.210089130888868   0.348381165891789   0.0242935006687524   0.0348693063586292   0
0.209183407046305   0.369071837137555   -0.000905723842563544   0.0206906712457657   0
0.197653548003622   0.359375179065837   -0.011529859042683   -0.00969665807171793   0
0.225678330204741   0.390919946312017   0.0280247822011191   0.0315447672461795   0
0.223958815025643   0.400986566693212   -0.00171951517909816   0.0100666203811957   0
0.227265712426358   0.408013540457299   0.0033068974007153   0.00702697376408679   0
0.260359717880109   0.449875635660846   0.0330940054537512   0.0418620952035466   0
0.245808122603078   0.445576231660476   -0.0145515952770308   -0.00429940400036988   0
0.272463886379461   0.479112584893154   0.026655763776383   0.0335363532326785   0
0.255607319333856   0.452242617767278   -0.016856567045605   -0.0268699671258766   0
0.246740010236706   0.448117912738656   -0.00886730909714989   -0.00412470502862144   0
0.264370706958997   0.456873582949102   0.0176306967222908   0.00875567021044571   0
0.242130521529484   0.45578085792736   -0.0222401854295131   -0.00109272502174229   0
0.279267320977589   0.505407180960065   0.0371367994481053   0.0496263230327053   0
0.24675690702341   0.492831202439791   -0.0325104139541791   -0.0125759785202743   0
0.266916761658012   0.519112853841532   0.0201598546346016   0.0262816514017416   0
0.291886093457705   0.581487833800932   0.0249693317996927   0.0623749799593994   0
0.272316142084453   0.553825565139873   -0.0195699513732517   -0.0276622686610585   0
0.294133736038558   0.561817431717813   0.0218175939541048   0.00799186657794015   0
0.247590450831085   0.498239750741297   -0.0465432852074727   -0.0635776809765161   0
0.286694318585144   0.567392753148558   0.0391038677540588   0.0691530024072602   0
0.25515385768577   0.536590272593764   -0.0315404608993742   -0.0308024805547935   0
0.283101263227153   0.552898822671472   0.0279474055413838   0.016308550077708   0
0.268696646972008   0.573072887184082   -0.0144046162551453   0.0201740645126104   0
0.253907498315922   0.530393506029721   -0.014789148656086   -0.0426793811543611   0
0.280029653979717   0.549959397585176   0.0261221556637948   0.0195658915554549   0
0.261377279880655   0.548065836250537   -0.0186523740990625   -0.00189356133463969   0
0.292314661522476   0.583306186318558   0.030937381641822   0.0352403500680212   0
0.266048430228408   0.570720438397601   -0.0262662312940686   -0.0125857479209567   0
0.250337805533643   0.55488099815118   -0.015710624694765   -0.0158394402464208   0
0.266540728110752   0.570299762954536   0.0162029225771095   0.0154187648033558   0
0.242962669969195   0.540785177848145   -0.0235780581415573   -0.0295145851063908   0
0.250959208014849   0.554755289836203   0.00799653804565348   0.0139701119880582   0
0.251436162624711   0.558939579443745   0.00047695460986219   0.00418428960754114   0
0.247917677829254   0.573712121348329   -0.00351848479545627   0.0147725419045847   0
0.22794436344163   0.546545046789375   -0.0199733143876243   -0.0271670745589543   0
0.238154096765099   0.58293809089538   0.0102097333234685   0.0363930441060049   0
0.217707435081671   0.568472691821692   -0.0204466616834277   -0.0144653990736882   0
0.210257919234544   0.558371908633932   -0.00744951584712705   -0.0101007831877596   0
0.220441797177418   0.560172350284714   0.0101838779428743   0.00180044165078175   0
0.235519578993679   0.563424291283665   0.0150777818162612   0.0032519409989511   0
0.20926637356176   0.542814564678629   -0.0262532054319196   -0.0206097266050354   0
0.221710509108973   0.557751380695064   0.0124441355472132   0.0149368160164344   0
0.218480454512526   0.563699856694145   -0.0032300545964469   0.00594847599908144   0
0.212115422153977   0.562282032760029   -0.00636503235854885   -0.00141782393411649   0
0.221845855514048   0.560701141453716   0.00973043336007104   -0.00158089130631278   0
0.230506286267446   0.605600772699722   0.00866043075339817   0.0448996312460057   0
0.196438644060175   0.545937059208523   -0.0340676422072718   -0.0596637134911989   0
0.230475190927353   0.594617497975169   0.0340365468671787   0.0486804387666462   0
0.209536306846236   0.581214493937694   -0.0209388840811173   -0.0134030040374747   0
0.215687108013983   0.57727376537047   0.00615080116774699   -0.00394072856722461   0
0.218302549034041   0.599349662749417   0.00261544102005817   0.0220758973789474   0
0.211552423512849   0.602256402134714   -0.00675012552119186   0.00290673938529662   0
0.211522591567071   0.605441442124249   -2.98319457782692e-05   0.00318503998953501   0
0.214327260874486   0.556181161048098   0.00280466930741494   -0.049260281076151   0
0.215113371686769   0.585717109584911   0.000786110812282859   0.0295359485368132   0
0.227319427320588   0.622693518283473   0.0122060556338189   0.0369764086985622   0
0.212711496801184   0.620982875264334   -0.0146079305194041   -0.0017106430191387   0
0.215310556509452   0.608083387011932   0.00259905970826849   -0.0128994882524028   0
0.220888350349951   0.628725409308509   0.00557779384049831   0.0206420222965776   0
0.209214084743595   0.574793256543437   -0.0116742656063559   -0.0539321527650717   0
0.224450241138409   0.611198476366196   0.0152361563948145   0.0364052198227589   0
0.210650343327135   0.620353910340251   -0.0137998978112737   0.00915543397405461   0
0.219583562834835   0.618248786445885   0.00893321950769979   -0.00210512389436557   0
0.230412470984732   0.615864050871627   0.010828908149897   -0.00238473557425845   0
0.221017884251501   0.58641638206654   -0.00939458673323085   -0.0294476688050872   0
0.247193860612597   0.674533668507142   0.0261759763610957   0.0881172864406019   0
0.241399212038151   0.58053938886149   -0.00579464857444634   -0.0939942796456515   0
0.249260617808369   0.603450062015491   0.00786140577021874   0.022910673154001   0
0.221212812247596   0.610970223105226   -0.0280478055607737   0.00752016108973519   0
0.234943663023713   0.588337509125555   0.0137308507761174   -0.0226327139796713   0
0.225817049724528   0.5938224786605   -0.00912661329918493   0.00548496953494493   0
0.206096165665279   0.580594583385214   -0.0197208840592494   -0.0132278952752862   0
0.22431183407257   0.575624961569597   0.0182156684072909   -0.00496962181561678   0
0.212655011028567   0.608151599002666   -0.0116568230440025   0.0325266374330695   0
0.206163332664274   0.589377077651693   -0.00649167836429335   -0.0187745213509732   0
0.204275773161895   0.57141956006095   -0.00188755950237871   -0.0179575175907428   0
0.193903056399222   0.583241417388203   -0.0103727167626727   0.0118218573272527   0
0.192184579702041   0.542255373784576   -0.00171847669718175   -0.0409860436036273   0
0.206665954965979   0.566001544254298   0.0144813752639383   0.0237461704697222   0
0.203437306033087   0.572054791426923   -0.0032286489328916   0.00605324717262479   0
0.224849370612862   0.572348594251135   0.0214120645797744   0.000293802824211986   0
0.253152263552985   0.594497134220385   0.0283028929401234   0.0221485399692498   0
0.248425057522384   0.575301786258743   -0.00472720603060064   -0.019195347961642   0
0.257953752853104   0.578661053314676   0.00952869533071912   0.00335926705593315   0
0.391457393016469   0.392753515277076   0.133503640163365   -0.1859075380376   0
0.338194334395551   0.414356650081183   -0.0532630586209173   0.0216031348041075   0
0.364924322390616   0.397067456255861   0.0267299879950644   -0.0172891938253221   0
0.361978148918467   0.406734610493747   -0.00294617347214848   0.009667154237886   0
0.327952314335316   0.41919043240841   -0.0340258345831511   0.0124558219146634   0
0.364993290101339   0.411624841063134   0.0370409757660226   -0.00756559134527668   0
0.359652381875277   0.42876962374071   -0.00534090822606181   0.0171447826775764   0
0.353911594964406   0.427085934663622   -0.00574078691087054   -0.0016836890770876   0
0.386458734250683   0.441007374680118   0.0325471392862766   0.0139214400164956   0
0.336987286189094   0.456705261578515   -0.0494714480615895   0.0156978868983972   0
0.383719466800109   0.420759653339944   0.0467321806110156   -0.0359456082385711   0
0.339905601289888   0.447312339708508   -0.0438138655102215   0.0265526863685643   0
0.371496085446994   0.422475191428444   0.0315904841571061   -0.0248371482800648   0
0.381804072935321   0.435063742211989   0.0103079874883275   0.0125885507835453   0
0.363647122328776   0.437058034066988   -0.0181569506065448   0.00199429185499866   0
0.342037329839317   0.444865376936383   -0.0216097924894589   0.00780734286939527   0
0.327492971586323   0.442482343922896   -0.0145443582529947   -0.0023830330134868   0
0.297599396382587   0.444785424708083   -0.029893575203736   0.00230308078518726   0
0.349945424105088   0.452524814481206   0.0523460277225014   0.00773938977312283   0
0.362436178896423   0.48230224832386   0.0124907547913349   0.0297774338426536   0
0.384171219500902   0.463075201426561   0.0217350406044787   -0.0192270468972987   0
0.382038345238132   0.489176867854562   -0.00213287426276992   0.0261016664280015   0
0.370871197755178   0.508732210392904   -0.0111671474829542   0.0195553425383415   0
0.404493792921486   0.499783349607857   0.0336225951663084   -0.00894886078504648   0
0.394824345758225   0.526707728210105   -0.00966944716326151   0.0269243786022477   0
0.392883472408805   0.502424994013286   -0.00194087334941984   -0.0242827341968196   0
0.414860824522213   0.511343928903043   0.0219773521134079   0.00891893488975715   0
0.373831131872253   0.493887277723116   -0.0410296926499593   -0.017456651179927   0
0.463227238458891   0.477769254088205   0.0893961065866374   -0.0161180236349105   0
0.403065088504636   0.480106119220272   -0.0601621499542548   0.00233686513206666   0
0.440700306935806   0.451616357338837   0.0376352184311701   -0.028489761881435   0
0.385184147242601   0.457485461750699   -0.0555161596932046   0.00586910441186173   0
0.3805312409435   0.44008540161513   -0.00465290629910142   -0.017400060135569   0
0.399110990520795   0.432955776437675   0.0185797495772949   -0.00712962517745463   0
0.362301300181824   0.449679453999735   -0.0368096903389711   0.0167236775620602   0
0.388194560287235   0.459810659025267   0.0258932601054115   0.0101312050255313   0
0.457465102428852   0.436590609416018   0.0692705421416167   -0.0232200496092484   0
0.388035496403783   0.475851451891501   -0.0694296060250693   0.0392608424754834   0
0.432296850514829   0.457960410765221   0.0442613541110459   -0.0178910411262804   0
0.426320270106407   0.470320834229678   -0.00597658040842136   0.0123604234644566   0
0.422882760011673   0.472844733942602   -0.00343751009473442   0.00252389971292422   0
0.434068155631405   0.460025933499678   0.0111853956197327   -0.012818800442924   0
0.42380263979015   0.464950436034853   -0.010265515841255   0.00492450253517523   0
0.410737213539996   0.478424389068168   -0.0130654262501547   0.0134739530333152   0
0.44883231332921   0.47027982885379   0.0380950997892142   -0.00814456021437826   0
0.418415262813022   0.497244920868228   -0.0304170505161882   0.0269650920144377   0
0.482945662290707   0.490623645691379   0.0645303994776857   -0.00662127517684841   0
0.463806710360307   0.533444371154809   -0.0191389519304002   0.0428207254634301   0
0.430924512854096   0.532001259103773   -0.0328821975062112   -0.0014431120510362   0
0.509924579632449   0.505177020644001   0.079000066778353   -0.0268242384597717   0
0.488548056029711   0.512667677292269   -0.0213765236027378   0.00749065664826742   0
0.501580374886628   0.503166297784838   0.0130323188569165   -0.00950137950743124   0
0.504771214133413   0.477823733040752   0.00319083924678532   -0.0253425647440856   0
0.472558426074089   0.482290109291337   -0.0322127880593243   0.00446637625058505   0
0.537468225713   0.470291813065569   0.0649097996389109   -0.0119982962257683   0
0.490292326060535   0.491377101859916   -0.0471758996524645   0.0210852887943468   0
0.495047176061373   0.499569190845973   0.00475485000083786   0.00819208898605717   0
0.527695148420951   0.451505829735896   0.0326479723595783   -0.0480633611100768   0
0.51356174356381   0.442252038716047   -0.0141334048571418   -0.00925379101984902   0
0.542693364507583   0.409378113356406   0.0291316209437731   -0.0328739253596416   0
0.478551621151574   0.451042747463309   -0.0641417433560083   0.0416646341069031   0
0.521328168061433   0.422546308639953   0.0427765469098589   -0.0284964388233561   0
