0.177470433984932   0.197099044607248   0   0   0
0.169875015263016   0.177021192399357   -0.00759541872191546   -0.0200778522078917   0
0.201583895860954   0.182389250810595   0.0317088805979379   0.00536805841123814   0
0.222067653704901   0.173324813964995   0.0204837578439472   -0.00906443684560004   0
0.209748864373071   0.17489565894542   -0.0123187893318304   0.0015708449804249   0
0.216936022847797   0.161102920215495   0.00718715847472629   -0.013792738729925   0
0.198050348603985   0.141774896865595   -0.0188856742438122   -0.0193280233498999   0
0.188228310568124   0.139317330457135   -0.00982203803586143   -0.00245756640845987   0
0.198994370652865   0.138812025376946   0.0107660600847419   -0.000505305080188423   0
0.198259848067559   0.114601307913566   -0.000734522585306402   -0.0242107174633802   0
0.179094771432055   0.110036605320467   -0.0191650766355041   -0.00456470259309916   0
0.179997042959739   0.106234346772313   0.000902271527683657   -0.00380225854815423   0
0.206156049194415   0.0822927558410976   0.0261590062346762   -0.0239415909312152   0
0.149594821049969   0.0902378016119769   -0.0565612281444463   0.00794504577087932   0
0.149739084931089   0.0745141662818722   0.000144263881120876   -0.0157236353301047   0
0.186751571701552   0.0604375620464211   0.0370124867704628   -0.0140766042354511   0
0.148640491042145   0.0452370371283377   -0.0381110806594072   -0.0152005249180834   0
0.144091708609656   0.0868711222816593   -0.00454878243248907   0.0416340851533216   0
0.117107607219173   0.0662530656549755   -0.0269841013904834   -0.0206180566266838   0
0.16532581424209   0.0559238859085722   0.0482182070229173   -0.0103291797464033   0
0.0457545382826939   0.0722129829648175   -0.119571275959396   0.0162890970562453   0
0.143752404606949   0.0925911520789109   0.0979978663242552   0.0203781691140934   0
0.0588123798167529   0.0832085485201641   -0.0849400247901962   -0.0093826035587468   0
0.149481595341366   0.0866846575910639   0.0906692155246135   0.00347610907089987   0
0.0540066690327222   0.115741342183562   -0.0954749263086441   0.0290566845924985   0
0.122237715076903   0.0718683740874748   0.0682310460441807   -0.0438729680960877   0
0.123625742066165   0.0582417028468648   0.00138802698926223   -0.01362667124061   0
0.145653587606794   0.133482654476134   0.0220278455406288   0.0752409516292693   0
0.170660352736803   0.0907258513987193   0.025006765130009   -0.0427568030774148   0
0.186271101872217   0.123344421440818   0.0156107491354145   0.0326185700420982   0
0.263373398671303   0.0801121322381635   0.0771022967990852   -0.043232289202654   0
0.287412759917927   0.175239636220691   0.0240393612466245   0.0951275039825271   0
0.230783774138565   0.0997840705587946   -0.0566289857793625   -0.075455565661896   0
0.247831078190872   0.142209205935349   0.0170473040523072   0.0424251353765544   0
0.173511501696112   0.157748846505363   -0.0743195764947595   0.0155396405700138   0
0.182622547230757   0.105698600542876   0.00911104553464445   -0.0520502459624866   0
0.199431297489236   0.143188784581017   0.0168087502584788   0.0374901840381409   0
0.198247065565496   0.128860340876324   -0.00118423192373976   -0.0143284437046927   0
0.221212110566849   0.104885488294103   0.0229650450013536   -0.0239748525822209   0
0.23637604615815   0.141759163897488   0.0151639355913009   0.0368736756033847   0
0.312273030122247   0.0635589587270945   0.0758969839640971   -0.0782002051703937   0
0.285824015114003   0.135240255748335   -0.026449015008244   0.0716812970212403   0
0.280990108432486   0.0899274582680779   -0.00483390668151779   -0.0453127974802569   0
0.28422370790446   0.12265753615397   0.00323359947197477   0.0327300778858922   0
0.273851200741461   0.115603139328869   -0.0103725071629993   -0.00705439682510071   0
0.284983618790625   0.108983122235567   0.0111324180491634   -0.00662001709330262   0
0.270650647551378   0.1044619200469   -0.014332971239247   -0.0045212021886665   0
0.395962694782286   0.0680533052005184   0.125312047230909   -0.036408614846382   0
0.428934410592587   0.0641640986335429   0.0329717158103007   -0.00388920656697543   0
0.427169438688455   0.0702641391816402   -0.00176497190413166   0.00610004054809722   0
0.540392301785009   0.0739109246228188   0.113222863096554   0.00364678544117862   0
0.604084013627682   0.0634730271438388   0.0636917118426736   -0.0104378974789799   0
0.496253715393028   0.0468354023776697   -0.107830298234654   -0.0166376247661692   0
0.561291503688449   0.0643431557110195   0.0650377882954205   0.0175077533333498   0
0.477202674733703   0.0420779977692915   -0.0840888289547463   -0.022265157941728   0
0.470356400702638   0.0310661013149888   -0.00684627403106514   -0.0110118964543027   0
0.410804243398848   0.0424594631756644   -0.0595521573037895   0.0113933618606756   0
0.409697138820617   0.0440409392855386   -0.00110710457823088   0.00158147610987425   0
0.510084849111247   0.0695219425679763   0.10038771029063   0.0254810032824377   0
0.525873019115499   0.0130977714300659   0.015788170004252   -0.0564241711379104   0
0.486474369215378   0.0417292090342331   -0.0393986499001209   0.0286314376041673   0
0.567613807235518   0.0603053957387374   0.0811394380201402   0.0185761867045042   0
0.47632122000588   0.0434960007856932   -0.0912925872296382   -0.0168093949530442   0
0.407621729462206   0.0967551151516162   -0.0686994905436739   0.0532591143659229   0
0.59731969213643   0.0400913909680433   0.189697962674224   -0.0566637241835729   0
0.516268488308554   0.0653445965488731   -0.0810512038278761   0.0252532055808299   0
0.564566797914295   0.0572744857285947   0.0482983096057402   -0.0080701108202784   0
0.569455559257138   0.106736431465844   0.00488876134284377   0.0494619457372489   0
0.532209736877013   0.0988626008822224   -0.0372458223801249   -0.00787383058362121   0
0.606090703839997   0.0596635155502305   0.0738809669629831   -0.0391990853319919   0
0.576109018967333   0.175595924907277   -0.0299816848726638   0.115932409357047   0
0.547150231340183   0.148798292009569   -0.0289587876271492   -0.026797632897708   0
0.585187648383266   0.200333498330415   0.0380374170430821   0.0515352063208462   0
0.681968694859706   0.185242568968947   0.09678104647644   -0.0150909293614685   0
0.658218968965665   0.18116077245716   -0.023749725894041   -0.0040817965117865   0
0.650084704632104   0.166683610192936   -0.00813426433356046   -0.014477162264224   0
0.669346662112639   0.10645383135455   0.0192619574805354   -0.060229778838386   0
0.686013048890985   0.155700315495034   0.0166663867783451   0.0492464841404835   0
0.784764533186082   0.158831239176098   0.0987514842950978   0.00313092368106441   0
0.729499079981085   0.1162708940644   -0.055265453204997   -0.0425603451116979   0
0.713702497667908   0.172930008894386   -0.0157965823131777   0.0566591148299859   0
0.685467123231691   0.105351157881546   -0.0282353744362169   -0.0675788510128399   0
0.666186782722183   0.159286569167504   -0.019280340509508   0.0539354112859578   0
0.786115559167741   0.119798021736223   0.119928776445558   -0.0394885474312814   0
0.802366385872439   0.143613029871118   0.0162508267046981   0.0238150081348948   0
0.859590989833915   0.106130039042264   0.057224603961476   -0.0374829908288534   0
0.831841765163862   0.0751413122927734   -0.0277492246700531   -0.0309887267494907   0
0.707704070394045   0.168441972438078   -0.124137694769817   0.0933006601453042   0
0.733169852378049   0.132164757721385   0.0254657819840034   -0.0362772147166922   0
0.708219639655665   0.153653113177313   -0.024950212722384   0.0214883554559274   0
0.799037556671577   0.151840199592606   0.0908179170159121   -0.00181291358470653   0
0.776505740266027   0.147432078301467   -0.0225318164055505   -0.00440812129113893   0
0.845322245378104   0.148170433813818   0.0688165051120776   0.000738355512350602   0
0.874912955969038   0.113690385619817   0.0295907105909341   -0.0344800481940013   0
0.894110566709446   0.13645795749905   0.0191976107404079   0.0227675718792333   0
0.873271889850532   0.164849506738025   -0.0208386768589141   0.0283915492389747   0
0.850543625380675   0.16405211209885   -0.022728264469857   -0.000797394639174331   0
0.933311868592062   0.083213775432212   0.0827682432113865   -0.0808383366666383   0
0.853539937131368   0.164388638349036   -0.0797719314606935   0.0811748629168236   0
0.981781002852658   0.110196331252996   0.128241065721289   -0.0541923070960396   0
0.978638525346187   0.183271916468925   -0.00314247750647034   0.0730755852159288   0
0.99192888846809   0.153130736326064   0.0132903631219025   -0.0301411801428608   0
0.944745479113295   0.175654393874997   -0.0471834093547946   0.0225236575489329   0
0.99395387050152   0.15220098251626   0.0492083913882247   -0.0234534113587364   0
0.970047043594222   0.180978770968262   -0.0239068269072982   0.0287777884520012   0
1.02645553030035   0.129726106462096   0.0564084867061282   -0.0512526645061659   0
0.982971804326574   0.170891081350099   -0.0434837259737763   0.0411649748880028   0
1.12477448167427   0.132643177380048   0.141802677347697   -0.0382479039700501   0
1.01383741957184   0.105155065824481   -0.110937062102434   -0.027488111555567   0
0.742014770487623   0.111623302426073   -0.271822649084213   0.00646823660159131   0
0.872009310511121   0.16792275664796   0.129994540023497   0.0562994542218873   0
1.06094885086174   0.181166105575105   0.188939540350616   0.0132433489271448   0
1.05589933566855   0.18117665752036   -0.00504951519318442   1.05519452557323e-05   0
0.985677471413951   0.265861300170785   -0.0702218642546015   0.084684642650424   0
0.996450639964113   0.204528359663153   0.0107731685501621   -0.0613329405076317   0
0.968266877324119   0.271128716754607   -0.0281837626399944   0.0666003570914543   0
0.993420608608081   0.287179564232224   0.0251537312839626   0.0160508474776167   0
0.98438256328554   0.281484635720957   -0.00903804532254116   -0.00569492851126663   0
1.00310323702116   0.276347830501236   0.0187206737356155   -0.00513680521972093   0
1.15189620435172   0.1643674805474   0.14879296733056   -0.111980349953836   0
1.09810241500975   0.228422906893601   -0.0537937893419638   0.0640554263462003   0
0.959332847169745   0.257356452138571   -0.138769567840007   0.0289335452449703   0
1.07945081019601   0.218124948412378   0.120117963026264   -0.039231503726193   0
1.02952440373194   0.243447436406787   -0.0499264064640672   0.0253224879944089   0
1.113326982872   0.252096054368244   0.0838025791400625   0.00864861796145697   0
1.12200830484014   0.266859071831534   0.00868132196813809   0.0147630174632907   0
1.14419283440478   0.262804749282923   0.0221845295646359   -0.00405432254861143   0
1.15091268231266   0.267716097935649   0.00671984790788538   0.00491134865272602   0
1.09547704955296   0.277503450241416   -0.0554356327597076   0.00978735230576688   0
1.12782310073461   0.296274784848694   0.0323460511816585   0.0187713346072783   0
1.20459712808647   0.279474256004484   0.0767740273518549   -0.0168005288442098   0
1.07217674605455   0.349329705660727   -0.132420382031916   0.0698554496562425   0
1.32033324647047   0.237398973792306   0.248156500415916   -0.111930731868421   0
1.21964106174136   0.277908131305725   -0.100692184729106   0.0405091575134188   0
1.14870310884272   0.223514624445225   -0.0709379528986431   -0.0543935068604998   0
1.20908982996851   0.247745571642078   0.0603867211257938   0.024230947196853   0
1.23852459659092   0.305678643100904   0.0294347666224015   0.0579330714588262   0
1.0805042744545   0.356420020915226   -0.158020322136418   0.0507413778143216   0
1.25225836722442   0.285425588437464   0.171754092769918   -0.0709944324777619   0
1.2195291317485   0.368553727653785   -0.0327292354759161   0.0831281392163206   0
1.09253583956974   0.314329433139246   -0.126993292178758   -0.0542242945145381   0
1.12812694375022   0.323554561721914   0.0355911041804775   0.00922512858266783   0
0.934751689776301   0.364439746932041   -0.193375253973918   0.0408851852101266   0
1.11276479465384   0.321847762851744   0.178013104877538   -0.0425919840802968   0
0.974007695516134   0.408975495197756   -0.138757099137705   0.0871277323460122   0
0.946958459705942   0.386170463911159   -0.027049235810192   -0.022805031286597   0
0.968595678118584   0.394087007967149   0.0216372184126422   0.00791654405598996   0
0.572600253395019   0.291833045130157   -0.395995424723565   -0.102253962836993   0
0.573932633960128   0.360309155488171   0.00133238056510865   0.0684761103580143   0
0.931996184118261   0.361725024175906   0.358063550158134   0.00141586868773541   0
0.77833351785951   0.361994663272037   -0.153662666258752   0.000269639096130425   0
0.915140579017781   0.340504447357964   0.136807061158272   -0.0214902159140727   0
0.902126220199027   0.34941300995446   -0.013014358818754   0.00890856259649547   0
0.915779824645946   0.419124734221508   0.0136536044469189   0.0697117242670488   0
0.959957992981664   0.484716577903768   0.0441781683357182   0.0655918436822601   0
0.852136296599223   0.523199848684155   -0.107821696382441   0.0384832707803864   0
0.900402931671511   0.397827809285638   0.0482666350722876   -0.125372039398517   0
0.880037486013664   0.446769391369586   -0.0203654456578468   0.0489415820839477   0
0.971896133747933   0.445872691091863   0.0918586477342688   -0.000896700277722706   0
0.952612638785545   0.374542201757692   -0.0192834949623876   -0.0713304893341705   0
1.05088494201545   0.371760965054832   0.098272303229902   -0.00278123670286051   0
1.02702678183932   0.435585254290707   -0.0238581601761225   0.0638242892358751   0
1.10062321020895   0.376889322677759   0.0735964283696231   -0.0586959316129481   0
0.96758232380829   0.380983059014768   -0.133040886400658   0.00409373633700871   0
0.981479347782669   0.331453846131388   0.0138970239743794   -0.0495292128833795   0
