0.162278899655778   0.0509249187097535   0   0   0
0.178146408131795   0.0647339660259782   0.015867508476017   0.0138090473162247   0
0.147985865087345   0.0531204924139922   -0.0301605430444493   -0.011613473611986   0
0.149524316501364   0.0658976552862277   0.00153845141401832   0.0127771628722356   0
0.157646572682504   0.0419765183253983   0.00812225618114021   -0.0239211369608294   0
0.139234628608152   0.0560785532770105   -0.018411944074352   0.0141020349516121   0
0.228755400826669   0.0535102513586004   0.0895207722185171   -0.00256830191841001   0
0.155737068426242   0.0645370855191997   -0.073018332400427   0.0110268341605993   0
0.123263257591587   0.0584667159013571   -0.0324738108346548   -0.00607036961784266   0
0.115686594279026   0.0445613745223933   -0.00757666331256117   -0.0139053413789638   0
0.0824866827516418   0.0700168983584856   -0.0331999115273843   0.0254555238360923   0
0.0968502843754731   0.0977137906831093   0.0143636016238313   0.0276968923246237   0
0.118150912624914   0.0838585939516189   0.0213006282494407   -0.0138551967314904   0
0.0885834533059645   0.0589550355481828   -0.0295674593189492   -0.0249035584034361   0
0.0776263527906279   0.0590994201997786   -0.0109571005153366   0.000144384651595796   0
0.089912188162173   0.0477616596161084   0.0122858353715451   -0.0113377605836702   0
0.0743689347573299   0.0551723581549042   -0.015543253404843   0.00741069853879581   0
0.0698529332679853   0.0569389004674967   -0.0045160014893447   0.00176654231259252   0
0.0947368632576042   0.0541486354285923   0.024883929989619   -0.00279026503890444   0
0.0789845194448887   0.0380237562658531   -0.0157523438127155   -0.0161248791627392   0
0.0342872764905584   0.0334821621108199   -0.0446972429543303   -0.00454159415503315   0
0.0762711922294388   0.020632951126851   0.0419839157388803   -0.012849210983969   0
0.0592244825133998   0.0309326387757026   -0.017046709716039   0.0102996876488516   0
0.025510534456573   0.0441546328233731   -0.0337139480568268   0.0132219940476705   0
0.0987588118280592   0.0294822790443326   0.0732482773714861   -0.0146723537790405   0
0.0584215431166449   0.0445316721236695   -0.0403372687114143   0.0150493930793369   0
0.0528929473828978   0.0235917711133035   -0.00552859573374705   -0.020939901010366   0
0.0596749541704893   0.0375856846792765   0.00678200678759146   0.013993913565973   0
0.063663134500981   0.0470203614923099   0.0039881803304917   0.00943467681303341   0
0.0616591310809875   0.0781237223780332   -0.00200400341999351   0.0311033608857232   0
0.075581938865512   0.0683359389469772   0.0139228077845245   -0.00978778343105594   0
0.0690942533178411   0.0496177224207238   -0.0064876855476709   -0.0187182165262534   0
0.0684170155594352   0.0441123095307874   -0.000677237758405919   -0.0055054128899364   0
0.0808577913277997   0.0470407700101997   0.0124407757683645   0.00292846047941222   0
0.0540021672622498   0.0600892700564959   -0.0268556240655499   0.0130485000462963   0
0.0681411562833358   0.0772419521491721   0.0141389890210861   0.0171526820926762   0
0.0707805007904013   0.0674533881682937   0.00263934450706545   -0.00978856398087849   0
0.0769558094756335   0.0766791086455268   0.00617530868523219   0.00922572047723311   0
0.0699224924946186   0.0737703214382315   -0.00703331698101485   -0.00290878720729526   0
0.0760192037090339   0.0698756308898029   0.0060967112144153   -0.00389469054842866   0
0.0592993059275705   0.0713153899197081   -0.0167198977814634   0.00143975902990523   0
0.0755535311991438   0.0843032075224009   0.0162542252715733   0.0129878176026929   0
0.0896039449487577   0.0911453693061426   0.0140504137496139   0.00684216178374167   0
0.0705360823240134   0.0935959849913446   -0.0190678626247443   0.00245061568520197   0
0.086413582316092   0.0830936559249562   0.0158774999920785   -0.0105023290663884   0
0.0799553208541495   0.0787998860622431   -0.00645826146194242   -0.00429376986271301   0
0.049274903764594   0.0809016321233076   -0.0306804170895555   0.00210174606106449   0
0.0832730249580259   0.0794743253360008   0.0339981211934319   -0.00142730678730683   0
0.0812190696424183   0.0890296013783899   -0.00205395531560754   0.00955527604238907   0
0.0596697511321272   0.0796996357203877   -0.0215493185102911   -0.00932996565800215   0
0.0886309204829782   0.0776735515021845   0.0289611693508509   -0.00202608421820326   0
0.0711155713384797   0.1036564909288   -0.0175153491444985   0.025982939426616   0
0.0789066882478919   0.104926740640661   0.00779111690941216   0.00127024971186031   0
0.0935909496151204   0.107054252664537   0.0146842613672285   0.00212751202387607   0
0.06913953430661   0.111448695848135   -0.0244514153085104   0.00439444318359765   0
0.0860256222221031   0.0961314467751838   0.0168860879154931   -0.0153172490729507   0
0.118493673482712   0.0713234261804808   0.032468051260609   -0.024808020594703   0
0.108904016804809   0.0834664560767078   -0.00958965667790322   0.012143029896227   0
0.108097233731118   0.0952796505756213   -0.000806783073690712   0.0118131944989135   0
0.109193249843523   0.111474607266633   0.00109601611240462   0.0161949566910114   0
0.121545975289888   0.107240303564005   0.0123527254463649   -0.00423430370262744   0
0.121237153577482   0.144844089531641   -0.000308821712405552   0.0376037859676356   0
0.0731779192985152   0.154451641385742   -0.048059234278967   0.00960755185410161   0
0.183138154932526   0.160275480253531   0.109960235634011   0.00582383886778848   0
0.152376501774322   0.164365698473708   -0.0307616531582041   0.00409021822017736   0
0.1298488809678   0.173492855116572   -0.0225276208065217   0.00912715664286412   0
0.119521950459068   0.149428011261276   -0.010326930508732   -0.0240648438552965   0
0.129650517567035   0.157151813140988   0.0101285671079664   0.00772380187971206   0
0.0842809732832981   0.173655331313208   -0.0453695442837367   0.0165035181722199   0
0.120412670469266   0.152752814344777   0.0361316971859678   -0.0209025169684306   0
0.132487022934248   0.169466279187041   0.0120743524649823   0.0167134648422633   0
0.0880761332167801   0.169192730188091   -0.044410889717468   -0.000273548998950129   0
0.0891088202789152   0.157759496204666   0.00103268706213502   -0.0114332339834246   0
0.128094921147913   0.158306812445011   0.0389861008689977   0.00054731624034543   0
0.0918161913482584   0.155261718257431   -0.0362787297996544   -0.00304509418757998   0
0.113638584517672   0.158539970150275   0.0218223931694132   0.00327825189284336   0
0.134589413307771   0.172226197026614   0.0209508287900993   0.0136862268763391   0
0.138055891231812   0.181096989740995   0.00346647792404139   0.00887079271438107   0
0.0715196802560666   0.171009483418318   -0.0665362109757458   -0.0100875063226769   0
0.0964669238192034   0.159425584153705   0.0249472435631369   -0.0115838992646133   0
0.11732411566984   0.16483213298535   0.0208571918506366   0.00540654883164493   0
0.0762048383872048   0.150028483547292   -0.0411192772826353   -0.0148036494380579   0
0.127882310235153   0.152457879374928   0.0516774718479485   0.00242939582763593   0
0.142766232736806   0.177457986060081   0.0148839225016532   0.0250001066851536   0
0.0954999553064817   0.179116153049495   -0.0472662774303248   0.00165816698941343   0
0.10045490216097   0.159768967112672   0.00495494685448802   -0.0193471859368229   0
0.130956594991356   0.166770448965037   0.0305016928303861   0.00700148185236515   0
0.087115367794322   0.174530540502945   -0.0438412271970338   0.00776009153790769   0
0.0589750840503004   0.165913068324951   -0.0281402837440216   -0.00861747217799322   0
0.109201844729199   0.15949658643761   0.0502267606788982   -0.00641648188734142   0
0.110292939547416   0.17867168699601   0.00109109481821758   0.0191751005583995   0
0.0849563412019374   0.177602447596451   -0.0253365983454788   -0.00106923939955889   0
0.0768342067444572   0.171794344309555   -0.00812213445748013   -0.00580810328689543   0
0.122611982850046   0.163756496597845   0.0457777761055888   -0.00803784771171026   0
0.0865296749314361   0.176915515244565   -0.03608230791861   0.0131590186467203   0
0.0805547305022492   0.17660678236693   -0.00597494442918688   -0.00030873287763572   0
0.102587198267328   0.18241867780877   0.0220324677650785   0.00581189544184096   0
0.0937501765039939   0.183699601212142   -0.00883702176333384   0.00128092340337155   0
0.0536196336969734   0.184723960496466   -0.0401305428070205   0.00102435928432418   0
0.0950885888658045   0.177669959761069   0.0414689551688311   -0.00705400073539683   0
0.10640714024479   0.1887499098417   0.0113185513789855   0.011079950080631   0
0.0557169478251681   0.207451217468107   -0.0506901924196219   0.0187013076264071   0
0.104702742969848   0.240845238718248   0.0489857951446797   0.0333940212501408   0
0.119757808779219   0.205247461054942   0.0150550658093713   -0.0355977776633061   0
0.11189035442012   0.207147449782757   -0.00786745435909939   0.00189998872781524   0
0.176123103182916   0.224691240428393   0.0642327487627961   0.0175437906456358   0
0.139402956133864   0.240678017060657   -0.0367201470490519   0.0159867766322641   0
0.142708043432842   0.244982246516967   0.00330508729897835   0.00430422945630976   0
0.134322828855895   0.240611805889175   -0.00838521457694752   -0.00437044062779207   0
0.116108396243338   0.251646625053864   -0.0182144326125567   0.0110348191646891   0
0.0800742439103617   0.243566542533042   -0.0360341523329763   -0.00808008252082229   0
0.142573107412794   0.251517448882279   0.0624988635024319   0.00795090634923765   0
0.0852930291600081   0.25345371803349   -0.0572800782527855   0.00193626915121092   0
0.129151654433886   0.256445808497624   0.0438586252738782   0.00299209046413362   0
0.125700198232342   0.253526170682634   -0.00345145620154469   -0.00291963781498999   0
0.132880357132648   0.271043909155878   0.00718015890030602   0.0175177384732444   0
0.0970524918484837   0.263935796587447   -0.035827865284164   -0.00710811256843169   0
0.13811668793875   0.266526788711754   0.0410641960902661   0.00259099212430752   0
0.125554148857336   0.27622802212348   -0.0125625390814142   0.00970123341172635   0
0.0971314183300646   0.270551675755298   -0.0284227305272711   -0.00567634636818232   0
0.110374623740197   0.260173257738954   0.0132432054101322   -0.0103784180163445   0
0.126984938214105   0.266246292998137   0.016610314473908   0.00607303525918373   0
0.0885089779137687   0.258919184957392   -0.038475960300336   -0.00732710804074566   0
0.104724193502228   0.257454592469235   0.0162152155884593   -0.00146459248815645   0
0.146718275898812   0.269384793933789   0.0419940823965843   0.0119302014645538   0
0.1096524175811   0.277685772009028   -0.037065858317712   0.00830097807523916   0
0.0888967142678069   0.264914278581299   -0.0207557033132935   -0.0127714934277294   0
0.120442103992416   0.289603490095078   0.0315453897246094   0.0246892115137793   0
0.130042731688357   0.301584764674046   0.00960062769594074   0.0119812745789684   0
0.100498030773344   0.306159005424877   -0.029544700915013   0.00457424075083074   0
0.0886343289981348   0.303739282346719   -0.0118637017752092   -0.00241972307815802   0
0.146678231407425   0.308475555732136   0.0580439024092898   0.00473627338541655   0
0.101847263922307   0.315925365992508   -0.0448309674851179   0.007449810260372   0
0.090480155769594   0.313266081263197   -0.0113671081527127   -0.00265928472931071   0
0.112798920891159   0.311311929792692   0.0223187651215652   -0.00195415147050498   0
0.134197356425155   0.317188627824202   0.0213984355339954   0.0058766980315097   0
0.0942349938033053   0.312600907336335   -0.0399623626218493   -0.0045877204878666   0
0.102960017605573   0.314051376720832   0.00872502380226813   0.00145046938449689   0
0.168897783356591   0.336449182626812   0.0659377657510177   0.0223978059059801   0
0.179581018019952   0.275855963855234   0.0106832346633614   -0.0605932187715785   0
0.135827197367758   0.282624723655769   -0.0437538206521941   0.00676875980053565   0
0.15991225090965   0.303016263092841   0.0240850535418917   0.0203915394370719   0
0.132737897667103   0.307287234748289   -0.0271743532425468   0.00427097165544754   0
0.115887186801001   0.309199084629143   -0.0168507108661028   0.0019118498808543   0
0.0727557674592365   0.294067280067844   -0.043131419341764   -0.0151318045612988   0
0.0896234117620619   0.283800553819491   0.0168676443028254   -0.010266726248353   0
0.122327251376175   0.291962042020876   0.0327038396141134   0.00816148820138507   0
0.0652652804920809   0.302142647875552   -0.0570619708840944   0.010180605854676   0
0.0820040407789472   0.289205156645762   0.0167387602868663   -0.0129374912297899   0
0.13947938621058   0.316232916772986   0.0574753454316323   0.0270277601272231   0
0.035962357770391   0.305585115035075   -0.103517028440189   -0.0106478017379106   0
0.116200388996122   0.294683553846325   0.0802380312257307   -0.0109015611887499   0
0.121274399097171   0.296985683271938   0.00507401010104969   0.00230212942561309   0
0.0777147632434147   0.299178371458399   -0.0435596358537567   0.00219268818646118   0
0.0856245683133299   0.299062294606408   0.00790980506991522   -0.000116076851991331   0
0.0962274238305276   0.296148989283266   0.0106028555171977   -0.0029133053231421   0
0.10533720266525   0.325033809351427   0.00910977883472258   0.0288848200681614   0
0.0248561041305209   0.314985844439476   -0.0804810985347293   -0.010047964911951   0
0.0438422887601526   0.292022262361108   0.0189861846296316   -0.022963582078368   0
0.141747933371398   0.30920821556558   0.0979056446112458   0.0171859532044712   0
0.0888053433145489   0.318512185457637   -0.0529425900568494   0.00930396989205717   0
0.07175406162004   0.305785749863364   -0.0170512816945089   -0.0127264355942725   0
0.338917024184386   0.397643743553196   0.267162962564346   0.0918579936898317   1
0.481957941043863   0.391370476165806   0.143040916859477   -0.00627326738738959   0
0.247094767830078   0.368235671249405   -0.234863173213786   -0.0231348049164013   0
0.292711336308618   0.346753307705204   0.0456165684785403   -0.021482363544201   0
0.118266946748855   0.348267898260606   -0.174444389559763   0.00151459055540215   0
0.179464614145547   0.363975434108749   0.0611976673966922   0.0157075358481431   0
0.107873673943617   0.381935338100496   -0.0715909402019302   0.0179599039917464   0
0.0989096881332157   0.341975882474733   -0.00896398581040082   -0.0399594556257625   0
0.0470619335665419   0.328769957762738   -0.0518477545666739   -0.0132059247119952   0
0.118959068996147   0.321008436671795   0.0718971354296049   -0.00776152109094252   0
0.169435359122056   0.315347791712504   0.050476290125909   -0.00566064495929181   0
0.140711474550479   0.343230943977229   -0.0287238845715771   0.0278831522647259   0
0.196002996551634   0.339067858011121   0.0552915220011557   -0.00416308596610804   0
0.107294952512269   0.314693974785425   -0.0887080440393656   -0.0243738832256959   0
0.102640426272741   0.311787569285419   -0.00465452623952763   -0.00290640550000643   0
0.180376683725503   0.329118764277046   0.0777362574527615   0.0173311949916273   0
0.0849587225479527   0.282008334849628   -0.09541796117755   -0.0471104294274182   0
0.150109055849739   0.274644773885286   0.0651503333017861   -0.00736356096434193   0
0.0946245593796346   0.319142414742228   -0.0554844964701042   0.0444976408569414   0
0.100780862741743   0.310247841504175   0.00615630336210816   -0.00889457323805215   0
0.144228917471983   0.293146530179874   0.0434480547302399   -0.017101311324301   0
0.140270354567171   0.300377946209022   -0.00395856290481125   0.0072314160291474   0
0.144917427114961   0.295500138301575   0.00464707254778943   -0.00487780790744674   0
0.205369822077734   0.313025951253646   0.0604523949627728   0.017525812952071   0
0.0917131806850575   0.309064842460688   -0.113656641392676   -0.00396110879295791   0
0.116085334041818   0.281069885222412   0.0243721533567602   -0.0279949572382759   0
0.136196819457357   0.284673215862311   0.0201114854155397   0.00360333063989887   0
0.101584492567764   0.280916139352049   -0.0346123268895939   -0.00375707651026175   0
0.111611117253883   0.277893481381001   0.0100266246861194   -0.00302265797104884   0
0.140089138636941   0.281127798034937   0.0284780213830578   0.00323431665393675   0
0.14032189927538   0.297338419045958   0.000232760638439689   0.0162106210110211   0
0.107875303549469   0.30707188595425   -0.0324465957259117   0.00973346690829174   0
0.0767015138814906   0.303729968541009   -0.031173789667978   -0.00334191741324086   0
0.163457825271352   0.305816387935637   0.0867563113898619   0.00208641939462767   0
0.114238731766682   0.299558488842329   -0.0492190935046701   -0.00625789909330754   0
0.170110068962569   0.297386123565811   0.0558713371958867   -0.00217236527651815   0
0.173197146411856   0.310427075946993   0.00308707744928732   0.0130409523811815   0
0.124784255242599   0.314838157798574   -0.0484128911692577   0.00441108185158162   0
0.0787346480757995   0.321110630940101   -0.0460496071667991   0.00627247314152701   0
0.161367198804497   0.336657203785245   0.0826325507286973   0.0155465728451437   0
0.0668154312785602   0.371487140736056   -0.0945517675259366   0.0348299369508105   0
0.135336316948401   0.386579731773408   0.0685208856698408   0.0150925910373522   0
0.157195053719416   0.362086055408794   0.0218587367710148   -0.0244936763646141   0
0.145957121369394   0.360955959244338   -0.0112379323500218   -0.00113009616445597   0
0.104007927429115   0.356575997252339   -0.0419491939402792   -0.0043799619919988   0
0.128879371844566   0.374881336749044   0.0248714444154516   0.0183053394967049   0
0.149996931292877   0.402581406616724   0.0211175594483105   0.0277000698676801   0
0.108746635217463   0.40917170442676   -0.0412502960754137   0.00659029781003628   0
0.125334888247686   0.408279701177391   0.0165882530302231   -0.000892003249368833   0
0.152696553990455   0.415737998993657   0.027361665742769   0.00745829781626572   0
0.0894837244686429   0.397956182385385   -0.0632128295218123   -0.0177818166082718   0
0.0936912239603048   0.396200396446672   0.00420749949166194   -0.00175578593871334   0
0.140891640347751   0.401226320109985   0.0472004163874461   0.00502592366331284   0
0.106167554946792   0.415807225845704   -0.0347240854009594   0.0145809057357189   0
0.0966888040513482   0.397706868819863   -0.00947875089544337   -0.0181003570258403   0
0.164883489277156   0.383673610961221   0.0681946852258078   -0.0140332578586422   0
0.128866094852603   0.397390033073931   -0.0360173944245532   0.0137164221127098   0
0.142003522827182   0.392046992117029   0.0131374279745793   -0.0053430409569018   0
0.110087501886545   0.377759141085957   -0.0319160209406372   -0.0142878510310722   0
0.167283290368174   0.414632334781068   0.0571957884816295   0.0368731936951114   0
0.0666819254830093   0.411036519323405   -0.100601364885165   -0.0035958154576633   0
0.0865300006878476   0.410199535072262   0.0198480752048383   -0.00083698425114298   0
0.105740073455836   0.408932539445078   0.0192100727679886   -0.00126699562718446   0
0.0485855540035863   0.41354465152901   -0.0571545194522498   0.00461211208393197   0
0.0538279450939751   0.397500480427697   0.00524239109038882   -0.0160441711013126   0
0.0993945138201802   0.407899165622155   0.0455665687262051   0.0103986851944577   0
0.0986763019891043   0.412232976902018   -0.000718211831075954   0.00433381127986354   0
0.0961880967319242   0.40454570182459   -0.00248820525718012   -0.00768727507742845   0
0.127939757945292   0.403645463471659   0.0317516612133682   -0.000900238352931348   0
0.133447912038818   0.409228041070929   0.00550815409352526   0.0055825775992705   0
0.0935129509058018   0.432237099436467   -0.0399349611330158   0.0230090583655377   0
0.0953835216277424   0.415128851105593   0.00187057072194055   -0.0171082483308732   0
0.0953605399676931   0.437570733781694   -2.29816600492566e-05   0.0224418826761004   0
0.0702750506751863   0.428934807411045   -0.0250854892925069   -0.00863592637064914   0
0.104043147165058   0.40719695871961   0.0337680964898721   -0.0217378486914345   0
0.137077559182421   0.414879155804133   0.0330344120173621   0.00768219708452272   0
0.0734727804367005   0.418652844434981   -0.06360477874572   0.00377368863084759   0
0.137844917679108   0.416976361180403   0.0643721372424073   -0.00167648325457742   0
0.184216954569035   0.390788439877068   0.0463720368899275   -0.0261879213033355   0
0.102063932501398   0.392837443040057   -0.0821530220676369   0.00204900316298934   0
0.341292391506696   0.41362452574799   0.239228459005298   0.0207870827079335   0
0.205561369453528   0.400879418194861   -0.135731022053168   -0.0127451075531299   0
0.203867175453357   0.440772306678289   -0.00169419400017101   0.0398928884834288   0
