0.239809295170996   0.241403215445134   0   0   0
0.327721056180405   0.21742921790001   0.0879117610094085   -0.0239739975451245   0
0.202049163806881   0.228695395998149   -0.125671892373523   0.0112661780981386   0
0.2031792985893   0.230907605020038   0.00113013478241875   0.00221220902188973   0
0.297546047225787   0.383724564551841   0.0943667486364864   0.152816959531803   0
0.293748397721945   0.278774726655771   -0.00379764950384154   -0.10494983789607   0
0.30484882519544   0.245487648057392   0.0111004274734951   -0.0332870785983792   0
0.236760642444305   0.218710035463625   -0.0680881827511352   -0.0267776125937673   0
0.392445675367942   0.169306409983504   0.155685032923637   -0.0494036254801203   0
0.528476086074706   0.0730209916288321   0.136030410706764   -0.0962854183546724   0
0.274354893109272   0.0921270129735031   -0.254121192965434   0.019106021344671   1
0.262098695197134   0.103646248245945   -0.0122561979121382   0.0115192352724417   0
0.196695856528347   0.115612196011331   -0.0654028386687869   0.0119659477653866   0
0.231358254629049   0.139362400806324   0.0346623981007025   0.0237502047949927   0
0.320092561271955   0.163244922128255   0.0887343066429053   0.0238825213219309   0
0.223235150346557   0.131853687787913   -0.0968574109253973   -0.0313912343403417   0
0.374316174041411   0.125017286315423   0.151081023694854   -0.00683640147249004   0
0.213828165143322   0.0720738854706058   -0.160488008898089   -0.0529434008448174   0
0.190012290590504   0.0871530736093111   -0.0238158745528188   0.0150791881387053   0
0.146809284905451   0.0279786238763114   -0.0432030056850523   -0.0591744497329998   0
0.0855916602943885   0.0456621587380735   -0.0612176246110629   0.0176835348617622   0
0.23487384516095   0.03975459879014   0.149282184866562   -0.00590755994793354   0
0.153506816453374   0.0332949751275624   -0.0813670287075757   -0.00645962366257757   0
0.230282727575951   0.105308773484247   0.0767759111225764   0.072013798356685   0
0.0806502044506398   0.0665984739633912   -0.149632523125311   -0.0387102995208562   0
0.0899414950765774   0.0662858122126636   0.00929129062593763   -0.000312661750727652   0
0.19866711958072   0.0634701077284417   0.108725624504142   -0.00281570448422185   0
0.0904875097227236   0.0693662765973539   -0.108179609857996   0.00589616886891212   0
0.33867673192921   0.0584244984905305   0.248189222206486   -0.0109417781068233   0
0.300557356143149   0.0341806734949006   -0.0381193757860606   -0.0242438249956299   0
0.155013522863684   0.0349090901538912   -0.145543833279465   0.000728416658990559   0
0.11176312893817   0.0482331006884536   -0.0432503939255145   0.0133240105345624   0
0.22663070596477   0.0612632429309011   0.1148675770266   0.0130301422424475   0
0.177729549571139   0.0483590273409216   -0.0489011563936307   -0.0129042155899795   0
0.167214536354618   0.048608967415254   -0.0105150132165207   0.000249940074332433   0
0.236322184836718   0.0716546112441684   0.0691076484820997   0.0230456438289144   0
0.175550723103381   0.0535788839258761   -0.0607714617333367   -0.0180757273182923   0
0.284242640717838   0.0905246590272507   0.108691917614457   0.0369457751013746   0
0.18503001678444   0.0717015751877879   -0.0992126239333985   -0.0188230838394628   0
0.343839937044681   0.134899599638546   0.158809920260241   0.0631980244507581   0
0.271558234624587   0.118157512792765   -0.0722817024200933   -0.0167420868457807   0
0.301304588145684   0.127204204503035   0.0297463535210961   0.00904669171026985   0
0.2636606804007   0.136658761995353   -0.0376439077449837   0.00945455749231766   0
0.259361028114017   0.128894364006742   -0.00429965228668272   -0.00776439798861089   0
0.396642912587632   0.148418127886252   0.137281884473615   0.0195237638795105   0
0.28729321123375   0.171281836498357   -0.109349701353882   0.0228637086121048   0
0.229830449077336   0.164765907804831   -0.0574627621564137   -0.00651592869352652   0
0.229818448923856   0.142741264911377   -1.20001534803238e-05   -0.0220246428934535   0
0.219104834432766   0.160347520600569   -0.0107136144910894   0.017606255689192   0
0.307000734943746   0.143943936926847   0.0878959005109793   -0.0164035836737227   0
0.235681586396753   0.153669121407002   -0.0713191485469931   0.00972518448015564   0
0.257589927221543   0.164568608243644   0.0219083408247907   0.0108994868366419   0
0.265434185202208   0.276275537163083   0.00784425798066452   0.111706928919439   0
0.235482546635626   0.457682542084303   -0.0299516385665814   0.18140700492122   1
0.379680596343822   0.364563666039623   0.144198049708195   -0.0931188760446798   1
0.5667665754109   0.30366113173322   0.187085979067079   -0.0609025343064033   1
0.352269748076669   0.125876829857653   -0.214496827334231   -0.177784301875567   1
0.219167328911702   0.235231178752414   -0.133102419164968   0.109354348894761   1
0.0213451339318754   0.226103662806466   -0.197822194979826   -0.00912751594594785   0
0.0655915835723609   0.234568355788883   0.0442464496404854   0.00846469298241714   0
0.156483609651267   0.248487571403481   0.0908920260789058   0.0139192156145979   0
0.32011075228622   0.23721312384278   0.163627142634954   -0.0112744475607011   0
0.101039771941647   0.256882254338929   -0.219070980344574   0.0196691304961488   0
0.255502689825939   0.205939858258425   0.154462917884292   -0.050942396080504   0
0.0864560657837841   0.271693285966915   -0.169046624042155   0.0657534277084907   0
0.296761646285382   0.200729605551847   0.210305580501598   -0.0709636804150685   0
0.236341771140745   0.24736395940092   -0.0604198751446364   0.0466343538490732   0
0.203964650851955   0.230671025979099   -0.03237712028879   -0.0166929334218213   0
0.273799474758444   0.243037966377683   0.0698348239064891   0.0123669403985848   0
0.151173410638511   0.241188324618958   -0.122626064119933   -0.00184964175872515   0
0.32084415954703   0.228983134506125   0.169670748908519   -0.0122051901128336   0
0.296689680293468   0.241221714939804   -0.0241544792535623   0.0122385804336792   0
0.375866449758422   0.222788524806037   0.0791767694649539   -0.0184331901337673   0
0.311594910912566   0.231835765767493   -0.0642715388458555   0.00904724096145665   0
0.321350435335009   0.231835765767493   0.00975552442244326   0   0
0.334404799932657   0.234769413589697   0.0130543645976472   0.00293364782220329   0
0.323710394266604   0.211293760845535   -0.0106944056660528   -0.0234756527441619   0
0.446039868469176   0.224965532780024   0.122329474202573   0.0136717719344892   0
0.37529565394899   0.232581420841176   -0.0707442145201863   0.00761588806115163   0
0.428353789337739   0.226177740205021   0.053058135388749   -0.00640368063615443   0
0.339579070294387   0.234082916417452   -0.0887747190433523   0.00790517621243131   0
0.37020733795191   0.234145157373583   0.0306282676575238   6.22409561307491e-05   0
0.399287434169722   0.287838659462206   0.0290800962178114   0.0536935020886232   0
0.332669175351429   0.274945949937892   -0.0666182588182926   -0.0128927095243139   0
0.45977650724129   0.253390970291958   0.127107331889861   -0.0215549796459343   0
0.426474824445711   0.300554663302285   -0.033301682795579   0.047163693010327   0
0.28836767281692   0.286840627113734   -0.138107151628791   -0.0137140361885515   0
0.428917079735699   0.28539881739331   0.140549406918779   -0.00144180972042346   0
0.375929849366926   0.282946390901616   -0.0529872303687726   -0.0024524264916943   0
0.422302143969741   0.269945486068484   0.0463722946028147   -0.013000904833132   0
0.358662399646255   0.288425823221933   -0.0636397443234861   0.0184803371534496   0
0.488607873589855   0.343227015792755   0.1299454739436   0.0548011925708214   0
0.789239458498497   0.311322457139298   0.300631584908641   -0.031904558653457   1
0.177131455502996   0.30274798050689   -0.6121080029955   -0.00857447663240829   1
0.225322505739418   0.285322208978726   0.0481910502364215   -0.0174257715281632   0
0.120980392526062   0.385546855740324   -0.104342113213356   0.100224646761597   0
0.195140017759275   0.287596386911849   0.0741596252332127   -0.0979504688284746   0
0.356840637653687   0.270561824765616   0.161700619894413   -0.0170345621462329   0
0.285208014743625   0.294796067462322   -0.0716326229100618   0.024234242696706   0
0.40969642301099   0.272984689754755   0.124488408267365   -0.0218113777075669   0
0.261189076655284   0.274345883381271   -0.148507346355706   0.00136119362651577   0
0.415169043255877   0.287988821243985   0.153979966600592   0.013642937862714   0
0.28994929980569   0.287889003566913   -0.125219743450187   -9.98176770721226e-05   0
0.379084037968839   0.279485713433174   0.0891347381631486   -0.00840329013373942   0
0.592135568583749   0.336828341912464   0.213051530614911   0.0573426284792909   0
0.398468960092251   0.358904275467707   -0.193666608491498   0.022075933555243   0
0.367032848239895   0.345916587968111   -0.0314361118523559   -0.0129876874995962   0
0.365866168898358   0.323389227110691   -0.00116667934153752   -0.0225273608574202   0
0.484396616431205   0.312798803732127   0.118530447532847   -0.0105904233785634   0
0.483400392946675   0.303532311065066   -0.000996223484529823   -0.00926649266706142   0
0.354657453372237   0.279401662866383   -0.128742939574438   -0.024130648198683   0
0.455376669451785   0.296989650602087   0.100719216079548   0.0175879877357044   0
0.412987642962062   0.269226502199821   -0.0423890264897223   -0.0277631484022669   0
0.326689198519342   0.275951507985552   -0.0862984444427206   0.00672500578573115   0
0.333783840946877   0.276327087467914   0.00709464242753499   0.000375579482361887   0
0.526459800894617   0.286394702466282   0.19267595994774   0.010067614998368   0
0.442590878522378   0.287543950896641   -0.0838689223722396   0.00114924843035957   0
0.369688977798906   0.282488046643128   -0.0729019007234716   -0.00505590425351332   0
0.389078079484838   0.300789159426915   0.0193891016859321   0.018301112783787   0
0.316297487546518   0.281804796790704   -0.0727805919383196   -0.0189843626362108   0
0.328169352712909   0.2983355121629   0.011871865166391   0.0165307153721962   0
0.476364012312013   0.333036891802545   0.148194659599104   0.0347013796396447   0
0.734226221691244   0.358593110007359   0.257862209379231   0.0255562182048142   0
0.426522521039816   0.356600290895142   -0.307703700651428   -0.00199281911221705   0
0.499779598031877   0.340146328925508   0.0732570769920617   -0.0164539619696339   0
0.501550192905366   0.353312177863642   0.0017705948734888   0.0131658489381341   0
0.48751226878371   0.361639952721626   -0.0140379241216565   0.00832777485798392   0
0.684859725848294   0.37373895111896   0.197347457064584   0.0120989983973334   0
0.541303911374202   0.379848367050261   -0.143555814474092   0.00610941593130171   0
0.670593770612291   0.354438289990303   0.129289859238089   -0.0254100770599585   0
0.678455197269473   0.389571735787198   0.00786142665718237   0.0351334457968947   0
0.67414726914692   0.425830993978538   -0.0043079281225531   0.0362592581913409   0
1.04478249983908   0.522837596216311   0.370635230692161   0.0970066022377722   0
0.666293916000206   0.513185688220648   -0.378488583838875   -0.00965190799566273   0
0.630078796108074   0.530341885077211   -0.0362151198921322   0.0171561968565633   0
0.703967152320334   0.541797790846594   0.0738883562122598   0.011455905769383   0
0.598660538207163   0.517895519967348   -0.105306614113171   -0.023902270879246   0
0.662020889316946   0.54461544039556   0.0633603511097831   0.0267199204282118   0
0.763102143735686   0.563801004676739   0.10108125441874   0.0191855642811787   0
0.71900358161069   0.608030916926311   -0.0440985621249964   0.0442299122495718   0
0.664128963297709   0.666190879889916   -0.0548746183129807   0.0581599629636049   0
0.933483259254819   0.684574681393674   0.26935429595711   0.0183838015037584   0
0.71023383588576   0.606451589167264   -0.22324942336906   -0.0781230922264099   0
0.679376613475177   0.608667086899727   -0.0308572224105825   0.0022154977324631   0
0.658900537037237   0.578450160461772   -0.0204760764379395   -0.030216926437955   0
0.70411296753717   0.613773905540346   0.0452124304999326   0.0353237450785743   0
0.520816718550432   0.613037452286563   -0.183296248986738   -0.000736453253783242   0
0.797589258339153   0.637127573606731   0.276772539788721   0.0240901213201675   0
0.844386846064054   0.655199331035411   0.0467975877249007   0.0180717574286803   0
0.762021453763534   0.661430996760055   -0.0823653923005196   0.00623166572464418   0
0.77859012790467   0.759266744419904   0.0165686741411357   0.097835747659849   0
1.01982221824542   0.870407510865026   0.241232090340746   0.111140766445122   0
0.657624532821731   0.714283068752858   -0.362197685423684   -0.156124442112168   1
0.690595732423101   0.769240065494024   0.0329711996013704   0.0549569967411657   0
0.750238725390125   0.884833796885183   0.059642992967024   0.11559373139116   1
0.459356005733636   1.35066825501636   -0.29088271965649   0.465834458131177   1
0.393284040887194   1.348101285565   -0.0660719648464418   -0.00256696945136281   0
0.350560351105202   1.12547765016292   -0.0427236897819919   -0.222623635402077   0
0.583596924479559   1.09179796878234   0.233036573374357   -0.0336796813805775   0
0.378495579522403   1.00116427098766   -0.205101344957156   -0.0906336977946844   0
0.613715564198106   1.05456313426011   0.235219984675703   0.0533988632724482   0
0.527720397743919   0.982411570370331   -0.0859951664541875   -0.0721515638897758   0
0.452003642551042   0.967739619064963   -0.075716755192877   -0.0146719513053679   0
0.646400698054233   0.997924874840286   0.194397055503191   0.0301852557753225   0
0.387439990682699   0.743401253795015   -0.258960707371534   -0.254523621045271   0
