0.359324914582888   0.236352267262364   0   0   0
0.391390683786993   0.207422033777248   0.0320657692041048   -0.0289302334851157   0
0.311470805073285   0.223592899165537   -0.0799198787137085   0.0161708653882886   0
0.338168451897867   0.209885558749286   0.0266976468245825   -0.013707340416251   0
0.294281329632038   0.199448915695849   -0.0438871222658294   -0.0104366430534368   0
0.298032179421954   0.209133931597075   0.00375084978991669   0.00968501590122561   0
0.313096379662876   0.216580591035993   0.015064200240922   0.00744665943891801   0
0.201130672154622   0.481177023814001   -0.111965707508254   0.264596432778008   0
0.219456033001693   0.41033672770086   0.0183253608470707   -0.070840296113141   0
0.20945037382848   0.379701300478745   -0.0100056591732126   -0.0306354272221156   0
0.21797648968648   0.320806071950407   0.00852611585799976   -0.0588952285283373   0
0.208107289170754   0.285397138486881   -0.00986920051572532   -0.0354089334635264   0
0.201527559360997   0.262910153188309   -0.00657972980975785   -0.0224869852985723   0
0.152039020719584   0.201020347052854   -0.0494885386414129   -0.0618898061354545   0
0.183226816487762   0.216298814759813   0.0311877957681783   0.015278467706959   0
0.131554277520491   0.159938982399351   -0.0516725389672708   -0.056359832360462   0
0.151927973965955   0.118246668051605   0.0203736964454642   -0.0416923143477465   0
0.170699796145426   0.0460814091310501   0.0187718221794707   -0.0721652589205547   0
0.14951593922696   0.0783483293053049   -0.021183856918466   0.0322669201742548   0
0.190852509105959   0.0910825273598071   0.0413365698789986   0.0127341980545021   0
0.0867432026661455   0.0316157153503452   -0.104109306439813   -0.0594668120094618   0
0.126562144050344   0.0472871423320864   0.0398189413841983   0.0156714269817412   0
0.164495766112201   0.0517796303530645   0.0379336220618574   0.00449248802097808   0
0.17530890626189   0.0409035547604973   0.0108131401496884   -0.0108760755925672   0
0.171019210093311   0.0440152952225985   -0.00428969616857877   0.00311174046210118   0
0.181104677056143   0.0742760146003574   0.0100854669628326   0.0302607193777589   0
0.187406536931346   0.109031014930913   0.00630185987520274   0.0347550003305558   0
0.169027283299768   0.132197188894327   -0.0183792536315782   0.0231661739634143   0
0.117013810979046   0.13682336580304   -0.0520134723207215   0.00462617690871256   0
0.108659756113568   0.135874771354003   -0.00835405486547876   -0.00094859444903736   0
0.137491022947136   0.156388423519965   0.0288312668335688   0.0205136521659625   0
0.143061276687474   0.191784461719459   0.00557025374033757   0.0353960381994935   0
0.135909156185924   0.191511282065078   -0.00715212050154956   -0.000273179654380312   0
0.110978066730413   0.219557525482822   -0.0249310894555114   0.0280462434177436   0
0.13230388269843   0.212528649464896   0.0213258159680173   -0.00702887601792623   0
0.124176703955492   0.225158068750317   -0.0081271787429379   0.0126294192854214   0
0.13131375909462   0.221190875470424   0.007137055139128   -0.00396719327989334   0
0.142613207826352   0.22386284196914   0.0112994487317321   0.00267196649871593   0
0.149550187384169   0.215137107539587   0.00693697955781633   -0.00872573442955224   0
0.179165026198753   0.247054534120505   0.0296148388145843   0.031917426580918   0
0.239003740970492   0.227627666885097   0.0598387147717388   -0.0194268672354088   0
0.179145412788745   0.227784371374552   -0.0598583281817465   0.000156704489455817   0
0.16788213728378   0.256614747445465   -0.0112632755049653   0.028830376070913   0
0.183261093138124   0.279759020064591   0.0153789558543434   0.0231442726191252   0
0.174397545529431   0.281711902103017   -0.00886354760869243   0.0019528820384267   0
0.17135876397468   0.280274366049145   -0.00303878155475137   -0.00143753605387248   0
0.175404835799273   0.28425790743179   0.00404607182459346   0.00398354138264506   0
0.20083077437843   0.308366405679186   0.0254259385791571   0.0241084982473957   0
0.218992202564863   0.317347142918445   0.0181614281864326   0.00898073723925952   0
0.202751397754319   0.32771527441668   -0.0162408048105442   0.0103681314982351   0
0.193830828677567   0.327568359854092   -0.00892056907675168   -0.00014691456258803   0
0.18346093322536   0.329664234519761   -0.0103698954522072   0.00209587466566885   0
0.207537353992022   0.349787772597542   0.0240764207666624   0.0201235380777813   0
0.23791845524778   0.360211250520094   0.0303811012557578   0.0104234779225517   0
0.2493139657079   0.373872752079167   0.0113955104601199   0.0136615015590726   0
0.236883703223523   0.375856409622079   -0.0124302624843774   0.00198365754291235   0
0.258735959290931   0.415097618825982   0.0218522560674085   0.0392412092039027   0
0.283922076515734   0.482128492637077   0.025186117224803   0.0670308738110953   0
0.315127774535362   0.51459365021199   0.0312056980196279   0.032465157574913   0
0.288775518930899   0.508768437582856   -0.026352255604463   -0.00582521262913438   0
0.30669226020159   0.536932645385341   0.0179167412706913   0.0281642078024851   0
0.340884639081904   0.55099249017591   0.0341923788803138   0.0140598447905691   0
0.372457412809927   0.561328329966963   0.0315727737280225   0.0103358397910535   0
0.407480203367427   0.575714890891533   0.0350227905575008   0.01438656092457   0
0.333604592538667   0.568481200570652   -0.0738756108287605   -0.00723369032088106   0
0.3638584339292   0.554890089975258   0.0302538413905331   -0.0135911105953941   0
0.430848568473008   0.574437234985903   0.0669901345438076   0.0195471450106453   0
0.439620411488605   0.577184826217954   0.00877184301559691   0.00274759123205082   0
0.430539185167854   0.567062279081628   -0.00908122632075015   -0.0101225471363263   0
0.47178109402316   0.574678327157245   0.0412419088553058   0.00761604807561755   0
0.527579910779789   0.60943143277587   0.0557988167566286   0.0347531056186249   0
0.612333517308141   0.619213126696092   0.0847536065283526   0.00978169392022121   0
0.463274023335002   0.59681342822925   -0.149059493973139   -0.0223996984668416   0
0.462686419499524   0.585231688049485   -0.000587603835477513   -0.0115817401797647   0
0.509855566278579   0.608708454040397   0.0471691467790541   0.0234767659909116   0
0.451496046054271   0.566790219874602   -0.0583595202243081   -0.0419182341657945   0
0.396473494049085   0.538544582774258   -0.0550225520051853   -0.028245637100344   0
0.352491236979361   0.542755115522185   -0.0439822570697243   0.00421053274792627   0
0.325964997461629   0.561584624879679   -0.0265262395177316   0.0188295093574945   0
0.295308262774359   0.567722145099387   -0.0306567346872701   0.00613752021970837   0
0.287540328129812   0.564081490598876   -0.00776793464454717   -0.00364065450051132   0
0.292639743310115   0.565663925902563   0.00509941518030294   0.00158243530368662   0
0.30048217453453   0.569117618441478   0.00784243122441541   0.00345369253891548   0
0.315008814361694   0.575093240308256   0.0145266398271633   0.00597562186677814   0
0.307132467795591   0.544543175051804   -0.00787634656610231   -0.030550065256452   0
0.27008004933908   0.55686833920663   -0.0370524184565112   0.0123251641548253   0
0.282187513647858   0.582339743642832   0.0121074643087777   0.0254714044362028   0
0.329234109473925   0.588849408682305   0.0470465958260671   0.00650966503947237   0
0.313309962026425   0.564324717911815   -0.0159241474474998   -0.0245246907704895   0
0.316377612586937   0.584251665428948   0.00306765056051178   0.0199269475171331   0
0.368234929090112   0.591220579574367   0.0518573165031753   0.00696891414541823   0
0.366116705516151   0.589174124811375   -0.0021182235739613   -0.00204645476299148   0
0.355240333298191   0.623670317366074   -0.0108763722179597   0.0344961925546992   0
0.343400754929223   0.639518160768715   -0.0118395783689687   0.0158478434026407   0
0.400306589070228   0.66877309304969   0.056905834141005   0.0292549322809754   0
0.340988138749722   0.681001421508245   -0.0593184503205051   0.0122283284585543   0
0.305038268147605   0.67510252289356   -0.0359498706021177   -0.00589889861468451   0
0.329570544772269   0.701262805439587   0.024532276624664   0.0261602825460268   0
0.340868885290826   0.701522764006272   0.0112983405185568   0.000259958566685259   0
0.304585171940198   0.677808123979419   -0.0362837133506276   -0.0237146400268528   0
0.337559129849705   0.701175289620755   0.032973957909507   0.0233671656413357   0
0.355984223713369   0.723382993788387   0.0184250938636641   0.0222077041676322   0
0.353922045437537   0.707778824191746   -0.00206217827583222   -0.0156041695966417   0
0.336472591481327   0.713504624489919   -0.0174494539562099   0.00572580029817304   0
0.33531840571099   0.742484183312008   -0.00115418577033716   0.0289795588220897   0
0.334407702009747   0.779368639539243   -0.000910703701242466   0.0368844562272344   0
0.317513057796935   0.839188445775441   -0.0168946442128121   0.059819806236198   0
0.311782941918396   0.829869335897224   -0.00573011587853917   -0.00931910987821649   0
0.319946500207083   0.853432923953312   0.00816355828868676   0.0235635880560878   0
0.348062079972654   0.865428140738733   0.0281155797655708   0.0119952167854208   0
0.318602653773568   0.796009937114638   -0.0294594261990858   -0.0694182036240949   0
0.222562486405504   0.534812172713234   -0.0960401673680643   -0.261197764401404   0
0.223093706679167   0.526470649457546   0.000531220273662869   -0.00834152325568827   0
0.257045474257032   0.644708515500028   0.0339517675778655   0.118237866042482   0
0.291389574983406   0.715283834367344   0.034344100726374   0.0705753188673158   0
0.281131821081036   0.741436560236613   -0.01025775390237   0.0261527258692685   0
0.305743099471713   0.770592227831296   0.0246112783906773   0.0291556675946836   0
0.329770221629607   0.814034078936502   0.0240271221578935   0.0434418511052064   0
0.345746079485639   0.847800618548518   0.0159758578560324   0.0337665396120157   0
0.360266317840067   0.827889403230438   0.0145202383544275   -0.0199112153180806   0
0.345801817494096   0.73439399576828   -0.0144645003459709   -0.093495407462158   0
0.363063381870452   0.770314218745344   0.0172615643763566   0.0359202229770647   0
0.386286679992839   0.807999674388548   0.0232232981223865   0.037685455643204   0
0.354907932241645   0.781305590515964   -0.031378747751194   -0.0266940838725838   0
0.347165198855674   0.795792416467228   -0.00774273338597042   0.0144868259512636   0
0.358152671635738   0.780479985215188   0.0109874727800637   -0.0153124312520401   0
0.342417221075708   0.777080442407348   -0.0157354505600307   -0.00339954280783983   0
0.361953226502128   0.804151658978734   0.0195360054264206   0.0270712165713858   0
0.327990747971479   0.794893265622813   -0.0339624785306496   -0.00925839335592094   0
0.321119681620797   0.830729796753734   -0.00687106635068147   0.035836531130921   0
0.33739844542582   0.839661043207019   0.0162787638050229   0.00893124645328536   0
0.321780153987548   0.851357915715975   -0.0156182914382721   0.011696872508956   0
0.329290539846881   0.835723690917339   0.00751038585933261   -0.0156342247986362   0
0.328156455942543   0.878239342670465   -0.00113408390433772   0.0425156517531255   0
0.32805560098726   0.887011192004503   -0.00010085495528267   0.00877184933403852   0
0.332954866902438   0.886876672613081   0.00489926591517759   -0.000134519391422172   0
0.34367673658339   0.912417207226634   0.0107218696809524   0.0255405346135527   0
0.312033156601987   0.848783302743109   -0.0316435799814033   -0.0636339044835251   0
0.355663518090402   0.894498566698684   0.0436303614884151   0.0457152639555752   0
0.366603278584098   0.93694237717722   0.0109397604936964   0.0424438104785361   0
0.354370674460656   0.928288084497614   -0.0122326041234427   -0.0086542926796056   0
0.352748052325183   0.944134361142523   -0.00162262213547271   0.0158462766449087   0
0.363874340388396   0.896037383431908   0.0111262880632128   -0.0480969777106151   0
0.354622802807799   0.908852061921658   -0.00925153758059649   0.0128146784897504   0
0.347634822916836   0.922720432001075   -0.00698797989096306   0.0138683700794162   0
0.348935546276572   0.925804941351714   0.0013007233597363   0.00308450935063909   0
0.351818013924756   0.956750371209883   0.0028824676481839   0.0309454298581697   0
0.29380968012215   0.846799348372004   -0.0580083338026064   -0.10995102283788   0
0.284570165775842   0.656128206635144   -0.00923951434630815   -0.19067114173686   0
0.285048642846462   0.579313541230697   0.000478477070620542   -0.0768146654044473   0
0.257186366154029   0.683494234195505   -0.0278622766924336   0.104180692964809   0
0.266426460745193   0.797964655412914   0.00924009459116459   0.114470421217408   0
0.259489874481164   0.850836352679086   -0.00693658626402976   0.0528716972661722   0
0.299083983909687   0.881381026699577   0.0395941094285236   0.0305446740204909   0
0.317137333564262   0.901840799811835   0.0180533496545749   0.0204597731122582   0
0.32194009745406   0.934843253077755   0.00480276388979844   0.0330024532659202   0
0.348759112793931   0.965780401307668   0.0268190153398701   0.0309371482299128   0
0.36987454758315   0.980437599365712   0.0211154347892196   0.014657198058044   0
0.413141488265086   1.03094302933043   0.0432669406819355   0.0505054299647163   0
0.393165080447132   1.00843917310366   -0.0199764078179535   -0.0225038562267652   0
0.423718256738649   1.01507610390798   0.0305531762915172   0.00663693080431482   0
0.463417248169304   1.07216955199493   0.0396989914306543   0.0570934480869481   0
0.470406767487289   1.08088526103606   0.00698951931798492   0.00871570904113805   0
0.411583571237058   1.05576951876345   -0.0588231962502311   -0.0251157422726174   0
0.455748032939705   1.06615479485861   0.044164461702647   0.0103852760951613   0
0.517020861978905   1.10007395715015   0.0612728290392005   0.0339191622915467   0
0.467450743422468   1.10300674509497   -0.0495701185564376   0.00293278794481533   0
0.445580200566575   1.09230131768894   -0.0218705428558929   -0.0107054274060274   0
0.521607204533258   1.12650114114456   0.0760270039666833   0.0341998234556193   0
0.638981489163027   1.17539428743082   0.11737428462977   0.0488931462862561   0
0.651614259505453   1.14733632158361   0.0126327703424257   -0.0280579658472118   0
0.647820789298931   1.16538098084918   -0.0037934702065221   0.0180446592655752   0
0.665255175429136   1.17801758490695   0.0174343861302045   0.0126366040577675   0
0.692713345482278   1.21468892397395   0.0274581700531424   0.0366713390670044   0
0.693876171254517   1.20692582541348   0.00116282577223914   -0.00776309856047708   0
0.629455556760293   1.20575306581613   -0.0644206144942245   -0.00117275959734475   0
0.632314212894381   1.24261760513844   0.00285865613408798   0.0368645393223117   0
0.682657610396962   1.26131697404935   0.0503433975025811   0.0186993689109036   0
0.650670458464621   1.28253072390099   -0.0319871519323407   0.0212137498516443   0
0.670134593481041   1.32794255471575   0.01946413501642   0.045411830814762   0
0.671232768482022   1.32171394856262   0.00109817500098131   -0.00622860615312981   0
0.666860280591527   1.36234136531561   -0.00437248789049538   0.0406274167529868   0
0.653701289983896   1.32222396703433   -0.0131589906076307   -0.0401173982812801   0
