0.0790179599029866   0.0226500524965175   0   0   0
0.0737412338235536   0.0327464480131052   -0.00527672607943304   0.0100963955165877   0
0.0831729014489695   0.0308696313191865   0.00943166762541596   -0.00187681669391868   0
0.0530874519445038   0.0454219172425053   -0.0300854495044657   0.0145522859233188   0
0.0610355269398897   0.0537424367682609   0.00794807499538589   0.00832051952575564   0
0.0759307185370322   0.0523136730383654   0.0148951915971425   -0.00142876372989551   0
0.0500629915288729   0.0494160210678936   -0.0258677270081593   -0.00289765197047186   0
0.0639567648615844   0.0394522449921738   0.0138937733327115   -0.00996377607571979   0
0.0412888005740055   0.0716920025829415   -0.0226679642875789   0.0322397575907678   0
0.0355562243960871   0.056611674074015   -0.00573257617791843   -0.0150803285089266   0
0.0540577352948678   0.0455966514985476   0.0185015108987807   -0.0110150225754674   0
0.0286291454329325   0.0504512904312912   -0.0254285898619353   0.00485463893274369   0
0.0546902946814149   0.0445284772833352   0.0260611492484824   -0.00592281314795604   0
0.0745256264627141   0.0293500908275426   0.0198353317812992   -0.0151783864557926   0
0.0579659739086647   0.0392832293240385   -0.0165596525540494   0.00993313849649593   0
0.0657737697424285   0.0412492363697196   0.00780779583376375   0.0019660070456811   0
0.0610870176313265   0.0430813423022368   -0.00468675211110193   0.0018321059325172   0
0.0537204636298869   0.0353754564369847   -0.00736655400143966   -0.00770588586525216   0
0.0607439121869015   0.0336923578213962   0.00702344855701461   -0.00168309861558843   0
0.0647448727697414   0.0381361698030298   0.00400096058283989   0.00444381198163361   0
0.0366722692776163   0.0339782769872252   -0.0280726034921251   -0.00415789281580461   0
0.0474721160607993   0.0321026839789526   0.010799846783183   -0.00187559300827263   0
0.0417976826325336   0.0392832293240385   -0.00567443342826572   0.00718054534508592   0
0.0369053741723343   0.0503174882299633   -0.00489230846019929   0.0110342589059248   0
0.0523382249574821   0.0196880100278723   0.0154328507851478   -0.0306294782020911   0
0.0557274390703538   0.05392828446096   0.00338921411287176   0.0342402744330878   0
0.0524318915135779   0.0285823013911144   -0.00329554755677596   -0.0253459830698456   0
0.0645886475886096   0.0444340608778052   0.0121567560750317   0.0158517594866908   0
0.0737036626642503   0.0184658537238033   0.00911501507564071   -0.0259682071540019   0
0.0831318483998762   0.0545646204301835   0.00942818573562594   0.0360987667063802   0
0.0782347935799028   0.0208827211169905   -0.00489705481997341   -0.033681899313193   0
0.0770318288186701   0.0177228268531215   -0.00120296476123266   -0.00315989426386896   0
0.0714446829074075   0.0159139816696671   -0.00558714591126268   -0.00180884518345443   0
0.0532822403322158   0.0289925158533198   -0.0181624425751917   0.0130785341836527   0
0.0617371476082269   0.0402974135175572   0.00845490727601116   0.0113048976642374   0
0.0549533693725953   0.0398579012359218   -0.00678377823563158   -0.000439512281635329   0
0.0521914451140223   0.03735053892563   -0.00276192425857306   -0.00250736231029187   0
0.0543785901252506   0.041744235407765   0.0021871450112283   0.00439369648213501   0
0.0569664829661267   0.0268734248435141   0.00258789284087609   -0.0148708105642509   0
0.0778532239541202   0.0275273333492367   0.0208867409879936   0.000653908505722632   0
0.0661705627379728   0.0315397037580412   -0.0116826612161474   0.00401237040880452   0
0.0638709561918404   0.0457503461033903   -0.0022996065461324   0.0142106423453491   0
0.0747392687537816   0.0523540272444559   0.0108683125619412   0.00660368114106556   0
0.0631791785569423   0.0354833024847604   -0.0115600901968393   -0.0168707247596955   0
0.0792988476290797   0.0421636665640573   0.0161196690721374   0.0066803640792969   0
0.0623658872245076   0.0333810872970792   -0.0169329604045721   -0.00878257926697801   0
0.0550972944922888   0.0317203218084259   -0.00726859273221878   -0.00166076548865333   0
0.0667174416558369   0.0892223087066934   0.0116201471635481   0.0575019868982675   0
0.0599679666153522   0.0641958579200403   -0.00674947504048467   -0.0250264507866531   0
0.0841339416623874   0.069101889608989   0.0241659750470351   0.00490603168894869   0
0.0609167876146633   0.0567371122307304   -0.023217154047724   -0.0123647773782586   0
0.101069964715389   0.0744715214409173   0.0401531771007258   0.0177344092101868   0
0.0713533582501903   0.0556346962444525   -0.0297166064651988   -0.0188368251964647   0
0.109151915651994   0.0728714626710107   0.0377985574018036   0.0172367664265581   0
0.0849998464693908   0.0709043832739556   -0.0241520691826032   -0.00196707939705502   0
0.110100482311114   0.0759475941110053   0.0251006358417236   0.00504321083704962   0
0.107543108865654   0.0533069452977049   -0.00255737344545989   -0.0226406488133004   0
0.123449122078531   0.0761167309834868   0.0159060132128764   0.0228097856857819   0
0.0989163454954741   0.0726782384700881   -0.0245327765830567   -0.00343849251339867   0
0.157222694447526   0.0927217416519583   0.0583063489520515   0.0200435031818702   0
0.099751853654055   0.105410388230063   -0.0574708407934706   0.0126886465781042   0
0.125246033081292   0.0764082581202778   0.0254941794272367   -0.0290021301097847   0
0.156098015377506   0.0755597738678789   0.0308519822962143   -0.000848484252398862   0
0.142165384271752   0.0760960489403031   -0.013932631105754   0.000536275072424139   0
0.116151904002905   0.0813950357927466   -0.0260134802688472   0.00529898685244354   0
0.735640179613539   0.105445720126862   0.619488275610634   0.0240506843341154   1
0.303991257886473   0.0224505467434186   -0.431648921727066   -0.0829951733834433   1
0.148727373878584   0.0321720016137029   -0.155263884007889   0.00972145487028423   1
0.0701292219239598   0.0258416658197571   -0.0785981519546238   -0.00633033579394582   0
0.0678670224584813   0.0345977976342787   -0.00226219946547851   0.00875613181452164   0
0.0825820540141743   0.0318264396226235   0.014715031555693   -0.00277135801165518   0
0.110237489744188   0.034584648089904   0.0276554357300139   0.00275820846728048   0
0.0881753814575248   0.0278701317769131   -0.0220621082866635   -0.00671451631299092   0
0.123140301832747   0.0364830141861936   0.0349649203752221   0.00861288240928048   0
0.104334584794017   0.0323899832209358   -0.0188057170387295   -0.00409303096525779   0
0.147197541336234   0.0407987206601325   0.0428629565422169   0.00840873743919677   0
0.162178842489642   0.0386881966554723   0.0149813011534073   -0.00211052400466021   0
0.15387607579299   0.0507799583124583   -0.00830276669665161   0.0120917616569859   0
0.161129961532578   0.0272975585847434   0.0072538857395878   -0.0234823997277148   0
0.17150454964767   0.049175591691636   0.0103745881150919   0.0218780331068926   0
0.168703917148472   0.0395537130653369   -0.00280063249919801   -0.00962187862629914   0
0.18869457543824   0.0546272053542463   0.0199906582897682   0.0150734922889095   0
0.163592983242455   0.0526533664662811   -0.0251015921957853   -0.00197383888796519   0
0.183570680603673   0.0685495468487757   0.0199776973612185   0.0158961803824946   0
0.191847227209741   0.0543602354416811   0.00827654660606825   -0.0141893114070947   0
0.209826255002085   0.0734350622777362   0.0179790277923437   0.0190748268360552   0
0.198138944825721   0.0701203433907379   -0.0116873101763643   -0.00331471888699834   0
0.197434660901575   0.0892175873845791   -0.00070428392414551   0.0190972439938411   0
0.169160907460028   0.0877653131880904   -0.0282737534415477   -0.00145227419648862   0
0.180664901093674   0.0953774457726249   0.0115039936336462   0.00761213258453444   0
0.182072077397915   0.0850434575844756   0.00140717630424142   -0.0103339881881493   0
0.200156200972163   0.082307496119263   0.0180841235742479   -0.00273596146521256   0
0.201218341867684   0.098693155558339   0.00106214089552065   0.016385659439076   0
0.17907194341158   0.102731492759779   -0.0221463984561039   0.0040383372014399   0
0.173312164278593   0.107467342725465   -0.00575977913298673   0.00473584996568586   0
0.141865534755592   0.10208496532056   -0.0314466295230013   -0.00538237740490442   0
0.174505808403388   0.09859093020968   0.0326402736477964   -0.00349403511088028   0
0.17722893557749   0.111009996040041   0.00272312717410159   0.0124190658303613   0
0.1787149930693   0.104128818067106   0.00148605749181047   -0.00688117797293521   0
0.196098845934391   0.108520721421314   0.0173838528650908   0.00439190335420811   0
0.203897781464856   0.101144920699818   0.00779893553046465   -0.00737580072149614   0
0.21264244677498   0.103417247706802   0.00874466531012394   0.00227232700698365   0
0.206721129378784   0.0924753853778128   -0.00592131739619539   -0.0109418623289889   0
0.239253687168516   0.115784539862842   0.0325325577897316   0.0233091544850289   0
0.207733815691861   0.111787585068837   -0.0315198714766549   -0.00399695479400462   0
0.244568522286598   0.129346695175563   0.0368347065947368   0.0175591101067258   0
0.249327586995127   0.126740087743076   0.00475906470852916   -0.00260660743248733   0
0.225388122763131   0.133812304593038   -0.023939464231996   0.00707221684996248   0
0.23834094788309   0.130912190475381   0.0129528251199596   -0.00290011411765684   0
0.244835677742379   0.132700678953849   0.00649472985928848   0.00178848847846774   0
0.223509590470141   0.124346946312083   -0.0213260872722382   -0.00835373264176618   0
0.249233435255184   0.142482350080949   0.0257238447850434   0.0181354037688658   0
0.235787351089175   0.124501888376452   -0.0134460841660088   -0.0179804617044967   0
0.274588649573521   0.127951232025614   0.0388012984843459   0.003449343649162   0
0.267031597445939   0.116626035572924   -0.00755705212758218   -0.0113251964526896   0
0.285884546239999   0.139643662216273   0.0188529487940598   0.0230176266433484   0
0.28372144999744   0.137859512311215   -0.00216309624255845   -0.00178414990505757   0
0.294676683208869   0.154958620172459   0.0109552332114284   0.017099107861244   0
0.285464722540369   0.153743944687336   -0.00921196066849955   -0.00121467548512372   0
0.240582721802647   0.1428285821632   -0.0448820007377219   -0.0109153625241354   0
0.182688607906158   0.148149767728944   -0.0578941138964891   0.00532118556574371   0
0.22106832365866   0.157507326729673   0.0383797157525017   0.00935755900072899   0
0.265367440914989   0.170143922583941   0.0442991172563288   0.0126365958542679   0
0.297037420406083   0.173884965362334   0.0316699794910941   0.00374104277839304   0
0.314313551276651   0.175419018090749   0.0172761308705683   0.0015340527284152   0
0.301744120639342   0.175055100987564   -0.0125694306373088   -0.000363917103184952   0
0.312213122507078   0.19767916884493   0.0104690018677361   0.0226240678573664   0
0.316766194291563   0.197095763536942   0.00455307178448411   -0.00058340530798881   0
0.315006287306809   0.193416138306043   -0.00175990698475348   -0.00367962523089821   0
0.184950589357698   0.21837805106283   -0.130055697949111   0.0249619127567867   0
0.240083180209214   0.19826530886366   0.0551325908515157   -0.02011274219917   0
0.204118498376139   0.190245586920012   -0.0359646818330749   -0.00801972194364761   0
0.219533557061899   0.191632654733154   0.0154150586857595   0.0013870678131416   0
0.244251479254988   0.19544893489759   0.0247179221930895   0.00381628016443628   0
0.28680612826242   0.185075692047936   0.0425546490074321   -0.0103732428496542   0
0.231892418827395   0.183838681045428   -0.0549137094350254   -0.00123701100250845   0
0.279283477177527   0.199897637389215   0.0473910583501315   0.0160589563437871   0
0.271313330454384   0.195410438594059   -0.00797014672314211   -0.00448719879515577   0
0.258478275790539   0.196199997906628   -0.0128350546638453   0.000789559312569466   0
0.295502240823145   0.20698977694623   0.0370239650326059   0.0107897790396014   0
0.302557507326938   0.194374324423717   0.00705526650379273   -0.0126154525225133   0
0.303691488590444   0.210176232489821   0.00113398126350661   0.0158019080661042   0
0.291668140270754   0.205774071170671   -0.0120233483196908   -0.00440216131914956   0
0.299955973289498   0.199062622784542   0.00828783301874436   -0.00671144838612914   0
0.322567405480064   0.209985243256496   0.022611432190566   0.0109226204719544   0
0.360844847468729   0.206751713293995   0.0382774419886647   -0.00323352996250101   0
0.38942106445394   0.218046193440083   0.0285762169852117   0.0112944801460873   0
0.297423154183144   0.201477834166249   -0.0919979102707968   -0.0165683592738339   0
0.314924265612877   0.206746034233646   0.0175011114297335   0.00526820006739731   0
0.308292647684826   0.197908061673318   -0.00663161792805156   -0.00883797256032778   0
0.333477071308134   0.212897534240911   0.025184423623308   0.0149894725675929   0
0.326482091390385   0.220658710425716   -0.00699497991774817   0.00776117618480476   0
0.369607694529281   0.224489794151449   0.0431256031388952   0.0038310837257331   0
0.382976339333959   0.232782042521003   0.0133686448046788   0.00829224836955372   0
0.378988084377649   0.222103609165655   -0.00398825495631039   -0.0106784333553479   0
0.37869779130193   0.2276887294109   -0.00029029307571915   0.00558512024524496   0
0.37083271946046   0.241631379260848   -0.00786507184147017   0.0139426498499486   0
0.340890583887631   0.241812816185764   -0.0299421355728287   0.000181436924915374   0
0.265565117686943   0.218088166788251   -0.0753254662006878   -0.0237246493975128   0
0.258760422195996   0.222430997202593   -0.00680469549094748   0.00434283041434208   0
0.231925554003995   0.235394175209371   -0.0268348681920007   0.0129631780067778   0
0.276424911192624   0.233863010892194   0.0444993571886288   -0.00153116431717681   0
0.303152743464429   0.24155073282454   0.0267278322718053   0.00768772193234635   0
0.294088894942958   0.231868524692772   -0.00906384852147152   -0.0096822081317687   0
0.317971923358415   0.242651211513048   0.0238830284154578   0.0107826868202764   0
0.310567284314189   0.253768035124999   -0.00740463904422684   0.0111168236119504   0
0.344152224491736   0.289442852667172   0.033584940177547   0.0356748175421731   0
0.33061327527675   0.279158896650371   -0.0135389492149857   -0.0102839560168007   0
0.459515499823989   0.290301562896671   0.128902224547239   0.0111426662463004   0
0.38641631518004   0.269123202438028   -0.0730991846439485   -0.021178360458643   0
0.412033218467929   0.274923047212306   0.0256169032878888   0.00579984477427792   0
0.398781200343309   0.262202006416808   -0.0132520181246202   -0.012721040795498   0
0.463048803994449   0.274943318268511   0.0642676036511408   0.0127413118517032   0
0.435420700696797   0.277642489408142   -0.027628103297652   0.00269917113963003   0
0.451731405399503   0.270197040878041   0.0163107047027055   -0.0074454485301001   0
0.39993976969285   0.285997824583073   -0.0517916357066527   0.0158007837050312   0
0.471300759490424   0.282546240188221   0.0713609897975734   -0.00345158439485138   0
0.455138410771108   0.282927892989539   -0.0161623487193154   0.000381652801317689   0
0.416948592433468   0.277729275051263   -0.0381898183376405   -0.00519861793827608   0
0.40685215716518   0.28669121276471   -0.0100964352682881   0.00896193771344678   0
0.318552678205662   0.269387912557802   -0.0882994789595178   -0.0173033002069076   0
0.312217654964033   0.283504907806285   -0.00633502324162877   0.0141169952484826   0
0.272436116951406   0.293551557511198   -0.0397815380126273   0.010046649704913   0
0.303457348318639   0.275933140134979   0.0310212313672336   -0.0176184173762187   0
0.33656667278982   0.290819191879164   0.033109324471181   0.0148860517441849   0
0.309528734101133   0.282341113752939   -0.0270379386886872   -0.00847807812622503   0
0.321309839861791   0.290785970032084   0.0117811057606582   0.00844485627914499   0
0.274822179969376   0.27358751804313   -0.0464876598924155   -0.0171984519889539   0
0.325221454756125   0.288694256415416   0.0503992747867488   0.015106738372286   0
0.353702891465224   0.286595540343879   0.0284814367090994   -0.002098716071537   0
0.333589510502983   0.284985664436389   -0.0201133809622407   -0.00160987590749029   0
0.352253300202695   0.303655177901678   0.0186637896997117   0.0186695134652897   0
0.367033714738483   0.315640170796589   0.0147804145357878   0.0119849928949108   0
0.332551673855012   0.298090474336652   -0.0344820408834712   -0.0175496964599375   0
0.257197069119954   0.279553670721067   -0.0753546047350576   -0.0185368036155851   0
0.270778684354502   0.300587891090942   0.0135816152345484   0.0210342203698754   0
0.289954231847959   0.346418946109332   0.0191755474934567   0.0458310550183896   0
0.287427734307826   0.343560312328854   -0.00252649754013345   -0.00285863378047718   0
0.321149411812571   0.373441093833418   0.0337216775047449   0.029880781504564   0
0.344768059862279   0.380668904967952   0.0236186480497085   0.00722781113453408   0
0.414776990156831   0.379807455865469   0.0700089302945522   -0.000861449102483702   0
0.366612632522735   0.364924557562245   -0.0481643576340961   -0.0148828983032241   0
0.399689144377102   0.351539847804982   0.0330765118543671   -0.0133847097572625   0
0.370050286927493   0.356545570429994   -0.0296388574496089   0.00500572262501214   0
0.384688935252224   0.334927183497025   0.0146386483247311   -0.0216183869329691   0
0.427865726327466   0.350093903135287   0.0431767910752412   0.0151667196382622   0
0.460208974168258   0.344664460665732   0.032343247840792   -0.00542944246955523   0
0.467309111505616   0.349267905908917   0.0071001373373582   0.00460344524318468   0
0.390824197227303   0.321139365988507   -0.0764849142783124   -0.0281285399204103   0
0.395112176944207   0.337803637408998   0.0042879797169037   0.0166642714204918   0
0.366705902383763   0.335443564043939   -0.0284062745604445   -0.00236007336505972   0
0.388366981858494   0.32974105198701   0.0216610794747312   -0.00570251205692873   0
0.406050952682331   0.348662216142644   0.0176839708238377   0.0189211641556344   0
0.453093900620348   0.355524212933873   0.0470429479380164   0.00686199679122884   0
0.447705758402284   0.374815049051195   -0.005388142218064   0.0192908361173222   0
0.452954313986698   0.385362558574714   0.00524855558441395   0.0105475095235187   0
0.467474047471686   0.39438020438753   0.0145197334849881   0.00901764581281594   0
0.401687341392911   0.362471926294299   -0.065786706078775   -0.0319082780932307   0
0.448864026590293   0.396963733964137   0.0471766851973826   0.0344918076698375   0
0.451578909877315   0.393074035155593   0.0027148832870218   -0.00388969880854428   0
0.489390279547531   0.408592589704586   0.0378113696702153   0.0155185545489933   0
0.480364529554265   0.391618135750248   -0.00902574999326589   -0.0169744539543374   0
0.46355549700704   0.398033146456737   -0.0168090325472244   0.00641501070648831   0
0.459163808703931   0.411652763173952   -0.00439168830310926   0.0136196167172155   0
0.452353148830718   0.3890684286427   -0.00681065987321311   -0.0225843345312519   0
0.51011632572773   0.422869308140529   0.0577631768970126   0.0338008794978291   0
0.537461961974054   0.444366445932577   0.027345636246324   0.0214971377920477   0
0.543108014113215   0.429608798370681   0.00564605213916047   -0.0147576475618966   0
0.544451644763022   0.443189641651855   0.00134363064980714   0.0135808432811749   0
0.55659691698953   0.460311019806717   0.0121452722265082   0.0171213781548619   0
0.584435213402649   0.470240141131103   0.0278382964131189   0.00992912132438611   0
0.5728780661993   0.469003546035102   -0.0115571472033488   -0.00123659509600138   0
0.544780885801035   0.450606485253486   -0.0280971803982657   -0.0183970607816161   0
0.55683388377315   0.467782647086497   0.0120529979721153   0.0171761618330109   0
0.551410621928377   0.455349387073542   -0.0054232618447726   -0.0124332600129551   0
0.59577189874384   0.493557778480899   0.0443612768154623   0.0382083914073573   0
0.59208097004539   0.484587356671117   -0.00369092869844967   -0.00897042180978225   0
0.578510264907201   0.481991910228792   -0.0135707051381889   -0.00259544644232457   0
0.537320919339876   0.48087087785652   -0.0411893455673247   -0.00112103237227229   0
0.521071020231878   0.474210730670711   -0.0162498991079987   -0.00666014718580837   0
0.530847182624303   0.49092937865084   0.00977616239242507   0.0167186479801287   0
0.498222755899658   0.476218448059816   -0.0326244267246451   -0.0147109305910238   0
0.577681945702097   0.517722190122029   0.0794591898024387   0.0415037420622124   0
0.580216472944573   0.511626342913214   0.00253452724247616   -0.00609584720881429   0
0.555410094937407   0.497605435925644   -0.0248063780071652   -0.0140209069875705   0
