2.33598066301928e-09   0.004167565   0   0   0
0.494019899673495   0.5738373980818   0.494019897337514   0.5696698330818   1
1.3900591746397   0.28863427160812   0.896039274966204   -0.28520312647368   1
0.595049588280405   0.136164948111509   -0.795009586359293   -0.152469323496611   1
0.0977344722092978   0.200151470472765   -0.497315116071108   0.0639865223612555   1
0.045998733325083   0.178238227834239   -0.0517357388842148   -0.021913242638526   1
0.0708861663844371   0.20386429305649   0.0248874330593541   0.0256260652222514   0
0.0936498303585628   0.218775202505728   0.0227636639741258   0.0149109094492383   0
0.151940604814414   0.23761117625045   0.0582907744558514   0.0188359737447217   0
0.151904625347255   0.245430633824733   -3.59794671589142e-05   0.00781945757428246   0
0.157661697876691   0.253675059344844   0.00575707252943569   0.00824442552011109   0
0.17464251126971   0.268988606538776   0.0169808133930193   0.0153135471939324   0
0.206675937929357   0.277727424392083   0.0320334266596463   0.00873881785330655   0
0.268933819402767   0.254559639042941   0.0622578814734104   -0.0231677853491415   0
0.283820358510035   0.280164388935626   0.0148865391072682   0.0256047498926845   0
0.27583961519499   0.27243262211173   -0.00798074331504545   -0.00773176682389598   0
0.290770058412485   0.296094193894443   0.0149304432174954   0.0236615717827134   0
0.307856618788439   0.308416688039611   0.0170865603759537   0.0123224941451676   0
0.284039349545533   0.30185210834747   -0.0238172692429055   -0.00656457969214108   0
0.282602007523673   0.299145723435791   -0.00143734202186047   -0.00270638491167896   0
0.305693366373277   0.343072699310762   0.0230913588496047   0.0439269758749714   0
0.335812750147105   0.322630008432915   0.0301193837738277   -0.0204426908778474   0
0.325590715927973   0.296091555178331   -0.0102220342191322   -0.0265384532545838   0
0.350554098364073   0.318374738499889   0.0249633824361004   0.0222831833215579   0
0.32774979735252   0.308569237520726   -0.0228043010115531   -0.00980550097916216   0
0.362067438811716   0.32845181161353   0.0343176414591956   0.0198825740928039   0
0.337396949272826   0.339041762406654   -0.0246704895388898   0.0105899507931237   0
0.296012104175725   0.327501862949743   -0.0413848450971016   -0.0115398994569106   0
0.390832829543591   0.372029275568254   0.0948207253678669   0.0445274126185107   0
0.365551140429449   0.339624354728934   -0.0252816891141421   -0.0324049208393198   0
0.266984973950333   0.30670745374285   -0.0985661664791164   -0.0329169009860842   0
0.31643194483157   0.17020269080937   0.0494469708812373   -0.13650476293348   0
0.251208171744571   0.0947393396968593   -0.0652237730869991   -0.0754633511125107   0
0.287888850882454   0.117152412343921   0.036680679137883   0.0224130726470613   0
0.25781043751239   0.132841751187268   -0.0300784133700641   0.0156893388433473   0
0.251863777721629   0.1303177216738   -0.00594665979076137   -0.00252402951346792   0
0.298704520306506   0.135331260075047   0.0468407425848775   0.00501353840124696   0
0.347181772466139   0.295171794932921   0.0484772521596329   0.159840534857874   0
0.391689372343479   0.516062563848515   0.0445075998773401   0.220890768915594   0
0.429784088742859   0.489032934884423   0.0380947163993801   -0.0270296289640915   0
0.424415529491464   0.486900517513252   -0.00536855925139496   -0.00213241737117148   0
0.430908082380651   0.491689045589458   0.00649255288918671   0.00478852807620644   0
0.455363815438447   0.493765980170538   0.0244557330577959   0.0020769345810801   0
0.456843127419085   0.486955507116844   0.00147931198063767   -0.00681047305369464   0
0.432683208856006   0.451689224118475   -0.0241599185630789   -0.0352662829983689   0
0.470545262482962   0.489664971966027   0.0378620536269566   0.0379757478475521   0
0.458156418143564   0.499254990007534   -0.0123888443393987   0.00959001804150661   0
0.462885125313538   0.490102539106043   0.00472870716997453   -0.00915245090149108   0
0.49073204554879   0.489454753394594   0.027846920235252   -0.000647785711448856   0
0.458736576128229   0.44799805243808   -0.0319954694205618   -0.0414567009565139   0
0.496681473045492   0.468349351392273   0.0379448969172637   0.020351298954193   0
0.491291298865765   0.485842784475917   -0.00539017417972759   0.0174934330836445   0
0.488766178136182   0.486786284755356   -0.00252512072958261   0.000943500279438736   0
0.499905723616974   0.490199911562285   0.0111395454807915   0.00341362680692953   0
0.512031930978919   0.498938869912009   0.012126207361945   0.00873895834972332   0
0.490760974905513   0.497859490228591   -0.0212709560734051   -0.00107937968341781   0
0.513142663769697   0.516146588321189   0.0223816888641833   0.0182870980925975   0
0.500745857658393   0.47658678226423   -0.0123968061113033   -0.0395598060569586   0
0.347219396270672   0.415485677372762   -0.153526461387721   -0.0611011048914684   1
1.04726110555296   0.328010847438389   0.700041709282284   -0.0874748299343727   1
0.587946147006714   0.151655597127999   -0.459314958546243   -0.17635525031039   1
0.397916995351769   0.202788900411857   -0.190029151654944   0.0511333032838577   1
0.418612919021427   0.205057094003719   0.0206959236696579   0.00226819359186198   0
0.441786040445383   0.2217093553405   0.0231731214239562   0.0166522613367809   0
0.428639499728571   0.217938584529564   -0.013146540716812   -0.0037707708109356   0
0.477015682154424   0.222747007357001   0.0483761824258521   0.00480842282743713   0
0.469731658368903   0.233714694087685   -0.00728402378552034   0.0109676867306833   0
0.503388684106516   0.247082098236092   0.0336570257376131   0.0133674041484078   0
0.51179741834386   0.262714538411467   0.00840873423734367   0.0156324401753742   0
0.502043045767602   0.249954043029414   -0.00975437257625844   -0.0127604953820529   0
0.539734500514503   0.250487957523411   0.0376914547469014   0.000533914493996979   0
0.512647703123656   0.259098949454644   -0.027086797390847   0.00861099193123299   0
0.515398320195448   0.235727699438886   0.00275061707179247   -0.0233712500157572   0
0.510633880161403   0.233046709527296   -0.00476444003404553   -0.00268098991159019   0
0.470298946598746   0.252895729114788   -0.040334933562657   0.0198490195874913   0
0.62622431701962   0.0770016471337627   0.155925370420875   -0.175894081981025   1
0.647228560491887   0.273120258416941   0.0210042434722664   0.196118611283178   1
0.267980699269145   0.151881854135048   -0.379247861222742   -0.121238404281893   1
0.109813437165677   0.32412586979058   -0.158167262103469   0.172244015655532   0
0.198291148300192   0.221276836181513   0.0884777111345158   -0.102849033609067   0
0.185849921764338   0.24544929034324   -0.0124412265358548   0.0241724541617271   0
0.286773002434347   0.181384161630371   0.100923080670009   -0.0640651287128689   0
0.363635665431762   0.188628173416645   0.0768626629974145   0.00724401178627446   0
0.355842635245202   0.19892209688914   -0.00779303018655936   0.0102939234724949   0
0.392475447898335   0.177552683094406   0.0366328126531325   -0.0213694137947344   0
0.390517540213013   0.182732748211076   -0.00195790768532128   0.00518006511667021   0
0.362742567695108   0.200279654053052   -0.0277749725179054   0.0175469058419755   0
0.408520092253453   0.181932417813051   0.0457775245583453   -0.0183472362400007   0
0.394457139499008   0.19349560556315   -0.0140629527544451   0.0115631877500989   0
0.429418235312335   0.221308903514612   0.034961095813327   0.0278132979514626   0
0.452923345726448   0.209964404698177   0.0235051104141134   -0.0113444988164349   0
0.458620022993774   0.197858451946467   0.00569667726732576   -0.0121059527517101   0
0.527670149269257   0.186143519207123   0.0690501262754828   -0.0117149327393445   0
0.470167203732885   0.208785100448404   -0.0575029455363723   0.0226415812412808   0
0.45313004608814   0.203523931480582   -0.0170371576447447   -0.00526116896782197   0
0.434697518484394   0.180767404879509   -0.0184325276037462   -0.0227565266010722   0
0.188333772151996   0.368025995767269   -0.246363746332398   0.18725859088776   1
1.15153009079833   0.289530218906132   0.963196318646329   -0.0784957768611376   1
0.281102025670711   0.212046168784654   -0.870428065127615   -0.0774840501214776   1
0.0358151017868664   0.26330425310418   -0.245286923883844   0.0512580843195258   1
0.0770408043370525   0.246724389283366   0.0412257025501861   -0.0165798638208138   0
0.0846591619845625   0.26501606363483   0.00761835764751008   0.0182916743514634   0
0.159959501703556   0.264741829423025   0.0753003397189937   -0.000274234211804669   0
0.189899949662579   0.267521793192162   0.0299404479590227   0.00277996376913731   0
0.199913112164797   0.27821842290995   0.0100131625022186   0.0106966297177882   0
0.209260504211994   0.285790517385112   0.00934739204719684   0.00757209447516161   0
0.236046786558713   0.268946436242424   0.0267862823467182   -0.0168440811426885   0
0.285505841188711   0.285402102610072   0.0494590546299987   0.0164556663676483   0
0.284251799033427   0.294823365892614   -0.00125404215528385   0.00942126328254189   0
0.278032718945649   0.283804198130066   -0.00621908008777866   -0.0110191677625474   0
0.22276395375536   0.258092362607846   -0.0552687651902891   -0.0257118355222202   0
0.438696643827645   0.393297939112322   0.215932690072286   0.135205576504476   1
0.335280143543232   0.301806866862734   -0.103416500284414   -0.0914910722495884   1
0.220708316223585   0.249971979152664   -0.114571827319647   -0.0518348877100697   0
0.240697185545926   0.267274087618871   0.0199888693223411   0.0173021084662069   0
0.255780540232931   0.279369317879577   0.0150833546870048   0.0120952302607056   0
0.264680209957979   0.275713345472249   0.00889966972504835   -0.00365597240732729   0
0.286377280113577   0.287501771014545   0.0216970701555975   0.0117884255422958   0
0.28359034369733   0.294726945726464   -0.00278693641624633   0.00722517471191858   0
0.339864261669935   0.298560305811908   0.0562739179726045   0.0038333600854441   0
0.368920467950817   0.299152370982581   0.0290562062808824   0.000592065170673395   0
0.363968687641355   0.312728158288872   -0.00495178030946269   0.013575787306291   0
0.389151851364798   0.321880605244398   0.0251831637234436   0.00915244695552564   0
0.373809481781696   0.362075289518976   -0.0153423695831024   0.0401946842745776   0
0.363240656266517   0.336536243303377   -0.0105688255151787   -0.0255390462155983   0
0.312001867122234   0.321773914544824   -0.0512387891442833   -0.0147623287585528   0
0.29214616471323   0.301733190944003   -0.0198557024090033   -0.0200407236008217   0
0.300104782037974   0.29094349176902   0.00795861732474373   -0.0107896991749824   0
0.300607624315618   0.296801399459723   0.000502842277644244   0.00585790769070255   0
0.292052188246091   0.291333512781314   -0.00855543606952774   -0.00546788667840897   0
0.306341314472403   0.290066267505806   0.0142891262263128   -0.00126724527550759   0
0.306491020976178   0.297824206918696   0.000149706503774549   0.00775793941288921   0
0.284377261848781   0.293583227811978   -0.0221137591273973   -0.00424097910671711   0
0.298003799563932   0.289990458897358   0.013626537715151   -0.0035927689146209   0
0.296539501901871   0.290607478091153   -0.0014642976620603   0.000617019193795532   0
0.274702605697016   0.285379755404531   -0.0218368962048559   -0.00522772268662197   0
0.323474683178653   0.288065568942645   0.0487720774816376   0.00268581353811437   0
0.344573255193725   0.302741038706763   0.0210985720150719   0.0146754697641179   0
0.321302708276572   0.304910110456344   -0.023270546917153   0.00216907174958081   0
0.352250533448766   0.29571422450146   0.0309478251721936   -0.00919588595488402   0
0.346637427746918   0.304330815937197   -0.00561310570184742   0.00861659143573673   0
0.351886782467671   0.308849780637772   0.00524935472075266   0.00451896470057528   0
0.380303470776037   0.304018313024479   0.028416688308366   -0.00483146761329334   0
0.363044582142084   0.322059714255757   -0.0172588886339535   0.0180414012312784   0
0.369259043466237   0.298419704889355   0.0062144613241531   -0.0236400093664018   0
0.389375105145231   0.298639172590436   0.0201160616789947   0.000219467701080223   0
0.327452743017248   0.27559472649073   -0.0619223621279831   -0.0230444460997061   0
0.142317144959172   0.635171967792384   -0.185135598058076   0.359577241301655   1
1.02086224431534   0.283283239053266   0.878545099356171   -0.351888728739118   1
0.324346787775523   0.431576264162257   -0.696515456539821   0.148293025108991   1
0.255957590692775   0.365193937331933   -0.068389197082748   -0.0663823268303234   1
0.184667334808217   0.357018178344605   -0.071290255884558   -0.00817575898732859   0
0.154894717582298   0.371288863743918   -0.0297726172259183   0.0142706853993136   0
0.141509165831405   0.377085930761809   -0.0133855517508937   0.0057970670178909   0
0.115837889031612   0.331173554152879   -0.025671276799793   -0.0459123766089301   0
0.106131809698094   0.349933217897715   -0.00970607933351746   0.0187596637448362   0
0.111035305216444   0.358248500169924   0.0049034955183498   0.00831528227220851   0
0.103760420950612   0.367478886158783   -0.00727488426583259   0.00923038598885934   0
0.085098331463598   0.348189284398587   -0.0186620894870135   -0.0192896017601964   0
0.106970434425102   0.362183246326359   0.0218721029615035   0.0139939619277721   0
0.0324150741759818   0.334916449674393   -0.0745553602491198   -0.0272667966519662   0
0.0583264729958738   0.32004766811133   0.0259113988198921   -0.0148687815630628   0
0.0743617044710757   0.334664512817687   0.0160352314752019   0.0146168447063574   0
0.0270927462111614   0.320241038012385   -0.0472689582599143   -0.014423474805302   0
0.0350647618761001   0.328976964259658   0.00797201566493866   0.00873592624727232   0
0.0415472576250334   0.3442067034937   0.00648249574893339   0.0152297392340425   0
0.0201886706001541   0.33152573593501   -0.0213585870248794   -0.0126809675586901   0
0.0423215991521064   0.340523372425815   0.0221329285519524   0.00899763649080448   0
0.0434801396940316   0.335078027443236   0.00115854054192514   -0.00544534498257859   0
0.0280908049361014   0.330758077892665   -0.0153893347579301   -0.00431994955057136   0
0.0384917463659419   0.339050828355425   0.0104009414298405   0.00829275046276057   0
0.0138652913680169   0.332892367420012   -0.024626454997925   -0.00615846093541356   0
0.0271959789530291   0.344920886048526   0.0133306875850122   0.0120285186285141   0
0.0254778563422691   0.334664896978306   -0.00171812261076   -0.01025598907022   0
0.0208987393568994   0.322482265162365   -0.00457911698536967   -0.0121826318159405   0
0.0413254377321572   0.32144397657329   0.0204266983752578   -0.0010382885890749   0
0.0157813815810657   0.324969548957283   -0.0255440561510915   0.00352557238399281   0
0.0209445785379534   0.325570306030433   0.00516319695688773   0.000600757073150215   0
0.0265869976884736   0.325767434826595   0.00564241915052015   0.000197128796162016   0
0.0178722486215082   0.321034171546036   -0.00871474906696544   -0.00473326328055884   0
0.0323565672398618   0.323672758613542   0.0144843186183537   0.00263858706750519   0
0.00895036216036547   0.329418818346417   -0.0234062050794964   0.00574605973287579   0
0.02197552714708   0.310460890371074   0.0130251649867145   -0.0189579279753435   0
0.0220114668757014   0.313750457931937   3.59397286214223e-05   0.00328956756086274   0
0.0623745458691412   0.305892931330668   0.0403630789934398   -0.00785752660126854   0
0.0940514166092143   0.252821829494488   0.0316768707400731   -0.0530711018361801   0
0.288293897169208   0.425028838176011   0.194242480559994   0.172207008681523   1
0.190674514908522   0.377390103296393   -0.0976193822606867   -0.0476387348796179   1
0.339513301047264   0.245319298120837   0.148838786138742   -0.132070805175557   0
