0   0   0   0   0
0.0920997674938976   0.0719775794049786   0.0920997674938976   0.0719775794049786   0
0.0883196615201106   0.088147186576541   -0.00378010597378706   0.0161696071715624   0
0.0917803469377295   0.0770175512983891   0.00346068541761899   -0.0111296352781518   0
0.0756321428791357   0.0850513059992761   -0.0161482040585938   0.00803375470088698   0
0.0766703756387694   0.100618765327473   0.00103823275963363   0.0155674593281965   0
0.118823118496781   0.130259554574943   0.0421527428580114   0.0296407892474702   0
0.141722135208583   0.146181022607245   0.0228990167118027   0.0159214680323027   0
0.149721919345065   0.161725035376407   0.00799978413648109   0.0155440127691613   0
0.172270239482187   0.161050248594965   0.0225483201371223   -0.000674786781441783   0
0.1843738086675   0.16947483596319   0.0121035691853135   0.0084245873682246   0
0.20087940383556   0.1933356010316   0.0165055951680597   0.0238607650684104   0
0.241324886335599   0.216804267567546   0.0404454825000394   0.0234686665359458   0
0.229251142141997   0.210512538788667   -0.0120737441936027   -0.00629172877887887   0
0.222778699208519   0.214457928163661   -0.00647244293347726   0.00394538937499411   0
0.228296929982096   0.229064037545726   0.00551823077357641   0.0146061093820654   0
0.216076557883219   0.236556662307892   -0.0122203720988771   0.00749262476216542   0
0.214024447569664   0.23629979095971   -0.0020521103135544   -0.000256871348182197   0
0.226426402727001   0.258305072704738   0.0124019551573366   0.0220052817450283   0
0.20690691937016   0.261814455147629   -0.0195194833568406   0.00350938244289134   0
0.222137856382518   0.267832390495437   0.0152309370123573   0.00601793534780715   0
0.229101461673927   0.275033099655296   0.0069636052914098   0.00720070915985954   0
0.222706873673805   0.274495240004157   -0.00639458800012266   -0.000537859651138617   0
0.234007417166636   0.277947379491604   0.0113005434928312   0.00345213948744705   0
0.2745041139697   0.298696598249528   0.040496696803064   0.0207492187579237   0
0.264311073434769   0.306508300598144   -0.0101930405349306   0.00781170234861628   0
0.244637911867499   0.328385782888976   -0.0196731615672707   0.0218774822908311   0
0.241851725268603   0.3451812087862   -0.00278618659889515   0.0167954258972249   0
0.252258885379683   0.352389754057212   0.0104071601110795   0.00720854527101178   0
0.224651372910672   0.358581205591917   -0.0276075124690105   0.00619145153470452   0
0.247914673471681   0.356738134278156   0.0232633005610081   -0.00184307131376027   0
0.215640730249204   0.357645528122543   -0.0322739432224765   0.000907393844386262   0
0.213998045118291   0.36047895557771   -0.00164268513091331   0.00283342745516774   0
0.228698291771167   0.36166207125076   0.0147002466528766   0.00118311567304979   0
0.206856294695835   0.368557392678634   -0.0218419970753327   0.00689532142787325   0
0.184535404118045   0.356174320545169   -0.0223208905777902   -0.0123830721334649   0
0.200674035395265   0.372432398271606   0.0161386312772203   0.0162580777264372   0
0.184726112667403   0.375336750538135   -0.015947922727862   0.0029043522665293   0
0.198678660583692   0.389268586399054   0.0139525479162894   0.0139318358609192   0
0.200133080833854   0.385630354679346   0.00145442025016193   -0.00363823171970851   0
0.191898081343952   0.404643001134522   -0.00823499948990222   0.0190126464551758   0
0.22658549228865   0.420963904738355   0.0346874109446983   0.0163209036038329   0
0.225897414697225   0.411214256507556   -0.00068807759142539   -0.00974964823079805   0
0.217627449304195   0.422691373333798   -0.00826996539302982   0.0114771168262418   0
0.228256589219786   0.417501176154331   0.0106291399155906   -0.005190197179467   0
0.222899594128141   0.433486927330932   -0.0053569950916447   0.0159857511766004   0
0.222589728367371   0.425431922774326   -0.000309865760770051   -0.00805500455660602   0
0.225267118864805   0.445539890535979   0.00267739049743362   0.0201079677616536   0
0.233285589692055   0.437285757939714   0.00801847082725074   -0.00825413259626551   0
0.219952696576741   0.427471115361977   -0.0133328931153141   -0.00981464257773695   0
0.219777012491229   0.424134173599361   -0.000175684085511857   -0.00333694176261634   0
0.210608166382265   0.430408589758371   -0.00916884610896393   0.00627441615901075   0
0.202054068823174   0.437009526319293   -0.00855409755909128   0.00660093656092131   0
0.217001659533885   0.445249687802038   0.0149475907107105   0.00824016148274553   0
0.216073899528032   0.439823859174738   -0.000927760005852846   -0.00542582862730001   0
0.210608559343014   0.442498501406572   -0.00546534018501751   0.00267464223183433   0
0.217119808059191   0.449944126806388   0.00651124871617675   0.00744562539981508   0
0.212540540485457   0.442291614105852   -0.0045792675737345   -0.00765251270053552   0
0.21077382933557   0.440495786543699   -0.00176671114988655   -0.00179582756215257   0
0.221800563753229   0.440091321469547   0.0110267344176585   -0.000404465074152094   0
0.220200836267486   0.431480854665256   -0.00159972748574291   -0.00861046680429128   0
0.209198891844316   0.425586431465384   -0.0110019444231692   -0.00589442319987221   0
0.215441949461148   0.423046713773139   0.00624305761683189   -0.00253971769224459   0
0.190089738888584   0.433716121660727   -0.0253522105725645   0.0106694078875876   0
0.178899068258222   0.432468289212992   -0.0111906706303618   -0.00124783244773446   0
0.187798554064455   0.440163429447234   0.0088994858062329   0.00769514023424134   0
0.1625749400318   0.430448243218337   -0.0252236140326549   -0.00971518622889694   0
0.136455858878542   0.414096332848638   -0.0261190811532581   -0.0163519103696989   0
0.131587758146759   0.411985357119449   -0.00486810073178273   -0.00211097572918884   0
0.0959961602386726   0.416225932924716   -0.0355915979080867   0.00424057580526738   0
0.109585782496545   0.412843001459517   0.0135896222578721   -0.0033829314651998   0
0.13176762082413   0.40735037636017   0.0221818383275849   -0.00549262509934628   0
0.0765496438583485   0.419495349331339   -0.0552179769657811   0.012144972971169   0
0.113301669247236   0.414754288281158   0.0367520253888872   -0.00474106105018141   0
0.108414671200627   0.422523749541671   -0.00488699804660901   0.00776946126051276   0
0.12179996536268   0.392706460469678   0.0133852941620531   -0.0298172890719931   0
0.17558682479369   0.367060015707135   0.0537868594310102   -0.0256464447625422   0
0.229902075177163   0.372151306031901   0.0543152503834734   0.00509129032476602   0
0.222659928279338   0.365147408192267   -0.00724214689782532   -0.00700389783963451   0
0.197568320926737   0.352467962499395   -0.0250916073526015   -0.0126794456928718   0
0.181605582543754   0.347198519939904   -0.015962738382983   -0.00526944255949097   0
0.18352303032606   0.341618959201041   0.0019174477823066   -0.00557956073886312   0
0.187679217685203   0.338464619243372   0.0041561873591433   -0.00315433995766884   0
0.172396979161704   0.363646221206986   -0.0152822385234998   0.0251816019636135   0
0.191647872410575   0.34965552717633   0.0192508932488712   -0.0139906940306553   0
0.17287264113578   0.35650207351856   -0.0187752312747954   0.00684654634222925   0
0.162239061268888   0.345947840094833   -0.0106335798668915   -0.0105542334237269   0
0.172509241866052   0.358918904949029   0.0102701805971639   0.0129710648541961   0
0.162411046090006   0.356979097749031   -0.0100981957760461   -0.00193980719999748   0
0.16801591576199   0.368883022605893   0.00560486967198381   0.011903924856862   0
0.151965022628564   0.371514226430644   -0.0160508931334256   0.00263120382475079   0
0.144520942018968   0.378313500755739   -0.00744408060959578   0.00679927432509475   0
0.149581195669442   0.375319753477298   0.00506025365047402   -0.00299374727844059   0
0.156305090154991   0.366936804030101   0.00672389448554914   -0.00838294944719697   0
0.157764276945733   0.353939109951094   0.00145918679074172   -0.0129976940790075   0
0.172489322448525   0.37063870355484   0.0147250455027921   0.0166995936037461   0
0.165553827027375   0.384688312820188   -0.00693549542115027   0.0140496092653477   0
0.148593498767375   0.388599582901848   -0.0169603282599995   0.00391127008166015   0
0.149482492068845   0.392687370918807   0.000888993301469465   0.00408778801695958   0
0.167211813116299   0.403568456331141   0.0177293210474538   0.0108810854123336   0
0.140192528247958   0.401005823791388   -0.0270192848683411   -0.00256263253975259   0
0.135918791636514   0.40327790944363   -0.00427373661144401   0.00227208565224202   0
0.146204542170079   0.402708240605662   0.0102857505335654   -0.00056966883796844   0
0.0975838415218421   0.411261619641455   -0.0486207006482368   0.00855337903579256   0
0.154562540567564   0.424821163376994   0.0569786990457223   0.0135595437355398   0
0.12051227081812   0.425772552512158   -0.034050269749444   0.000951389135164016   0
0.127334494941944   0.424938975746783   0.00682222412382372   -0.000833576765375488   0
0.139880918200089   0.423869903365402   0.0125464232581449   -0.0010690723813811   0
0.166344958858512   0.438090923225128   0.0264640406584229   0.0142210198597262   0
0.13932352877131   0.434407939440306   -0.0270214300872021   -0.00368298378482196   0
0.154051332278368   0.441883582263306   0.0147278035070577   0.00747564282299962   0
0.157934818147868   0.445038756602515   0.00388348586950008   0.00315517433920925   0
1.02147218866174   0.412874237687459   0.863537370513875   -0.0321645189150564   1
0.973984469286965   0.426407280645511   -0.0474877193747778   0.013533042958053   1
0.886853356246116   0.378044310745123   -0.0871311130408488   -0.0483629699003887   0
0.883378337445565   0.407316313731374   -0.00347501880055112   0.0292720029862512   0
0.855762074843236   0.411355941892529   -0.027616262602329   0.0040396281611555   0
0.843085502834677   0.400509328472462   -0.0126765720085588   -0.0108466134200674   0
0.803532629730896   0.402172727080943   -0.0395528731037805   0.00166339860848064   0
0.797332365106296   0.421646410944671   -0.00620026462460022   0.0194736838637285   0
0.763802785991908   0.426310314290248   -0.0335295791143885   0.00466390334557665   0
0.758767681637034   0.418670036556833   -0.00503510435487342   -0.00764027773341475   0
0.787949511846895   0.433698242770247   0.0291818302098605   0.0150282062134137   0
0.784697139361423   0.431760101589702   -0.00325237248547228   -0.00193814118054458   0
0.781016205396559   0.425498344533856   -0.00368093396486358   -0.00626175705584575   0
0.785823287660146   0.441909053452744   0.00480708226358662   0.0164107089188874   0
0.801460622339613   0.452453083921416   0.0156373346794676   0.0105440304686723   0
0.791225670396354   0.441031970904888   -0.0102349519432592   -0.0114211130165282   0
0.793225453341608   0.447888254176753   0.00199978294525416   0.00685628327186544   0
0.813291838273322   0.461956509243565   0.0200663849317141   0.0140682550668117   0
0.820459140342162   0.466829775955594   0.00716730206883998   0.00487326671202881   0
0.861386953779775   0.483217784261403   0.0409278134376125   0.0163880083058093   0
0.891907888680445   0.481583842799206   0.0305209349006706   -0.00163394146219753   0
0.892454359619023   0.498908980006875   0.000546470938577404   0.0173251372076689   0
0.905360005936865   0.503319987565565   0.0129056463178421   0.00441100755868995   0
0.899927790152082   0.501287024031891   -0.00543221578478292   -0.0020329635336731   0
0.903041656525323   0.516556440855208   0.00311386637324129   0.0152694168233166   0
0.880505899643745   0.522653563916625   -0.0225357568815786   0.0060971230614173   0
0.870342540139708   0.527491193237859   -0.0101633595040362   0.00483762932123333   0
0.864442993667599   0.528884309785467   -0.00589954647210977   0.00139311654760854   0
0.908073525004446   0.558892477680859   0.0436305313368469   0.0300081678953922   0
0.934628662620235   0.552863038560637   0.0265551376157899   -0.00602943912022269   0
0.983227815144588   0.563356423008338   0.0485991525243524   0.0104933844477016   0
1.00155133601311   0.553275550416562   0.0183235208685193   -0.010080872591776   0
1.03088852987316   0.560566368294826   0.0293371938600502   0.00729081787826336   0
1.04204266592112   0.566644266611999   0.011154136047965   0.00607789831717309   0
1.04449303716033   0.554128828551628   0.00245037123920744   -0.0125154380603704   0
1.04290547512231   0.548410944312064   -0.00158756203802057   -0.0057178842395641   0
1.21420561614595   0.352166481497743   0.171300141023638   -0.196244462814322   0
1.19563299108088   0.292264105765231   -0.0185726250650722   -0.0599023757325119   0
1.16082623220163   0.38240957917951   -0.034806758879242   0.0901454734142793   0
1.11362570309472   0.428441598186381   -0.0472005291069129   0.0460320190068704   0
1.11081104408024   0.451282514122528   -0.00281465901447686   0.0228409159361478   0
1.12770236864565   0.452849135728998   0.0168913245654023   0.0015666216064692   0
1.14045563784531   0.457127421113085   0.0127532691996672   0.0042782853840877   0
1.16329410135962   0.498040584724528   0.0228384635143086   0.040913163611443   0
1.1873357464219   0.521080239569685   0.0240416450622782   0.0230396548451564   0
1.16744667259161   0.559261355060628   -0.0198890738302948   0.0381811154909435   0
1.18021116676529   0.564155274280938   0.0127644941736862   0.00489391922030957   0
1.17316503731178   0.577482617433633   -0.00704612945350691   0.0133273431526956   0
1.18879994127836   0.597241010779149   0.0156349039665789   0.0197583933455162   0
1.17694666237456   0.562089012428414   -0.0118532789038059   -0.0351519983507352   0
1.01226519633851   0.463673017451684   -0.164681466036043   -0.0984159949767299   0
0.88292185012548   0.437194464554676   -0.129343346213034   -0.0264785528970082   0
1.06406189563354   0.49082522067458   0.181140045508064   0.0536307561199036   0
1.07579451105962   0.529266297692853   0.0117326154260733   0.0384410770182734   0
1.15702631239657   0.578602271935135   0.0812318013369508   0.0493359742422818   0
1.22586045394451   0.611082825503426   0.0688341415479423   0.0324805535682905   0
1.1792833027585   0.632184944522962   -0.0465771511860082   0.0211021190195362   0
1.20254624905573   0.661507204551848   0.0232629462972258   0.0293222600288859   0
1.20704136931227   0.669415044725804   0.00449512025654686   0.00790784017395629   0
1.18880975146615   0.702780662116922   -0.0182316178461281   0.0333656173911185   0
1.22426095237943   0.737865482908131   0.0354512009132883   0.035084820791209   0
1.22820673030276   0.760268590257581   0.00394577792332673   0.0224031073494498   0
1.21324017723285   0.79665709813335   -0.0149665530699103   0.0363885078757686   0
1.19506795573243   0.857200626426218   -0.0181722215004165   0.0605435282928679   0
1.21554273013375   0.907633924914252   0.020474774401311   0.0504332984880339   0
1.19556929514236   0.925063983863954   -0.0199734349913812   0.0174300589497024   0
1.16526219190747   0.929533380711123   -0.0303071032348905   0.00446939684716896   0
1.18662356000132   0.948311911183894   0.021361368093848   0.018778530472771   0
1.17052193237974   0.940118027227433   -0.0161016276215817   -0.00819388395646137   0
1.24627547518727   0.933609142219725   0.0757535428075278   -0.00650888500770808   0
1.21564783691094   0.941600458426503   -0.0306276382763269   0.00799131620677795   0
1.23857325761883   0.931524788335904   0.0229254207078928   -0.010075670090599   0
1.24387668425972   0.947877301530768   0.00530342664088823   0.016352513194864   0
1.2913422635709   0.945763475908221   0.0474655793111758   -0.00211382562254669   0
1.32043895211125   0.950476335566147   0.0290966885403539   0.00471285965792556   0
1.29843987577642   0.972266985361146   -0.0219990763348299   0.021790649794999   0
1.28652993143078   0.969828912503772   -0.0119099443456407   -0.00243807285737307   0
