0.108842914478895   0.0513766722716886   0   0   0
0.105295003054466   0.0573893390858659   -0.00354791142442878   0.0060126668141773   0
0.0809642724367977   0.0784507476334674   -0.0243307306176683   0.0210614085476015   0
0.0871207777932452   0.0583393583902774   0.00615650535644746   -0.0201113892431901   0
0.0983430801920501   0.0525850423861342   0.0112223023988049   -0.0057543160041432   0
0.0700738352477585   0.0744662357050914   -0.0282692449442916   0.0218811933189572   0
0.0766061992573708   0.032978175291041   0.00653236400961231   -0.0414880604140504   0
0.0656352668057349   0.0728393578963496   -0.010970932451636   0.0398611826053086   0
0.0449519183100399   0.0751048548817751   -0.020683348495695   0.00226549698542557   0
0.0596444829171986   0.0677967030319322   0.0146925646071587   -0.00730815184984296   0
0.0712990248059537   0.0600652159936598   0.0116545418887551   -0.0077314870382724   0
0.0576455804679769   0.0477584618455463   -0.0136534443379768   -0.0123067541481135   0
0.0791158963233053   0.0757957098762358   0.0214703158553284   0.0280372480306895   0
0.0454499311622141   0.0563457352551879   -0.0336659651610912   -0.0194499746210478   0
0.0828014604180385   0.0598048706687005   0.0373515292558244   0.00345913541351264   0
0.0501359775382908   0.0480934187779461   -0.0326654828797477   -0.0117114518907544   0
0.0666178214553733   0.0546821317068245   0.0164818439170825   0.00658871292887837   0
0.0671969348896957   0.0504028827629184   0.000579113434322334   -0.00427924894390606   0
0.058214910443803   0.0363209107581807   -0.00898202444589272   -0.0140819720047378   0
0.0831019269241093   0.0547751261338575   0.0248870164803063   0.0184542153756768   0
0.0616701791261384   0.0333422687607352   -0.0214317477979709   -0.0214328573731223   0
0.0508238220877769   0.0380006841055855   -0.0108463570383615   0.0046584153448503   0
0.0562041557881621   0.0442819938691397   0.00538033370038522   0.00628130976355417   0
0.0649085420782196   0.0298160580198592   0.00870438629005744   -0.0144659358492805   0
0.0778600437320067   0.0439551959171496   0.0129515016537872   0.0141391378972904   0
0.0492118002866182   0.0328739124964234   -0.0286482434453885   -0.0110812834207262   0
0.0680847090341143   0.042100087684113   0.018872908747496   0.0092261751876896   0
0.0731226301946942   0.0384167619051893   0.00503792116057991   -0.00368332577892371   0
0.13162551974036   0.0573938733925931   0.0585028895456662   0.0189771114874038   0
0.149730999486579   0.0343367338406334   0.0181054797462189   -0.0230571395519596   0
0.178570487630466   0.0517513189031584   0.028839488143887   0.017414585062525   0
0.154654212160549   0.0290531517927488   -0.0239162754699176   -0.0226981671104096   0
0.0991437475877324   0.0355900693215467   -0.0555104645728163   0.00653691752879795   0
0.088256056393485   0.0362915243630551   -0.0108876911942474   0.000701455041508432   0
0.0805290494734664   0.0550999782440066   -0.00772700692001857   0.0188084538809515   0
0.0677121842758008   0.0549417603468436   -0.0128168651976657   -0.00015821789716295   0
0.0938607378808626   0.0695652380411718   0.0261485536050619   0.0146234776943282   0
0.0905780898264586   0.0775162313862232   -0.00328264805440404   0.00795099334505142   0
0.0827556209088543   0.070934397488736   -0.0078224689176043   -0.0065818338974872   0
0.100668863789108   0.086491474561167   0.0179132428802538   0.015557077072431   0
0.0809226864113519   0.0905539406525172   -0.0197461773777562   0.00406246609135016   0
0.102765335769509   0.0764836460263892   0.0218426493581574   -0.014070294626128   0
0.0593177654185363   0.0885261786529273   -0.0434475703509731   0.0120425326265381   0
0.100317975154506   0.0936561028393906   0.0410002097359693   0.00512992418646327   0
0.104522617539411   0.0868167027953147   0.00420464238490546   -0.00683940004407588   0
0.0821267742952321   0.0835159072711937   -0.0223958432441789   -0.00330079552412099   0
0.107712063229752   0.0884540297080919   0.0255852889345194   0.00493812243689817   0
0.0816605497350153   0.103879381674722   -0.0260515134947363   0.0154253519666298   0
0.10328642405147   0.0859532662511437   0.0216258743164544   -0.017926115423578   0
0.0862085736289611   0.10498359862394   -0.0170778504225085   0.0190303323727961   0
0.08524649945945   0.123529326659603   -0.000962074169511107   0.0185457280356636   0
0.11056757338664   0.121459716804585   0.0253210739271899   -0.00206960985501832   0
0.077461542514354   0.137120926056876   -0.0331060308722859   0.0156612092522908   0
0.131973818451691   0.124795582129256   0.0545122759373374   -0.0123253439276194   0
0.0923980190199444   0.137268061530751   -0.039575799431747   0.0124724794014943   0
0.107464288388422   0.177216216692414   0.0150662693684779   0.0399481551616628   0
0.0967655379174161   0.18571527043992   -0.0106987504710062   0.00849905374750606   0
0.121596821488945   0.212877935464886   0.0248312835715291   0.0271626650249659   0
0.129219265646613   0.211524909569051   0.00762244415766807   -0.00135302589583511   0
0.130560731869732   0.234544998490098   0.00134146622311856   0.0230200889210473   0
0.127096978292823   0.226502878815176   -0.00346375357690851   -0.00804211967492138   0
0.133509054929919   0.237493076725407   0.00641207663709523   0.0109901979102304   0
0.130935868154948   0.222797153416275   -0.00257318677497026   -0.0146959233091323   0
0.137098257113502   0.231056292687978   0.00616238895855412   0.0082591392717033   0
0.119621961917116   0.245737656844327   -0.0174762951963861   0.0146813641563487   0
0.134439451554594   0.242198845555465   0.0148174896374777   -0.00353881128886158   0
0.137287148018415   0.256738150563965   0.00284769646382074   0.0145393050084997   0
0.129615732435573   0.253308015659721   -0.00767141558284182   -0.00343013490424321   0
0.150216889973664   0.275641489299615   0.0206011575380916   0.0223334736398939   0
0.133674397029491   0.262546906934956   -0.016542492944173   -0.0130945823646593   0
0.145771447036002   0.284744179491052   0.0120970500065108   0.022197272556096   0
0.148416950123158   0.297500476097796   0.00264550308715583   0.0127562966067435   0
0.159878431631568   0.32303180217542   0.01146148150841   0.0255313260776249   0
0.152130968153956   0.332096801690625   -0.00774746347761202   0.00906499951520484   0
0.149016935832485   0.316126939208295   -0.00311403232147128   -0.0159698624823305   0
0.165609181939076   0.336081788300854   0.0165922461065913   0.0199548490925591   0
0.163794048205116   0.322218687281468   -0.0018151337339597   -0.0138631010193859   0
0.17737459680315   0.336829351734836   0.0135805485980335   0.0146106644533681   0
0.175266724280252   0.316545324321672   -0.00210787252289754   -0.0202840274131641   0
0.170273230689413   0.317335298773608   -0.00499349359083953   0.000789974451935849   0
0.194642182175422   0.31536958944842   0.0243689514860088   -0.0019657093251878   0
0.188402277565028   0.317836165886963   -0.00623990461039325   0.00246657643854281   0
0.197984245185444   0.319932119531351   0.00958196762041566   0.0020959536443878   0
0.19837812063456   0.314958521483218   0.000393875449115899   -0.00497359804813224   0
0.194971423869705   0.313653682433161   -0.00340669676485533   -0.00130483905005696   0
0.202083302085947   0.300954535479219   0.00711187821624215   -0.0126991469539424   0
0.197280452696789   0.305976564117683   -0.00480284938915773   0.00502202863846379   0
0.199054831915681   0.299335309251435   0.00177437921889198   -0.00664125486624745   0
0.215977250776465   0.30936293972406   0.0169224188607839   0.0100276304726247   0
0.208477750625816   0.305770354169256   -0.00749950015064868   -0.0035925855548038   0
0.223355395684299   0.310740805483871   0.0148776450584833   0.00497045131461471   0
0.208872181504982   0.302499118699943   -0.0144832141793178   -0.00824168678392823   0
0.224550532403377   0.305446404300517   0.0156783508983952   0.00294728560057433   0
0.21584462643441   0.303945071798606   -0.00870590596896684   -0.00150133250191081   0
0.187416267370498   0.293064334614676   -0.028428359063912   -0.0108807371839308   0
0.22089876924836   0.313215373895124   0.0334825018778615   0.0201510392804488   0
0.198767226467745   0.307576025031008   -0.0221315427806141   -0.00563934886411677   0
0.207987500417693   0.297105574736343   0.00922027394994795   -0.0104704502946649   0
0.218453141886383   0.32285108086566   0.0104656414686894   0.0257455061293175   0
0.243534102776695   0.311823952962894   0.0250809608903125   -0.0110271279027663   0
0.230057525820044   0.322538441983111   -0.0134765769566518   0.0107144890202169   0
0.21896143897045   0.318690236269818   -0.0110960868495938   -0.0038482057132927   0
0.256794590814546   0.330743895281988   0.037833151844096   0.0120536590121696   0
0.233521482314192   0.331333889149533   -0.0232731085003536   0.000589993867545269   0
0.263643965491892   0.321782914379091   0.0301224831776999   -0.00955097477044226   0
0.243317351219683   0.35007637806492   -0.0203266142722093   0.0282934636858289   0
0.268609373511518   0.340560107666664   0.0252920222918348   -0.00951627039825526   0
0.236765670111365   0.328855373527638   -0.0318437034001529   -0.0117047341390261   0
0.248175663152856   0.319393933158467   0.0114099930414915   -0.00946144036917174   0
0.24427585888624   0.331452707309685   -0.00389980426661679   0.0120587741512189   0
0.24695074445152   0.327994895790872   0.00267488556528062   -0.00345781151881341   0
0.259010727345877   0.330620164352392   0.0120599828943564   0.00262526856151973   0
0.251834163087915   0.331648480615655   -0.00717656425796187   0.00102831626326322   0
0.261219568160121   0.341782166621154   0.00938540507220614   0.0101336860054986   0
0.228271518676882   0.320491847506001   -0.032948049483239   -0.0212903191151523   0
0.247870156833048   0.317398551656413   0.0195986381561666   -0.00309329584958856   0
0.239111966860606   0.331515129555229   -0.00875818997244227   0.0141165778988158   0
0.23532759047974   0.331290345128031   -0.00378437638086654   -0.000224784427197366   0
0.245147543915292   0.330484701215658   0.00981995343555239   -0.000805643912373588   0
0.242485875985572   0.32238014133649   -0.00266166792972036   -0.00810455987916808   0
0.25179247494681   0.331054750752214   0.00930659896123853   0.00867460941572457   0
0.237657491971976   0.32170028340934   -0.0141349829748338   -0.00935446734287365   0
0.244676967671663   0.32614199407528   0.00701947569968664   0.00444171066593962   0
0.229325503581699   0.321881156483631   -0.0153514640899636   -0.00426083759164869   0
0.236518200907858   0.321369295300411   0.00719269732615893   -0.000511861183220774   0
0.254811431427163   0.311935571530612   0.0182932305193052   -0.00943372376979862   0
0.246742481113005   0.323803167936067   -0.0080689503141585   0.0118675964054545   0
0.254492622781172   0.330884471607191   0.00775014166816723   0.00708130367112453   0
0.245498021462414   0.330877185717016   -0.00899460131875793   -7.28589017529035e-06   0
0.273646449282445   0.310771832501246   0.0281484278200312   -0.0201053532157698   0
0.260226045719793   0.325064684759882   -0.0134204035626521   0.0142928522586365   0
0.259538675997027   0.33092975599883   -0.000687369722765896   0.00586507123894742   0
0.265501450844548   0.330868703851864   0.00596277484752061   -6.10521469657788e-05   0
0.26138306026537   0.331632919378671   -0.00411839057917818   0.000764215526806777   0
0.274612464893147   0.336552287377014   0.0132294046277773   0.00491936799834281   0
0.264307487578313   0.330837042002483   -0.0103049773148344   -0.00571524537453089   0
0.275000828735279   0.331136199634882   0.0106933411569657   0.000299157632399349   0
0.250215757088238   0.336423538001379   -0.0247850716470408   0.00528733836649647   0
0.285449012710571   0.338769832176734   0.0352332556223338   0.00234629417535537   0
0.261778316920329   0.338346632001702   -0.0236706957902429   -0.000423200175032168   0
0.2554907782372   0.339797273950929   -0.00628753868312881   0.00145064194922695   0
0.277515534610389   0.347737052211988   0.0220247563731892   0.00793977826105879   0
0.249119850128989   0.338364178526026   -0.0283956844813999   -0.0093728736859614   0
0.279637922146049   0.326920730917008   0.0305180720170603   -0.0114434476090183   0
0.261752573931726   0.343363666011432   -0.0178853482143235   0.0164429350944238   0
0.278635570802168   0.339037854954946   0.0168829968704422   -0.004325811056486   0
0.265014815546678   0.338839711664727   -0.0136207552554896   -0.00019814329021911   0
0.288756545244536   0.36048413860728   0.0237417296978579   0.0216444269425533   0
0.289596747809156   0.361029015968283   0.000840202564619752   0.000544877361002782   0
0.26037198188294   0.352483100560882   -0.0292247659262163   -0.00854591540740102   0
0.27653526984817   0.349917571565752   0.0161632879652298   -0.00256552899512918   0
0.262840544375502   0.350858590388966   -0.0136947254726681   0.000941018823213957   0
0.297241862248641   0.377144618493957   0.0344013178731393   0.0262860281049908   0
0.249700538288286   0.372448284707085   -0.0475413239603545   -0.00469633378687201   0
0.232984079929295   0.361610237683995   -0.0167164583589917   -0.0108380470230906   0
0.248700701196167   0.35827675663501   0.0157166212668725   -0.00333348104898407   0
0.224991482961378   0.364835276494406   -0.0237092182347894   0.00655851985939598   0
0.246826666470623   0.379296862521643   0.0218351835092448   0.0144615860272369   0
0.238083477301597   0.370631054036221   -0.00874318916902578   -0.00866580848542264   0
0.238525510412409   0.388798723922944   0.000442033110811646   0.0181676698867237   0
0.247101083670928   0.380415222044692   0.00857557325851935   -0.00838350187825226   0
0.244394497658028   0.388473129876846   -0.00270658601289955   0.00805790783215343   0
0.244735365393153   0.376988063541158   0.0003408677351244   -0.0114850663356871   0
0.2251247643374   0.362666986340554   -0.0196106010557525   -0.0143210772006039   0
0.355303378910193   0.35751319539595   0.130178614572792   -0.00515379094460483   0
