0.180051297754945   0.065601550959581   0   0   0
0.195366368709893   0.09529122531448   0.015315070954948   0.0296896743548991   0
0.194887402181465   0.0905746394597986   -0.000478966528428632   -0.00471658585468147   0
0.142411114426508   0.0812422327451215   -0.0524762877549566   -0.00933240671467701   0
0.147502092654443   0.0636042988934317   0.00509097822793522   -0.0176379338516898   0
0.0894153533589176   0.119195469864221   -0.0580867392955258   0.0555911709707896   0
0.159794058199327   0.0577792337544597   0.0703787048404097   -0.0614162361097616   0
0.149846762971444   0.05327936606572   -0.00994729522788373   -0.0044998676887397   0
0.116069925845759   0.086798977598659   -0.0337768371256846   0.0335196115329389   0
0.10323525054796   0.0851793188816393   -0.0128346752977994   -0.00161965871701962   0
0.125992492480028   0.0647081411960079   0.0227572419320687   -0.0204711776856314   0
0.11821171333472   0.0767146105079404   -0.00778077914530843   0.0120064693119325   0
0.113245839688264   0.041945130463738   -0.00496587364645587   -0.0347694800442024   0
0.0678447144048083   0.0898783222385827   -0.0454011252834558   0.0479331917748447   0
0.0669936614250184   0.0947130236285116   -0.000851052979789865   0.00483470138992897   0
0.0942448095866823   0.0404628015015644   0.0272511481616639   -0.0542502221269473   0
0.147089368751144   0.0400347432869754   0.0528445591644617   -0.000428058214588925   0
0.101717464711278   0.0334072905813237   -0.0453719040398664   -0.00662745270565173   0
0.0913505193944731   0.0316665422442994   -0.0103669453168045   -0.00174074833702428   0
0.118076732311874   0.0362342079387352   0.0267262129174011   0.00456766569443576   0
0.0747593473126939   0.0365690087819184   -0.0433173849991803   0.0003348008431832   0
0.127709847359317   0.0473713819302593   0.0529505000466228   0.0108023731483409   0
0.0822014973133701   0.053544910707366   -0.0455083500459466   0.00617352877710669   0
0.0749910915101921   0.0618629084509846   -0.00721040580317808   0.00831799774361858   0
0.0759559163550806   0.0529758349659836   0.000964824844888523   -0.00888707348500103   0
0.0854701951164264   0.0507687055538646   0.00951427876134582   -0.00220712941211897   0
0.073427862816849   0.0309592975402382   -0.0120423322995774   -0.0198094080136264   0
0.0958608674376567   0.0429680540502755   0.0224330046208077   0.0120087565100373   0
0.107213579270678   0.0293575537443074   0.0113527118330215   -0.0136105003059681   0
0.0787170613517171   0.0606393777768753   -0.0284965179189611   0.0312818240325679   0
0.0443965426286777   0.0644701667808646   -0.0343205187230394   0.0038307890039893   0
0.0729622789162318   0.0435952165300532   0.028565736287554   -0.0208749502508114   0
0.101212836877246   0.0282457420699231   0.0282505579610142   -0.0153494744601301   0
0.109989176183205   0.0273184966572559   0.00877633930595856   -0.000927245412667258   0
0.102266841730299   0.0288484799538468   -0.00772233445290563   0.00152998329659092   0
0.119788920748665   0.0343702817984156   0.0175220790183664   0.00552180184456884   0
0.097645525541061   0.0219402753495489   -0.0221433952076042   -0.0124300064488667   0
0.088828947304412   0.0554807385537271   -0.00881657823664903   0.0335404632041782   0
0.0382817739302922   0.078357081014068   -0.0505471733741198   0.0228763424603409   0
0.102127068291749   0.0785115167798489   0.063845294361457   0.000154435765780891   0
0.132661904651034   0.0357683318345642   0.0305348363592847   -0.0427431849452847   0
0.123126284577502   0.0230425141180688   -0.00953562007353187   -0.0127258177164954   0
0.116895550877953   0.0286126813648638   -0.00623073369954941   0.00557016724679501   0
0.119306103560463   0.0565899904494381   0.00241055268251074   0.0279773090845743   0
0.070309329837939   0.0994001403308366   -0.0489967737225243   0.0428101498813984   0
0.106340095788701   0.12346793297261   0.0360307659507615   0.0240677926417734   0
0.087044727284368   0.0852576187736746   -0.0192953685043325   -0.0382103141989354   0
0.106901617064523   0.0310076230085845   0.0198568897801554   -0.0542499957650901   0
0.106310043209708   0.0645061269446748   -0.000591573854815314   0.0334985039360903   0
0.104987463167847   0.0917607018665534   -0.00132258004186121   0.0272545749218786   0
0.0979167303702999   0.0931439720204829   -0.00707073279754701   0.00138327015392947   0
0.141677945348385   0.0520692367552089   0.0437612149780853   -0.041074735265274   0
0.106298637141828   0.0715700136294917   -0.0353793082065572   0.0195007768742827   0
0.0826706145404157   0.0746906795325603   -0.0236280226014122   0.00312066590306864   0
0.110152613054162   0.0569662615027142   0.0274819985137465   -0.0177244180298461   0
0.0966037141847559   0.0648362928182203   -0.0135488988694064   0.00787003131550601   0
0.110484124321416   0.0515063452202311   0.0138804101366597   -0.0133299475979891   0
0.114278013245243   0.0595078633275679   0.00379388892382777   0.00800151810733677   0
0.102252140734265   0.0550121885973066   -0.012025872510978   -0.00449567473026133   0
0.139732630673726   0.0419846392678397   0.037480489939461   -0.0130275493294669   0
0.145334859384664   0.0522924861203847   0.00560222871093752   0.010307846852545   0
0.0913962809311785   0.0914425173333636   -0.0539385784534853   0.0391500312129789   0
0.0683998340288191   0.0941457931680965   -0.0229964469023594   0.00270327583473287   0
0.103053247062574   0.0638855829345127   0.0346534130337553   -0.0302602102335838   0
0.123477535261682   0.0625493211494138   0.0204242881991079   -0.00133626178509894   0
0.0986453722479164   0.0675083657086475   -0.0248321630137659   0.00495904455923378   0
0.112588231581369   0.070053760964794   0.0139428593334527   0.00254539525614648   0
0.151288973872156   0.136828012075379   0.0387007422907872   0.0667742511105848   0
0.126754799495483   0.157555471610795   -0.0245341743766737   0.0207274595354161   0
0.119074383196993   0.156530360762409   -0.0076804162984893   -0.00102511084838561   0
0.147359263387987   0.130961848924114   0.0282848801909933   -0.0255685118382951   0
0.177287058577354   0.124079465448558   0.029927795189367   -0.00688238347555574   0
0.0975307541952793   0.150778054811211   -0.0797563043820742   0.0266985893626524   0
0.0759872679243043   0.161603368322948   -0.0215434862709751   0.0108253135117375   0
0.0883511156599055   0.153607129051267   0.0123638477356012   -0.00799623927168167   0
0.165110828265017   0.130108466872731   0.0767597126051117   -0.0234986621785359   0
0.111193905316973   0.162534458683851   -0.053916922948044   0.0324259918111203   0
0.0884050342659851   0.170664194131341   -0.0227888710509881   0.00812973544748974   0
0.0808835626764796   0.16950730808151   -0.00752147158950552   -0.00115688604983069   0
0.0679779697887669   0.157350996512645   -0.0129055928877127   -0.0121563115688649   0
0.0885728850781778   0.168715396373123   0.020594915289411   0.0113643998604777   0
0.0934601731367966   0.155100054554504   0.00488728805861878   -0.0136153418186193   0
0.0756185175779716   0.153747725319564   -0.017841655558825   -0.00135232923493994   0
0.0685049223144585   0.154655875988143   -0.00711359526351306   0.000908150668579771   0
0.0871939118336825   0.170685229063355   0.018688989519224   0.0160293530752116   0
0.107533806116309   0.149935766720528   0.0203398942826268   -0.0207494623428273   0
0.0845796181075559   0.152557847505209   -0.0229541880087534   0.00262208078468093   0
0.096569942738204   0.141396163606735   0.0119903246306481   -0.0111616838984739   0
0.0951225172047607   0.1580064553449   -0.00144742553344331   0.0166102917381656   0
0.16677814388906   0.203322121207334   0.0716556266842993   0.045315665862434   0
0.178185987925931   0.210935061394496   0.0114078440368709   0.00761294018716208   0
0.123347237629426   0.196489720864248   -0.0548387502965053   -0.0144453405302488   0
0.0589295174133473   0.245063887505401   -0.0644177202160784   0.0485741666411536   0
0.10567967954465   0.214798012282563   0.0467501621313031   -0.0302658752228386   0
0.0901680630483987   0.202902869421036   -0.0155116164962517   -0.0118951428615267   0
0.101008966678013   0.202584042232532   0.0108409036296146   -0.000318827188503568   0
0.124336247164333   0.211219579182003   0.0233272804863193   0.00863553694947067   0
0.104840386497475   0.225733994094936   -0.0194958606668573   0.0145144149129326   0
0.0846591169775494   0.225882751985566   -0.0201812695199259   0.000148757890629792   0
0.0966140003499886   0.209554317061478   0.0119548833724392   -0.0163284349240874   0
0.0899401466038587   0.222962394656728   -0.00667385374612989   0.0134080775952498   0
0.179732718055144   0.198252154995223   0.0897925714512856   -0.0247102396615047   0
0.105810386297235   0.253790643470701   -0.0739223317579098   0.0555384884754779   0
0.195298213233941   0.242741072784505   0.0894878269367067   -0.0110495706861958   0
0.160230358825193   0.264164354095495   -0.0350678544087486   0.0214232813109895   0
0.15154187171937   0.273568380964801   -0.00868848710582268   0.00940402686930614   0
0.178794425449481   0.259793424648008   0.027252553730111   -0.0137749563167934   0
0.129072720611367   0.251530278891931   -0.049721704838114   -0.00826314575607678   0
0.073437112764961   0.29034440923765   -0.055635607846406   0.0388141303457192   0
0.399911657613041   0.254476061033744   0.32647454484808   -0.0358683482039056   0
0.186594325514294   0.313590569523387   -0.213317332098747   0.0591145084896431   0
0.16216647817937   0.350495526591639   -0.0244278473349245   0.0369049570682511   0
0.0744989652660062   0.329424219812008   -0.0876675129133635   -0.0210713067796309   0
0.0682566549838798   0.337696481449319   -0.00624231028212642   0.00827226163731093   0
0.0749483004901918   0.341096067352733   0.006691645506312   0.00339958590341416   0
0.0880133001215776   0.344052181076505   0.0130649996313859   0.00295611372377197   0
0.221084826641269   0.316658826910762   0.133071526519691   -0.0273933541657427   0
0.191242930086317   0.363938200203688   -0.0298418965549518   0.0472793732929264   0
0.196589073093827   0.368882602670552   0.00534614300750966   0.00494440246686312   0
0.173110385107567   0.37799750600963   -0.0234786879862603   0.00911490333907805   0
0.168056345772869   0.407243937316137   -0.00505403933469786   0.0292464313065078   0
0.179538968962869   0.416673401880898   0.0114826231900002   0.00942946456476018   0
0.177898127789024   0.412353751784193   -0.00164084117384466   -0.00431965009670443   0
0.158382808173899   0.424132553021753   -0.0195153196151255   0.0117788012375598   0
0.211017636271213   0.437744387095369   0.0526348280973144   0.0136118340736158   0
0.191056466004818   0.456065021240941   -0.0199611702663956   0.0183206341455723   0
0.270036447506628   0.502980099217653   0.0789799815018107   0.0469150779767119   0
0.164023104111829   0.523698343301036   -0.106013343394799   0.0207182440833833   0
0.158412379839203   0.536113524732868   -0.00561072427262613   0.0124151814318322   0
0.189885253893634   0.537255108816333   0.0314728740544312   0.00114158408346465   0
0.234936609618424   0.54146825214619   0.0450513557247901   0.00421314332985689   0
0.215588307141389   0.560764921379048   -0.0193483024770352   0.0192966692328581   0
0.208956575101623   0.550054828608249   -0.00663173203976677   -0.0107100927707993   0
0.224516364071152   0.576309163364812   0.0155597889695293   0.0262543347565636   0
0.261657399053342   0.579474918766335   0.0371410349821905   0.0031657554015222   0
0.245052606680464   0.584492624863651   -0.0166047923728787   0.00501770609731589   0
0.255350596150861   0.603756616342215   0.0102979894703972   0.0192639914785641   0
0.265653458494125   0.607214958595595   0.0103028623432646   0.00345834225338038   0
0.230875578103229   0.605273168000408   -0.0347778803908968   -0.00194179059518707   0
0.230115954984395   0.651282535149876   -0.000759623118833819   0.0460093671494685   0
0.229146879127737   0.691897719086608   -0.00096907585665798   0.0406151839367312   0
0.40808377970951   0.680472649516863   0.178936900581773   -0.0114250695697441   0
0.344967121916522   0.71900938203771   -0.0631166577929884   0.0385367325208468   0
0.338956788866973   0.749799064860213   -0.0060103330495484   0.0307896828225027   0
0.326429806350462   0.724571482765158   -0.0125269825165115   -0.0252275820950546   0
0.312958493613786   0.707643596497029   -0.0134713127366761   -0.0169278862681294   0
0.251877803178942   0.712939880291459   -0.0610806904348435   0.00529628379443003   0
0.313304261206962   0.720856962600244   0.0614264580280193   0.00791708230878541   0
0.297696971306125   0.717838304104413   -0.0156072899008363   -0.00301865849583127   0
0.30997056833835   0.718193274531306   0.0122735970322251   0.00035497042689292   0
0.287223245859384   0.709817748451319   -0.0227473224789667   -0.00837552607998704   0
0.234093696358189   0.72020038978971   -0.0531295495011947   0.0103826413383906   0
0.304923234960867   0.750194118800761   0.0708295386026778   0.0299937290110511   0
0.298543369889215   0.743104053394274   -0.00637986507165222   -0.0070900654064866   0
0.299890088683003   0.766300631951977   0.00134671879378878   0.0231965785577032   0
0.302070906252506   0.766486319004456   0.00218081756950217   0.000185687052478123   0
0.449911776985222   0.732160617274311   0.147840870732716   -0.0343257017301446   0
0.341479389883196   0.79796004058568   -0.108432387102026   0.065799423311369   0
0.3930636573578   0.819228775966305   0.0515842674746037   0.0212687353806249   0
0.422708233657981   0.795691451378611   0.0296445763001806   -0.0235373245876942   0
0.391838516945808   0.776404336982348   -0.030869716712173   -0.0192871143962622   0
0.402211280027053   0.745776455965519   0.0103727630812449   -0.030627881016829   0
0.462810756229801   0.732739610247904   0.0605994762027481   -0.0130368457176157   0
0.486297153151496   0.699418301447283   0.0234863969216958   -0.0333213088006208   0
0.432050579861177   0.744030512286922   -0.0542465732903191   0.0446122108396392   0
0.467125917016001   0.753415108447476   0.0350753371548237   0.0093845961605542   0
0.462118462945855   0.765278934450211   -0.00500745407014569   0.0118638260027344   0
0.494814358582095   0.740882529618562   0.0326958956362394   -0.0243964048316484   0
0.430151844245134   0.689655833849936   -0.0646625143369609   -0.0512266957686265   0
0.509476267613124   0.750990148820376   0.0793244233679905   0.0613343149704396   0
0.478300736981128   0.762769039169295   -0.0311755306319966   0.0117788903489198   0
0.49665100547926   0.767614294320396   0.0183502684981322   0.00484525515110101   0
0.538641660243617   0.780439206164388   0.0419906547643568   0.0128249118439917   0
0.537629334238711   0.784232572947751   -0.00101232600490553   0.00379336678336317   0
0.426605377660862   0.775670413903031   -0.11102395657785   -0.00856215904471991   0
0.408322260646634   0.781570867495392   -0.0182831170142279   0.00590045359236113   0
0.448991944465254   0.776767430806834   0.0406696838186205   -0.00480343668855832   0
0.619407569350747   0.724824712071132   0.170415624885492   -0.0519427187357017   0
0.551140662950434   0.790173172461107   -0.0682669064003129   0.0653484603899744   0
0.562329708882929   0.819058094770145   0.0111890459324956   0.0288849223090382   0
0.591958184842688   0.781695586933462   0.0296284759597587   -0.0373625078366827   0
0.528235981446149   0.807316068918797   -0.0637222033965391   0.0256204819853347   0
0.575380491515145   0.809582631782112   0.0471445100689962   0.0022665628633145   0
0.613229075277877   0.812059795810167   0.0378485837627317   0.00247716402805542   0
0.605873407484237   0.823000881901715   -0.00735566779364005   0.0109410860915476   0
0.60059440057866   0.812648369768561   -0.0052790069055767   -0.0103525121331536   0
0.589901100759856   0.831522246108906   -0.010693299818804   0.0188738763403449   0
0.567800104825184   0.850427519542671   -0.0221009959346721   0.018905273433765   0
0.599164849411454   0.816677398599655   0.0313647445862696   -0.0337501209430159   0
0.593776521123267   0.803879203759029   -0.00538832828818636   -0.0127981948406264   0
0.54206523320653   0.826962212760353   -0.0517112879167371   0.0230830090013248   0
0.590531416452165   0.853187044117525   0.0484661832456346   0.0262248313571717   0
0.450301144435599   0.863799288027172   -0.140230272016566   0.0106122439096471   0
0.507635095801394   0.854212268547754   0.0573339513657948   -0.00958701947941842   0
0.536982409173941   0.861736180158406   0.0293473133725477   0.0075239116106518   0
0.531891165258467   0.893474798031819   -0.00509124391547411   0.0317386178734138   0
0.611200417040106   0.878167724876063   0.0793092517816393   -0.0153070731557566   0
0.52011212303561   0.862571017191773   -0.0910882940044959   -0.0155967076842897   0
0.706218928306938   0.851852269941215   0.186106805271328   -0.0107187472505584   0
0.643151573673897   0.908790432037277   -0.063067354633041   0.0569381620960621   0
0.61142233135476   0.907284090070607   -0.0317292423191369   -0.00150634196666954   0
0.648392725424306   0.883876938197564   0.0369703940695464   -0.0234071518730437   0
0.645391987250082   0.876973628542786   -0.00300073817422442   -0.0069033096547777   0
0.638968340349262   0.885947478527085   -0.00642364690082031   0.00897384998429929   0
0.615657222442294   0.909289834354949   -0.023311117906968   0.0233423558278636   0
0.665106180408813   0.911903465451388   0.0494489579665188   0.00261363109643897   0
0.651447700053205   0.906690306748258   -0.013658480355608   -0.00521315870312988   0
0.621440903881455   0.903496321048127   -0.0300067961717493   -0.00319398570013085   0
0.663342156719291   0.907312078781331   0.0419012528378355   0.00381575773320419   0
0.604196683634164   0.931251972595629   -0.0591454730851265   0.0239398938142977   0
0.563221731307671   0.937280246266425   -0.0409749523264935   0.00602827367079617   0
0.611724039848819   0.937730410115962   0.0485023085411487   0.000450163849537   0
0.628117284656496   0.943865939381886   0.0163932448076769   0.00613552926592409   0
0.609211829089653   0.950323152287947   -0.0189054555668438   0.00645721290606061   0
0.667038933997417   0.956837248975107   0.0578271049077641   0.00651409668715985   0
0.670160911213188   0.940563663596463   0.00312197721577112   -0.0162735853786438   0
0.712047633258478   0.916280899391256   0.0418867220452902   -0.0242827642052064   0
0.615416094169595   0.916426666345158   -0.0966315390888829   0.000145766953901783   0
0.857383530545694   0.800885633956247   0.241967436376099   -0.115541032388911   0
0.658339669251892   0.903147705418112   -0.199043861293803   0.102262071461864   0
0.746395643272554   0.921394878514635   0.0880559740206627   0.0182471730965239   0
0.734237594441636   0.962437087244797   -0.0121580488309185   0.041042208730162   0
0.712125397240008   0.951808554837841   -0.0221121972016273   -0.0106285324069559   0
0.676949972747204   0.96239240092919   -0.0351754244928046   0.0105838460913482   0
0.715060563460016   0.921515167500785   0.0381105907128125   -0.0408772334284043   0
0.711927695527432   0.945146166887032   -0.00313286793258438   0.0236309993862468   0
0.701670600604728   0.947555438844082   -0.0102570949227038   0.00240927195704943   0
0.843365820614637   0.911812838641379   0.141695220009909   -0.0357426002027025   0
0.764751023187344   0.869710893407976   -0.0786147974272926   -0.0421019452334033   0
0.711916865958379   0.81397411094119   -0.0528341572289658   -0.0557367824667863   0
0.743567708069339   0.808627813365642   0.0316508421109606   -0.00534629757554728   0
0.708826999662118   0.822717953206474   -0.0347407084072213   0.0140901398408316   0
0.736320554872136   0.851517081027151   0.0274935552100181   0.0287991278206774   0
0.748134328624085   0.836509501366392   0.0118137737519488   -0.0150075796607591   0
0.661311176404434   0.814604460628746   -0.0868231522196503   -0.0219050407376463   0
0.687660953996234   0.823745631660952   0.0263497775917991   0.00914117103220569   0
0.734658056676056   0.8773094842443   0.0469971026798229   0.0535638525833485   0
0.680712825862889   0.860079047502176   -0.0539452308131673   -0.0172304367421243   0
0.712208473390088   0.82668623333705   0.0314956475271991   -0.0333928141651254   0
0.677761150630695   0.81070201666827   -0.034447322759393   -0.0159842166687802   0
0.526303019664803   0.803741040983506   -0.151458130965892   -0.00696097568476417   0
0.633181427590071   0.820585811239294   0.106878407925268   0.0168447702557879   0
0.572873893210364   0.805011436947482   -0.0603075343797063   -0.0155743742918117   0
