0.241402056336498   0.116165788673139   0   0   0
0.244267355432649   0.105572110039773   0.00286529909615035   -0.0105936786333662   0
0.203248601552704   0.0908672322952757   -0.0410187538799444   -0.0147048777444976   0
0.192691205874503   0.0784177987594175   -0.0105573956782017   -0.0124494335358582   0
0.171958046756324   0.0736575781752462   -0.0207331591181791   -0.00476022058417132   0
0.132715462779776   0.074206928642715   -0.0392425839765481   0.000549350467468859   0
0.106641132259274   0.0893157124750175   -0.0260743305205015   0.0151087838323025   0
0.0945866245348675   0.0685185152847754   -0.0120545077244066   -0.0207971971902421   0
0.0955792946447085   0.0674965181458459   0.000992670109840985   -0.00102199713892955   0
0.0539796824188148   0.057404521448946   -0.0415996122258937   -0.0100919966968999   0
0.0989683776783271   0.0235209637075631   0.0449886952595124   -0.0338835577413829   0
0.0742100502503536   0.0423722181655327   -0.0247583274279736   0.0188512544579696   0
0.0797179097245406   0.0580178858556135   0.00550785947418701   0.0156456676900808   0
0.0878177443209514   0.0609407708392017   0.00809983459641088   0.0029228849835882   0
0.0833955331126914   0.0701315962282515   -0.0044222112082601   0.00919082538904976   0
0.0689384039404743   0.0438304759035594   -0.0144571291722171   -0.0263011203246921   0
0.089255837723815   0.0203697637530753   0.0203174337833407   -0.0234607121504841   0
0.0853523938298745   0.0393826321840923   -0.0039034438939405   0.019012868431017   0
0.0658395912657422   0.0438147359121659   -0.0195128025641323   0.00443210372807368   0
0.0631254445624742   0.0404908610290643   -0.00271414670326806   -0.00332387488310161   0
0.0493582043444654   0.0564530786089306   -0.0137672402180088   0.0159622175798663   0
0.0637170574242879   0.0208534762460866   0.0143588530798225   -0.035599602362844   0
0.0686408277646038   0.0680361100760471   0.00492377034031589   0.0471826338299605   0
0.0825773877933905   0.0826261298418401   0.0139365600287867   0.014590019765793   0
0.0563339816106461   0.112463587072661   -0.0262434061827444   0.0298374572308208   0
0.0577184705329239   0.106787068561331   0.0013844889222778   -0.00567651851132957   0
0.062575781352453   0.0878414756923516   0.00485731081952909   -0.0189455928689798   0
0.0363625173358845   0.0965907890803906   -0.0262132640165685   0.00874931338803894   0
0.0483617784973723   0.10192040930806   0.0119992611614878   0.0053296202276695   0
0.0717352406094801   0.0883490214759373   0.0233734621121078   -0.0135713878321228   0
0.121903775296625   0.0746053288373726   0.0501685346871448   -0.0137436926385647   0
0.0890088261947656   0.0360801491217816   -0.0328949491018592   -0.038525179715591   0
0.0980078462011185   0.0355824372592013   0.00899902000635286   -0.000497711862580297   0
0.0713572653830939   0.0808804232287394   -0.0266505808180246   0.045297985969538   0
0.0371465075729725   0.104378586396169   -0.0342107578101214   0.0234981631674296   0
0.0939320402104628   0.137167504963822   0.0567855326374903   0.0327889185676526   0
0.0761395218000481   0.181128436741032   -0.0177925184104147   0.0439609317772104   0
0.0592264298682607   0.162439028551677   -0.0169130919317874   -0.018689408189355   0
0.029801455291888   0.158274494441058   -0.0294249745763727   -0.00416453411061887   0
0.0662156915201895   0.139489524262657   0.0364142362283015   -0.0187849701784006   0
0.0909949192400592   0.144948987975667   0.0247792277198697   0.0054594637130094   0
0.0927574310177513   0.130736192832264   0.00176251177769213   -0.0142127951434025   0
0.107422451110417   0.143623155147734   0.014665020092666   0.0128869623154694   0
0.111446269057977   0.150126218277122   0.00402381794755921   0.006503063129388   0
0.0918196028714316   0.152313072424448   -0.019626666186545   0.00218685414732581   0
0.0864882881390284   0.161270846805746   -0.00533131473240316   0.00895777438129877   0
0.0768143612334959   0.168943026807301   -0.00967392690553247   0.00767218000155487   0
0.131971144806924   0.173316931462385   0.0551567835734277   0.00437390465508336   0
0.111397208899236   0.167025523173593   -0.0205739359076877   -0.00629140828879141   0
0.0895722221333545   0.168081550630071   -0.0218249867658814   0.00105602745647759   0
0.0623535286210011   0.16586206260741   -0.0272186935123534   -0.00221948802266073   0
0.0741250871659521   0.147978236500125   0.0117715585449511   -0.0178838261072851   0
0.0969934705020394   0.141956794257353   0.0228683833360873   -0.0060214422427721   0
0.0874953378498534   0.149500064336474   -0.00949813265218601   0.00754327007912164   0
0.0500880499257897   0.16586206260741   -0.0374072879240638   0.0163619982709356   0
0.0675092754872247   0.16616824554936   0.017421225561435   0.000306182941950284   0
0.0705488322237158   0.159745756058534   0.00303955673649109   -0.00642248949082677   0
0.0274765620342648   0.171322643773262   -0.043072270189451   0.0115768877147284   0
0.035868848900125   0.173424919334859   0.00839228686586026   0.00210227556159753   0
0.0387254605670481   0.166696346593897   0.00285661166692311   -0.00672857274096283   0
0.0136494657854291   0.164132132270345   -0.025075994781619   -0.00256421432355172   0
0.0220570233649874   0.166593252839071   0.00840755757955829   0.00246112056872569   0
0.0368086536995039   0.167958579579222   0.0147516303345165   0.00136532674015186   0
0.0320679072261116   0.16296394685474   -0.00474074647339228   -0.00499463272448283   0
0.0308298731661355   0.172008510599431   -0.00123803405997613   0.00904456374469093   0
0.0422815318874861   0.185564674568693   0.0114516587213506   0.0135561639692627   0
0.0613705662579783   0.190528194982718   0.0190890343704922   0.00496352041402451   0
0.100608896714076   0.195406242276885   0.0392383304560977   0.00487804729416683   0
0.0672716058560995   0.183095432073004   -0.0333372908579764   -0.0123108102038806   0
0.100886091295381   0.252857053731946   0.0336144854392817   0.0697616216589416   0
0.106002557206045   0.291001246005064   0.00511646591066403   0.0381441922731188   0
0.103973115319346   0.268609712359908   -0.00202944188669936   -0.0223915336451563   0
0.0975976748601016   0.275279377134321   -0.00637544045924433   0.00666966477441344   0
0.102952985216214   0.262922595247461   0.00535531035611253   -0.0123567818868608   0
0.106063960194828   0.263094590825852   0.00311097497861362   0.000171995578391371   0
0.127973927779568   0.285175560936592   0.0219099675847399   0.0220809701107402   0
0.0990725319216684   0.282922420790439   -0.0289013958578993   -0.00225314014615274   0
0.0913912129893509   0.253059399233406   -0.00768131893231748   -0.0298630215570332   0
0.116851955242639   0.269806809681502   0.0254607422532876   0.0167474104480953   0
0.104867637817012   0.271725484566225   -0.0119843174256266   0.00191867488472386   0
0.0989038124252043   0.25591698720994   -0.00596382539180766   -0.0158084973562856   0
0.101070293067328   0.265392412620915   0.00216648064212395   0.00947542541097518   0
0.0717061880423858   0.275747651270596   -0.0293641050249424   0.0103552386496806   0
0.0766348956560398   0.241767011741428   0.00492870761365392   -0.0339806395291672   0
0.0890897657995575   0.24082321554423   0.0124548701435177   -0.000943796197198726   0
0.0910065441806797   0.235163897460387   0.0019167783811222   -0.00565931808384307   0
0.109539015874436   0.22493218506321   0.0185324716937566   -0.010231712397177   0
0.101107271548292   0.226399033622187   -0.00843174432614456   0.00146684855897694   0
0.0558940182039152   0.227525106747673   -0.0452132533443765   0.0011260731254864   0
0.0899197481710219   0.226465740062575   0.0340257299671068   -0.0010593666850976   0
0.109618490739656   0.200817693749356   0.0196987425686338   -0.0256480463132197   0
0.109824789598205   0.195559246262233   0.000206298858549253   -0.00525844748712315   0
0.116922551786941   0.192993465604305   0.00709776218873642   -0.00256578065792767   0
0.0558993567409322   0.249107960598952   -0.0610231950460093   0.0561144949946472   0
0.11448433791873   0.233019429675365   0.058584981177798   -0.0160885309235868   0
0.100114774805071   0.22229667828653   -0.0143695631136596   -0.0107227513888353   0
0.0705077494496144   0.231997706098767   -0.0296070253554562   0.00970102781223733   0
0.09483535061558   0.237811442085452   0.0243276011659656   0.00581373598668516   0
0.130414014894604   0.241533068636559   0.035578664279024   0.00372162655110614   0
0.216086698662412   0.219887114464081   0.0856726837678078   -0.0216459541724772   0
0.193166674936465   0.209497704479602   -0.0229200237259467   -0.0103894099844797   0
0.182895098302962   0.218082551445324   -0.0102715766335035   0.00858484696572259   0
0.203582698266577   0.236354451100931   0.0206875999636151   0.018271899655607   0
0.203553933484593   0.257031295255704   -2.87647819839643e-05   0.0206768441547729   0
0.154049731510794   0.250399085659153   -0.0495042019737991   -0.00663220959655086   0
0.0539350625791201   0.298479293381272   -0.100114668931674   0.048080207722119   0
0.0857939732716116   0.313347249115199   0.0318589106924915   0.0148679557339266   0
0.0693969164172299   0.282442687549921   -0.0163970568543816   -0.0309045615652775   0
0.0638746363351847   0.277184268558914   -0.00552228008204522   -0.00525841899100765   0
0.0465016607609492   0.276381535983394   -0.0173729755742356   -0.000802732575519938   0
0.0929298842830443   0.2793798067169   0.0464282235220951   0.00299827073350634   0
0.184632515138694   0.251493778107735   0.0917026308556495   -0.0278860286091654   0
0.120504435394097   0.266447439862049   -0.0641280797445972   0.0149536617543138   0
0.11174784416359   0.250379428620099   -0.00875659123050658   -0.01606801124195   0
0.188413280937438   0.26208558631891   0.0766654367738481   0.0117061576988118   0
0.153659260661316   0.304759659133024   -0.0347540202761217   0.0426740728141137   0
0.181818547608833   0.303710792701094   0.0281592869475169   -0.00104886643192981   0
0.417263660383935   1.03133886623857   0.235445112775102   0.727628073537471   1
0.338824091605969   0.834816035876773   -0.0784395687779663   -0.196522830361792   0
0.360952099738802   0.733548208717225   0.0221280081328331   -0.101267827159548   0
0.374349978599505   0.721368332659301   0.0133978788607032   -0.0121798760579244   0
0.379125256044503   0.74676468452184   0.00477527744499784   0.0253963518625385   0
0.376635117200932   0.748815608860085   -0.00249013884357074   0.00205092433824561   0
0.395134650897906   0.732972321561496   0.0184995336969737   -0.0158432872985886   0
0.347786826336551   0.715347257921032   -0.0473478245613554   -0.0176250636404641   0
0.294833286373774   0.711466490562598   -0.0529535399627763   -0.0038807673584339   0
0.319592536779256   0.760422192336106   0.0247592504054816   0.0489557017735076   0
0.31899730060408   0.755957019619006   -0.000595236175175484   -0.00446517271710023   0
0.326671273623822   0.74036908189193   0.00767397301974165   -0.0155879377270755   0
0.271173266647452   0.715321644446049   -0.0554980069763703   -0.0250474374458812   0
0.25006398933451   0.713497543837398   -0.0211092773129417   -0.00182410060865101   0
0.264867811166325   0.706681666918882   0.0148038218318148   -0.00681587691851582   0
0.318671157478991   0.656832908036169   0.0538033463126662   -0.0498487588827136   0
0.297743179240499   0.687647889476875   -0.020927978238492   0.0308149814407058   0
0.260614682960074   0.712203049691512   -0.0371284962804249   0.0245551602146372   0
0.278798510406709   0.728632572448727   0.0181838274466351   0.0164295227572154   0
0.301695069601742   0.73790033947563   0.0228965591950328   0.00926776702690257   0
0.278400314441274   0.715277307508424   -0.0232947551604685   -0.0226230319672063   0
0.294268779154364   0.689358404901979   0.0158684647130907   -0.025918902606445   0
0.286283992055092   0.711949050566471   -0.00798478709927225   0.0225906456644928   0
0.346665959233092   0.738939239427877   0.0603819671780002   0.026990188861406   0
0.277581460611187   0.71997804176256   -0.0690844986219051   -0.0189611976653177   0
0.259496772947257   0.705624610123896   -0.0180846876639306   -0.0143534316386639   0
0.308975892232711   0.695472242247129   0.0494791192854547   -0.0101523678767663   0
0.315382225753133   0.73775928951471   0.00640633352042147   0.0422870472675807   0
0.288094957601153   0.84568366031055   -0.02728726815198   0.10792437079584   0
0.316404835067355   0.809692975965119   0.0283098774662021   -0.0359906843454317   0
0.342194500664461   0.803848051504916   0.0257896655971065   -0.00584492446020268   0
0.350208573295972   0.760302505800323   0.00801407263151038   -0.043545545704593   0
0.292643776233154   0.721261050643593   -0.0575647970628182   -0.0390414551567296   0
0.303223293546258   0.742207888893839   0.0105795173131043   0.0209468382502462   0
0.332769078480318   0.745983729089482   0.0295457849340602   0.0037758401956427   0
0.347761737183664   0.774830381825113   0.0149926587033463   0.0288466527356307   0
0.376115879553097   0.762948448827475   0.028354142369433   -0.0118819329976381   0
0.320303768652962   0.73688006923532   -0.0558121109001357   -0.0260683795921548   0
0.26903250192867   0.695566503256878   -0.0512712667242913   -0.0413135659784424   0
0.285798528884265   0.715492934451487   0.0167660269555945   0.0199264311946096   0
0.326613830641019   0.731435561540454   0.0408153017567537   0.0159426270889672   0
0.306199408332626   0.732639517108004   -0.020414422308393   0.00120395556755004   0
0.29019882814548   0.748615249098293   -0.0160005801871454   0.015975731990289   0
0.344862112007103   0.756062278032868   0.0546632838616232   0.00744702893457461   0
0.326945304182963   0.741714898318249   -0.0179168078241408   -0.0143473797146194   0
0.592930625116463   0.75521296812621   0.265985320933501   0.0134980698079614   0
0.392133614957976   0.783677985886104   -0.200797010158488   0.0284650177598936   0
0.316144558633926   0.816092273592576   -0.0759890563240495   0.0324142877064725   0
0.278621541168231   0.770733094660207   -0.0375230174656957   -0.045359178932369   0
0.256209872869177   0.79114295689338   -0.0224116682990532   0.0204098622331725   0
0.345574736932548   0.766984895373436   0.0893648640633711   -0.024158061519944   0
0.261145760012316   0.94827196510943   -0.0844289769202326   0.181287069735994   0
0.370882016847676   1.09926284075705   0.10973625683536   0.15099087564762   0
0.296861144414421   1.03614129800747   -0.0740208724332548   -0.0631215427495813   0
0.308780054212137   1.02289440364414   0.0119189097977151   -0.0132468943633293   0
0.283832122352157   0.974273140839108   -0.0249479318599792   -0.0486212628050319   0
0.285585270376625   0.978792649938816   0.00175314802446758   0.00451950909970855   0
0.302837678588464   0.962968598755692   0.0172524082118393   -0.0158240511831248   0
0.286392012125496   0.944755004029748   -0.0164456664629687   -0.0182135947259431   0
0.29350571757436   0.944273052125946   0.00711370544886447   -0.000481951903802291   0
0.284139091560331   0.962656714312143   -0.00936662601402938   0.0183836621861965   0
0.343626470973934   0.976477097678819   0.0594873794136034   0.0138203833666766   0
0.310269863528332   0.95289731022511   -0.0333566074456017   -0.0235797874537088   0
0.307102970544083   0.931312829082151   -0.00316689298424927   -0.0215844811429593   0
0.315742338776775   0.943542432148655   0.00863936823269157   0.0122296030665042   0
0.316890171087776   0.91142555290339   0.00114783231100135   -0.0321168792452654   0
0.283618281843061   0.890966120420973   -0.033271889244715   -0.0204594324824168   0
0.270354306964953   0.906346933715368   -0.0132639748781081   0.015380813294395   0
0.299624076798311   0.940799132352385   0.0292697698333578   0.0344521986370168   0
0.278744983415908   0.937148316604188   -0.0208790933824026   -0.00365081574819737   0
0.27936957068489   0.937837971136273   0.000624587268982346   0.000689654532085027   0
0.308207292991   0.927533289342221   0.0288377223061099   -0.0103046817940519   0
0.334579918984523   0.954404256505727   0.0263726259935226   0.0268709671635065   0
0.320294126923817   0.944798291164442   -0.0142857920607064   -0.00960596534128522   0
0.315409698894647   0.959060850843157   -0.00488442802917011   0.0142625596787148   0
0.330372478334924   0.941438332372068   0.0149627794402777   -0.017622518471089   0
0.333117774234294   0.940746608172068   0.00274529589936973   -0.000691724199999966   0
0.309968571106185   0.948267441730575   -0.023149203128109   0.00752083355850763   0
0.30319820716932   0.924832010493392   -0.00677036393686481   -0.0234354312371834   0
0.305434276103862   0.908588839518184   0.00223606893454154   -0.016243170975208   0
0.302856431071044   0.921811381549664   -0.00257784503281766   0.01322254203148   0
0.273903939988388   0.936358658510856   -0.0289524910826561   0.0145472769611921   0
0.292809757186744   0.941473984908771   0.0189058171983562   0.00511532639791445   0
0.31728524122083   0.94747389913034   0.0244754840340855   0.00599991422156965   0
0.31991634579435   0.922101357913001   0.00263110457352023   -0.0253725412173396   0
0.313545209135397   0.949759321147205   -0.00637113665895256   0.0276579632342046   0
0.288008927941913   0.913854005391452   -0.0255362811934843   -0.0359053157557531   0
0.28723987453188   0.925838947707328   -0.000769053410033249   0.0119849423158759   0
0.296290503799835   1.00135249464537   0.00905062926795519   0.0755135469380391   0
0.305083150051605   1.0796206441428   0.00879264625176984   0.0782681494974318   0
0.323158447521707   1.16792196080864   0.0180752974701025   0.0883013166658373   0
0.318974587699073   1.14364814052717   -0.00418385982263431   -0.0242738202814679   0
0.336141119451355   1.1093196795531   0.0171665317522818   -0.0343284609740693   0
0.287820868744242   0.922913638010215   -0.0483202507071131   -0.186406041542884   0
0.262578104407451   0.948891341231072   -0.0252427643367911   0.0259777032208569   0
0.272941010817814   0.982762638153517   0.0103629064103633   0.0338712969224449   0
0.307285880837154   0.993556748256736   0.0343448700193401   0.0107941101032196   0
0.305996724880905   0.979528217329389   -0.0012891559562494   -0.0140285309273479   0
0.306507861809791   0.941267310726284   0.000511136928886546   -0.038260906603105   0
0.339897970928042   0.954793824096431   0.0333901091182507   0.0135265133701471   0
0.309528064417429   0.926806926023353   -0.030369906510613   -0.0279868980730781   0
0.301803976186531   0.944352127342569   -0.00772408823089815   0.0175452013192162   0
0.312669441260511   0.952706913718844   0.0108654650739801   0.00835478637627551   0
0.304001679103981   0.94467372575651   -0.00866776215652948   -0.00803318796233454   0
0.32322840359444   1.02413617565029   0.0192267244904584   0.0794624498937807   0
0.352026655635621   0.900548589929529   0.0287982520411811   -0.123587585720762   0
0.614195525472141   0.966257605632112   0.262168869836521   0.0657090157025837   0
1.34761560527919   0.70738618063509   0.73342007980705   -0.258871424997022   1
1.45424723929805   0.784720173927624   0.106631634018859   0.0773339932925338   0
1.4499283279997   0.788795083040107   -0.00431891129835171   0.00407490911248376   0
1.37181366665338   0.774942389238226   -0.0781146613463151   -0.0138526938018815   0
1.07561592019642   0.862572114330159   -0.296197746456959   0.0876297250919326   0
1.10420063516102   0.89628459286769   0.0285847149645961   0.0337124785375311   0
1.06382538875795   0.90587483487345   -0.0403752464030716   0.0095902420057602   0
1.12311511007821   0.926425828724297   0.0592897213202661   0.0205509938508468   0
1.00326000337898   0.97397521981016   -0.11985510669923   0.0475493910858636   0
0.859334641030489   0.960826332651744   -0.143925362348495   -0.0131488871584163   0
0.581798097648145   1.00770586195638   -0.277536543382345   0.0468795293046357   0
0.439686379667372   1.05892954124436   -0.142111717980773   0.0512236792879848   0
0.438293248055454   1.08130574215691   -0.00139313161191729   0.0223762009125428   0
0.450018049301359   1.10192254398993   0.0117248012459042   0.0206168018330277   0
0.439416196818005   1.09971787360032   -0.0106018524833532   -0.00220467038961925   0
0.432713926483768   1.09757216371977   -0.00670227033423704   -0.00214570988054463   0
0.416869193390445   1.12540746362384   -0.0158447330933236   0.0278352999040712   0
0.411368670650792   1.10302021886738   -0.00550052273965246   -0.022387244756459   0
0.479284640690686   1.08594004698291   0.0679159700398937   -0.0170801718844709   0
0.45850815838107   1.0956686865774   -0.0207764823096164   0.00972863959449   0
0.434348142233854   1.10669369873477   -0.0241600161472159   0.0110250121573696   0
