0.167210226356913   0.157625174402251   0   0   0
0.172713076265956   0.147496135134518   0.00550284990904343   -0.0101290392677328   0
0.169815621340941   0.148850536014453   -0.00289745492501475   0.00135440087993507   0
0.216783833573707   0.141916955742892   0.0469682122327651   -0.00693358027156096   0
0.170294310158149   0.141746767541839   -0.0464895234155571   -0.000170188201053634   0
0.195661697860159   0.137802298103442   0.0253673877020092   -0.00394446943839613   0
0.219480074752898   0.141035565384268   0.0238183768927392   0.00323326728082513   0
0.239715333020737   0.104553839904066   0.0202352582678393   -0.0364817254802018   0
0.185836791510952   0.0881325829775231   -0.0538785415097855   -0.0164212569265425   0
0.174161721797403   0.0989756431995519   -0.0116750697135484   0.0108430602220288   0
0.180361777624972   0.0930569758378704   0.00620005582756913   -0.00591866736168145   0
0.128150065529636   0.118761585022452   -0.0522117120953364   0.0257046091845812   0
0.073672451324698   0.135272435925071   -0.054477614204938   0.0165108509026196   0
0.104453314680674   0.100291941975141   0.0307808633559764   -0.0349804939499305   0
0.0713534906045247   0.104448464016052   -0.0330998240761497   0.0041565220409112   0
0.0622187170151949   0.145743956124053   -0.00913477358932987   0.0412954921080014   0
0.056727971992131   0.10550462992272   -0.00549074502306386   -0.0402393262013339   0
0.122346803812482   0.051987799767181   0.0656188318203511   -0.0535168301555386   0
0.0774420742226085   0.070027455931513   -0.0449047295898737   0.0180396561643321   0
0.145237269572008   0.0698815310197596   0.0677951953493994   -0.000145924911753414   0
0.0644044483565382   0.0334665043259484   -0.0808328212154697   -0.0364150266938112   0
0.108930790072504   0.0627610340987431   0.044526341715966   0.0292945297727947   0
0.0497742094906445   0.071778035105055   -0.0591565805818597   0.00901700100631181   0
0.118601988994677   0.0870888602029703   0.068827779504033   0.0153108250979153   0
0.0517922323064   0.0956681960139445   -0.0668097566882775   0.00857933581097417   0
0.13335930270911   0.0418777588057181   0.0815670704027099   -0.0537904372082264   0
0.1323298932847   0.0496448460257709   -0.00102940942441018   0.00776708722005279   0
0.175865265854065   0.0810981825343978   0.0435353725693652   0.0314533365086269   0
0.125177811208297   0.065564046057748   -0.050687454645768   -0.0155341364766498   0
0.1369137085666   0.0456137957858554   0.0117358973583036   -0.0199502502718926   0
0.181171337661066   0.0480010614181082   0.0442576290944656   0.0023872656322528   0
0.147181943256535   0.0597830738422883   -0.0339893944045306   0.0117820124241801   0
0.113162487842085   0.0595711997309312   -0.0340194554144505   -0.000211874111357112   0
0.0973700172842421   0.121647927876064   -0.0157924705578428   0.0620767281451325   0
0.118701582200913   0.109131932314069   0.0213315649166705   -0.0125159955619949   0
0.0893779104153817   0.0906862608963039   -0.0293236717855308   -0.0184456714177649   0
0.129683448631042   0.119421212563975   0.0403055382156598   0.0287349516676707   0
0.148122582657743   0.0818669994263409   0.0184391340267017   -0.0375542131376337   0
0.180882898756765   0.0913104412568601   0.0327603160990214   0.00944344183051919   0
0.164122296165542   0.0817930480423611   -0.0167606025912224   -0.00951739321449895   0
0.176850286271326   0.0930364817816242   0.0127279901057838   0.0112434337392631   0
0.183944806331573   0.0794911438370227   0.00709452006024713   -0.0135453379446016   0
0.164814142327077   0.0429990741554397   -0.0191306640044963   -0.036492069681583   0
0.166952001633344   0.0552886050230671   0.0021378593062667   0.0122895308676274   0
0.165476519748301   0.0804035467526931   -0.00147548188504226   0.025114941729626   0
0.155165195206593   0.0890825995173581   -0.0103113245417088   0.00867905276466499   0
0.165518640327215   0.0666309883711213   0.0103534451206225   -0.0224516111462368   0
0.165733488118847   0.0923911181794549   0.000214847791631834   0.0257601298083336   0
0.175751758555782   0.0801724944572171   0.0100182704369353   -0.0122186237222379   0
0.171878156838645   0.0919421004054318   -0.00387360171713685   0.0117696059482147   0
0.177328906772015   0.104931137672583   0.00545074993336986   0.0129890372671509   0
0.163063311581269   0.0919727423719251   -0.0142655951907464   -0.0129583953006576   0
0.156295925776458   0.0871952471983588   -0.00676738580481118   -0.00477749517356627   0
0.14068303921287   0.0975435429007989   -0.0156128865635874   0.0103482957024401   0
0.161999249867152   0.100634345336085   0.0213162106542819   0.0030908024352865   0
0.182356929058372   0.0854341829634076   0.0203576791912195   -0.0152001623726779   0
0.186950919291348   0.0869633794220276   0.00459399023297599   0.00152919645861999   0
0.201168460270192   0.0715530921146843   0.0142175409788448   -0.0154102873073432   0
0.224309653432593   0.086679135453375   0.0231411931624006   0.0151260433386906   0
0.235860436247922   0.0837069095060408   0.0115507828153288   -0.00297222594733421   0
0.244689107448125   0.0805586729879068   0.00882867120020303   -0.00314823651813398   0
0.27234734094865   0.0846316083636161   0.0276582335005247   0.00407293537570934   0
0.279479916174758   0.0976965189803224   0.00713257522610883   0.0130649106167063   0
0.269289455626265   0.0787824876548399   -0.0101904605484937   -0.0189140313254826   0
0.291202056318804   0.0838937334600893   0.0219126006925394   0.00511124580524937   0
0.273457975931842   0.0641864485609891   -0.017744080386962   -0.0197072848991002   0
0.263271250312772   0.109598917259752   -0.0101867256190707   0.045412468698763   0
0.274251631116845   0.0914682784124775   0.0109803808040734   -0.0181306388472746   0
0.29411257033607   0.136936871664464   0.0198609392192255   0.0454685932519869   0
0.32694714294095   0.0931602080810257   0.0328345726048796   -0.0437766635834388   0
0.319904152349872   0.14207913678739   -0.00704299059107816   0.0489189287063648   0
0.287588475752002   0.139962490391176   -0.0323156765978696   -0.00211664639621453   0
0.267342131190821   0.128365872677476   -0.0202463445611815   -0.0115966177136998   0
0.243825973097884   0.119519190359749   -0.0235161580929368   -0.00884668231772671   0
0.232902904187518   0.142775933835153   -0.0109230689103663   0.0232567434754037   0
0.249036172099015   0.149570888633116   0.0161332679114969   0.00679495479796299   0
0.258710219573909   0.168293993973344   0.00967404747489406   0.0187231053402281   0
0.241054083786108   0.163428560656484   -0.0176561357878006   -0.00486543331686037   0
0.269429352450508   0.156443135714706   0.0283752686643998   -0.00698542494177753   0
0.279846955920714   0.185478576359913   0.0104176034702061   0.0290354406452066   0
0.279472154668063   0.144476029504897   -0.000374801252650492   -0.0410025468550153   0
0.282572371662978   0.169739136935181   0.00310021699491425   0.0252631074302831   0
0.262203901224009   0.14885256992407   -0.0203684704389684   -0.0208865670111111   0
0.258663952503649   0.161045745106817   -0.00353994872036023   0.0121931751827479   0
0.278342582311079   0.145305659853152   0.0196786298074303   -0.0157400852536651   0
0.288755944201708   0.140282109080462   0.0104133618906288   -0.00502355077269079   0
0.313188601175538   0.139087839673972   0.0244326569738295   -0.00119426940648967   0
0.29253157962444   0.130451533313152   -0.0206570215510978   -0.00863630636081947   0
0.351528068676185   0.112890071325172   0.0589964890517448   -0.01756146198798   0
0.368947373274591   0.165660873678918   0.0174193045984058   0.0527708023537459   0
0.324629757060948   0.145627625790919   -0.0443176162136427   -0.020033247887999   0
0.277883716062421   0.162783843899733   -0.0467460409985272   0.0171562181088133   0
0.314828753328385   0.131958731345154   0.0369450372659642   -0.0308251125545787   0
0.290621208534701   0.150336993473904   -0.0242075447936841   0.0183782621287496   0
0.278719890504679   0.129609994928873   -0.0119013180300221   -0.0207269985450305   0
0.298525698150427   0.154752978693271   0.0198058076457487   0.025142983764398   0
0.2956458803875   0.150681715693212   -0.00287981776292717   -0.00407126300005894   0
0.296758586182725   0.178769449239859   0.00111270579522521   0.0280877335466468   0
0.293149017527613   0.165252669570721   -0.00360956865511197   -0.0135167796691376   0
0.261312510013834   0.18549898318565   -0.0318365075137795   0.0202463136149285   0
0.273415522686149   0.207954626218612   0.0121030126723151   0.0224556430329619   0
0.243993835402147   0.213079383269622   -0.0294216872840019   0.00512475705101043   0
0.28551723508566   0.222290172891448   0.0415233996835129   0.00921078962182623   0
0.274881991483637   0.219311342482189   -0.0106352436020234   -0.00297883040925934   0
0.315916524134478   0.267522495519484   0.0410345326508412   0.0482111530372954   0
0.287318857663711   0.24829176887038   -0.0285976664707664   -0.0192307266491046   0
0.322356441152895   0.302374310991977   0.0350375834891839   0.0540825421215967   0
0.243665162370128   0.252658943652921   -0.078691278782767   -0.0497153673390553   0
0.190210235351781   0.327269857378067   -0.0534549270183469   0.0746109137251454   0
0.186516251034514   0.353689333675194   -0.00369398431726684   0.0264194762971272   0
0.197590416331258   0.329816336423853   0.0110741652967439   -0.0238729972513403   0
0.250458578978804   0.280356434166174   0.0528681626475453   -0.049459902257679   0
0.282266406923672   0.302062601945876   0.0318078279448686   0.0217061677797012   0
0.263995328363969   0.30854023281697   -0.0182710785597028   0.00647763087109421   0
0.206554662130972   0.288492505439465   -0.0574406662329973   -0.0200477273775044   0
0.238707801677909   0.263161343391602   0.0321531395469371   -0.0253311620478638   0
0.322524735226556   0.304994523826941   0.0838169335486468   0.0418331804353394   0
0.338150898504514   0.272569588991   0.015626163277958   -0.0324249348359413   0
0.325637409367367   0.307107527920877   -0.0125134891371471   0.0345379389298777   0
0.377818606479366   0.286131436265678   0.0521811971119992   -0.020976091655199   0
0.420305640416162   0.29705807335235   0.0424870339367959   0.0109266370866712   0
0.460701636091354   0.311472630269375   0.0403959956751917   0.0144145569170249   0
0.458305224346494   0.319471890217668   -0.00239641174485988   0.00799925994829387   0
0.472461789928466   0.305082692690851   0.0141565655819724   -0.0143891975268178   0
0.488093842408209   0.330397867015319   0.0156320524797434   0.0253151743244685   0
0.548199644740819   0.31598086706872   0.0601058023326094   -0.0144169999465993   0
0.615465181622072   0.268600179380385   0.067265536881253   -0.0473806876883349   0
0.600335077250405   0.30934208957433   -0.0151301043716666   0.0407419101939446   0
0.569766715045737   0.292700121726999   -0.0305683622046682   -0.0166419678473306   0
0.592827366727583   0.336833780537166   0.0230606516818458   0.0441336588101676   0
0.604357381497074   0.24278820929155   0.0115300147694913   -0.094045571245616   0
0.594157775750759   0.334159008349696   -0.010199605746315   0.0913707990581459   0
0.594918427476178   0.322922421302412   0.000760651725418504   -0.0112365870472844   0
0.616992929236179   0.372224742854381   0.0220745017600008   0.0493023215519688   0
0.633406698692425   0.306103566775086   0.0164137694562465   -0.0661211760792948   0
0.635630871983426   0.375147992124192   0.00222417329100055   0.0690444253491055   0
0.63897059798703   0.326358702095179   0.00333972600360422   -0.0487892900290123   0
0.678504724790837   0.354997436499068   0.0395341268038075   0.028638734403889   0
0.65536582549563   0.377767856720768   -0.0231388992952072   0.0227704202216995   0
0.655768426921913   0.347868191949914   0.000402601426282567   -0.0298996647708534   0
0.594023428883247   0.393604156363729   -0.0617449980386657   0.0457359644138142   0
0.717116371190423   0.309426743044844   0.123092942307176   -0.0841774133188845   0
0.786735307026251   0.425193645454033   0.0696189358358286   0.115766902409189   0
0.75698942740107   0.421721269825818   -0.0297458796251812   -0.00347237562821551   0
0.719805706047125   0.423063833750975   -0.0371837213539451   0.00134256392515725   0
0.712369730865932   0.453106475376942   -0.00743597518119332   0.0300426416259675   0
0.723865358481293   0.46842781306306   0.0114956276153609   0.0153213376861175   0
0.754974690611473   0.466375531211641   0.0311093321301809   -0.00205228185141926   0
0.802947671869245   0.451889780363464   0.0479729812577713   -0.0144857508481763   0
0.817049832901976   0.499132937744167   0.0141021610327318   0.0472431573807027   0
0.847418262456011   0.509613839386501   0.0303684295540346   0.0104809016423336   0
0.847611817862729   0.536060571542293   0.000193555406717949   0.0264467321557926   0
0.868065574217115   0.516887781926116   0.0204537563543862   -0.0191727896161773   0
0.902335827130343   0.434472838704849   0.0342702529132277   -0.0824149432212666   0
0.941792165043859   0.414695241572953   0.0394563379135165   -0.0197775971318962   0
0.926285995222318   0.424548620876632   -0.0155061698215413   0.00985337930367858   0
0.913546738126238   0.44911076505969   -0.0127392570960797   0.0245621441830582   0
0.898371654554483   0.482980030189914   -0.0151750835717551   0.0338692651302238   0
0.905859732427206   0.472030193260452   0.00748807787272288   -0.0109498369294613   0
0.901210165235285   0.476147675650633   -0.004649567191921   0.00411748239018017   0
0.860710253321267   0.417392212534266   -0.040499911914018   -0.0587554631163664   0
0.822633727873396   0.420667271748409   -0.0380765254478717   0.00327505921414306   0
0.80449641016012   0.379191375944259   -0.0181373177132756   -0.0414758958041508   0
0.846274813202272   0.39903636271241   0.041778403042152   0.0198449867681515   0
0.874555399633437   0.407553735155562   0.0282805864311648   0.00851737244315209   0
